Number_of_Instances_In_Current_Batch: 313

Inst_Index:3757 	 City_Num:50 	 Concorde:0.055929 	 MCTS:5.592913 Improve:0.000000 	 Time:5.00 Seconds
Solution: 1 33 47 6 2 24 46 14 22 50 13 25 4 29 41 30 26 18 38 28 8 35 3 39 11 44 27 15 7 36 45 34 21 23 20 17 31 37 42 40 49 19 43 16 10 9 32 48 12 5 

Inst_Index:3758 	 City_Num:50 	 Concorde:0.059927 	 MCTS:5.992690 Improve:-0.000000 	 Time:5.00 Seconds
Solution: 1 14 37 31 7 27 20 24 34 16 3 36 25 30 8 5 43 45 4 17 13 46 32 9 35 22 47 41 10 39 33 23 28 26 38 50 18 48 49 40 12 15 44 6 2 11 19 29 21 42 

Inst_Index:3759 	 City_Num:50 	 Concorde:0.059549 	 MCTS:5.954900 Improve:0.000000 	 Time:5.00 Seconds
Solution: 1 3 48 16 34 27 37 5 10 14 21 17 13 39 50 28 36 8 49 20 47 26 41 35 18 4 11 7 9 6 22 38 24 45 25 30 19 31 23 33 2 43 29 12 42 46 15 32 40 44 

Inst_Index:3760 	 City_Num:50 	 Concorde:0.056264 	 MCTS:5.626362 Improve:0.000000 	 Time:5.00 Seconds
Solution: 1 49 9 48 44 42 50 15 43 21 40 41 30 39 29 20 36 12 38 17 33 45 23 18 26 28 47 37 32 19 14 5 3 31 13 11 22 16 35 7 25 2 34 6 8 27 10 24 4 46 

Inst_Index:3761 	 City_Num:50 	 Concorde:0.055210 	 MCTS:5.520971 Improve:-0.000000 	 Time:5.00 Seconds
Solution: 1 35 16 2 23 49 10 14 26 8 37 6 24 3 30 19 25 12 34 44 46 47 45 32 27 5 4 20 18 7 22 36 38 31 33 42 40 17 21 9 15 29 39 13 11 41 48 43 50 28 

Inst_Index:3762 	 City_Num:50 	 Concorde:0.056688 	 MCTS:5.666846 Improve:0.001959 	 Time:5.00 Seconds
Solution: 1 40 2 42 20 34 12 5 8 18 16 29 37 25 17 19 26 30 32 13 44 35 27 22 43 7 14 33 24 28 6 3 47 4 50 46 31 45 15 39 23 36 9 10 21 48 41 38 11 49 

Inst_Index:3763 	 City_Num:50 	 Concorde:0.056859 	 MCTS:5.685885 Improve:0.000000 	 Time:5.00 Seconds
Solution: 1 42 36 12 31 40 37 43 2 10 4 41 39 46 16 15 47 18 8 38 32 49 9 35 34 13 26 19 17 25 20 44 21 33 45 30 28 48 29 7 3 11 6 24 22 50 5 14 23 27 

Inst_Index:3764 	 City_Num:50 	 Concorde:0.058723 	 MCTS:5.872275 Improve:0.000000 	 Time:5.00 Seconds
Solution: 1 21 42 43 9 38 29 39 19 37 32 22 36 14 11 47 40 17 13 6 35 4 45 46 16 25 24 34 12 10 15 18 7 5 2 27 31 41 26 48 20 23 8 28 50 49 44 30 33 3 

Inst_Index:3765 	 City_Num:50 	 Concorde:0.057755 	 MCTS:5.775531 Improve:0.000000 	 Time:5.00 Seconds
Solution: 1 31 8 46 39 25 33 17 32 10 24 36 13 16 30 35 21 41 9 4 47 34 7 38 43 28 6 26 11 2 12 18 45 49 14 37 15 5 40 48 27 29 44 3 42 20 22 23 19 50 

Inst_Index:3766 	 City_Num:50 	 Concorde:0.057776 	 MCTS:5.777609 Improve:-0.000000 	 Time:5.00 Seconds
Solution: 1 14 3 39 11 48 28 31 25 9 40 12 8 4 21 15 2 32 36 5 46 22 42 38 13 10 37 26 49 41 35 33 16 34 29 43 45 20 17 27 23 18 7 50 19 44 6 47 30 24 

Inst_Index:3767 	 City_Num:50 	 Concorde:0.054107 	 MCTS:5.410732 Improve:0.000000 	 Time:5.01 Seconds
Solution: 1 43 28 18 30 14 41 8 31 12 19 42 13 49 32 26 48 37 23 44 34 35 22 46 16 21 36 5 2 10 15 25 6 7 39 40 4 33 17 9 20 3 47 45 24 29 11 27 38 50 

Inst_Index:3768 	 City_Num:50 	 Concorde:0.051503 	 MCTS:5.150332 Improve:-0.000000 	 Time:5.00 Seconds
Solution: 1 49 38 37 50 25 24 17 18 9 44 45 41 36 30 39 31 11 40 12 28 27 19 32 5 33 20 6 16 43 8 35 34 3 48 29 13 47 46 15 26 22 14 2 7 42 21 23 10 4 

Inst_Index:3769 	 City_Num:50 	 Concorde:0.056046 	 MCTS:5.604572 Improve:0.000000 	 Time:5.00 Seconds
Solution: 1 18 10 38 19 36 17 46 42 44 11 3 30 6 2 34 9 23 45 26 40 50 31 13 47 43 16 8 22 37 4 12 21 5 33 49 35 48 15 27 24 39 32 28 25 41 29 14 20 7 

Inst_Index:3770 	 City_Num:50 	 Concorde:0.054657 	 MCTS:5.465717 Improve:0.000000 	 Time:5.00 Seconds
Solution: 1 8 31 33 4 30 43 19 23 13 46 38 22 10 47 9 25 3 5 34 2 29 14 44 16 40 15 18 6 21 12 7 37 35 17 20 27 28 36 26 24 45 11 41 42 32 50 49 39 48 

Inst_Index:3771 	 City_Num:50 	 Concorde:0.055977 	 MCTS:5.594192 Improve:0.003513 	 Time:5.00 Seconds
Solution: 1 2 21 35 39 15 11 3 10 44 5 23 16 25 34 28 32 27 12 37 14 43 33 49 42 36 30 29 24 26 31 8 45 48 13 4 6 47 46 7 38 20 40 9 18 41 50 22 19 17 

Inst_Index:3772 	 City_Num:50 	 Concorde:0.055230 	 MCTS:5.522997 Improve:-0.000000 	 Time:5.00 Seconds
Solution: 1 27 23 20 9 31 43 45 44 22 29 42 15 10 30 46 41 26 4 17 25 39 5 38 47 35 8 18 49 48 24 37 40 36 21 7 50 14 2 3 16 32 28 13 33 6 34 11 19 12 

Inst_Index:3773 	 City_Num:50 	 Concorde:0.055459 	 MCTS:5.540588 Improve:0.005313 	 Time:5.01 Seconds
Solution: 1 3 24 18 26 40 32 28 46 20 13 27 49 50 43 33 35 6 44 41 36 12 5 23 16 11 9 37 39 22 10 15 34 42 25 14 38 45 2 4 47 19 29 7 17 30 21 8 48 31 

Inst_Index:3774 	 City_Num:50 	 Concorde:0.051928 	 MCTS:5.186322 Improve:0.006469 	 Time:5.00 Seconds
Solution: 1 36 16 5 30 24 27 18 49 10 48 13 33 31 11 28 22 47 7 50 15 37 32 34 3 12 6 19 26 35 23 40 17 2 4 45 42 20 44 21 8 9 38 25 29 14 43 39 41 46 

Inst_Index:3775 	 City_Num:50 	 Concorde:0.056783 	 MCTS:5.676967 Improve:0.001305 	 Time:5.01 Seconds
Solution: 1 18 45 41 9 8 22 30 50 15 12 14 13 43 16 34 7 17 37 47 31 28 35 24 5 42 4 6 33 2 27 10 26 36 20 19 21 3 39 25 11 40 29 38 44 32 23 49 46 48 

Inst_Index:3776 	 City_Num:50 	 Concorde:0.053299 	 MCTS:5.329893 Improve:0.000000 	 Time:5.00 Seconds
Solution: 1 15 48 24 17 14 47 38 9 10 45 23 13 20 4 42 44 43 30 34 5 36 39 18 46 21 19 3 33 28 12 6 32 2 16 29 8 35 31 25 50 11 41 27 22 49 40 7 26 37 

Inst_Index:3777 	 City_Num:50 	 Concorde:0.057009 	 MCTS:5.700911 Improve:0.000000 	 Time:5.01 Seconds
Solution: 1 2 11 50 4 46 48 14 30 16 10 12 39 18 37 32 42 49 5 28 8 3 31 35 38 22 21 34 17 29 47 7 45 33 27 13 36 40 9 20 26 44 41 15 19 6 23 25 43 24 

Inst_Index:3778 	 City_Num:50 	 Concorde:0.056182 	 MCTS:5.617796 Improve:0.000410 	 Time:5.00 Seconds
Solution: 1 27 47 12 2 10 43 29 34 20 44 45 6 36 25 9 37 18 35 15 13 33 38 48 46 40 17 50 39 24 19 7 42 8 21 16 32 4 31 23 49 22 14 41 11 5 28 26 3 30 

Inst_Index:3779 	 City_Num:50 	 Concorde:0.054973 	 MCTS:5.497337 Improve:-0.000000 	 Time:5.00 Seconds
Solution: 1 5 9 50 34 4 44 19 32 39 3 29 42 27 26 48 16 20 18 28 13 12 41 49 11 38 2 33 17 21 22 24 35 14 23 36 31 6 8 15 43 7 25 10 37 47 30 40 45 46 

Inst_Index:3780 	 City_Num:50 	 Concorde:0.058060 	 MCTS:5.806026 Improve:0.000000 	 Time:5.01 Seconds
Solution: 1 39 6 32 25 18 22 21 17 19 49 10 37 15 42 44 29 7 27 3 47 4 9 14 16 20 46 40 45 38 12 28 26 48 31 36 5 33 30 50 2 34 41 35 24 23 8 13 11 43 

Inst_Index:3781 	 City_Num:50 	 Concorde:0.056481 	 MCTS:5.648130 Improve:-0.000000 	 Time:5.00 Seconds
Solution: 1 6 32 11 42 27 8 7 10 48 17 23 37 12 41 14 36 25 47 29 20 13 5 35 43 45 40 3 31 50 9 22 30 4 33 39 16 28 15 18 38 19 46 26 2 21 24 44 34 49 

Inst_Index:3782 	 City_Num:50 	 Concorde:0.056130 	 MCTS:5.612979 Improve:0.000000 	 Time:5.00 Seconds
Solution: 1 43 22 19 12 4 45 41 10 18 8 26 24 2 46 25 47 29 44 30 49 39 36 21 5 33 15 3 13 37 14 23 28 16 31 32 11 40 48 7 9 42 17 6 34 27 38 35 20 50 

Inst_Index:3783 	 City_Num:50 	 Concorde:0.055553 	 MCTS:5.555345 Improve:0.000000 	 Time:5.00 Seconds
Solution: 1 49 39 29 40 4 2 8 10 24 46 17 38 16 37 9 23 32 13 25 18 12 34 50 45 20 3 47 5 42 6 33 22 48 7 30 14 19 36 26 31 35 27 15 11 28 44 21 43 41 

Inst_Index:3784 	 City_Num:50 	 Concorde:0.058960 	 MCTS:5.892316 Improve:0.003666 	 Time:5.01 Seconds
Solution: 1 40 33 9 38 18 24 34 22 20 37 42 12 47 13 26 44 14 10 6 8 49 4 30 15 48 2 19 31 36 7 11 29 3 27 28 41 35 46 17 32 5 39 16 21 45 23 50 25 43 

Inst_Index:3785 	 City_Num:50 	 Concorde:0.059127 	 MCTS:5.912716 Improve:0.000000 	 Time:5.00 Seconds
Solution: 1 26 28 17 29 23 11 16 38 18 5 40 13 45 4 41 2 9 7 50 15 10 3 43 47 6 22 19 25 8 20 33 42 32 14 31 24 48 44 12 36 30 27 34 49 46 37 35 21 39 

Inst_Index:3786 	 City_Num:50 	 Concorde:0.061736 	 MCTS:6.173604 Improve:0.000000 	 Time:5.00 Seconds
Solution: 1 6 47 5 19 16 33 37 24 13 42 49 35 29 10 15 22 40 14 30 25 39 18 48 11 38 44 50 9 36 28 46 26 7 23 20 8 41 27 45 21 32 2 43 17 34 31 12 3 4 

Inst_Index:3787 	 City_Num:50 	 Concorde:0.059677 	 MCTS:5.967709 Improve:0.000000 	 Time:5.00 Seconds
Solution: 1 34 35 41 30 44 16 33 31 23 12 21 26 4 10 9 8 18 49 19 36 3 15 42 46 43 37 14 38 45 22 28 48 40 6 2 11 20 17 7 32 50 39 13 47 29 24 27 25 5 

Inst_Index:3788 	 City_Num:50 	 Concorde:0.056730 	 MCTS:5.672979 Improve:0.000000 	 Time:5.00 Seconds
Solution: 1 44 14 34 4 27 43 23 15 17 30 28 25 5 47 36 20 41 13 50 19 33 24 18 9 46 6 11 49 40 3 2 31 32 29 16 26 42 37 12 35 8 48 22 38 7 10 45 39 21 

Inst_Index:3789 	 City_Num:50 	 Concorde:0.053691 	 MCTS:5.369056 Improve:-0.000000 	 Time:5.02 Seconds
Solution: 1 26 37 41 42 30 40 22 36 24 6 15 17 38 32 18 8 45 28 35 3 44 11 47 12 16 21 33 10 46 23 13 50 34 20 39 7 14 43 48 5 9 31 19 4 29 2 25 27 49 

Inst_Index:3790 	 City_Num:50 	 Concorde:0.059096 	 MCTS:5.909207 Improve:0.000363 	 Time:5.01 Seconds
Solution: 1 42 3 47 7 49 21 8 27 34 12 26 43 5 6 2 29 18 20 4 11 35 50 25 32 38 36 41 37 19 39 14 17 23 22 31 48 13 33 45 40 30 9 15 46 16 28 44 10 24 

Inst_Index:3791 	 City_Num:50 	 Concorde:0.057157 	 MCTS:5.715532 Improve:0.000165 	 Time:5.00 Seconds
Solution: 1 41 45 21 15 5 33 36 44 22 8 11 6 27 16 35 4 28 12 18 29 3 13 30 37 7 14 43 20 49 26 31 25 48 42 39 46 17 40 9 50 10 24 19 32 38 2 23 34 47 

Inst_Index:3792 	 City_Num:50 	 Concorde:0.054189 	 MCTS:5.415835 Improve:0.003024 	 Time:5.01 Seconds
Solution: 1 3 46 44 22 39 31 27 34 26 42 6 15 2 16 24 19 41 20 37 7 48 9 40 47 50 8 38 5 33 23 21 28 32 17 49 35 30 25 43 18 36 29 4 14 12 10 13 11 45 

Inst_Index:3793 	 City_Num:50 	 Concorde:0.058021 	 MCTS:5.797056 Improve:0.004997 	 Time:5.00 Seconds
Solution: 1 24 35 6 18 41 25 29 19 43 10 33 31 44 46 42 34 17 15 32 7 37 14 13 3 27 36 12 26 4 11 20 16 39 45 50 40 49 47 28 5 23 38 48 2 22 30 9 21 8 

Inst_Index:3794 	 City_Num:50 	 Concorde:0.057258 	 MCTS:5.725754 Improve:-0.000000 	 Time:5.00 Seconds
Solution: 1 15 32 7 39 16 46 21 34 41 24 10 42 8 50 19 13 28 2 35 38 11 3 6 43 27 47 29 30 17 23 5 14 45 12 44 40 48 22 37 26 33 18 4 25 20 9 49 31 36 

Inst_Index:3795 	 City_Num:50 	 Concorde:0.052833 	 MCTS:5.283318 Improve:0.000000 	 Time:5.01 Seconds
Solution: 1 3 18 15 14 41 35 44 21 10 30 11 17 42 45 37 39 48 26 47 16 2 7 29 13 12 40 22 24 49 46 33 5 36 38 4 28 8 34 20 31 23 32 6 25 19 50 27 43 9 

Inst_Index:3796 	 City_Num:50 	 Concorde:0.057509 	 MCTS:5.750333 Improve:0.000596 	 Time:5.00 Seconds
Solution: 1 23 6 20 43 22 7 4 18 27 9 17 49 40 34 44 16 39 10 31 5 28 50 19 2 24 45 25 13 11 15 30 14 3 29 32 46 12 42 26 37 33 36 38 47 41 8 21 35 48 

Inst_Index:3797 	 City_Num:50 	 Concorde:0.060301 	 MCTS:6.030099 Improve:0.000000 	 Time:5.02 Seconds
Solution: 1 33 2 3 24 26 46 32 25 14 44 38 19 12 37 36 11 18 23 28 47 39 9 40 48 42 10 5 13 49 22 43 34 50 21 27 8 20 41 16 7 35 30 6 15 29 31 17 4 45 

Inst_Index:3798 	 City_Num:50 	 Concorde:0.056938 	 MCTS:5.693643 Improve:0.000134 	 Time:5.00 Seconds
Solution: 1 20 27 17 28 10 14 21 31 46 6 35 36 22 47 43 44 15 19 49 50 13 12 26 4 2 39 11 48 24 41 16 34 7 42 3 18 8 25 38 29 40 32 23 45 33 37 9 5 30 

Inst_Index:3799 	 City_Num:50 	 Concorde:0.059491 	 MCTS:5.949109 Improve:0.000000 	 Time:5.00 Seconds
Solution: 1 8 36 47 3 41 2 9 4 6 10 27 37 26 45 49 12 33 19 32 43 18 35 17 16 30 13 39 11 31 7 15 38 29 34 22 5 21 50 14 24 25 28 46 48 42 40 23 20 44 

Inst_Index:3800 	 City_Num:50 	 Concorde:0.055850 	 MCTS:5.584912 Improve:0.000079 	 Time:5.01 Seconds
Solution: 1 21 14 8 18 49 9 28 11 43 27 2 19 26 23 33 48 7 30 5 35 29 6 36 4 32 42 38 31 37 10 34 22 45 17 20 40 41 13 44 47 25 15 46 24 12 3 39 50 16 

Inst_Index:3801 	 City_Num:50 	 Concorde:0.055897 	 MCTS:5.589728 Improve:-0.000000 	 Time:5.00 Seconds
Solution: 1 36 2 12 42 8 17 21 7 39 47 33 10 37 4 50 15 3 28 34 30 44 20 9 29 6 23 32 45 14 35 19 25 22 24 41 46 13 11 49 38 5 31 40 43 27 26 48 16 18 

Inst_Index:3802 	 City_Num:50 	 Concorde:0.057247 	 MCTS:5.724246 Improve:0.000416 	 Time:5.00 Seconds
Solution: 1 5 42 28 21 36 6 3 50 24 19 33 38 15 39 43 32 14 34 30 9 13 44 37 18 17 10 29 40 7 48 12 41 27 31 23 25 26 4 11 49 16 22 35 2 47 8 45 20 46 

Inst_Index:3803 	 City_Num:50 	 Concorde:0.060339 	 MCTS:6.033906 Improve:-0.000000 	 Time:5.00 Seconds
Solution: 1 45 2 44 38 33 10 26 48 18 13 50 20 28 47 27 8 12 49 46 29 24 36 22 6 11 7 15 31 5 25 4 21 34 16 40 37 32 9 39 14 19 30 41 23 43 17 35 3 42 

Inst_Index:3804 	 City_Num:50 	 Concorde:0.055236 	 MCTS:5.520940 Improve:0.002649 	 Time:5.00 Seconds
Solution: 1 48 17 33 8 18 13 37 22 49 26 32 21 31 50 30 16 46 41 7 11 19 43 36 35 23 5 15 2 3 42 25 14 45 40 39 47 6 34 4 10 27 44 24 29 38 20 28 12 9 

Inst_Index:3805 	 City_Num:50 	 Concorde:0.058556 	 MCTS:5.855632 Improve:-0.000000 	 Time:5.01 Seconds
Solution: 1 35 14 48 8 30 24 10 12 21 49 32 27 6 16 20 13 42 38 17 37 45 11 39 34 46 40 9 33 7 43 26 29 31 19 2 28 4 50 41 22 25 3 23 5 44 36 15 18 47 

Inst_Index:3806 	 City_Num:50 	 Concorde:0.060531 	 MCTS:6.053026 Improve:0.000098 	 Time:5.00 Seconds
Solution: 1 30 22 34 43 32 11 46 25 40 41 33 12 29 35 18 7 50 26 2 16 23 4 31 20 37 42 15 5 27 38 49 39 45 48 47 21 44 17 19 28 14 13 8 24 6 3 36 10 9 

Inst_Index:3807 	 City_Num:50 	 Concorde:0.057019 	 MCTS:5.701083 Improve:0.000815 	 Time:5.00 Seconds
Solution: 1 31 6 14 50 41 21 15 5 43 46 28 38 42 4 34 8 35 24 26 29 47 23 7 32 10 22 33 19 48 27 40 13 2 20 44 17 16 9 3 49 12 25 36 11 30 37 45 18 39 

Inst_Index:3808 	 City_Num:50 	 Concorde:0.057644 	 MCTS:5.764443 Improve:0.000000 	 Time:5.01 Seconds
Solution: 1 43 42 32 47 22 20 11 10 7 3 12 30 18 9 34 25 36 15 35 2 46 31 23 27 24 4 45 19 33 29 41 21 37 39 13 16 26 6 38 17 5 48 49 28 8 40 14 50 44 

Inst_Index:3809 	 City_Num:50 	 Concorde:0.059491 	 MCTS:5.949070 Improve:-0.000000 	 Time:5.01 Seconds
Solution: 1 16 48 35 37 50 29 36 27 8 20 34 3 4 6 15 11 18 42 44 2 39 40 22 38 21 41 13 12 19 7 46 33 49 32 28 23 47 9 45 14 24 26 30 25 17 10 5 43 31 

Inst_Index:3810 	 City_Num:50 	 Concorde:0.057768 	 MCTS:5.776771 Improve:0.000000 	 Time:5.00 Seconds
Solution: 1 33 2 12 43 46 41 36 9 26 24 23 5 27 32 48 19 31 47 50 17 38 22 13 11 6 35 4 45 42 21 29 14 44 34 49 10 28 16 18 30 40 20 39 3 25 8 37 7 15 

Inst_Index:3811 	 City_Num:50 	 Concorde:0.059325 	 MCTS:5.945005 Improve:-0.012469 	 Time:5.00 Seconds
Solution: 1 27 24 33 30 8 21 11 31 18 37 29 45 9 6 50 42 16 23 22 28 12 25 44 5 3 43 20 13 41 34 15 26 4 39 7 19 2 10 17 46 36 32 38 47 40 35 48 14 49 

Inst_Index:3812 	 City_Num:50 	 Concorde:0.057758 	 MCTS:5.770890 Improve:0.004943 	 Time:5.00 Seconds
Solution: 1 13 36 10 37 46 2 12 21 5 8 43 16 14 33 47 19 20 27 22 31 30 48 50 6 29 34 23 40 35 3 18 45 42 15 24 11 38 44 39 26 25 7 49 17 41 32 9 4 28 

Inst_Index:3813 	 City_Num:50 	 Concorde:0.057613 	 MCTS:5.761346 Improve:0.000000 	 Time:5.00 Seconds
Solution: 1 9 35 41 16 23 7 50 22 19 45 43 12 33 44 10 46 11 28 37 15 2 48 8 25 6 18 4 26 40 29 36 38 14 24 47 17 27 31 32 34 49 42 20 3 5 39 13 30 21 

Inst_Index:3814 	 City_Num:50 	 Concorde:0.056060 	 MCTS:5.605951 Improve:0.000000 	 Time:5.00 Seconds
Solution: 1 36 12 22 5 42 40 23 3 17 19 33 4 29 48 7 38 16 30 14 46 37 31 6 43 28 49 24 34 26 44 2 50 9 21 32 35 18 45 47 11 15 25 27 10 8 13 39 41 20 

Inst_Index:3815 	 City_Num:50 	 Concorde:0.057570 	 MCTS:5.757024 Improve:-0.000000 	 Time:5.00 Seconds
Solution: 1 45 20 23 47 6 48 40 42 16 14 50 38 41 26 12 44 49 22 15 18 34 27 11 43 3 25 29 32 28 39 17 46 31 8 5 21 10 2 4 13 19 35 36 30 33 7 37 24 9 

Inst_Index:3816 	 City_Num:50 	 Concorde:0.057381 	 MCTS:5.737848 Improve:0.000284 	 Time:5.00 Seconds
Solution: 1 21 22 46 13 42 35 7 9 2 48 39 17 3 30 27 4 8 50 32 38 47 26 5 49 33 12 40 10 11 43 25 23 18 41 28 14 44 31 15 45 24 20 29 19 34 36 6 16 37 

Inst_Index:3817 	 City_Num:50 	 Concorde:0.057735 	 MCTS:5.773454 Improve:0.000000 	 Time:5.01 Seconds
Solution: 1 40 41 48 50 13 39 5 38 15 10 26 42 20 18 4 14 7 47 31 27 22 46 36 45 2 44 43 29 6 19 30 28 49 23 21 9 11 33 35 34 8 16 3 37 12 25 32 17 24 

Inst_Index:3818 	 City_Num:50 	 Concorde:0.055610 	 MCTS:5.559697 Improve:0.001350 	 Time:5.00 Seconds
Solution: 1 9 14 21 15 6 8 29 33 25 46 47 32 2 10 41 26 34 42 11 22 5 39 35 28 7 37 24 13 4 45 48 30 20 27 16 43 38 31 50 12 40 18 36 23 3 49 17 19 44 

Inst_Index:3819 	 City_Num:50 	 Concorde:0.059864 	 MCTS:5.982334 Improve:0.004101 	 Time:5.01 Seconds
Solution: 1 4 17 41 44 16 14 23 47 7 11 29 43 48 25 35 50 10 21 34 2 42 3 33 13 8 6 40 49 9 22 12 32 36 5 31 39 46 20 38 30 26 19 28 27 15 37 45 24 18 

Inst_Index:3820 	 City_Num:50 	 Concorde:0.060629 	 MCTS:6.062900 Improve:0.000000 	 Time:5.00 Seconds
Solution: 1 8 4 6 36 33 37 26 18 39 30 2 21 28 22 7 19 9 47 45 34 50 48 38 24 5 23 20 41 43 10 46 40 13 29 15 42 25 32 11 35 14 12 44 17 49 16 31 3 27 

Inst_Index:3821 	 City_Num:50 	 Concorde:0.059220 	 MCTS:5.921962 Improve:0.000000 	 Time:5.00 Seconds
Solution: 1 35 21 14 41 39 27 32 38 40 45 48 44 25 3 17 18 43 28 9 34 6 2 15 13 31 10 11 12 37 24 22 29 4 20 16 30 19 8 46 50 7 5 36 42 47 33 49 26 23 

Inst_Index:3822 	 City_Num:50 	 Concorde:0.056659 	 MCTS:5.662379 Improve:0.003508 	 Time:5.00 Seconds
Solution: 1 13 7 28 31 48 40 42 49 44 21 23 47 34 18 29 25 41 15 33 37 19 26 22 32 27 4 9 24 12 39 8 16 11 10 5 3 38 35 36 20 46 43 2 14 50 30 17 6 45 

Inst_Index:3823 	 City_Num:50 	 Concorde:0.052269 	 MCTS:5.226889 Improve:0.000000 	 Time:5.00 Seconds
Solution: 1 9 27 37 49 35 16 18 31 21 17 20 19 41 30 6 42 50 24 29 28 39 4 5 23 7 3 13 38 10 33 45 47 22 12 8 43 2 34 26 14 48 32 25 11 36 46 40 44 15 

Inst_Index:3824 	 City_Num:50 	 Concorde:0.058713 	 MCTS:5.871348 Improve:0.000000 	 Time:5.00 Seconds
Solution: 1 8 19 39 6 26 20 25 48 14 41 24 21 38 37 47 35 40 31 44 4 10 46 9 32 22 16 17 49 33 11 34 43 42 18 13 45 50 15 23 28 36 2 27 3 7 30 29 5 12 

Inst_Index:3825 	 City_Num:50 	 Concorde:0.051843 	 MCTS:5.184262 Improve:0.000000 	 Time:5.00 Seconds
Solution: 1 29 39 7 27 6 41 49 45 22 12 10 34 24 8 2 30 19 18 35 44 14 23 4 3 37 42 28 26 36 33 50 25 16 43 5 47 17 13 15 31 9 20 40 48 38 21 46 32 11 

Inst_Index:3826 	 City_Num:50 	 Concorde:0.056794 	 MCTS:5.676224 Improve:0.003161 	 Time:5.00 Seconds
Solution: 1 40 38 44 34 39 36 24 48 6 7 8 5 45 37 35 17 30 12 41 28 2 47 50 18 33 13 3 42 49 26 19 4 11 27 16 29 32 21 25 14 20 9 22 46 10 23 31 43 15 

Inst_Index:3827 	 City_Num:50 	 Concorde:0.059902 	 MCTS:5.990230 Improve:-0.000000 	 Time:5.01 Seconds
Solution: 1 15 35 45 10 19 28 11 13 46 23 9 36 34 7 24 12 39 41 43 3 50 4 40 18 20 22 29 27 44 47 37 8 16 26 48 14 33 30 5 42 25 38 2 6 17 21 49 32 31 

Inst_Index:3828 	 City_Num:50 	 Concorde:0.056899 	 MCTS:5.687993 Improve:0.001905 	 Time:5.01 Seconds
Solution: 1 26 49 11 5 17 45 37 47 27 48 25 13 20 19 46 43 23 6 29 3 44 4 22 12 18 21 40 42 30 31 2 24 16 32 14 34 35 10 50 38 15 39 8 41 7 28 9 33 36 

Inst_Index:3829 	 City_Num:50 	 Concorde:0.060220 	 MCTS:6.020902 Improve:0.001088 	 Time:5.00 Seconds
Solution: 1 48 47 15 3 18 2 21 16 9 35 28 23 33 8 37 38 11 43 13 34 39 49 22 29 40 5 24 20 31 10 27 42 14 19 50 46 25 26 12 45 30 6 44 41 36 7 17 4 32 

Inst_Index:3830 	 City_Num:50 	 Concorde:0.055102 	 MCTS:5.504656 Improve:0.005590 	 Time:5.00 Seconds
Solution: 1 14 12 22 41 6 32 34 2 40 46 39 21 4 8 13 11 9 25 3 15 30 37 28 49 42 45 16 27 48 5 38 36 18 19 23 47 31 7 24 29 33 35 20 10 43 26 50 44 17 

Inst_Index:3831 	 City_Num:50 	 Concorde:0.053288 	 MCTS:5.328755 Improve:0.000000 	 Time:5.00 Seconds
Solution: 1 44 7 8 6 29 37 23 27 30 46 34 16 20 9 50 24 10 14 31 45 15 13 28 25 39 49 48 41 18 38 43 26 47 5 33 35 40 19 2 12 32 36 3 42 11 21 17 22 4 

Inst_Index:3832 	 City_Num:50 	 Concorde:0.054664 	 MCTS:5.466356 Improve:0.000000 	 Time:5.00 Seconds
Solution: 1 7 43 46 8 42 38 33 5 4 39 15 26 35 19 44 28 9 40 11 24 32 34 21 12 3 41 45 48 14 20 36 2 10 49 16 31 6 37 50 27 29 13 30 18 25 23 47 17 22 

Inst_Index:3833 	 City_Num:50 	 Concorde:0.059793 	 MCTS:5.979265 Improve:0.000000 	 Time:5.00 Seconds
Solution: 1 19 38 30 21 6 47 5 16 44 32 13 14 9 43 46 27 22 3 15 41 11 35 17 45 37 18 39 31 24 42 33 50 28 4 34 23 10 25 7 48 49 36 12 2 8 40 29 26 20 

Inst_Index:3834 	 City_Num:50 	 Concorde:0.060319 	 MCTS:6.031935 Improve:0.000000 	 Time:5.01 Seconds
Solution: 1 27 43 4 22 9 29 36 49 34 8 11 46 48 26 32 47 42 19 38 33 10 30 50 18 2 3 17 13 37 25 45 40 21 31 24 14 28 5 44 12 16 7 15 39 6 23 41 35 20 

Inst_Index:3835 	 City_Num:50 	 Concorde:0.059037 	 MCTS:5.903678 Improve:0.000000 	 Time:5.01 Seconds
Solution: 1 41 3 21 26 10 30 7 39 17 24 49 40 48 13 34 42 31 18 45 4 43 44 46 14 38 33 25 5 50 47 27 36 11 9 19 20 16 32 23 8 6 35 28 12 15 29 22 37 2 

Inst_Index:3836 	 City_Num:50 	 Concorde:0.053369 	 MCTS:5.335972 Improve:0.000896 	 Time:5.00 Seconds
Solution: 1 49 23 26 37 19 41 17 7 20 48 10 27 2 33 29 12 4 42 8 14 34 39 43 11 24 32 36 50 13 40 38 44 47 16 45 5 25 3 30 35 22 15 9 31 21 46 28 18 6 

Inst_Index:3837 	 City_Num:50 	 Concorde:0.055903 	 MCTS:5.590325 Improve:-0.000000 	 Time:5.00 Seconds
Solution: 1 47 45 10 23 42 15 44 43 19 3 22 4 20 39 21 37 26 40 32 41 31 34 17 16 29 13 38 35 50 12 18 46 49 14 8 48 7 25 2 6 5 11 33 24 36 27 28 9 30 

Inst_Index:3838 	 City_Num:50 	 Concorde:0.061558 	 MCTS:6.154033 Improve:0.001734 	 Time:5.01 Seconds
Solution: 1 33 32 18 48 46 14 6 39 44 42 23 8 50 29 12 30 35 10 41 27 34 49 11 47 4 19 7 20 15 17 45 28 13 36 31 21 38 25 37 5 9 24 22 26 43 3 2 16 40 

Inst_Index:3839 	 City_Num:50 	 Concorde:0.055149 	 MCTS:5.514938 Improve:-0.000000 	 Time:5.00 Seconds
Solution: 1 4 16 43 37 9 23 5 10 27 49 13 39 14 2 24 50 45 15 34 42 41 11 29 3 19 8 21 48 47 38 31 36 46 33 6 12 32 18 22 35 20 28 26 44 7 30 25 17 40 

Inst_Index:3840 	 City_Num:50 	 Concorde:0.054643 	 MCTS:5.464297 Improve:0.000000 	 Time:5.00 Seconds
Solution: 1 32 49 40 23 36 18 35 48 13 15 50 31 3 33 22 47 41 2 11 38 5 8 42 37 30 14 26 4 6 19 16 46 24 43 27 7 25 12 39 44 28 21 29 10 20 45 34 9 17 

Inst_Index:3841 	 City_Num:50 	 Concorde:0.056458 	 MCTS:5.645769 Improve:0.000000 	 Time:5.00 Seconds
Solution: 1 35 14 5 18 37 44 9 30 24 41 22 25 17 34 40 48 46 39 38 33 31 23 4 32 21 27 19 20 13 12 43 49 15 29 45 50 42 2 7 8 11 36 16 10 6 28 26 3 47 

Inst_Index:3842 	 City_Num:50 	 Concorde:0.057177 	 MCTS:5.717668 Improve:0.000000 	 Time:5.00 Seconds
Solution: 1 19 22 6 18 11 4 39 32 38 34 25 8 28 5 48 42 29 12 10 45 33 17 37 50 47 15 27 9 24 3 43 26 36 35 7 14 49 30 23 2 13 16 41 40 44 31 46 21 20 

Inst_Index:3843 	 City_Num:50 	 Concorde:0.053193 	 MCTS:5.319274 Improve:-0.000000 	 Time:5.01 Seconds
Solution: 1 48 50 9 43 42 29 35 27 21 38 37 10 34 41 6 40 47 8 18 36 14 7 33 2 46 30 23 49 26 13 20 15 5 22 24 3 16 17 44 32 25 31 11 45 4 19 12 39 28 

Inst_Index:3844 	 City_Num:50 	 Concorde:0.055352 	 MCTS:5.532256 Improve:0.002939 	 Time:5.00 Seconds
Solution: 1 24 20 36 18 6 33 13 8 12 49 16 30 3 9 4 38 21 22 28 50 25 2 35 14 47 23 41 40 39 5 11 48 42 26 10 43 27 15 44 32 37 19 34 46 45 17 29 7 31 

Inst_Index:3845 	 City_Num:50 	 Concorde:0.056846 	 MCTS:5.707858 Improve:-0.023278 	 Time:5.00 Seconds
Solution: 1 30 29 9 5 7 10 49 20 33 44 31 43 22 28 13 17 39 32 26 14 42 41 45 19 11 16 4 18 15 12 23 6 46 50 48 2 25 3 37 38 24 8 21 35 47 36 34 27 40 

Inst_Index:3846 	 City_Num:50 	 Concorde:0.056071 	 MCTS:5.607054 Improve:0.000000 	 Time:5.01 Seconds
Solution: 1 32 47 28 36 3 12 29 38 19 9 2 45 8 24 44 43 49 17 48 39 14 23 46 42 22 7 37 21 27 18 16 34 6 13 11 25 35 40 33 30 5 15 26 20 50 41 10 4 31 

Inst_Index:3847 	 City_Num:50 	 Concorde:0.057535 	 MCTS:5.753549 Improve:0.000000 	 Time:5.00 Seconds
Solution: 1 14 18 46 40 44 5 20 8 12 33 7 16 22 34 50 13 17 29 26 49 24 9 11 19 28 2 3 36 15 35 10 6 43 42 21 27 30 41 45 47 23 39 32 4 38 31 25 37 48 

Inst_Index:3848 	 City_Num:50 	 Concorde:0.055139 	 MCTS:5.513872 Improve:0.000000 	 Time:5.00 Seconds
Solution: 1 33 37 31 46 27 24 36 47 15 19 11 4 41 32 3 35 6 44 26 12 21 40 45 8 10 50 49 17 34 48 14 42 38 20 29 7 13 5 43 28 30 9 39 23 22 2 25 18 16 

Inst_Index:3849 	 City_Num:50 	 Concorde:0.053934 	 MCTS:5.387800 Improve:0.005624 	 Time:5.00 Seconds
Solution: 1 4 13 26 39 36 25 8 18 2 14 41 11 32 28 46 43 50 21 12 27 17 31 24 34 29 47 19 5 49 22 16 42 9 15 37 48 20 6 38 45 40 23 10 7 44 30 35 33 3 

Inst_Index:3850 	 City_Num:50 	 Concorde:0.052651 	 MCTS:5.265143 Improve:0.000000 	 Time:5.00 Seconds
Solution: 1 40 44 5 12 21 27 35 20 8 47 38 2 30 50 11 9 13 31 34 18 17 39 19 43 37 36 4 33 29 6 32 49 22 23 10 15 46 7 16 48 25 42 26 41 14 45 3 28 24 

Inst_Index:3851 	 City_Num:50 	 Concorde:0.055328 	 MCTS:5.532843 Improve:0.000000 	 Time:5.00 Seconds
Solution: 1 43 29 50 22 16 17 5 42 25 32 41 35 27 4 13 34 40 28 38 31 3 46 48 10 9 44 18 19 12 49 26 39 6 24 20 21 8 36 33 23 30 15 14 47 7 2 11 37 45 

Inst_Index:3852 	 City_Num:50 	 Concorde:0.062273 	 MCTS:6.227292 Improve:0.000000 	 Time:5.01 Seconds
Solution: 1 11 20 12 8 26 33 32 29 19 14 10 4 40 23 43 30 37 25 24 7 15 35 46 3 9 6 39 27 21 44 50 45 36 16 22 5 38 18 31 47 28 49 48 42 2 13 41 17 34 

Inst_Index:3853 	 City_Num:50 	 Concorde:0.059799 	 MCTS:5.979923 Improve:0.000000 	 Time:5.00 Seconds
Solution: 1 6 3 43 20 5 28 42 45 32 50 7 30 19 26 25 11 21 8 33 22 29 14 31 40 18 35 15 38 12 34 37 47 24 9 44 2 10 41 39 23 16 49 36 46 4 27 13 17 48 

Inst_Index:3854 	 City_Num:50 	 Concorde:0.054808 	 MCTS:5.470009 Improve:0.010765 	 Time:5.00 Seconds
Solution: 1 36 4 43 47 12 49 19 21 25 20 22 37 32 18 26 15 29 39 23 33 9 38 11 35 40 45 13 48 24 31 34 16 6 30 17 42 41 7 44 5 3 46 27 28 14 2 50 8 10 

Inst_Index:3855 	 City_Num:50 	 Concorde:0.055447 	 MCTS:5.543146 Improve:0.001595 	 Time:5.00 Seconds
Solution: 1 50 42 43 17 25 36 40 15 3 31 38 19 33 9 46 20 8 4 10 30 41 48 6 14 7 23 47 5 32 24 28 16 11 49 13 22 21 27 39 2 37 18 29 45 12 34 35 44 26 

Inst_Index:3856 	 City_Num:50 	 Concorde:0.052314 	 MCTS:5.231372 Improve:-0.000000 	 Time:5.00 Seconds
Solution: 1 27 44 30 26 37 42 12 45 28 18 36 40 25 13 2 9 14 49 35 24 34 32 7 6 10 50 15 31 23 22 43 48 38 3 11 20 19 29 16 47 21 5 41 39 33 8 46 4 17 

Inst_Index:3857 	 City_Num:50 	 Concorde:0.058595 	 MCTS:5.859452 Improve:0.000000 	 Time:5.00 Seconds
Solution: 1 36 37 32 25 6 8 11 47 21 45 3 28 30 26 43 29 12 34 27 24 49 38 23 18 35 46 40 42 15 14 20 9 2 13 50 19 48 44 41 16 17 22 31 39 10 7 5 33 4 

Inst_Index:3858 	 City_Num:50 	 Concorde:0.056287 	 MCTS:5.628336 Improve:0.000332 	 Time:5.01 Seconds
Solution: 1 38 43 17 44 21 16 33 6 48 34 24 10 14 13 22 20 18 42 47 12 29 36 31 3 28 15 2 9 25 35 26 8 49 19 7 50 27 39 5 30 46 40 37 32 41 23 45 4 11 

Inst_Index:3859 	 City_Num:50 	 Concorde:0.060444 	 MCTS:6.095730 Improve:-0.051330 	 Time:5.00 Seconds
Solution: 1 30 29 11 24 3 2 42 9 22 13 28 44 47 41 18 46 49 5 31 39 14 25 6 16 43 12 38 33 40 23 8 35 4 45 50 27 19 26 7 17 37 15 36 48 20 21 34 32 10 

Inst_Index:3860 	 City_Num:50 	 Concorde:0.057298 	 MCTS:5.729756 Improve:0.000000 	 Time:5.00 Seconds
Solution: 1 14 40 30 29 12 28 31 45 13 4 49 41 21 8 19 16 50 36 34 22 33 46 48 3 23 9 6 2 35 7 43 18 11 32 25 24 42 39 15 47 20 44 27 38 37 5 10 17 26 

Inst_Index:3861 	 City_Num:50 	 Concorde:0.055613 	 MCTS:5.560640 Improve:0.000623 	 Time:5.01 Seconds
Solution: 1 32 40 5 39 48 34 23 15 27 14 38 31 24 30 22 50 3 8 44 11 33 20 17 2 43 42 26 35 10 46 9 13 45 18 41 47 12 37 19 16 25 36 6 7 29 21 28 4 49 

Inst_Index:3862 	 City_Num:50 	 Concorde:0.055472 	 MCTS:5.547231 Improve:-0.000000 	 Time:5.00 Seconds
Solution: 1 10 35 50 20 24 16 8 28 46 44 21 33 6 34 36 3 30 7 13 9 29 26 2 4 48 45 27 14 25 12 43 22 19 15 41 40 39 38 42 23 32 18 49 11 37 5 47 31 17 

Inst_Index:3863 	 City_Num:50 	 Concorde:0.060971 	 MCTS:6.097120 Improve:0.000000 	 Time:5.00 Seconds
Solution: 1 42 45 46 27 14 44 43 15 35 36 32 18 28 19 12 17 4 50 40 2 21 29 34 6 10 49 26 7 37 47 8 9 16 41 20 33 48 5 3 39 13 23 22 31 24 11 25 30 38 

Inst_Index:3864 	 City_Num:50 	 Concorde:0.057850 	 MCTS:5.781077 Improve:0.003926 	 Time:5.01 Seconds
Solution: 1 20 9 12 26 24 18 36 35 22 38 11 37 13 44 19 3 6 25 40 33 27 29 46 16 43 47 7 32 48 39 34 2 30 28 49 45 23 41 14 42 50 21 15 4 10 5 8 31 17 

Inst_Index:3865 	 City_Num:50 	 Concorde:0.055131 	 MCTS:5.513113 Improve:-0.000000 	 Time:5.00 Seconds
Solution: 1 15 14 10 16 33 6 20 23 12 37 30 43 11 48 38 46 28 40 49 45 39 32 27 47 19 44 34 35 22 13 25 29 5 42 36 50 31 9 3 7 4 18 24 8 17 41 2 26 21 

Inst_Index:3866 	 City_Num:50 	 Concorde:0.054836 	 MCTS:5.483611 Improve:0.000000 	 Time:5.01 Seconds
Solution: 1 16 18 32 3 25 30 9 44 21 2 20 15 34 23 48 12 22 10 37 26 13 36 49 6 5 39 8 43 27 11 33 50 28 31 46 40 4 41 45 38 47 17 7 35 19 14 42 24 29 

Inst_Index:3867 	 City_Num:50 	 Concorde:0.057121 	 MCTS:5.698646 Improve:0.013477 	 Time:5.00 Seconds
Solution: 1 38 6 44 9 14 17 24 48 10 28 12 4 16 25 31 32 29 33 2 23 26 46 35 47 21 18 11 13 43 41 3 42 27 39 19 22 49 15 40 45 37 30 36 7 8 50 34 20 5 

Inst_Index:3868 	 City_Num:50 	 Concorde:0.059728 	 MCTS:5.968510 Improve:0.004305 	 Time:5.00 Seconds
Solution: 1 8 20 43 16 19 30 31 23 35 36 9 4 12 42 50 47 48 29 32 3 13 34 28 25 5 24 11 17 44 38 39 18 10 27 21 15 37 7 49 33 40 6 2 41 14 45 46 26 22 

Inst_Index:3869 	 City_Num:50 	 Concorde:0.060096 	 MCTS:6.006456 Improve:0.003157 	 Time:5.00 Seconds
Solution: 1 19 45 2 25 13 46 9 33 32 10 26 34 43 22 6 16 8 35 31 28 4 15 47 24 20 23 30 3 37 14 40 21 49 29 50 41 42 27 7 36 12 11 39 17 38 44 18 48 5 

Inst_Index:3870 	 City_Num:50 	 Concorde:0.056695 	 MCTS:5.669546 Improve:0.000000 	 Time:5.00 Seconds
Solution: 1 32 37 45 43 13 8 25 47 41 30 18 44 31 2 15 34 16 19 49 46 42 21 5 9 39 29 12 24 4 14 40 50 17 22 48 33 11 28 35 3 10 6 36 26 20 7 27 38 23 

Inst_Index:3871 	 City_Num:50 	 Concorde:0.056693 	 MCTS:5.669346 Improve:0.000000 	 Time:5.00 Seconds
Solution: 1 46 43 50 20 9 25 30 26 8 17 19 45 14 33 44 10 15 32 12 35 37 34 4 22 5 41 39 6 36 29 11 7 2 21 28 48 16 40 3 23 24 18 27 49 31 38 42 13 47 

Inst_Index:3872 	 City_Num:50 	 Concorde:0.056385 	 MCTS:5.638492 Improve:-0.000000 	 Time:5.00 Seconds
Solution: 1 14 18 39 3 30 22 46 25 40 35 5 8 24 17 31 9 19 16 41 4 47 38 7 6 33 34 49 37 21 42 10 48 29 45 36 28 12 43 44 15 23 26 32 2 27 50 13 11 20 

Inst_Index:3873 	 City_Num:50 	 Concorde:0.052992 	 MCTS:5.295290 Improve:0.003933 	 Time:5.00 Seconds
Solution: 1 42 46 24 22 23 14 13 29 37 12 3 36 6 49 2 17 39 20 4 47 9 16 25 19 48 43 15 21 41 26 33 44 35 50 18 5 10 31 34 7 38 32 28 40 30 27 8 45 11 

Inst_Index:3874 	 City_Num:50 	 Concorde:0.055361 	 MCTS:5.536118 Improve:0.000000 	 Time:5.00 Seconds
Solution: 1 25 28 3 32 8 10 45 30 31 11 33 2 43 12 29 15 44 47 23 22 38 42 27 34 14 16 49 48 20 4 7 18 35 50 9 24 41 46 13 26 5 36 19 37 21 17 40 6 39 

Inst_Index:3875 	 City_Num:50 	 Concorde:0.062965 	 MCTS:6.296529 Improve:-0.000000 	 Time:5.01 Seconds
Solution: 1 17 6 3 4 33 41 48 24 18 22 23 21 29 44 42 25 14 49 45 31 43 16 26 38 20 10 30 12 15 28 47 36 37 7 46 19 13 50 2 40 11 32 35 39 8 27 5 34 9 

Inst_Index:3876 	 City_Num:50 	 Concorde:0.057089 	 MCTS:5.700063 Improve:0.008810 	 Time:5.00 Seconds
Solution: 1 31 18 2 39 33 6 27 20 14 49 36 29 46 8 44 34 22 9 12 11 38 26 37 40 16 42 13 45 10 47 15 48 28 19 7 17 32 43 41 50 24 5 25 3 23 21 30 35 4 

Inst_Index:3877 	 City_Num:50 	 Concorde:0.054034 	 MCTS:5.403388 Improve:0.000000 	 Time:5.00 Seconds
Solution: 1 23 45 15 31 39 18 6 4 49 21 7 2 47 9 28 27 16 48 24 10 22 41 33 38 3 8 25 13 32 12 20 11 50 46 40 43 42 29 5 26 17 14 30 19 37 34 35 36 44 

Inst_Index:3878 	 City_Num:50 	 Concorde:0.057193 	 MCTS:5.719252 Improve:0.000000 	 Time:5.01 Seconds
Solution: 1 41 48 18 15 32 21 11 26 28 8 16 2 46 27 12 36 31 23 7 17 5 33 47 19 34 40 39 30 45 43 9 24 22 50 20 3 44 6 13 10 29 14 25 37 49 38 35 4 42 

Inst_Index:3879 	 City_Num:50 	 Concorde:0.056363 	 MCTS:5.631213 Improve:0.005112 	 Time:5.00 Seconds
Solution: 1 4 18 33 2 11 30 31 44 46 49 36 50 38 41 42 6 45 48 27 23 40 21 34 19 9 5 8 43 10 26 13 15 25 35 37 16 14 32 22 24 3 39 20 29 17 47 28 7 12 

Inst_Index:3880 	 City_Num:50 	 Concorde:0.056222 	 MCTS:5.619526 Improve:0.002628 	 Time:5.00 Seconds
Solution: 1 14 40 46 20 12 50 22 17 28 16 49 31 27 35 13 39 19 42 6 5 43 24 36 18 23 34 3 8 4 45 47 10 37 32 38 7 25 15 2 9 30 33 44 29 26 41 21 11 48 

Inst_Index:3881 	 City_Num:50 	 Concorde:0.052800 	 MCTS:5.279998 Improve:-0.000000 	 Time:5.00 Seconds
Solution: 1 4 46 29 41 34 10 3 27 18 6 36 5 32 45 37 19 22 14 35 8 49 12 50 33 2 47 28 7 31 43 16 21 11 38 13 25 20 42 30 24 26 9 48 39 23 17 40 44 15 

Inst_Index:3882 	 City_Num:50 	 Concorde:0.056335 	 MCTS:5.633540 Improve:0.000000 	 Time:5.00 Seconds
Solution: 1 32 36 41 25 49 9 15 44 23 37 33 11 47 14 13 8 29 42 43 12 35 46 2 3 34 28 27 17 20 7 24 48 21 22 5 31 4 50 18 6 10 40 45 30 19 16 38 39 26 

Inst_Index:3883 	 City_Num:50 	 Concorde:0.057611 	 MCTS:5.761108 Improve:-0.000000 	 Time:5.00 Seconds
Solution: 1 26 49 22 23 33 34 39 37 43 3 18 7 20 17 30 10 13 8 45 21 11 44 4 38 42 47 12 25 15 46 2 32 40 14 5 31 19 36 24 9 35 48 29 41 6 27 28 50 16 

Inst_Index:3884 	 City_Num:50 	 Concorde:0.058475 	 MCTS:5.852511 Improve:-0.005034 	 Time:5.00 Seconds
Solution: 1 4 43 28 3 10 2 26 35 33 17 25 31 14 29 27 5 49 41 6 8 21 42 20 44 30 24 12 48 32 34 13 37 23 47 50 36 22 11 19 39 46 16 7 9 15 45 40 18 38 

Inst_Index:3885 	 City_Num:50 	 Concorde:0.056503 	 MCTS:5.648308 Improve:0.001943 	 Time:5.00 Seconds
Solution: 1 13 30 4 10 7 44 22 28 35 16 29 24 17 25 38 15 42 26 5 6 18 32 34 9 11 19 48 27 46 40 45 33 31 37 12 43 47 23 3 8 14 21 36 2 41 39 49 50 20 

Inst_Index:3886 	 City_Num:50 	 Concorde:0.061548 	 MCTS:6.154804 Improve:-0.000000 	 Time:5.00 Seconds
Solution: 1 46 35 13 22 27 11 21 7 20 49 41 40 44 33 30 8 3 47 28 16 23 18 24 45 31 42 9 15 36 5 2 12 38 6 10 17 48 4 39 26 29 34 50 37 25 19 32 43 14 

Inst_Index:3887 	 City_Num:50 	 Concorde:0.056869 	 MCTS:5.686851 Improve:0.000000 	 Time:5.00 Seconds
Solution: 1 45 2 16 39 25 41 30 21 15 19 48 6 42 23 17 46 33 31 27 34 26 40 49 29 28 5 22 35 3 11 8 20 38 13 12 14 7 47 43 4 10 18 32 24 9 37 44 50 36 

Inst_Index:3888 	 City_Num:50 	 Concorde:0.056272 	 MCTS:5.627225 Improve:0.000000 	 Time:5.01 Seconds
Solution: 1 39 15 42 41 47 9 43 8 34 25 14 33 40 20 12 27 22 32 5 26 38 18 7 29 37 16 6 23 24 46 11 30 21 10 3 44 4 19 50 2 28 17 13 49 45 36 31 48 35 

Inst_Index:3889 	 City_Num:50 	 Concorde:0.055003 	 MCTS:5.500259 Improve:-0.000000 	 Time:5.01 Seconds
Solution: 1 22 31 40 12 14 9 37 29 25 2 5 45 30 10 36 19 44 47 24 7 46 28 15 33 8 21 3 4 41 23 13 6 35 11 26 39 43 20 32 48 34 17 42 18 27 38 50 16 49 

Inst_Index:3890 	 City_Num:50 	 Concorde:0.057400 	 MCTS:5.739991 Improve:-0.000000 	 Time:5.00 Seconds
Solution: 1 36 33 28 44 16 29 40 21 49 9 37 17 38 24 39 5 11 22 14 20 42 6 25 32 45 47 13 3 23 18 31 50 10 34 26 19 46 4 43 15 12 35 7 2 8 48 41 30 27 

Inst_Index:3891 	 City_Num:50 	 Concorde:0.055445 	 MCTS:5.543048 Improve:0.001466 	 Time:5.00 Seconds
Solution: 1 42 10 31 17 18 28 32 48 39 11 29 13 27 33 16 37 3 14 34 44 41 21 15 35 43 2 12 5 45 36 30 9 47 20 26 38 46 22 49 40 6 19 24 50 4 8 25 23 7 

Inst_Index:3892 	 City_Num:50 	 Concorde:0.058507 	 MCTS:5.847910 Improve:0.002834 	 Time:5.00 Seconds
Solution: 1 31 15 40 12 37 8 28 2 7 45 24 47 42 13 39 48 16 50 11 5 4 43 27 19 3 18 25 6 22 44 20 46 14 9 38 10 33 29 49 21 23 26 17 30 41 36 34 32 35 

Inst_Index:3893 	 City_Num:50 	 Concorde:0.054655 	 MCTS:5.462717 Improve:0.002738 	 Time:5.00 Seconds
Solution: 1 7 32 17 49 37 6 4 47 22 46 50 42 10 31 36 44 40 16 35 15 29 20 21 2 11 34 39 33 3 45 9 14 5 38 25 27 18 23 43 19 30 48 28 12 8 13 41 26 24 

Inst_Index:3894 	 City_Num:50 	 Concorde:0.054828 	 MCTS:5.482833 Improve:0.000000 	 Time:5.00 Seconds
Solution: 1 4 47 17 50 35 48 10 37 27 22 26 46 45 12 20 9 49 38 21 2 25 18 30 44 8 16 14 42 43 41 39 36 13 5 23 11 6 34 29 31 24 32 28 40 15 7 19 33 3 

Inst_Index:3895 	 City_Num:50 	 Concorde:0.053199 	 MCTS:5.319872 Improve:-0.000000 	 Time:5.00 Seconds
Solution: 1 32 38 5 29 31 19 30 16 46 24 4 37 42 50 15 22 13 26 21 47 35 8 49 20 3 34 12 27 6 36 2 14 23 7 48 41 9 10 11 43 45 25 33 28 40 17 44 39 18 

Inst_Index:3896 	 City_Num:50 	 Concorde:0.052921 	 MCTS:5.292142 Improve:0.000000 	 Time:5.01 Seconds
Solution: 1 3 29 20 45 19 31 22 10 13 39 34 47 41 43 26 37 36 38 4 17 28 48 42 27 16 9 23 49 6 15 12 21 18 46 24 30 8 11 44 25 33 35 2 14 50 5 32 7 40 

Inst_Index:3897 	 City_Num:50 	 Concorde:0.058664 	 MCTS:5.879808 Improve:-0.013436 	 Time:5.01 Seconds
Solution: 1 50 44 41 31 12 9 5 36 46 47 35 6 24 18 22 26 32 13 23 49 14 43 8 29 27 3 15 20 40 10 38 28 7 21 16 30 2 33 42 4 45 17 11 48 37 25 34 39 19 

Inst_Index:3898 	 City_Num:50 	 Concorde:0.057528 	 MCTS:5.746928 Improve:0.005893 	 Time:5.00 Seconds
Solution: 1 21 34 20 3 10 37 23 16 38 28 5 9 46 41 2 29 35 44 13 25 4 11 30 12 47 50 39 8 27 19 45 31 17 7 24 33 15 40 18 43 6 49 42 26 36 14 32 22 48 

Inst_Index:3899 	 City_Num:50 	 Concorde:0.057660 	 MCTS:5.766039 Improve:0.000000 	 Time:5.02 Seconds
Solution: 1 27 40 18 23 10 29 33 45 7 13 35 41 46 20 8 6 49 9 15 21 50 48 39 47 32 19 2 28 5 43 26 31 38 42 36 37 25 44 17 3 24 16 4 14 22 11 12 30 34 

Inst_Index:3900 	 City_Num:50 	 Concorde:0.053468 	 MCTS:5.346840 Improve:-0.000000 	 Time:5.00 Seconds
Solution: 1 38 31 41 20 6 36 14 43 12 33 15 2 40 24 30 22 45 49 4 10 35 48 44 5 34 28 25 50 23 29 7 21 18 32 37 16 19 47 17 39 46 13 27 8 3 42 26 9 11 

Inst_Index:3901 	 City_Num:50 	 Concorde:0.055133 	 MCTS:5.512689 Improve:0.000623 	 Time:5.00 Seconds
Solution: 1 6 18 13 20 17 49 39 41 16 37 14 33 29 46 44 21 35 30 5 47 23 11 31 15 4 42 2 24 9 10 38 50 25 34 19 40 7 45 48 12 3 28 36 32 43 8 27 26 22 

Inst_Index:3902 	 City_Num:50 	 Concorde:0.055973 	 MCTS:5.597318 Improve:-0.000000 	 Time:5.01 Seconds
Solution: 1 16 20 17 12 2 44 26 3 13 31 36 33 39 45 41 10 40 38 4 46 49 19 48 32 18 29 14 9 5 28 11 37 42 15 43 24 27 30 34 47 25 35 6 21 7 50 8 23 22 

Inst_Index:3903 	 City_Num:50 	 Concorde:0.059669 	 MCTS:5.966927 Improve:0.000000 	 Time:5.00 Seconds
Solution: 1 7 3 28 25 18 47 21 37 36 13 31 9 29 44 20 23 32 48 17 16 27 30 38 5 39 41 10 33 15 49 50 22 45 19 40 14 6 26 4 34 8 42 35 43 2 24 46 12 11 

Inst_Index:3904 	 City_Num:50 	 Concorde:0.059277 	 MCTS:5.939016 Improve:-0.011308 	 Time:5.00 Seconds
Solution: 1 41 5 27 32 46 38 23 9 8 39 15 7 34 18 40 22 28 6 44 37 21 14 33 10 19 49 4 11 2 26 13 45 50 16 25 43 30 24 36 12 42 35 31 20 48 3 29 17 47 

Inst_Index:3905 	 City_Num:50 	 Concorde:0.058464 	 MCTS:5.846364 Improve:-0.000000 	 Time:5.00 Seconds
Solution: 1 44 35 6 40 11 26 48 45 4 12 46 15 28 2 43 20 30 36 42 10 7 49 31 9 29 24 17 3 38 19 13 33 25 27 23 5 22 41 18 8 50 37 32 39 34 14 16 21 47 

Inst_Index:3906 	 City_Num:50 	 Concorde:0.057547 	 MCTS:5.751915 Improve:0.002739 	 Time:5.00 Seconds
Solution: 1 5 32 11 31 13 35 23 16 36 46 30 45 17 10 14 24 41 39 4 26 38 28 15 44 21 34 2 19 50 33 3 40 42 27 43 47 37 9 22 6 48 49 12 7 25 29 20 8 18 

Inst_Index:3907 	 City_Num:50 	 Concorde:0.058122 	 MCTS:5.812217 Improve:0.000000 	 Time:5.00 Seconds
Solution: 1 16 10 40 14 29 17 49 9 33 13 19 8 46 48 43 28 5 4 50 41 2 44 18 32 34 6 30 22 31 7 26 3 25 21 37 36 23 39 11 35 38 20 42 12 24 27 15 45 47 

Inst_Index:3908 	 City_Num:50 	 Concorde:0.056081 	 MCTS:5.608134 Improve:0.000000 	 Time:5.00 Seconds
Solution: 1 12 20 17 36 26 25 50 39 32 11 14 31 29 43 49 38 41 42 46 45 18 3 2 8 34 44 15 22 24 48 37 4 35 30 13 33 40 9 23 19 10 27 16 21 47 5 7 6 28 

Inst_Index:3909 	 City_Num:50 	 Concorde:0.057329 	 MCTS:5.739886 Improve:-0.006987 	 Time:5.00 Seconds
Solution: 1 33 42 35 18 29 30 22 20 46 47 6 44 4 9 3 45 21 34 28 37 39 38 49 13 27 10 48 43 26 14 19 7 12 15 16 40 23 11 41 36 17 2 50 24 8 32 31 25 5 

Inst_Index:3910 	 City_Num:50 	 Concorde:0.054488 	 MCTS:5.497482 Improve:-0.048652 	 Time:5.00 Seconds
Solution: 1 25 50 4 41 38 49 45 29 23 30 40 32 28 3 20 18 34 7 2 22 19 9 47 11 16 42 26 6 36 8 46 5 27 44 48 24 13 10 43 39 12 37 14 33 35 31 17 15 21 

Inst_Index:3911 	 City_Num:50 	 Concorde:0.055645 	 MCTS:5.559834 Improve:0.004628 	 Time:5.01 Seconds
Solution: 1 50 15 9 13 24 3 23 39 22 32 47 41 49 7 34 21 31 4 26 14 44 29 20 5 33 38 11 42 2 27 45 36 6 28 10 25 30 8 35 48 18 46 43 17 40 19 16 37 12 

Inst_Index:3912 	 City_Num:50 	 Concorde:0.057202 	 MCTS:5.720158 Improve:0.000000 	 Time:5.00 Seconds
Solution: 1 39 7 14 41 13 35 37 15 10 50 25 19 26 18 45 43 22 12 38 42 33 32 4 9 34 6 8 11 16 24 29 2 31 49 47 46 28 3 23 17 21 40 48 30 27 20 36 44 5 

Inst_Index:3913 	 City_Num:50 	 Concorde:0.056732 	 MCTS:5.673191 Improve:0.000000 	 Time:5.01 Seconds
Solution: 1 29 3 4 40 24 8 7 39 42 33 49 12 13 16 37 5 18 35 19 43 23 41 31 25 9 11 15 48 50 38 26 21 17 45 36 14 46 47 10 28 27 30 34 2 44 32 6 20 22 

Inst_Index:3914 	 City_Num:50 	 Concorde:0.057028 	 MCTS:5.702800 Improve:-0.000000 	 Time:5.01 Seconds
Solution: 1 29 9 49 41 19 25 36 15 39 31 47 5 22 34 48 28 10 38 30 3 37 40 4 23 6 43 7 50 26 17 24 45 13 14 21 42 12 27 16 2 20 8 44 11 35 46 33 32 18 

Inst_Index:3915 	 City_Num:50 	 Concorde:0.056080 	 MCTS:5.607120 Improve:0.000890 	 Time:5.00 Seconds
Solution: 1 19 45 32 48 22 23 42 12 16 10 13 17 24 49 34 37 47 11 4 41 38 26 36 50 31 15 6 39 20 2 28 25 8 18 29 43 5 40 27 3 14 30 44 46 7 9 21 35 33 

Inst_Index:3916 	 City_Num:50 	 Concorde:0.054123 	 MCTS:5.412307 Improve:-0.000000 	 Time:5.00 Seconds
Solution: 1 7 14 40 24 42 8 50 10 15 19 43 5 16 12 48 28 9 21 31 29 47 2 20 38 35 13 34 49 36 44 26 27 41 46 23 25 17 33 11 30 45 4 18 6 32 3 39 22 37 

Inst_Index:3917 	 City_Num:50 	 Concorde:0.056783 	 MCTS:5.678250 Improve:0.000000 	 Time:5.00 Seconds
Solution: 1 4 44 18 10 40 6 14 26 2 41 16 3 22 42 19 39 25 47 30 36 23 13 21 24 33 38 37 27 20 31 17 43 48 9 12 28 46 7 15 32 50 34 45 5 29 35 11 49 8 

Inst_Index:3918 	 City_Num:50 	 Concorde:0.059313 	 MCTS:5.930233 Improve:0.001087 	 Time:5.01 Seconds
Solution: 1 12 13 16 31 20 15 5 35 43 28 21 4 26 19 46 30 3 39 40 50 9 49 29 33 41 7 22 37 36 25 6 34 32 45 14 24 38 44 18 8 2 48 47 42 10 11 17 23 27 

Inst_Index:3919 	 City_Num:50 	 Concorde:0.058277 	 MCTS:5.827681 Improve:0.000000 	 Time:5.00 Seconds
Solution: 1 47 2 21 22 43 45 14 37 4 46 26 11 3 41 33 24 16 5 49 13 32 8 48 36 39 50 30 7 40 42 9 19 35 44 23 12 17 27 15 29 31 10 25 38 34 6 20 28 18 

Inst_Index:3920 	 City_Num:50 	 Concorde:0.056601 	 MCTS:5.660129 Improve:0.000000 	 Time:5.01 Seconds
Solution: 1 23 34 49 7 6 36 14 27 13 12 40 19 32 15 39 4 31 38 43 44 47 41 10 2 3 25 26 21 46 5 45 11 16 29 9 22 37 18 24 48 35 17 20 30 42 33 28 50 8 

Inst_Index:3921 	 City_Num:50 	 Concorde:0.060715 	 MCTS:6.071482 Improve:0.000000 	 Time:5.00 Seconds
Solution: 1 21 20 6 26 32 28 37 27 2 17 45 10 9 31 5 13 19 4 24 7 36 50 35 38 18 33 48 44 14 34 42 29 47 8 16 49 23 30 39 12 46 22 43 40 41 15 3 25 11 

Inst_Index:3922 	 City_Num:50 	 Concorde:0.051973 	 MCTS:5.195857 Improve:0.001398 	 Time:5.01 Seconds
Solution: 1 18 26 36 21 43 31 42 13 25 47 45 37 27 50 33 12 49 38 44 35 23 16 6 29 48 41 20 17 34 4 22 10 46 14 30 5 11 8 9 28 15 32 2 40 39 19 7 3 24 

Inst_Index:3923 	 City_Num:50 	 Concorde:0.060658 	 MCTS:6.063105 Improve:0.002705 	 Time:5.01 Seconds
Solution: 1 38 12 10 48 26 17 36 50 19 39 25 31 37 3 45 11 20 43 6 22 47 34 32 40 27 7 33 30 49 29 18 8 35 23 9 14 44 42 13 4 28 16 15 41 2 5 21 46 24 

Inst_Index:3924 	 City_Num:50 	 Concorde:0.058620 	 MCTS:5.857389 Improve:0.004623 	 Time:5.01 Seconds
Solution: 1 29 27 30 23 40 10 16 4 11 8 43 39 35 14 44 5 18 7 32 50 37 36 2 24 17 45 3 47 28 34 12 48 6 19 46 49 13 25 33 20 21 26 9 31 15 41 42 22 38 

Inst_Index:3925 	 City_Num:50 	 Concorde:0.055554 	 MCTS:5.555368 Improve:0.000000 	 Time:5.01 Seconds
Solution: 1 28 19 10 14 3 17 24 34 29 2 18 30 27 36 33 16 45 41 50 25 20 47 48 39 49 22 32 44 35 26 6 13 5 12 46 9 42 43 31 37 15 40 4 7 23 21 11 38 8 

Inst_Index:3926 	 City_Num:50 	 Concorde:0.057247 	 MCTS:5.724682 Improve:0.000000 	 Time:5.00 Seconds
Solution: 1 5 26 6 50 42 11 4 47 3 17 36 20 38 29 16 35 45 14 22 46 8 49 32 19 34 30 33 44 21 48 9 7 2 43 23 25 15 10 40 39 18 13 28 41 24 27 12 31 37 

Inst_Index:3927 	 City_Num:50 	 Concorde:0.057411 	 MCTS:5.741067 Improve:0.000000 	 Time:5.00 Seconds
Solution: 1 44 41 17 28 35 12 39 32 34 47 46 15 27 18 20 5 33 7 19 43 49 25 21 50 45 10 26 42 48 29 24 30 13 8 38 37 3 14 40 16 11 22 4 23 9 36 31 6 2 

Inst_Index:3928 	 City_Num:50 	 Concorde:0.058015 	 MCTS:5.801454 Improve:0.000000 	 Time:5.00 Seconds
Solution: 1 50 44 42 40 3 9 12 11 19 37 15 47 13 26 32 4 18 35 49 36 43 5 30 2 38 23 29 41 7 6 22 8 33 34 17 28 10 20 21 31 24 25 39 48 16 46 45 14 27 

Inst_Index:3929 	 City_Num:50 	 Concorde:0.057951 	 MCTS:5.787389 Improve:0.007700 	 Time:5.01 Seconds
Solution: 1 20 2 43 50 38 23 28 26 30 18 41 22 11 45 21 34 9 10 46 36 27 29 39 25 24 31 32 15 14 4 8 3 40 13 47 7 6 42 33 35 5 12 37 17 16 44 48 19 49 

Inst_Index:3930 	 City_Num:50 	 Concorde:0.056177 	 MCTS:5.612887 Improve:0.004772 	 Time:5.00 Seconds
Solution: 1 46 8 44 47 43 7 30 6 15 9 40 39 18 38 50 12 41 36 25 34 2 35 48 42 29 26 32 10 5 49 3 4 22 31 11 16 24 13 19 20 28 33 23 45 14 17 21 37 27 

Inst_Index:3931 	 City_Num:50 	 Concorde:0.063990 	 MCTS:6.398998 Improve:0.000000 	 Time:5.00 Seconds
Solution: 1 26 45 19 48 15 4 9 32 27 38 14 3 31 47 39 43 36 10 2 11 46 6 5 13 50 35 29 23 8 33 22 17 16 42 20 40 49 44 37 12 21 7 41 34 28 30 24 25 18 

Inst_Index:3932 	 City_Num:50 	 Concorde:0.054291 	 MCTS:5.428392 Improve:0.000731 	 Time:5.00 Seconds
Solution: 1 39 26 36 6 37 49 32 19 17 24 38 9 13 33 8 22 48 40 12 50 23 31 4 18 15 3 16 42 45 11 14 34 2 30 10 25 27 46 20 29 35 47 43 7 28 5 21 41 44 

Inst_Index:3933 	 City_Num:50 	 Concorde:0.052645 	 MCTS:5.264545 Improve:0.000000 	 Time:5.00 Seconds
Solution: 1 7 22 19 6 46 34 13 23 18 31 25 42 45 15 24 38 43 35 8 48 27 16 29 12 32 37 11 41 14 49 9 17 44 40 47 26 4 36 50 39 30 20 33 21 5 3 10 28 2 

Inst_Index:3934 	 City_Num:50 	 Concorde:0.053309 	 MCTS:5.328659 Improve:0.002203 	 Time:5.00 Seconds
Solution: 1 3 23 47 45 34 33 11 28 22 18 2 9 16 19 49 35 14 37 25 20 48 4 15 29 36 38 7 50 12 32 42 21 31 39 24 40 30 13 17 46 27 43 8 5 10 26 41 6 44 

Inst_Index:3935 	 City_Num:50 	 Concorde:0.053703 	 MCTS:5.370273 Improve:-0.000000 	 Time:5.00 Seconds
Solution: 1 23 47 33 19 10 30 13 16 2 46 5 29 32 37 4 36 48 40 38 24 39 34 25 28 3 35 42 11 50 43 49 21 22 15 14 7 9 20 26 31 27 18 6 17 8 45 41 44 12 

Inst_Index:3936 	 City_Num:50 	 Concorde:0.061787 	 MCTS:6.178729 Improve:0.000000 	 Time:5.00 Seconds
Solution: 1 25 45 8 22 11 50 18 27 6 12 34 24 20 30 19 3 16 33 42 32 31 5 38 47 2 46 28 4 36 14 48 26 35 15 7 39 29 23 44 37 17 21 41 9 10 13 43 49 40 

Inst_Index:3937 	 City_Num:50 	 Concorde:0.055208 	 MCTS:5.515002 Improve:0.005844 	 Time:5.00 Seconds
Solution: 1 29 13 49 40 9 23 41 8 27 47 28 24 18 5 22 38 15 26 3 44 2 42 10 32 11 16 30 31 19 46 25 12 4 37 45 35 36 50 48 20 39 43 34 7 14 21 6 33 17 

Inst_Index:3938 	 City_Num:50 	 Concorde:0.059687 	 MCTS:5.968663 Improve:0.000000 	 Time:5.00 Seconds
Solution: 1 27 2 43 47 14 23 10 25 48 28 30 12 7 11 38 32 16 20 15 24 22 37 5 42 40 39 29 46 50 13 41 3 6 17 26 4 9 45 18 34 8 21 33 44 19 31 35 49 36 

Inst_Index:3939 	 City_Num:50 	 Concorde:0.058735 	 MCTS:5.869749 Improve:0.003788 	 Time:5.01 Seconds
Solution: 1 41 16 24 10 27 49 37 47 19 21 42 32 2 3 4 48 15 6 9 12 25 33 17 36 46 26 5 18 38 8 29 39 45 28 34 50 20 22 23 13 31 44 7 35 40 11 30 43 14 

Inst_Index:3940 	 City_Num:50 	 Concorde:0.056845 	 MCTS:5.684482 Improve:0.000000 	 Time:5.01 Seconds
Solution: 1 28 49 9 5 32 31 14 23 20 47 15 35 24 12 16 21 18 7 13 42 40 3 6 29 30 11 27 17 33 26 46 39 4 50 45 34 19 44 22 8 36 38 25 37 2 41 43 48 10 

Inst_Index:3941 	 City_Num:50 	 Concorde:0.050420 	 MCTS:5.041988 Improve:-0.000000 	 Time:5.00 Seconds
Solution: 1 11 42 20 27 18 6 16 44 38 19 49 40 13 28 36 37 7 10 12 45 9 15 46 43 5 3 39 29 48 23 4 24 22 17 8 2 41 47 26 32 21 31 25 35 33 34 30 50 14 

Inst_Index:3942 	 City_Num:50 	 Concorde:0.057293 	 MCTS:5.729308 Improve:0.000000 	 Time:5.01 Seconds
Solution: 1 33 44 14 41 26 5 37 50 38 35 48 23 42 40 12 34 31 16 32 21 22 19 13 17 46 6 8 45 4 25 7 11 39 29 18 30 15 9 27 28 20 2 43 24 47 36 49 3 10 

Inst_Index:3943 	 City_Num:50 	 Concorde:0.052910 	 MCTS:5.291023 Improve:-0.000000 	 Time:5.02 Seconds
Solution: 1 34 30 32 31 10 21 28 23 49 48 33 25 42 16 3 50 26 38 35 12 6 7 4 22 24 43 46 20 2 40 45 44 39 17 9 14 27 36 11 47 41 37 8 5 29 15 19 13 18 

Inst_Index:3944 	 City_Num:50 	 Concorde:0.059303 	 MCTS:5.930266 Improve:0.000000 	 Time:5.00 Seconds
Solution: 1 3 42 46 47 11 36 8 15 20 9 10 12 48 19 37 18 50 14 40 26 4 17 41 39 38 21 5 27 43 6 23 32 16 30 22 24 13 7 45 44 49 33 35 28 31 25 29 34 2 

Inst_Index:3945 	 City_Num:50 	 Concorde:0.053478 	 MCTS:5.347776 Improve:-0.000000 	 Time:5.00 Seconds
Solution: 1 12 4 40 41 39 31 45 9 25 38 15 28 32 8 30 29 44 49 48 5 47 14 34 37 19 20 7 17 22 27 24 16 11 2 6 36 43 33 26 42 10 3 50 35 18 46 21 13 23 

Inst_Index:3946 	 City_Num:50 	 Concorde:0.052877 	 MCTS:5.287279 Improve:0.000442 	 Time:5.00 Seconds
Solution: 1 26 27 11 16 13 23 46 42 29 8 48 44 30 17 50 43 38 37 24 31 7 25 47 14 20 21 45 19 32 36 3 49 6 41 22 35 18 12 15 40 9 5 28 39 34 2 4 33 10 

Inst_Index:3947 	 City_Num:50 	 Concorde:0.056855 	 MCTS:5.685472 Improve:-0.000000 	 Time:5.00 Seconds
Solution: 1 4 34 41 6 36 39 5 43 45 22 24 32 40 44 13 49 23 42 47 2 19 48 35 30 33 26 16 25 7 18 31 9 29 8 50 46 15 38 10 27 14 12 17 20 28 11 3 37 21 

Inst_Index:3948 	 City_Num:50 	 Concorde:0.059205 	 MCTS:5.920473 Improve:-0.000000 	 Time:5.00 Seconds
Solution: 1 25 5 9 16 44 32 19 6 22 28 15 34 7 21 39 30 33 31 48 27 18 24 12 2 45 38 26 14 20 35 10 46 8 40 41 37 47 49 3 13 17 4 36 23 11 42 50 29 43 

Inst_Index:3949 	 City_Num:50 	 Concorde:0.057068 	 MCTS:5.706823 Improve:-0.000000 	 Time:5.01 Seconds
Solution: 1 3 26 38 2 43 19 48 6 21 33 44 42 31 5 36 32 50 25 37 35 17 9 20 49 10 40 27 14 39 11 13 16 45 7 47 29 12 22 34 30 24 18 8 41 46 28 15 23 4 

Inst_Index:3950 	 City_Num:50 	 Concorde:0.056714 	 MCTS:5.671390 Improve:-0.000000 	 Time:5.00 Seconds
Solution: 1 40 32 31 18 12 9 3 4 38 47 48 24 15 2 34 8 29 42 27 22 45 36 46 5 33 25 50 21 20 41 19 6 10 13 37 49 39 17 16 30 44 14 43 26 23 28 11 35 7 

Inst_Index:3951 	 City_Num:50 	 Concorde:0.053469 	 MCTS:5.346909 Improve:0.000000 	 Time:5.00 Seconds
Solution: 1 16 9 14 33 28 36 24 22 32 21 19 49 27 18 41 10 46 15 30 25 8 50 35 48 7 4 37 2 47 6 5 3 13 40 26 45 20 17 43 44 11 29 12 23 38 34 31 42 39 

Inst_Index:3952 	 City_Num:50 	 Concorde:0.058222 	 MCTS:5.822162 Improve:-0.000000 	 Time:5.00 Seconds
Solution: 1 3 22 43 25 44 46 49 4 5 35 27 11 29 24 37 21 18 19 33 9 36 2 48 8 50 16 23 34 7 38 47 41 15 13 26 20 42 14 6 45 30 31 39 40 10 28 32 12 17 

Inst_Index:3953 	 City_Num:50 	 Concorde:0.057365 	 MCTS:5.736539 Improve:0.000000 	 Time:5.00 Seconds
Solution: 1 41 49 36 6 24 31 17 26 42 23 39 20 12 7 11 38 5 14 4 16 32 21 10 40 19 50 2 37 47 28 30 15 35 34 48 33 29 18 43 27 8 45 25 22 3 44 13 9 46 

Inst_Index:3954 	 City_Num:50 	 Concorde:0.057602 	 MCTS:5.756797 Improve:0.003367 	 Time:5.00 Seconds
Solution: 1 24 20 40 28 5 43 17 7 12 14 9 41 49 16 11 6 27 22 48 31 36 42 34 35 38 33 50 10 45 46 19 25 47 4 18 15 3 32 8 30 21 26 39 29 2 23 13 37 44 

Inst_Index:3955 	 City_Num:50 	 Concorde:0.057660 	 MCTS:5.765992 Improve:-0.000000 	 Time:5.01 Seconds
Solution: 1 46 37 39 22 32 17 44 31 45 40 38 47 5 24 36 50 11 35 19 4 28 29 21 15 7 9 34 48 33 41 23 3 10 26 20 49 18 43 16 42 30 8 6 27 2 14 25 12 13 

Inst_Index:3956 	 City_Num:50 	 Concorde:0.055584 	 MCTS:5.554614 Improve:0.003744 	 Time:5.00 Seconds
Solution: 1 11 28 45 36 23 21 38 9 7 42 16 41 30 49 3 4 34 37 44 12 40 22 50 6 47 2 26 31 17 8 29 32 19 33 25 46 27 13 5 14 39 10 15 48 35 20 24 43 18 

Inst_Index:3957 	 City_Num:50 	 Concorde:0.053818 	 MCTS:5.381799 Improve:-0.000000 	 Time:5.01 Seconds
Solution: 1 37 25 9 8 26 6 27 42 39 15 33 16 17 12 24 40 13 36 44 4 29 50 45 19 21 46 7 38 43 31 11 5 28 35 2 41 34 48 30 10 3 23 49 20 22 14 47 32 18 

Inst_Index:3958 	 City_Num:50 	 Concorde:0.055628 	 MCTS:5.562836 Improve:-0.000000 	 Time:5.00 Seconds
Solution: 1 7 31 39 15 30 38 26 10 18 8 33 27 20 29 11 34 2 17 45 5 21 36 3 42 49 16 40 47 25 4 23 50 19 28 48 6 22 44 24 13 43 37 9 12 41 46 35 14 32 

Inst_Index:3959 	 City_Num:50 	 Concorde:0.057815 	 MCTS:5.781513 Improve:-0.000000 	 Time:5.00 Seconds
Solution: 1 50 15 41 45 48 19 33 36 12 30 7 2 34 5 9 6 27 35 23 26 31 39 25 40 49 44 17 43 4 42 32 20 3 22 47 29 10 37 16 38 28 13 18 21 14 46 24 8 11 

Inst_Index:3960 	 City_Num:50 	 Concorde:0.053001 	 MCTS:5.296892 Improve:0.003202 	 Time:5.00 Seconds
Solution: 1 37 46 7 43 48 34 15 49 17 5 8 36 25 38 30 29 14 11 41 18 22 23 39 16 24 42 12 9 4 10 6 50 40 19 47 20 21 26 3 32 27 28 35 31 33 45 2 44 13 

Inst_Index:3961 	 City_Num:50 	 Concorde:0.057709 	 MCTS:5.766177 Improve:0.004757 	 Time:5.01 Seconds
Solution: 1 8 29 13 50 12 32 6 40 23 48 38 41 5 43 37 35 15 39 34 31 9 3 27 10 20 25 30 36 22 21 44 4 49 16 42 46 7 11 18 28 17 33 45 2 47 24 19 14 26 

Inst_Index:3962 	 City_Num:50 	 Concorde:0.059432 	 MCTS:5.943174 Improve:0.000000 	 Time:5.02 Seconds
Solution: 1 26 35 25 2 50 24 13 21 12 34 20 46 48 37 17 45 10 4 40 49 29 18 27 23 36 30 7 28 44 5 43 15 9 38 6 11 42 32 14 33 41 22 19 47 16 39 3 8 31 

Inst_Index:3963 	 City_Num:50 	 Concorde:0.058278 	 MCTS:5.827834 Improve:-0.000000 	 Time:5.00 Seconds
Solution: 1 22 34 49 25 41 5 2 35 29 3 12 28 32 36 18 42 24 19 40 23 39 20 50 48 43 7 38 37 9 21 10 14 26 11 46 31 16 44 27 45 13 8 4 47 30 15 6 33 17 

Inst_Index:3964 	 City_Num:50 	 Concorde:0.058012 	 MCTS:5.801203 Improve:-0.000000 	 Time:5.00 Seconds
Solution: 1 49 25 50 26 41 29 21 17 39 6 13 8 46 47 20 3 27 16 33 4 9 30 10 43 45 34 24 36 11 38 23 37 48 42 15 18 5 7 31 32 12 14 44 19 40 22 35 28 2 

Inst_Index:3965 	 City_Num:50 	 Concorde:0.057768 	 MCTS:5.776780 Improve:-0.000000 	 Time:5.01 Seconds
Solution: 1 40 35 5 46 7 13 10 12 47 15 29 34 49 44 23 42 20 11 8 28 18 4 41 9 30 3 21 45 16 14 37 33 2 48 22 6 50 31 25 27 38 36 24 19 17 32 43 26 39 

Inst_Index:3966 	 City_Num:50 	 Concorde:0.055402 	 MCTS:5.540152 Improve:0.000000 	 Time:5.01 Seconds
Solution: 1 26 14 7 19 16 34 27 50 31 41 10 36 12 42 33 22 43 38 4 8 44 15 30 3 45 17 37 35 28 47 21 13 48 25 32 6 40 5 23 49 20 46 39 29 9 11 18 2 24 

Inst_Index:3967 	 City_Num:50 	 Concorde:0.051105 	 MCTS:5.110523 Improve:0.000000 	 Time:5.00 Seconds
Solution: 1 3 4 10 11 14 49 29 46 6 38 8 42 12 5 26 25 9 15 33 28 23 44 36 47 21 18 31 37 43 27 16 17 7 45 24 40 13 48 50 39 19 20 32 2 22 34 41 30 35 

Inst_Index:3968 	 City_Num:50 	 Concorde:0.056024 	 MCTS:5.602356 Improve:-0.000000 	 Time:5.01 Seconds
Solution: 1 12 50 14 39 13 25 7 15 10 28 42 27 38 46 36 23 29 21 44 41 43 35 20 17 18 9 37 47 16 4 3 2 5 40 26 33 48 8 19 45 24 30 6 11 49 22 32 34 31 

Inst_Index:3969 	 City_Num:50 	 Concorde:0.060885 	 MCTS:6.085831 Improve:0.002717 	 Time:5.00 Seconds
Solution: 1 38 43 27 48 42 6 7 30 3 8 41 36 45 26 34 5 40 29 2 16 44 15 50 33 19 21 18 4 24 12 22 17 35 14 11 46 25 49 32 23 10 28 47 20 39 9 31 13 37 

Inst_Index:3970 	 City_Num:50 	 Concorde:0.058384 	 MCTS:5.837491 Improve:0.000943 	 Time:5.00 Seconds
Solution: 1 35 11 44 46 24 16 25 8 45 27 6 19 12 47 4 48 17 40 43 36 5 21 49 30 22 34 37 50 26 13 14 20 7 23 18 38 31 10 42 2 33 41 3 39 15 28 29 32 9 

Inst_Index:3971 	 City_Num:50 	 Concorde:0.055212 	 MCTS:5.518892 Improve:0.002294 	 Time:5.00 Seconds
Solution: 1 6 49 41 20 27 43 25 3 34 30 32 26 31 9 38 48 46 36 2 23 28 40 22 14 4 17 5 8 29 37 19 16 39 11 15 12 13 7 44 42 50 47 24 10 33 35 18 45 21 

Inst_Index:3972 	 City_Num:50 	 Concorde:0.059162 	 MCTS:5.913187 Improve:0.003060 	 Time:5.00 Seconds
Solution: 1 20 11 16 32 24 7 36 39 13 23 29 46 38 9 31 4 6 14 41 49 43 3 28 30 37 19 12 22 33 35 17 2 10 26 40 5 44 42 15 48 45 25 50 27 21 18 47 34 8 

Inst_Index:3973 	 City_Num:50 	 Concorde:0.057432 	 MCTS:5.743165 Improve:-0.000000 	 Time:5.00 Seconds
Solution: 1 39 3 5 48 44 23 47 21 16 14 28 12 43 34 10 19 13 4 46 20 31 27 41 37 33 24 2 45 18 17 35 29 8 22 15 36 11 6 26 30 49 9 25 38 42 32 40 7 50 

Inst_Index:3974 	 City_Num:50 	 Concorde:0.056244 	 MCTS:5.624376 Improve:-0.000000 	 Time:5.00 Seconds
Solution: 1 8 32 9 40 39 47 19 3 48 27 11 29 20 45 36 49 6 23 18 28 30 21 31 34 38 16 13 46 5 22 12 41 35 50 42 44 26 14 15 37 24 4 17 25 7 33 2 10 43 

Inst_Index:3975 	 City_Num:50 	 Concorde:0.050024 	 MCTS:5.002439 Improve:0.000000 	 Time:5.01 Seconds
Solution: 1 27 15 9 37 8 30 7 38 4 10 32 3 46 31 13 24 39 25 6 20 42 43 45 23 12 29 22 16 34 19 49 50 2 35 40 17 36 21 26 28 47 41 18 48 11 33 44 14 5 

Inst_Index:3976 	 City_Num:50 	 Concorde:0.059605 	 MCTS:5.960512 Improve:-0.000000 	 Time:5.00 Seconds
Solution: 1 44 34 13 11 50 15 43 46 21 40 6 22 33 32 28 4 30 24 29 39 36 18 10 25 8 7 49 12 17 19 16 41 2 27 26 23 37 31 35 3 45 38 9 20 48 5 14 42 47 

Inst_Index:3977 	 City_Num:50 	 Concorde:0.053773 	 MCTS:5.371070 Improve:0.006249 	 Time:5.00 Seconds
Solution: 1 2 43 45 46 25 41 7 48 4 35 40 11 9 10 47 50 21 18 36 12 13 39 29 44 22 42 5 8 24 38 31 26 17 23 16 32 15 28 3 20 49 34 27 33 37 6 30 19 14 

Inst_Index:3978 	 City_Num:50 	 Concorde:0.059180 	 MCTS:5.917952 Improve:0.000000 	 Time:5.00 Seconds
Solution: 1 29 22 20 12 33 2 46 24 44 50 37 5 23 39 7 43 31 14 32 16 28 42 36 11 25 35 48 6 21 19 17 9 8 41 13 47 10 18 26 38 34 27 45 3 40 49 30 15 4 

Inst_Index:3979 	 City_Num:50 	 Concorde:0.062339 	 MCTS:6.231558 Improve:0.002376 	 Time:5.00 Seconds
Solution: 1 28 42 12 47 21 33 2 14 16 39 20 5 10 15 24 35 13 38 26 41 23 6 44 31 25 29 30 9 32 19 34 8 11 17 46 7 3 43 22 27 36 49 50 40 4 48 18 37 45 

Inst_Index:3980 	 City_Num:50 	 Concorde:0.056639 	 MCTS:5.663925 Improve:0.000000 	 Time:5.00 Seconds
Solution: 1 14 17 12 10 7 15 21 27 6 31 5 19 18 22 45 9 47 38 36 8 30 37 3 25 34 41 23 35 49 43 13 39 46 32 26 42 24 4 11 16 48 20 50 2 29 40 28 44 33 

Inst_Index:3981 	 City_Num:50 	 Concorde:0.056481 	 MCTS:5.648079 Improve:-0.000000 	 Time:5.00 Seconds
Solution: 1 3 14 36 27 50 13 29 16 26 45 18 34 42 6 46 23 43 4 30 48 31 35 39 15 12 8 28 22 19 38 21 11 24 2 40 49 7 25 44 47 17 33 37 41 5 10 9 20 32 

Inst_Index:3982 	 City_Num:50 	 Concorde:0.055927 	 MCTS:5.589046 Improve:0.003610 	 Time:5.00 Seconds
Solution: 1 31 29 15 7 37 43 44 22 33 27 42 17 2 50 47 39 19 10 35 40 41 4 26 49 45 11 16 30 28 25 34 18 36 12 14 3 24 21 48 9 32 23 20 46 5 8 6 38 13 

Inst_Index:3983 	 City_Num:50 	 Concorde:0.057032 	 MCTS:5.703171 Improve:0.000000 	 Time:5.01 Seconds
Solution: 1 45 18 44 13 14 30 20 41 25 47 15 49 31 12 36 3 27 42 10 35 17 40 29 22 28 43 8 39 11 19 24 48 16 5 4 26 46 23 9 33 2 34 6 38 37 32 50 7 21 

Inst_Index:3984 	 City_Num:50 	 Concorde:0.057780 	 MCTS:5.778020 Improve:-0.000000 	 Time:5.00 Seconds
Solution: 1 31 2 43 36 5 34 27 46 17 10 38 35 30 22 23 9 14 33 50 4 3 7 25 12 40 48 15 16 11 13 47 45 32 42 41 19 6 18 39 29 49 28 26 24 37 20 21 8 44 

Inst_Index:3985 	 City_Num:50 	 Concorde:0.060728 	 MCTS:6.072763 Improve:0.000000 	 Time:5.00 Seconds
Solution: 1 4 3 37 25 18 30 47 35 19 8 28 7 33 31 46 20 10 12 45 26 17 49 50 24 39 42 43 48 15 41 23 38 16 22 32 9 5 44 27 40 29 14 2 36 11 13 6 21 34 

Inst_Index:3986 	 City_Num:50 	 Concorde:0.057532 	 MCTS:5.752148 Improve:0.001043 	 Time:5.00 Seconds
Solution: 1 45 35 50 21 7 12 10 47 32 5 9 4 24 34 37 28 8 3 27 13 23 2 6 30 44 14 22 29 26 48 39 40 16 25 43 41 17 38 46 20 19 49 36 42 31 11 33 15 18 

Inst_Index:3987 	 City_Num:50 	 Concorde:0.061529 	 MCTS:6.152913 Improve:0.000000 	 Time:5.00 Seconds
Solution: 1 3 5 41 31 44 42 9 38 33 28 7 30 10 13 19 8 23 29 32 15 48 37 25 50 14 26 22 24 34 47 27 39 40 35 20 16 17 45 6 36 11 43 4 21 12 46 18 49 2 

Inst_Index:3988 	 City_Num:50 	 Concorde:0.057653 	 MCTS:5.765346 Improve:-0.000000 	 Time:5.00 Seconds
Solution: 1 39 17 31 5 30 14 16 15 37 11 35 25 27 22 41 7 44 12 8 10 28 48 21 47 43 4 19 2 29 49 33 46 45 23 42 40 6 50 18 3 32 36 20 38 24 34 13 26 9 

Inst_Index:3989 	 City_Num:50 	 Concorde:0.058842 	 MCTS:5.884208 Improve:0.000000 	 Time:5.00 Seconds
Solution: 1 11 45 21 37 32 24 50 31 23 9 33 42 22 41 10 4 3 49 44 40 15 2 25 48 13 16 47 7 39 26 19 5 28 30 17 14 43 36 46 6 8 18 35 29 34 20 12 27 38 

Inst_Index:3990 	 City_Num:50 	 Concorde:0.057979 	 MCTS:5.797485 Improve:0.000381 	 Time:5.00 Seconds
Solution: 1 38 42 48 20 2 50 17 25 27 23 31 43 3 32 16 24 9 4 29 33 34 15 5 45 28 44 40 10 12 8 7 18 47 46 22 21 35 26 11 19 37 36 49 41 13 30 14 39 6 

Inst_Index:3991 	 City_Num:50 	 Concorde:0.053858 	 MCTS:5.385783 Improve:0.000000 	 Time:5.00 Seconds
Solution: 1 26 25 28 32 19 34 46 18 23 14 49 29 30 3 48 10 43 47 6 8 31 21 12 9 42 7 36 16 38 24 11 15 5 33 35 37 40 45 17 2 41 44 13 4 20 27 50 22 39 

Inst_Index:3992 	 City_Num:50 	 Concorde:0.057476 	 MCTS:5.747608 Improve:0.000000 	 Time:5.00 Seconds
Solution: 1 35 21 49 6 50 42 16 44 10 15 12 23 19 28 39 13 36 17 41 31 11 18 24 25 43 47 14 46 34 48 7 38 32 30 33 20 29 26 4 37 9 27 22 8 40 45 3 5 2 

Inst_Index:3993 	 City_Num:50 	 Concorde:0.055804 	 MCTS:5.580416 Improve:0.000000 	 Time:5.01 Seconds
Solution: 1 28 32 18 14 40 6 44 7 9 27 12 47 31 4 26 45 29 16 38 49 39 30 5 22 8 43 46 2 10 15 33 19 24 20 3 25 42 50 37 48 23 11 34 35 17 21 13 41 36 

Inst_Index:3994 	 City_Num:50 	 Concorde:0.054014 	 MCTS:5.406225 Improve:-0.004867 	 Time:5.00 Seconds
Solution: 1 25 41 17 26 49 9 43 22 7 18 46 27 14 13 4 15 35 42 6 11 8 38 29 19 5 37 23 32 2 44 3 12 16 24 40 10 39 28 21 33 31 30 47 36 45 48 50 34 20 

Inst_Index:3995 	 City_Num:50 	 Concorde:0.061255 	 MCTS:6.124579 Improve:0.000908 	 Time:5.00 Seconds
Solution: 1 6 43 34 4 23 44 25 17 33 47 45 21 49 31 48 2 16 11 41 5 40 36 15 37 19 14 12 32 38 3 28 46 8 35 9 50 39 7 24 13 18 20 27 22 42 29 30 26 10 

Inst_Index:3996 	 City_Num:50 	 Concorde:0.055936 	 MCTS:5.593576 Improve:0.000000 	 Time:5.00 Seconds
Solution: 1 4 49 2 45 7 31 34 3 21 6 16 25 40 50 42 35 43 47 30 9 22 18 33 11 48 15 28 37 36 32 26 14 27 12 17 8 41 19 5 44 38 13 20 29 10 39 23 24 46 

Inst_Index:3997 	 City_Num:50 	 Concorde:0.059022 	 MCTS:5.902192 Improve:0.000000 	 Time:5.00 Seconds
Solution: 1 50 23 4 3 42 2 33 21 34 12 14 22 48 7 47 41 20 29 37 18 15 31 10 35 27 36 44 9 45 46 13 16 39 49 5 28 38 6 30 19 40 8 25 43 11 26 24 32 17 

Inst_Index:3998 	 City_Num:50 	 Concorde:0.057837 	 MCTS:5.783656 Improve:0.000000 	 Time:5.00 Seconds
Solution: 1 49 31 25 3 29 34 13 27 37 19 22 33 5 50 16 8 42 43 20 17 15 18 38 12 47 41 40 44 46 26 32 7 28 30 9 23 24 35 6 39 48 14 45 2 21 10 11 4 36 

Inst_Index:3999 	 City_Num:50 	 Concorde:0.056629 	 MCTS:5.662855 Improve:-0.000000 	 Time:5.00 Seconds
Solution: 1 23 32 27 33 35 3 25 43 49 37 45 26 14 17 29 28 30 50 13 40 21 22 39 19 31 9 48 4 20 7 6 34 18 24 42 12 2 11 44 16 47 46 8 38 36 10 5 15 41 

Inst_Index:4000 	 City_Num:50 	 Concorde:0.055441 	 MCTS:5.544097 Improve:-0.000000 	 Time:5.00 Seconds
Solution: 1 47 36 8 44 26 5 17 12 13 22 21 14 18 45 19 50 38 37 39 15 25 48 23 34 11 43 40 46 28 35 20 31 3 24 16 10 32 27 2 6 41 9 33 7 49 30 42 4 29 

Inst_Index:4001 	 City_Num:50 	 Concorde:0.060886 	 MCTS:6.088617 Improve:0.000000 	 Time:5.00 Seconds
Solution: 1 26 16 28 47 15 12 27 50 46 2 19 3 17 21 34 37 6 48 25 18 31 9 39 7 49 44 38 11 30 14 24 36 33 23 40 8 5 29 10 22 42 43 20 45 35 4 41 32 13 

Inst_Index:4002 	 City_Num:50 	 Concorde:0.056391 	 MCTS:5.639071 Improve:0.000000 	 Time:5.01 Seconds
Solution: 1 35 12 40 3 38 22 17 13 48 21 49 28 23 41 43 7 10 37 15 29 14 42 50 2 26 45 25 46 27 30 47 6 18 33 8 39 16 31 44 32 36 24 34 5 19 20 11 9 4 

Inst_Index:4003 	 City_Num:50 	 Concorde:0.056484 	 MCTS:5.647478 Improve:0.000958 	 Time:5.00 Seconds
Solution: 1 3 37 18 5 20 35 23 9 24 39 2 40 32 7 47 43 10 41 33 45 38 16 21 46 17 28 6 36 13 30 50 44 15 29 34 4 14 42 26 49 27 22 31 11 25 48 19 8 12 

Inst_Index:4004 	 City_Num:50 	 Concorde:0.056087 	 MCTS:5.608284 Improve:0.000419 	 Time:5.00 Seconds
Solution: 1 28 25 16 4 7 10 3 6 48 33 22 50 20 17 36 14 39 26 18 24 34 15 43 38 31 32 46 2 49 40 8 23 5 37 12 44 19 45 11 21 30 13 29 47 9 27 35 41 42 

Inst_Index:4005 	 City_Num:50 	 Concorde:0.054478 	 MCTS:5.447793 Improve:0.000000 	 Time:5.00 Seconds
Solution: 1 27 31 4 24 29 34 22 12 9 44 49 16 41 19 48 23 20 17 42 13 10 5 21 18 45 38 28 33 36 11 30 14 15 35 32 43 50 26 46 6 7 3 2 40 39 8 25 37 47 

Inst_Index:4006 	 City_Num:50 	 Concorde:0.056515 	 MCTS:5.647155 Improve:0.004329 	 Time:5.00 Seconds
Solution: 1 19 42 30 10 22 15 16 31 33 11 50 45 23 27 41 28 5 34 38 3 17 18 26 25 44 48 6 2 35 39 13 12 4 49 32 37 24 40 46 21 47 43 29 14 36 9 8 20 7 

Inst_Index:4007 	 City_Num:50 	 Concorde:0.061914 	 MCTS:6.191408 Improve:-0.000000 	 Time:5.00 Seconds
Solution: 1 38 33 42 37 47 39 36 26 5 23 17 12 3 18 20 48 40 16 44 34 22 4 6 30 21 27 46 31 35 9 43 28 2 15 45 11 29 10 50 13 32 24 8 7 41 14 49 25 19 

Inst_Index:4008 	 City_Num:50 	 Concorde:0.059729 	 MCTS:5.964626 Improve:0.008293 	 Time:5.00 Seconds
Solution: 1 44 41 21 49 36 33 34 42 29 24 8 32 13 35 22 43 20 18 47 48 5 37 40 10 16 2 7 28 15 31 6 50 9 11 17 30 3 14 25 4 23 27 38 19 26 39 12 45 46 

Inst_Index:4009 	 City_Num:50 	 Concorde:0.060834 	 MCTS:6.083162 Improve:0.000215 	 Time:5.00 Seconds
Solution: 1 9 41 43 18 28 29 16 15 4 42 13 14 7 22 10 49 37 40 39 6 36 33 12 5 34 25 24 44 2 17 23 35 30 19 26 50 47 46 31 45 8 32 48 20 3 21 38 27 11 

Inst_Index:4010 	 City_Num:50 	 Concorde:0.055137 	 MCTS:5.513673 Improve:0.000000 	 Time:5.00 Seconds
Solution: 1 4 41 9 24 39 11 6 14 45 30 49 7 44 50 3 2 17 33 43 36 18 35 31 26 15 46 10 27 37 5 8 42 32 25 23 38 29 48 12 21 22 13 34 47 16 28 19 20 40 

Inst_Index:4011 	 City_Num:50 	 Concorde:0.053073 	 MCTS:5.302476 Improve:0.004867 	 Time:5.00 Seconds
Solution: 1 10 15 22 12 50 3 18 36 29 5 41 31 43 8 28 35 24 46 21 39 38 33 14 48 16 34 2 27 11 4 19 25 49 17 6 42 23 30 7 45 32 37 13 9 40 47 44 26 20 

Inst_Index:4012 	 City_Num:50 	 Concorde:0.056854 	 MCTS:5.685449 Improve:0.000000 	 Time:5.00 Seconds
Solution: 1 45 11 19 9 23 13 7 16 5 3 38 36 10 47 40 34 44 25 32 8 48 42 46 4 18 30 2 26 41 27 24 49 39 21 6 35 50 31 28 33 43 20 12 14 29 15 17 22 37 

Inst_Index:4013 	 City_Num:50 	 Concorde:0.052497 	 MCTS:5.249709 Improve:-0.000000 	 Time:5.00 Seconds
Solution: 1 22 15 16 10 19 29 7 48 27 47 28 9 26 5 43 34 21 12 37 44 17 24 49 31 42 38 36 50 13 23 33 46 30 2 32 3 35 6 11 39 4 45 8 41 20 40 14 25 18 

Inst_Index:4014 	 City_Num:50 	 Concorde:0.057279 	 MCTS:5.727872 Improve:-0.000000 	 Time:5.00 Seconds
Solution: 1 2 11 30 12 14 43 13 19 35 33 4 8 50 26 32 21 47 24 29 27 44 6 48 49 36 23 28 41 46 37 39 17 10 31 40 42 45 38 7 20 15 9 34 22 18 3 25 5 16 

Inst_Index:4015 	 City_Num:50 	 Concorde:0.057276 	 MCTS:5.727633 Improve:-0.000000 	 Time:5.00 Seconds
Solution: 1 25 4 34 21 29 23 42 19 31 3 37 7 22 5 15 35 43 18 45 36 39 27 20 13 8 2 41 50 16 17 44 40 30 28 33 48 6 12 49 9 38 32 46 47 10 26 24 11 14 

Inst_Index:4016 	 City_Num:50 	 Concorde:0.054959 	 MCTS:5.493921 Improve:0.002007 	 Time:5.00 Seconds
Solution: 1 29 49 7 37 18 41 24 50 36 46 14 33 27 32 3 26 43 9 48 2 40 44 25 17 6 30 45 16 8 15 35 42 4 39 28 13 22 23 5 20 31 38 12 47 10 19 34 11 21 

Inst_Index:4017 	 City_Num:50 	 Concorde:0.056659 	 MCTS:5.665856 Improve:-0.000000 	 Time:5.01 Seconds
Solution: 1 35 49 30 33 7 2 21 8 19 16 13 17 44 42 46 45 36 3 32 28 43 31 10 14 11 6 39 20 18 12 26 22 29 40 47 15 23 27 34 9 50 48 38 41 4 24 37 25 5 

Inst_Index:4018 	 City_Num:50 	 Concorde:0.051931 	 MCTS:5.190757 Improve:0.002351 	 Time:5.00 Seconds
Solution: 1 36 25 2 10 30 21 38 9 33 3 40 49 20 47 50 19 48 37 24 34 5 22 4 12 29 11 8 18 44 43 17 35 23 26 41 15 31 42 13 6 45 46 39 28 32 16 7 27 14 

Inst_Index:4019 	 City_Num:50 	 Concorde:0.054467 	 MCTS:5.446707 Improve:-0.000000 	 Time:5.00 Seconds
Solution: 1 12 43 34 33 35 15 50 31 46 28 13 42 25 26 37 29 16 30 7 48 19 2 44 6 20 49 5 32 8 47 10 41 11 22 40 27 45 18 23 4 24 39 38 14 36 17 3 21 9 

Inst_Index:4020 	 City_Num:50 	 Concorde:0.056626 	 MCTS:5.662592 Improve:0.000000 	 Time:5.00 Seconds
Solution: 1 47 6 32 49 38 50 21 16 45 8 19 23 29 25 33 5 46 2 41 37 40 14 10 39 28 7 22 4 26 48 34 24 11 42 18 35 15 17 36 44 3 30 13 20 12 43 31 27 9 

Inst_Index:4021 	 City_Num:50 	 Concorde:0.058504 	 MCTS:5.850439 Improve:0.000000 	 Time:5.00 Seconds
Solution: 1 22 9 21 27 5 39 37 12 23 47 33 17 43 4 41 29 40 25 6 26 34 36 28 46 49 20 31 19 14 45 48 3 11 10 50 30 7 38 13 2 32 18 8 42 15 24 35 44 16 

Inst_Index:4022 	 City_Num:50 	 Concorde:0.055417 	 MCTS:5.539037 Improve:0.002687 	 Time:5.00 Seconds
Solution: 1 13 10 6 45 8 17 24 50 31 49 34 3 33 40 38 18 9 11 23 32 41 25 27 2 36 14 4 47 39 7 19 42 21 20 44 46 48 26 16 29 28 15 12 43 5 30 37 22 35 

Inst_Index:4023 	 City_Num:50 	 Concorde:0.052977 	 MCTS:5.297720 Improve:0.000000 	 Time:5.00 Seconds
Solution: 1 18 48 42 4 49 7 30 3 10 43 33 6 22 34 27 28 21 37 2 20 36 16 29 14 45 17 8 44 24 47 11 35 39 41 25 46 5 9 12 23 19 15 13 26 50 38 40 32 31 

Inst_Index:4024 	 City_Num:50 	 Concorde:0.051458 	 MCTS:5.145786 Improve:0.000000 	 Time:5.00 Seconds
Solution: 1 25 5 31 6 8 39 9 29 42 24 18 11 27 40 26 46 45 7 16 30 32 23 37 22 3 21 43 44 20 12 48 10 4 33 17 49 41 2 13 35 19 14 38 50 36 28 47 34 15 

Inst_Index:4025 	 City_Num:50 	 Concorde:0.055330 	 MCTS:5.522188 Improve:0.010763 	 Time:5.00 Seconds
Solution: 1 40 30 10 39 31 27 5 7 32 18 50 22 4 36 21 17 8 38 35 24 11 25 49 2 47 19 3 46 15 29 9 42 44 48 14 43 41 16 26 23 37 6 12 34 33 28 13 20 45 

Inst_Index:4026 	 City_Num:50 	 Concorde:0.058563 	 MCTS:5.856264 Improve:-0.000000 	 Time:5.01 Seconds
Solution: 1 45 27 20 23 46 32 22 39 13 7 9 26 37 38 14 6 19 40 8 17 2 50 12 29 41 15 24 42 30 48 33 18 35 10 43 11 47 16 4 21 31 44 25 5 28 34 36 49 3 

Inst_Index:4027 	 City_Num:50 	 Concorde:0.057399 	 MCTS:5.731986 Improve:0.007929 	 Time:5.00 Seconds
Solution: 1 20 9 24 28 35 33 18 41 15 49 4 22 29 13 47 40 43 12 7 23 6 39 45 14 38 19 37 11 3 44 2 50 36 42 16 25 26 17 10 31 32 27 8 46 5 30 48 34 21 

Inst_Index:4028 	 City_Num:50 	 Concorde:0.055999 	 MCTS:5.599899 Improve:-0.000000 	 Time:5.00 Seconds
Solution: 1 36 18 43 48 27 16 21 30 24 25 44 20 7 34 13 38 4 33 23 9 46 41 49 50 37 10 15 3 12 26 39 19 6 35 17 14 11 8 5 47 45 32 28 31 42 29 22 40 2 

Inst_Index:4029 	 City_Num:50 	 Concorde:0.062638 	 MCTS:6.263801 Improve:0.000000 	 Time:5.00 Seconds
Solution: 1 41 11 33 20 4 23 34 15 8 49 47 7 14 10 43 48 6 40 12 38 9 26 5 18 46 21 36 28 32 19 35 3 24 2 31 25 30 13 42 22 37 29 16 50 17 45 27 44 39 

Inst_Index:4030 	 City_Num:50 	 Concorde:0.056031 	 MCTS:5.603071 Improve:0.000000 	 Time:5.00 Seconds
Solution: 1 21 36 22 10 20 32 23 26 6 39 14 4 42 5 18 47 44 33 3 29 31 24 30 7 34 35 11 43 2 48 8 9 41 45 50 13 37 25 17 40 46 15 27 16 12 19 49 38 28 

Inst_Index:4031 	 City_Num:50 	 Concorde:0.059061 	 MCTS:5.906068 Improve:0.000000 	 Time:5.00 Seconds
Solution: 1 6 45 44 33 13 47 8 10 34 49 50 18 38 5 31 19 26 37 17 43 29 30 48 3 7 4 11 22 40 20 15 28 42 39 14 24 9 16 41 32 36 23 21 12 2 27 35 46 25 

Inst_Index:4032 	 City_Num:50 	 Concorde:0.054252 	 MCTS:5.425250 Improve:-0.000000 	 Time:5.00 Seconds
Solution: 1 29 8 10 18 30 39 19 47 23 33 41 44 6 46 7 17 27 40 45 4 3 28 5 43 31 25 22 32 20 50 2 37 21 11 38 26 13 14 24 12 42 35 48 9 15 49 36 34 16 

Inst_Index:4033 	 City_Num:50 	 Concorde:0.057387 	 MCTS:5.738724 Improve:0.000000 	 Time:5.00 Seconds
Solution: 1 12 5 26 3 32 38 48 13 24 20 27 7 49 42 11 41 35 2 29 34 36 19 17 37 45 4 39 30 40 46 21 6 25 50 23 44 47 31 8 28 14 22 16 33 9 15 10 18 43 

Inst_Index:4034 	 City_Num:50 	 Concorde:0.054857 	 MCTS:5.485736 Improve:-0.000000 	 Time:5.00 Seconds
Solution: 1 12 13 26 30 19 2 36 48 31 29 23 5 16 4 8 3 50 10 42 25 46 33 14 32 28 18 27 7 41 20 35 43 37 21 40 47 34 45 24 22 15 39 38 49 11 6 17 9 44 

Inst_Index:4035 	 City_Num:50 	 Concorde:0.056160 	 MCTS:5.616040 Improve:0.000000 	 Time:5.00 Seconds
Solution: 1 41 38 39 50 17 22 35 31 48 43 11 27 21 45 28 37 23 12 29 36 19 5 24 34 25 47 13 40 44 3 7 30 15 14 9 18 10 20 49 32 6 4 16 2 46 33 8 26 42 

Inst_Index:4036 	 City_Num:50 	 Concorde:0.057529 	 MCTS:5.752858 Improve:-0.000000 	 Time:5.00 Seconds
Solution: 1 12 46 9 47 45 28 50 16 6 48 33 2 15 29 11 23 43 27 41 26 13 39 38 10 21 22 14 4 36 25 49 18 44 34 17 35 24 20 7 32 5 42 19 37 3 31 40 30 8 

Inst_Index:4037 	 City_Num:50 	 Concorde:0.055729 	 MCTS:5.572924 Improve:0.000000 	 Time:5.00 Seconds
Solution: 1 27 30 7 33 14 37 6 22 5 3 16 15 47 17 2 13 4 50 26 28 9 24 48 35 8 34 43 31 29 18 25 11 44 12 45 32 23 46 21 19 40 20 42 49 41 39 10 36 38 

Inst_Index:4038 	 City_Num:50 	 Concorde:0.057600 	 MCTS:5.760009 Improve:-0.000000 	 Time:5.00 Seconds
Solution: 1 41 47 46 20 36 12 25 23 11 17 38 48 5 4 50 44 32 16 13 3 33 22 6 34 45 30 26 27 31 39 14 29 7 35 2 10 9 43 28 49 24 8 21 42 40 15 18 37 19 

Inst_Index:4039 	 City_Num:50 	 Concorde:0.055940 	 MCTS:5.593673 Improve:0.000288 	 Time:5.00 Seconds
Solution: 1 38 11 40 47 15 13 29 3 17 16 26 23 32 36 43 10 12 22 27 4 41 6 37 19 45 21 30 28 34 24 50 8 48 7 33 49 35 25 44 31 14 39 42 46 18 5 2 9 20 

Inst_Index:4040 	 City_Num:50 	 Concorde:0.058390 	 MCTS:5.839006 Improve:-0.000000 	 Time:5.00 Seconds
Solution: 1 16 44 13 17 22 47 31 15 37 28 26 4 34 9 42 6 41 35 12 48 49 40 46 36 2 25 20 45 30 5 7 27 23 3 33 19 14 8 43 11 10 32 24 39 50 29 38 18 21 

Inst_Index:4041 	 City_Num:50 	 Concorde:0.055915 	 MCTS:5.591475 Improve:0.000000 	 Time:5.00 Seconds
Solution: 1 5 16 35 41 7 21 12 46 13 28 19 18 36 14 30 11 9 20 48 8 33 29 37 25 45 42 31 34 3 27 40 15 24 43 47 17 6 44 32 4 10 39 50 2 26 38 22 23 49 

Inst_Index:4042 	 City_Num:50 	 Concorde:0.057084 	 MCTS:5.705749 Improve:0.002616 	 Time:5.00 Seconds
Solution: 1 11 9 8 41 21 7 18 48 13 26 32 35 50 5 6 27 15 25 14 4 37 44 38 19 36 45 12 16 3 42 39 10 40 47 43 31 20 49 17 24 33 29 2 34 22 46 30 28 23 

Inst_Index:4043 	 City_Num:50 	 Concorde:0.056368 	 MCTS:5.636844 Improve:0.000000 	 Time:5.00 Seconds
Solution: 1 48 14 22 11 35 25 39 47 5 20 15 12 24 36 7 43 10 8 31 9 42 34 41 49 33 28 2 3 44 18 32 38 19 6 16 40 23 30 13 37 26 45 27 21 46 4 29 50 17 

Inst_Index:4044 	 City_Num:50 	 Concorde:0.056300 	 MCTS:5.629214 Improve:0.000771 	 Time:5.00 Seconds
Solution: 1 23 44 24 10 43 42 29 14 12 35 30 22 2 25 31 34 8 21 20 3 50 37 45 48 11 15 49 27 9 36 39 13 16 41 38 5 7 6 46 28 19 17 4 47 18 26 33 32 40 

Inst_Index:4045 	 City_Num:50 	 Concorde:0.056532 	 MCTS:5.653225 Improve:-0.000000 	 Time:5.00 Seconds
Solution: 1 37 35 46 34 15 3 48 8 36 33 6 50 24 4 9 29 28 23 12 10 13 11 22 40 14 21 18 26 32 5 30 25 27 7 49 39 17 45 20 43 2 44 42 16 31 47 41 38 19 

Inst_Index:4046 	 City_Num:50 	 Concorde:0.058695 	 MCTS:5.869470 Improve:-0.000000 	 Time:5.00 Seconds
Solution: 1 21 8 50 18 42 19 22 34 36 27 9 24 47 20 11 17 37 45 31 39 49 30 6 2 26 5 3 32 16 33 7 28 13 10 46 4 40 41 12 25 43 23 14 48 29 44 38 35 15 

Inst_Index:4047 	 City_Num:50 	 Concorde:0.061003 	 MCTS:6.098809 Improve:0.001452 	 Time:5.00 Seconds
Solution: 1 12 33 15 9 23 47 50 13 17 28 2 34 18 24 40 36 19 8 29 16 3 46 5 41 4 22 45 42 27 25 32 14 11 21 37 35 10 49 6 48 26 30 44 20 38 7 31 43 39 

Inst_Index:4048 	 City_Num:50 	 Concorde:0.057095 	 MCTS:5.709508 Improve:0.000000 	 Time:5.00 Seconds
Solution: 1 40 35 45 39 2 49 44 15 41 7 30 26 27 37 22 43 3 9 6 4 11 50 42 34 21 12 31 32 46 24 14 19 13 5 38 23 36 8 20 33 16 10 18 28 25 48 29 47 17 

Inst_Index:4049 	 City_Num:50 	 Concorde:0.059632 	 MCTS:5.963202 Improve:0.000000 	 Time:5.00 Seconds
Solution: 1 6 26 22 41 11 29 8 31 25 27 33 49 37 47 20 15 35 9 32 18 3 40 45 19 28 46 50 42 14 7 13 39 30 38 2 24 4 34 36 17 44 10 23 12 21 43 16 5 48 

Inst_Index:4050 	 City_Num:50 	 Concorde:0.058264 	 MCTS:5.826406 Improve:0.000000 	 Time:5.00 Seconds
Solution: 1 11 12 28 32 47 42 50 4 35 38 46 14 22 29 19 34 45 7 9 20 27 37 23 6 15 49 41 26 18 2 16 30 10 31 8 25 43 39 33 17 3 40 21 36 44 48 5 24 13 

Inst_Index:4051 	 City_Num:50 	 Concorde:0.058885 	 MCTS:5.888453 Improve:0.000000 	 Time:5.00 Seconds
Solution: 1 7 16 26 9 24 37 21 18 14 44 20 31 38 29 35 3 12 34 50 42 5 10 46 45 33 25 39 15 17 28 49 11 13 23 32 43 4 27 47 6 22 40 36 19 30 41 2 48 8 

Inst_Index:4052 	 City_Num:50 	 Concorde:0.058729 	 MCTS:5.872886 Improve:-0.000000 	 Time:5.00 Seconds
Solution: 1 46 45 32 28 4 30 29 34 8 15 40 49 50 33 12 42 6 10 9 17 31 24 20 25 16 41 22 39 14 43 11 23 3 13 7 37 48 35 19 5 2 47 21 18 38 26 27 36 44 

Inst_Index:4053 	 City_Num:50 	 Concorde:0.055636 	 MCTS:5.563607 Improve:0.000000 	 Time:5.00 Seconds
Solution: 1 46 39 5 7 15 47 13 3 11 43 20 4 6 34 30 19 8 49 38 29 22 37 35 40 31 10 26 42 33 12 23 21 17 50 25 18 27 2 9 14 48 32 44 36 45 16 41 28 24 

Inst_Index:4054 	 City_Num:50 	 Concorde:0.053640 	 MCTS:5.363987 Improve:0.000000 	 Time:5.00 Seconds
Solution: 1 15 14 18 36 48 28 32 38 25 19 29 45 13 4 9 30 6 50 24 47 7 2 20 3 11 42 27 35 40 34 37 21 10 5 31 26 41 23 16 44 33 8 46 49 22 12 39 43 17 

Inst_Index:4055 	 City_Num:50 	 Concorde:0.058567 	 MCTS:5.856687 Improve:-0.000000 	 Time:5.00 Seconds
Solution: 1 22 18 34 7 8 50 29 44 47 9 25 23 13 11 19 27 4 5 12 16 10 35 42 20 6 48 49 24 14 45 46 38 43 21 37 3 31 26 30 39 28 15 36 33 40 2 17 41 32 

Inst_Index:4056 	 City_Num:50 	 Concorde:0.057602 	 MCTS:5.760227 Improve:0.000000 	 Time:5.00 Seconds
Solution: 1 19 34 28 40 6 44 50 5 41 8 20 43 15 23 7 29 45 10 35 27 33 2 16 18 37 3 25 21 26 39 12 42 17 32 14 49 36 48 13 47 11 22 9 24 4 31 30 46 38 

Inst_Index:4057 	 City_Num:50 	 Concorde:0.059344 	 MCTS:5.930730 Improve:0.003717 	 Time:5.00 Seconds
Solution: 1 41 9 36 39 37 34 18 27 35 16 30 31 25 2 23 15 3 42 8 24 43 46 6 10 32 45 20 48 5 40 13 49 19 33 47 26 28 4 21 17 11 22 14 50 12 29 7 44 38 

Inst_Index:4058 	 City_Num:50 	 Concorde:0.056599 	 MCTS:5.659922 Improve:0.000000 	 Time:5.00 Seconds
Solution: 1 22 43 2 8 30 34 33 46 50 3 35 19 26 10 32 38 21 16 37 13 5 15 44 11 27 29 49 9 47 31 12 42 4 40 25 41 18 6 14 24 48 39 36 7 20 23 45 17 28 

Inst_Index:4059 	 City_Num:50 	 Concorde:0.056085 	 MCTS:5.608524 Improve:-0.000000 	 Time:5.00 Seconds
Solution: 1 29 27 18 28 49 19 11 3 9 47 14 25 13 42 31 17 35 43 4 7 33 37 6 40 21 36 45 8 50 16 24 34 38 15 32 2 12 10 30 46 41 23 26 48 44 39 5 22 20 

Inst_Index:4060 	 City_Num:50 	 Concorde:0.055901 	 MCTS:5.589369 Improve:0.000693 	 Time:5.00 Seconds
Solution: 1 41 47 33 9 39 4 15 18 43 44 16 13 2 23 30 8 10 11 49 45 27 38 20 3 40 25 12 46 7 48 42 24 26 32 6 28 29 36 21 31 14 50 37 35 22 34 5 17 19 

Inst_Index:4061 	 City_Num:50 	 Concorde:0.059125 	 MCTS:5.912486 Improve:0.000000 	 Time:5.00 Seconds
Solution: 1 30 48 3 38 14 8 42 12 46 21 28 20 35 13 17 7 41 6 31 47 37 10 9 22 34 19 11 49 23 27 50 2 16 36 25 18 44 29 40 24 15 33 32 45 5 4 26 43 39 

Inst_Index:4062 	 City_Num:50 	 Concorde:0.060383 	 MCTS:6.038289 Improve:0.000000 	 Time:5.00 Seconds
Solution: 1 14 30 35 44 7 39 29 24 6 4 8 11 26 28 5 47 43 34 31 45 23 16 18 33 27 40 19 46 50 41 49 2 32 20 21 37 48 15 38 13 12 42 36 25 10 3 17 22 9 

Inst_Index:4063 	 City_Num:50 	 Concorde:0.058289 	 MCTS:5.828924 Improve:0.000000 	 Time:5.00 Seconds
Solution: 1 47 33 41 32 7 12 42 38 5 36 44 49 17 11 39 23 13 37 15 48 14 30 2 45 10 24 35 34 19 16 25 6 27 8 26 28 31 20 18 22 3 50 9 29 43 21 46 40 4 

Inst_Index:4064 	 City_Num:50 	 Concorde:0.060428 	 MCTS:6.042819 Improve:0.000000 	 Time:5.00 Seconds
Solution: 1 28 43 45 17 31 5 47 50 2 8 34 20 26 41 10 3 40 39 27 38 7 25 9 4 15 46 48 37 18 35 13 11 24 36 19 14 49 32 29 44 23 6 30 33 42 16 21 22 12 

Inst_Index:4065 	 City_Num:50 	 Concorde:0.055615 	 MCTS:5.561536 Improve:-0.000000 	 Time:5.00 Seconds
Solution: 1 14 34 42 28 44 7 16 12 30 25 35 3 37 50 19 48 27 8 23 43 11 4 22 45 6 15 41 47 24 20 21 2 36 46 9 10 38 5 17 13 32 39 18 29 33 49 40 26 31 

Inst_Index:4066 	 City_Num:50 	 Concorde:0.057215 	 MCTS:5.721511 Improve:-0.000000 	 Time:5.00 Seconds
Solution: 1 8 38 41 25 48 37 40 21 2 7 12 23 5 35 31 6 10 22 15 46 28 3 16 29 44 14 20 45 43 27 18 19 50 9 49 13 39 34 32 47 17 26 36 30 24 42 11 33 4 

Inst_Index:4067 	 City_Num:50 	 Concorde:0.056038 	 MCTS:5.603803 Improve:0.000000 	 Time:5.00 Seconds
Solution: 1 19 48 11 21 24 39 43 22 27 15 38 28 23 14 32 12 36 7 37 16 4 8 34 45 20 49 2 13 41 29 47 17 50 3 40 9 42 46 31 5 18 33 10 25 35 30 44 26 6 

Inst_Index:4068 	 City_Num:50 	 Concorde:0.059103 	 MCTS:5.910277 Improve:0.000000 	 Time:5.00 Seconds
Solution: 1 31 22 46 39 23 7 40 19 6 26 9 25 10 13 44 30 4 29 28 41 8 11 50 21 43 3 34 14 47 37 33 12 27 42 17 20 38 18 35 2 36 49 48 16 5 32 15 24 45 

Inst_Index:4069 	 City_Num:50 	 Concorde:0.055883 	 MCTS:5.588301 Improve:0.000000 	 Time:5.00 Seconds
Solution: 1 25 16 27 29 7 28 2 14 26 13 3 24 22 49 37 11 50 19 47 45 6 36 44 17 15 32 21 35 38 4 42 48 18 8 46 40 34 39 41 30 33 43 20 23 12 5 9 31 10 


Avg_Concorde_Distance: 5.687532 Avg_MCTS_Distance: 5.687192 Avg_Gap: -0.000062 Total_Time: 1566.26 Seconds 
 Beat_Best_Known_Times: 94 Match_Best_Known_Times: 210 Miss_Best_Known_Times: 9 
