Number_of_Instances_In_Current_Batch: 313

Inst_Index:8139 	 City_Num:50 	 Concorde:0.056080 	 MCTS:5.607955 Improve:0.000000 	 Time:5.00 Seconds
Solution: 1 21 5 16 15 38 10 3 6 2 34 42 43 33 12 49 26 22 25 35 44 23 14 30 27 46 31 29 9 18 20 7 45 40 13 47 50 24 32 17 41 28 11 8 4 36 48 37 19 39 

Inst_Index:8140 	 City_Num:50 	 Concorde:0.058214 	 MCTS:5.818413 Improve:0.002969 	 Time:5.00 Seconds
Solution: 1 29 11 32 17 36 48 45 9 26 28 46 47 21 25 6 5 22 35 40 43 19 7 31 20 38 33 16 3 30 10 34 37 42 50 41 39 44 27 24 12 15 8 18 49 4 14 13 23 2 

Inst_Index:8141 	 City_Num:50 	 Concorde:0.056839 	 MCTS:5.682171 Improve:0.001726 	 Time:5.00 Seconds
Solution: 1 38 50 41 33 43 30 9 13 5 19 24 27 42 23 45 21 7 16 47 39 35 2 32 36 4 6 8 49 34 14 12 3 31 28 20 48 44 10 17 40 18 25 22 15 29 11 46 26 37 

Inst_Index:8142 	 City_Num:50 	 Concorde:0.054910 	 MCTS:5.487763 Improve:0.003265 	 Time:5.00 Seconds
Solution: 1 4 39 45 26 8 3 29 16 15 27 24 38 46 13 37 22 33 25 2 12 44 6 19 48 9 36 42 47 34 20 31 5 28 49 50 32 21 41 43 18 30 10 35 7 11 40 23 17 14 

Inst_Index:8143 	 City_Num:50 	 Concorde:0.063365 	 MCTS:6.336479 Improve:-0.000000 	 Time:5.00 Seconds
Solution: 1 39 29 26 30 48 18 31 20 22 2 25 37 15 34 38 41 6 24 5 10 21 47 7 42 27 40 23 4 43 14 35 45 50 17 44 16 33 9 49 12 46 11 8 32 36 13 28 3 19 

Inst_Index:8144 	 City_Num:50 	 Concorde:0.056287 	 MCTS:5.628736 Improve:-0.000000 	 Time:5.01 Seconds
Solution: 1 15 23 39 4 21 47 29 37 3 36 49 18 33 13 16 24 38 42 40 7 26 27 2 20 46 17 45 5 32 31 25 28 34 8 50 6 22 43 35 30 14 48 11 19 12 41 9 10 44 

Inst_Index:8145 	 City_Num:50 	 Concorde:0.058535 	 MCTS:5.853489 Improve:-0.000000 	 Time:5.01 Seconds
Solution: 1 18 48 39 40 20 14 27 47 34 33 25 24 29 45 50 43 41 38 31 13 5 35 10 49 2 9 30 36 4 28 21 15 3 19 23 6 17 12 46 42 8 7 16 22 37 26 11 32 44 

Inst_Index:8146 	 City_Num:50 	 Concorde:0.060524 	 MCTS:6.052356 Improve:0.000000 	 Time:5.00 Seconds
Solution: 1 6 33 9 49 17 29 15 20 38 43 46 16 21 25 47 28 8 2 44 24 31 42 40 19 11 48 26 13 7 4 35 30 45 32 50 3 27 37 14 12 36 41 18 23 22 34 39 10 5 

Inst_Index:8147 	 City_Num:50 	 Concorde:0.050402 	 MCTS:5.040221 Improve:0.000000 	 Time:5.01 Seconds
Solution: 1 13 48 7 28 36 39 42 47 9 26 33 20 18 43 50 14 38 3 29 12 21 34 45 31 2 46 44 25 23 4 16 19 37 41 8 35 27 40 24 30 49 15 10 6 22 5 17 11 32 

Inst_Index:8148 	 City_Num:50 	 Concorde:0.057320 	 MCTS:5.732043 Improve:-0.000000 	 Time:5.00 Seconds
Solution: 1 30 7 16 20 26 48 45 41 14 2 47 19 28 27 34 38 18 24 31 35 37 11 50 17 39 3 10 32 44 29 23 25 49 4 36 9 6 46 15 43 33 13 21 8 40 22 5 12 42 

Inst_Index:8149 	 City_Num:50 	 Concorde:0.063779 	 MCTS:6.372787 Improve:0.005074 	 Time:5.01 Seconds
Solution: 1 15 40 43 23 45 25 36 12 34 13 3 26 28 7 31 46 32 16 24 9 6 39 18 11 42 4 33 29 17 20 2 48 19 30 27 10 47 50 14 44 8 35 49 37 38 5 41 21 22 

Inst_Index:8150 	 City_Num:50 	 Concorde:0.054086 	 MCTS:5.408565 Improve:0.000000 	 Time:5.00 Seconds
Solution: 1 45 22 33 34 14 8 5 9 50 25 7 30 43 10 35 32 4 18 39 46 36 13 48 3 15 2 20 41 28 47 44 38 17 19 27 29 31 11 21 37 16 42 24 6 49 12 23 40 26 

Inst_Index:8151 	 City_Num:50 	 Concorde:0.058142 	 MCTS:5.814161 Improve:-0.000000 	 Time:5.00 Seconds
Solution: 1 12 17 28 13 10 32 42 34 41 40 37 44 43 20 16 33 24 31 8 9 46 47 19 45 39 26 6 35 36 25 23 5 21 3 22 48 49 4 30 11 7 38 18 50 2 15 14 27 29 

Inst_Index:8152 	 City_Num:50 	 Concorde:0.057553 	 MCTS:5.755277 Improve:-0.000000 	 Time:5.00 Seconds
Solution: 1 45 29 46 10 33 32 9 36 23 31 21 30 15 48 19 18 37 34 35 7 38 17 42 41 44 24 40 39 16 8 49 14 6 47 27 13 12 22 26 28 2 4 20 3 11 5 25 50 43 

Inst_Index:8153 	 City_Num:50 	 Concorde:0.057439 	 MCTS:5.737647 Improve:0.006280 	 Time:5.00 Seconds
Solution: 1 29 37 14 30 19 39 21 15 11 35 31 41 26 48 20 3 8 22 33 50 27 5 47 13 28 4 7 44 9 42 10 23 36 34 2 24 25 32 46 45 6 17 49 40 18 38 12 43 16 

Inst_Index:8154 	 City_Num:50 	 Concorde:0.059158 	 MCTS:5.915796 Improve:0.000000 	 Time:5.00 Seconds
Solution: 1 24 5 32 36 13 16 12 19 23 46 21 33 3 48 43 45 25 8 40 47 14 10 20 38 17 7 49 27 18 30 2 6 39 35 4 26 41 22 28 31 50 11 42 37 34 29 9 15 44 

Inst_Index:8155 	 City_Num:50 	 Concorde:0.060649 	 MCTS:6.064261 Improve:0.000663 	 Time:5.00 Seconds
Solution: 1 30 39 38 29 3 47 7 36 42 26 46 12 31 33 4 37 9 48 49 43 27 32 34 23 13 20 5 19 18 21 8 45 11 16 44 22 40 17 25 41 15 28 10 2 6 35 14 24 50 

Inst_Index:8156 	 City_Num:50 	 Concorde:0.060731 	 MCTS:6.073123 Improve:0.000000 	 Time:5.00 Seconds
Solution: 1 48 32 20 6 27 23 44 5 33 2 25 29 11 22 49 9 4 43 31 3 12 24 38 35 15 28 39 37 42 46 19 34 26 7 50 47 41 13 45 36 21 40 30 14 10 18 17 8 16 

Inst_Index:8157 	 City_Num:50 	 Concorde:0.058252 	 MCTS:5.825199 Improve:0.000000 	 Time:5.00 Seconds
Solution: 1 47 24 4 19 18 2 40 43 29 38 9 45 37 46 48 36 34 33 44 3 30 20 32 17 23 13 15 50 16 21 6 22 7 10 12 5 42 41 49 26 27 11 39 25 31 8 35 14 28 

Inst_Index:8158 	 City_Num:50 	 Concorde:0.060217 	 MCTS:6.021674 Improve:0.000000 	 Time:5.01 Seconds
Solution: 1 45 5 41 48 20 37 17 4 32 13 33 25 42 3 23 8 14 16 46 27 12 7 35 40 19 11 34 22 10 21 24 47 30 2 44 31 28 39 29 50 49 36 9 6 43 18 38 26 15 

Inst_Index:8159 	 City_Num:50 	 Concorde:0.059633 	 MCTS:5.963304 Improve:0.000000 	 Time:5.00 Seconds
Solution: 1 5 25 37 6 7 21 34 32 27 12 29 14 44 19 4 16 40 8 33 43 15 20 46 50 30 9 17 49 28 31 38 45 22 3 2 10 18 36 41 11 24 23 35 39 13 42 47 26 48 

Inst_Index:8160 	 City_Num:50 	 Concorde:0.057320 	 MCTS:5.731961 Improve:-0.000000 	 Time:5.00 Seconds
Solution: 1 22 32 7 10 48 24 5 38 19 27 3 11 37 40 29 44 33 47 9 16 25 18 26 2 20 15 46 41 30 31 13 35 12 14 8 45 43 36 28 34 23 50 42 4 49 21 39 6 17 

Inst_Index:8161 	 City_Num:50 	 Concorde:0.057795 	 MCTS:5.773986 Improve:0.005468 	 Time:5.00 Seconds
Solution: 1 33 38 41 36 19 46 8 18 26 21 50 43 22 15 49 25 27 3 17 10 28 9 35 6 20 40 11 14 2 37 45 48 7 23 24 34 42 31 13 4 32 44 29 12 5 16 39 30 47 

Inst_Index:8162 	 City_Num:50 	 Concorde:0.057104 	 MCTS:5.710396 Improve:0.000000 	 Time:5.00 Seconds
Solution: 1 43 40 16 4 27 33 45 44 17 31 49 50 14 15 7 12 5 8 35 47 28 24 38 48 46 41 13 37 3 9 34 2 30 25 19 29 26 11 6 32 18 10 42 21 20 23 39 36 22 

Inst_Index:8163 	 City_Num:50 	 Concorde:0.058417 	 MCTS:5.840157 Improve:0.001520 	 Time:5.02 Seconds
Solution: 1 48 31 43 14 25 12 17 47 21 32 40 36 10 42 44 37 19 38 46 28 27 39 15 7 45 41 11 18 35 9 13 24 20 6 3 49 5 26 29 2 33 50 34 30 22 23 8 4 16 

Inst_Index:8164 	 City_Num:50 	 Concorde:0.055305 	 MCTS:5.527279 Improve:0.003268 	 Time:5.01 Seconds
Solution: 1 19 21 28 7 5 25 34 35 23 14 18 4 44 3 6 42 9 10 38 31 22 37 17 26 11 12 15 41 30 48 16 29 45 39 50 40 8 36 49 27 2 20 43 13 47 33 32 46 24 

Inst_Index:8165 	 City_Num:50 	 Concorde:0.060031 	 MCTS:6.003076 Improve:0.000000 	 Time:5.02 Seconds
Solution: 1 32 35 4 7 33 25 27 34 29 13 20 3 47 6 48 19 36 39 49 14 41 31 11 44 37 21 17 5 8 12 2 16 23 24 45 43 26 40 42 22 30 28 50 15 9 18 46 38 10 

Inst_Index:8166 	 City_Num:50 	 Concorde:0.058054 	 MCTS:5.805448 Improve:0.000000 	 Time:5.00 Seconds
Solution: 1 14 48 39 36 27 30 24 26 25 46 8 4 47 40 50 32 34 17 12 15 20 28 44 11 2 29 49 22 18 31 21 5 45 7 33 6 37 16 3 23 19 9 35 38 13 10 43 41 42 

Inst_Index:8167 	 City_Num:50 	 Concorde:0.053932 	 MCTS:5.391179 Improve:0.002054 	 Time:5.01 Seconds
Solution: 1 11 41 40 47 2 35 42 38 34 9 10 48 13 27 6 17 24 50 43 16 5 36 45 31 46 33 30 25 32 20 22 37 8 18 15 29 19 49 44 4 28 26 3 39 14 12 21 7 23 

Inst_Index:8168 	 City_Num:50 	 Concorde:0.057022 	 MCTS:5.702195 Improve:0.000000 	 Time:5.00 Seconds
Solution: 1 45 10 29 38 19 27 34 31 18 23 36 22 33 32 6 26 40 37 47 20 13 24 16 3 7 9 25 49 5 4 17 21 42 8 30 41 12 50 15 35 43 39 28 14 48 2 11 46 44 

Inst_Index:8169 	 City_Num:50 	 Concorde:0.055639 	 MCTS:5.563889 Improve:-0.000000 	 Time:5.01 Seconds
Solution: 1 9 19 21 38 41 5 32 31 40 24 37 48 12 6 3 7 27 44 45 43 34 23 25 15 35 16 47 30 14 11 17 49 10 28 26 42 36 50 33 13 22 29 2 39 4 20 18 8 46 

Inst_Index:8170 	 City_Num:50 	 Concorde:0.057734 	 MCTS:5.773390 Improve:0.000000 	 Time:5.00 Seconds
Solution: 1 4 26 2 28 27 44 46 14 49 9 17 5 29 8 48 35 18 34 30 21 3 15 7 39 11 19 36 13 33 45 16 41 42 47 22 24 20 38 6 10 12 31 25 23 37 32 50 43 40 

Inst_Index:8171 	 City_Num:50 	 Concorde:0.055583 	 MCTS:5.558293 Improve:0.000000 	 Time:5.00 Seconds
Solution: 1 42 14 34 39 15 44 7 27 38 17 36 50 43 8 6 16 28 40 48 30 47 3 35 5 33 13 10 2 20 46 29 26 4 32 25 37 41 11 18 21 23 9 19 49 31 22 24 12 45 

Inst_Index:8172 	 City_Num:50 	 Concorde:0.055684 	 MCTS:5.568434 Improve:-0.000000 	 Time:5.00 Seconds
Solution: 1 41 15 39 27 16 4 46 9 31 26 40 17 32 30 49 8 14 2 21 36 13 19 33 7 44 5 45 35 25 23 50 34 28 18 12 20 43 29 48 42 38 11 47 22 10 37 6 24 3 

Inst_Index:8173 	 City_Num:50 	 Concorde:0.059228 	 MCTS:5.922772 Improve:-0.000000 	 Time:5.00 Seconds
Solution: 1 16 37 31 20 21 33 5 9 22 10 43 14 2 24 39 50 8 30 25 15 26 7 40 42 34 35 19 6 3 38 47 46 28 48 41 27 23 12 18 29 36 11 49 44 45 13 32 4 17 

Inst_Index:8174 	 City_Num:50 	 Concorde:0.056025 	 MCTS:5.602508 Improve:0.000000 	 Time:5.00 Seconds
Solution: 1 5 38 37 4 31 36 14 12 8 13 27 16 3 24 34 15 7 26 6 18 22 29 9 39 25 35 44 10 43 41 2 40 32 47 50 45 30 23 49 48 19 33 46 21 28 20 17 11 42 

Inst_Index:8175 	 City_Num:50 	 Concorde:0.059499 	 MCTS:5.949869 Improve:0.000000 	 Time:5.00 Seconds
Solution: 1 36 7 8 27 13 25 26 45 22 35 11 41 21 44 37 48 15 24 6 29 28 50 32 31 18 14 23 4 2 38 39 43 9 33 49 10 16 30 40 47 3 34 46 5 12 19 20 42 17 

Inst_Index:8176 	 City_Num:50 	 Concorde:0.058612 	 MCTS:5.857384 Improve:0.003819 	 Time:5.00 Seconds
Solution: 1 41 36 16 50 22 32 39 6 33 2 43 44 23 29 3 42 37 25 14 15 45 4 20 24 27 8 38 46 7 47 28 19 18 13 35 17 12 11 21 10 40 31 5 9 48 49 26 30 34 

Inst_Index:8177 	 City_Num:50 	 Concorde:0.059830 	 MCTS:5.982982 Improve:-0.000000 	 Time:5.00 Seconds
Solution: 1 3 46 36 40 10 50 9 4 45 29 23 7 14 33 44 6 12 22 34 15 27 21 25 20 31 37 16 19 49 47 43 35 30 38 11 5 13 26 32 39 28 48 42 2 8 41 17 18 24 

Inst_Index:8178 	 City_Num:50 	 Concorde:0.060555 	 MCTS:6.055470 Improve:-0.000000 	 Time:5.01 Seconds
Solution: 1 5 43 14 36 10 48 6 22 15 29 8 7 45 40 37 50 28 18 42 38 33 46 12 31 47 49 26 23 34 32 27 25 19 20 11 44 35 3 24 16 39 9 17 21 4 41 30 13 2 

Inst_Index:8179 	 City_Num:50 	 Concorde:0.056368 	 MCTS:5.636819 Improve:-0.000000 	 Time:5.00 Seconds
Solution: 1 19 25 10 21 20 2 34 50 33 8 12 3 26 23 28 5 11 38 24 7 14 42 37 31 17 36 15 48 29 40 32 39 30 44 49 16 27 43 6 18 4 47 45 35 22 41 13 46 9 

Inst_Index:8180 	 City_Num:50 	 Concorde:0.058806 	 MCTS:5.880595 Improve:-0.000000 	 Time:5.00 Seconds
Solution: 1 7 30 46 20 27 16 38 28 3 45 47 34 6 39 26 8 13 49 43 40 23 33 24 44 12 48 17 19 5 18 21 14 36 4 37 32 29 2 11 15 41 35 50 42 9 10 22 31 25 

Inst_Index:8181 	 City_Num:50 	 Concorde:0.056028 	 MCTS:5.601138 Improve:0.001612 	 Time:5.00 Seconds
Solution: 1 16 10 23 5 44 41 32 49 50 19 13 25 36 18 15 12 38 47 11 35 26 40 4 27 7 43 45 31 42 28 14 30 48 9 21 24 20 34 22 2 46 6 39 3 8 37 29 33 17 

Inst_Index:8182 	 City_Num:50 	 Concorde:0.057422 	 MCTS:5.737431 Improve:0.004777 	 Time:5.01 Seconds
Solution: 1 36 38 41 9 23 15 32 21 35 2 34 44 47 14 39 50 17 11 31 42 10 25 12 46 5 7 43 40 20 48 26 16 29 49 33 27 13 18 8 45 30 37 22 4 28 19 24 6 3 

Inst_Index:8183 	 City_Num:50 	 Concorde:0.054379 	 MCTS:5.437885 Improve:0.000000 	 Time:5.00 Seconds
Solution: 1 24 2 15 5 35 37 23 41 22 47 33 12 42 45 50 31 3 27 44 4 38 28 14 39 43 9 7 8 6 13 17 34 21 20 25 26 49 48 40 18 11 16 19 36 32 30 46 29 10 

Inst_Index:8184 	 City_Num:50 	 Concorde:0.060035 	 MCTS:5.995554 Improve:0.007940 	 Time:5.01 Seconds
Solution: 1 28 39 15 2 4 47 40 20 9 49 30 38 46 35 25 19 36 41 17 8 45 18 6 22 50 14 29 32 24 42 44 3 43 7 26 48 13 10 21 16 23 34 5 11 27 12 31 33 37 

Inst_Index:8185 	 City_Num:50 	 Concorde:0.055337 	 MCTS:5.533703 Improve:-0.000000 	 Time:5.01 Seconds
Solution: 1 24 35 36 6 39 12 14 23 7 42 37 25 31 13 30 49 18 26 48 8 21 46 41 47 50 10 29 43 28 22 33 11 32 45 34 38 19 20 27 2 9 5 17 44 16 3 15 4 40 

Inst_Index:8186 	 City_Num:50 	 Concorde:0.056830 	 MCTS:5.682985 Improve:0.000000 	 Time:5.01 Seconds
Solution: 1 7 45 23 16 35 24 44 32 41 25 43 33 13 26 14 17 50 46 38 49 28 31 29 18 22 6 3 5 9 34 21 40 42 11 10 8 19 37 30 2 20 27 48 47 36 12 15 4 39 

Inst_Index:8187 	 City_Num:50 	 Concorde:0.054357 	 MCTS:5.435705 Improve:0.000000 	 Time:5.00 Seconds
Solution: 1 4 28 18 38 47 9 36 15 42 34 48 44 31 13 24 5 26 46 21 10 43 2 19 16 12 37 29 23 35 17 8 11 3 39 32 6 7 50 14 20 45 49 40 22 30 33 41 25 27 

Inst_Index:8188 	 City_Num:50 	 Concorde:0.057356 	 MCTS:5.744276 Improve:-0.008707 	 Time:5.03 Seconds
Solution: 1 43 32 14 40 18 45 48 50 33 3 7 22 2 36 8 49 27 20 46 13 26 30 44 47 42 41 21 12 34 10 19 4 15 23 39 9 16 24 38 28 17 5 25 31 35 29 37 11 6 

Inst_Index:8189 	 City_Num:50 	 Concorde:0.051877 	 MCTS:5.187653 Improve:0.000000 	 Time:5.00 Seconds
Solution: 1 46 44 10 41 47 34 22 9 45 17 39 48 36 13 27 26 14 6 15 49 50 32 23 12 42 3 30 33 2 21 37 18 8 38 16 5 4 19 40 20 24 43 7 28 29 35 31 11 25 

Inst_Index:8190 	 City_Num:50 	 Concorde:0.058570 	 MCTS:5.856998 Improve:-0.000000 	 Time:5.00 Seconds
Solution: 1 15 39 25 49 50 41 34 4 9 23 21 10 32 6 13 8 16 30 11 37 27 45 33 7 47 28 48 19 35 12 18 46 43 20 44 31 36 38 3 24 14 40 42 22 26 5 17 2 29 

Inst_Index:8191 	 City_Num:50 	 Concorde:0.055884 	 MCTS:5.588421 Improve:0.000000 	 Time:5.00 Seconds
Solution: 1 6 40 35 48 47 19 14 46 24 32 42 12 36 2 11 41 44 10 23 37 43 34 8 7 3 28 27 29 22 49 30 39 15 17 4 5 9 16 31 13 50 45 33 21 20 38 26 18 25 

Inst_Index:8192 	 City_Num:50 	 Concorde:0.060360 	 MCTS:6.036026 Improve:0.000000 	 Time:5.01 Seconds
Solution: 1 25 24 18 40 12 3 39 42 28 48 17 10 23 36 2 29 33 14 13 45 35 44 21 27 37 15 4 32 9 5 19 31 50 49 22 43 20 38 16 8 26 47 34 46 7 6 41 30 11 

Inst_Index:8193 	 City_Num:50 	 Concorde:0.056142 	 MCTS:5.614227 Improve:0.000000 	 Time:5.01 Seconds
Solution: 1 33 4 29 44 6 47 36 3 32 46 15 25 42 11 16 2 45 49 34 18 38 30 5 41 48 43 17 28 8 14 19 23 10 39 12 24 20 13 7 9 35 40 50 21 22 26 27 31 37 

Inst_Index:8194 	 City_Num:50 	 Concorde:0.053165 	 MCTS:5.316460 Improve:-0.000000 	 Time:5.00 Seconds
Solution: 1 7 33 3 25 28 18 14 13 24 12 38 42 40 26 5 50 36 34 4 48 31 2 43 16 20 45 37 17 39 29 44 9 23 6 35 46 21 10 19 32 22 41 27 11 49 8 30 15 47 

Inst_Index:8195 	 City_Num:50 	 Concorde:0.058009 	 MCTS:5.799022 Improve:0.001874 	 Time:5.00 Seconds
Solution: 1 17 47 20 37 9 42 39 48 40 32 27 11 22 5 46 44 10 6 38 50 49 2 34 15 31 18 33 41 3 30 16 26 7 45 19 29 28 36 43 25 24 23 14 12 8 13 21 35 4 

Inst_Index:8196 	 City_Num:50 	 Concorde:0.050704 	 MCTS:5.066454 Improve:0.003933 	 Time:5.01 Seconds
Solution: 1 20 13 3 14 30 39 25 34 4 10 15 26 27 49 21 31 8 42 24 46 11 45 43 7 33 9 40 48 37 18 32 38 2 17 16 12 41 28 35 19 22 23 6 47 44 36 5 29 50 

Inst_Index:8197 	 City_Num:50 	 Concorde:0.059407 	 MCTS:5.940685 Improve:0.000000 	 Time:5.01 Seconds
Solution: 1 45 49 43 11 35 42 40 25 31 28 7 13 47 38 34 30 3 48 21 33 6 24 41 39 17 32 20 23 12 36 4 37 15 9 22 44 18 5 26 14 27 46 2 19 8 29 16 10 50 

Inst_Index:8198 	 City_Num:50 	 Concorde:0.058771 	 MCTS:5.877104 Improve:-0.000000 	 Time:5.00 Seconds
Solution: 1 46 47 15 38 23 50 30 7 4 44 8 35 2 28 16 22 49 11 26 14 5 25 32 39 19 9 34 10 40 36 31 17 42 20 43 3 21 45 37 12 41 13 18 29 24 33 48 6 27 

Inst_Index:8199 	 City_Num:50 	 Concorde:0.060515 	 MCTS:6.051503 Improve:0.000000 	 Time:5.01 Seconds
Solution: 1 48 15 38 16 21 42 44 6 18 41 43 37 24 3 14 32 19 31 35 23 2 50 34 13 47 26 30 11 28 46 8 33 36 17 4 7 12 9 5 49 25 39 40 45 10 27 20 29 22 

Inst_Index:8200 	 City_Num:50 	 Concorde:0.058611 	 MCTS:5.861129 Improve:0.000000 	 Time:5.00 Seconds
Solution: 1 33 15 29 50 34 26 27 4 16 43 2 45 36 21 40 10 9 46 22 37 23 20 18 44 24 5 41 39 49 47 7 48 25 11 32 30 42 8 14 3 28 17 6 38 12 19 35 13 31 

Inst_Index:8201 	 City_Num:50 	 Concorde:0.057790 	 MCTS:5.776514 Improve:0.002461 	 Time:5.00 Seconds
Solution: 1 26 11 49 18 45 41 36 30 38 19 17 14 39 2 5 15 16 44 4 6 20 3 29 8 13 47 32 24 40 27 31 25 33 35 21 46 48 50 43 12 37 23 10 34 42 28 9 22 7 

Inst_Index:8202 	 City_Num:50 	 Concorde:0.054036 	 MCTS:5.402685 Improve:0.000947 	 Time:5.01 Seconds
Solution: 1 28 47 18 3 22 41 26 33 32 16 23 6 42 45 49 21 8 20 37 39 38 48 25 30 9 15 34 10 2 40 50 35 46 17 13 44 24 7 43 11 12 29 5 31 4 19 36 27 14 

Inst_Index:8203 	 City_Num:50 	 Concorde:0.061346 	 MCTS:6.132202 Improve:0.002388 	 Time:5.00 Seconds
Solution: 1 33 39 10 37 35 23 42 24 26 31 43 6 48 29 17 40 8 45 22 49 20 28 34 50 16 41 7 18 30 4 14 25 38 11 36 46 47 9 15 3 27 32 12 5 21 13 2 44 19 

Inst_Index:8204 	 City_Num:50 	 Concorde:0.058292 	 MCTS:5.829238 Improve:-0.000000 	 Time:5.00 Seconds
Solution: 1 5 9 24 10 35 25 12 23 11 7 4 8 17 19 18 32 14 47 29 16 21 28 43 3 39 13 37 36 20 49 2 41 40 6 46 50 45 34 27 33 48 22 26 15 31 44 30 42 38 

Inst_Index:8205 	 City_Num:50 	 Concorde:0.057249 	 MCTS:5.724901 Improve:0.000000 	 Time:5.00 Seconds
Solution: 1 3 16 12 43 9 5 46 26 41 29 39 13 33 21 37 48 49 7 11 30 47 10 27 40 44 35 17 31 22 2 38 36 24 23 14 18 32 8 19 45 6 25 50 4 15 34 28 42 20 

Inst_Index:8206 	 City_Num:50 	 Concorde:0.055564 	 MCTS:5.556412 Improve:0.000000 	 Time:5.00 Seconds
Solution: 1 49 34 20 40 11 48 7 17 37 31 33 18 23 5 38 50 24 42 22 26 45 28 10 3 14 32 46 47 27 30 15 2 25 16 41 35 12 8 44 6 36 21 9 39 43 29 4 19 13 

Inst_Index:8207 	 City_Num:50 	 Concorde:0.058243 	 MCTS:5.824266 Improve:-0.000000 	 Time:5.00 Seconds
Solution: 1 42 27 35 10 34 8 46 5 24 23 16 13 15 31 26 47 45 33 25 30 43 3 20 6 4 17 2 41 28 9 50 7 22 38 40 37 32 14 19 39 36 49 21 18 29 44 48 12 11 

Inst_Index:8208 	 City_Num:50 	 Concorde:0.057485 	 MCTS:5.746941 Improve:0.001553 	 Time:5.01 Seconds
Solution: 1 29 32 49 20 46 7 31 14 35 19 25 36 10 30 2 4 26 11 41 50 34 12 15 17 9 43 23 21 24 44 45 42 37 28 8 27 5 13 38 48 16 6 47 33 40 39 22 18 3 

Inst_Index:8209 	 City_Num:50 	 Concorde:0.057658 	 MCTS:5.764645 Improve:0.001129 	 Time:5.00 Seconds
Solution: 1 31 20 43 26 25 27 16 30 18 49 19 42 32 50 29 12 47 9 41 15 34 39 17 7 3 8 10 36 11 21 6 28 48 45 23 2 46 22 44 33 38 35 5 13 4 37 24 14 40 

Inst_Index:8210 	 City_Num:50 	 Concorde:0.058838 	 MCTS:5.881913 Improve:0.001852 	 Time:5.00 Seconds
Solution: 1 23 32 47 19 45 20 14 26 44 25 4 35 43 40 38 8 10 31 34 17 12 21 24 22 39 3 37 11 6 36 30 7 13 50 2 41 46 33 15 16 28 9 42 27 48 49 29 18 5 

Inst_Index:8211 	 City_Num:50 	 Concorde:0.059925 	 MCTS:5.992512 Improve:0.000000 	 Time:5.00 Seconds
Solution: 1 38 23 21 30 22 27 14 15 13 10 37 3 24 20 5 36 34 31 26 48 4 9 44 33 25 8 11 17 41 46 47 2 6 50 32 16 7 12 18 29 28 35 40 19 39 43 49 42 45 

Inst_Index:8212 	 City_Num:50 	 Concorde:0.054824 	 MCTS:5.481325 Improve:0.001070 	 Time:5.01 Seconds
Solution: 1 42 34 43 28 19 5 50 29 27 39 15 3 26 46 32 33 23 41 48 9 30 12 14 18 10 45 16 22 2 31 49 4 8 35 40 44 37 11 24 6 20 47 17 21 7 25 13 38 36 

Inst_Index:8213 	 City_Num:50 	 Concorde:0.056864 	 MCTS:5.686450 Improve:0.000000 	 Time:5.00 Seconds
Solution: 1 36 9 31 12 11 17 8 40 2 45 26 46 14 28 4 15 24 41 49 30 16 50 21 7 5 3 39 20 19 48 27 47 32 10 6 33 43 44 35 13 23 42 34 18 37 29 22 25 38 

Inst_Index:8214 	 City_Num:50 	 Concorde:0.053606 	 MCTS:5.360581 Improve:-0.000000 	 Time:5.00 Seconds
Solution: 1 46 8 39 43 6 7 49 10 30 38 44 41 15 33 12 19 21 34 28 18 37 11 17 42 50 2 40 5 14 31 20 27 32 13 4 9 25 23 29 24 22 3 16 35 47 36 48 45 26 

Inst_Index:8215 	 City_Num:50 	 Concorde:0.057550 	 MCTS:5.754988 Improve:0.000000 	 Time:5.00 Seconds
Solution: 1 6 20 31 37 39 12 27 33 25 32 21 8 10 29 28 34 14 23 40 7 13 18 35 19 17 42 11 45 4 47 26 48 15 43 30 24 41 44 9 36 2 38 49 16 5 3 50 22 46 

Inst_Index:8216 	 City_Num:50 	 Concorde:0.058115 	 MCTS:5.808988 Improve:0.002498 	 Time:5.00 Seconds
Solution: 1 40 29 18 26 50 30 44 39 33 42 17 49 16 25 2 19 47 6 14 48 28 38 15 21 10 3 46 43 31 23 37 45 41 4 12 20 36 24 13 11 34 9 22 32 7 27 5 8 35 

Inst_Index:8217 	 City_Num:50 	 Concorde:0.053310 	 MCTS:5.331009 Improve:0.000000 	 Time:5.00 Seconds
Solution: 1 22 14 17 11 49 44 4 34 31 10 48 21 9 29 40 50 27 32 36 6 35 30 46 19 2 45 18 28 20 5 43 24 13 15 23 25 41 8 7 47 12 26 39 38 33 37 3 42 16 

Inst_Index:8218 	 City_Num:50 	 Concorde:0.059665 	 MCTS:5.966516 Improve:0.000000 	 Time:5.01 Seconds
Solution: 1 3 33 50 18 23 13 20 48 29 22 39 31 19 42 40 25 45 46 7 15 5 28 41 30 10 44 2 43 14 17 12 26 34 35 24 27 38 37 49 36 6 47 4 8 32 16 21 11 9 

Inst_Index:8219 	 City_Num:50 	 Concorde:0.060324 	 MCTS:6.032357 Improve:0.000000 	 Time:5.01 Seconds
Solution: 1 9 30 26 2 47 16 42 25 33 28 35 50 37 7 12 14 45 40 27 29 39 49 22 23 21 38 34 17 4 8 31 44 20 11 13 36 19 18 5 43 6 24 10 41 48 3 46 32 15 

Inst_Index:8220 	 City_Num:50 	 Concorde:0.053878 	 MCTS:5.387793 Improve:-0.000000 	 Time:5.00 Seconds
Solution: 1 28 19 38 33 9 21 44 35 29 31 45 26 5 13 24 43 25 22 42 7 30 46 50 37 41 10 6 16 4 8 12 47 34 3 27 48 14 23 15 49 17 40 2 20 36 11 39 18 32 

Inst_Index:8221 	 City_Num:50 	 Concorde:0.058087 	 MCTS:5.808656 Improve:0.000000 	 Time:5.00 Seconds
Solution: 1 30 31 3 19 22 25 16 28 17 36 50 42 32 9 13 24 37 38 5 40 48 43 4 18 41 20 27 35 46 26 47 14 10 23 12 29 49 2 34 15 33 21 11 8 44 39 45 7 6 

Inst_Index:8222 	 City_Num:50 	 Concorde:0.056941 	 MCTS:5.694086 Improve:-0.000000 	 Time:5.01 Seconds
Solution: 1 18 20 30 36 31 38 23 17 4 10 35 42 11 27 34 39 26 41 40 48 6 37 43 14 46 19 32 13 12 29 25 44 24 45 21 50 8 16 7 9 3 28 2 5 49 33 22 15 47 

Inst_Index:8223 	 City_Num:50 	 Concorde:0.055103 	 MCTS:5.521618 Improve:-0.011349 	 Time:5.01 Seconds
Solution: 1 40 17 3 15 18 9 11 31 46 44 20 12 39 48 37 27 26 36 4 30 14 7 8 2 45 21 38 22 10 43 13 34 32 6 35 49 33 28 23 19 50 16 41 24 29 47 42 25 5 

Inst_Index:8224 	 City_Num:50 	 Concorde:0.060393 	 MCTS:6.037696 Improve:0.001603 	 Time:5.00 Seconds
Solution: 1 46 31 34 24 37 12 20 9 21 36 23 47 15 18 44 42 25 16 43 32 11 4 14 50 8 28 3 26 22 30 41 27 6 38 10 49 7 5 13 19 2 48 45 17 39 35 40 33 29 

Inst_Index:8225 	 City_Num:50 	 Concorde:0.055978 	 MCTS:5.597837 Improve:0.000000 	 Time:5.00 Seconds
Solution: 1 20 9 10 24 18 45 11 41 36 13 48 39 37 7 35 33 4 28 43 49 32 14 34 21 25 26 12 2 31 50 30 22 44 23 47 5 6 42 40 38 17 29 27 19 8 15 16 3 46 

Inst_Index:8226 	 City_Num:50 	 Concorde:0.056770 	 MCTS:5.674939 Improve:0.002042 	 Time:5.00 Seconds
Solution: 1 29 16 19 2 34 23 46 47 8 7 31 40 6 45 39 28 43 30 37 5 44 27 14 32 4 10 9 33 20 36 17 15 24 22 18 42 3 11 21 26 49 48 25 41 50 13 35 38 12 

Inst_Index:8227 	 City_Num:50 	 Concorde:0.058274 	 MCTS:5.827131 Improve:0.000301 	 Time:5.00 Seconds
Solution: 1 15 13 34 36 35 43 3 10 49 7 5 45 25 21 41 17 33 38 4 50 6 16 27 22 31 48 18 32 47 30 2 12 39 24 23 11 20 9 26 14 44 28 42 37 19 40 29 8 46 

Inst_Index:8228 	 City_Num:50 	 Concorde:0.055955 	 MCTS:5.595538 Improve:0.000000 	 Time:5.00 Seconds
Solution: 1 44 38 48 2 41 5 11 33 4 16 7 29 46 10 30 36 49 27 15 47 42 50 23 8 28 6 22 35 14 17 26 39 24 43 40 37 25 31 3 18 32 45 13 20 12 19 9 34 21 

Inst_Index:8229 	 City_Num:50 	 Concorde:0.054086 	 MCTS:5.408537 Improve:0.000046 	 Time:5.01 Seconds
Solution: 1 13 28 42 36 5 21 22 40 19 29 9 26 32 38 14 47 46 16 6 33 20 50 35 11 18 44 37 25 10 23 15 31 34 7 12 30 49 4 27 48 41 24 8 3 43 17 2 39 45 

Inst_Index:8230 	 City_Num:50 	 Concorde:0.055840 	 MCTS:5.580125 Improve:0.003828 	 Time:5.02 Seconds
Solution: 1 45 27 43 12 30 49 13 25 23 4 11 7 34 50 29 2 22 20 10 19 5 35 18 42 9 41 37 44 24 15 47 48 6 40 3 32 38 28 21 17 33 39 36 8 14 16 26 46 31 

Inst_Index:8231 	 City_Num:50 	 Concorde:0.059011 	 MCTS:5.901061 Improve:0.000000 	 Time:5.00 Seconds
Solution: 1 50 12 40 36 25 3 4 45 19 22 29 31 38 6 43 48 41 2 15 13 20 30 27 49 32 23 35 10 26 37 47 17 42 11 9 7 21 28 46 33 18 5 39 14 8 44 16 24 34 

Inst_Index:8232 	 City_Num:50 	 Concorde:0.058411 	 MCTS:5.841057 Improve:0.000000 	 Time:5.00 Seconds
Solution: 1 47 7 8 12 21 18 49 30 5 20 11 27 50 29 26 43 44 2 34 16 13 32 48 38 28 24 40 36 33 39 17 41 14 37 19 45 42 3 10 46 15 35 6 31 4 9 23 22 25 

Inst_Index:8233 	 City_Num:50 	 Concorde:0.059395 	 MCTS:5.945078 Improve:-0.005581 	 Time:5.00 Seconds
Solution: 1 45 9 2 29 14 23 39 38 24 30 13 41 34 6 18 20 5 40 42 37 3 33 8 32 15 49 43 22 16 35 11 12 31 36 26 4 44 50 19 27 17 28 48 21 46 25 47 7 10 

Inst_Index:8234 	 City_Num:50 	 Concorde:0.059320 	 MCTS:5.932041 Improve:0.000000 	 Time:5.01 Seconds
Solution: 1 31 32 43 4 15 25 42 24 30 40 21 35 5 23 38 2 50 49 12 27 20 45 13 10 36 7 41 8 39 26 44 29 14 48 47 6 37 11 18 33 3 22 9 17 16 19 46 28 34 

Inst_Index:8235 	 City_Num:50 	 Concorde:0.052937 	 MCTS:5.293716 Improve:0.000000 	 Time:5.00 Seconds
Solution: 1 33 37 47 28 26 17 36 18 49 40 25 8 9 3 48 41 5 39 15 20 12 30 29 4 44 45 38 14 19 24 10 32 21 50 42 13 43 34 23 2 22 6 16 27 46 11 7 31 35 

Inst_Index:8236 	 City_Num:50 	 Concorde:0.056602 	 MCTS:5.660250 Improve:-0.000000 	 Time:5.00 Seconds
Solution: 1 9 27 5 8 13 36 38 21 31 30 22 4 44 28 46 10 7 43 39 41 37 35 11 42 29 47 17 26 25 45 19 18 2 48 32 50 40 23 34 15 12 14 49 6 33 20 16 24 3 

Inst_Index:8237 	 City_Num:50 	 Concorde:0.055650 	 MCTS:5.565011 Improve:0.000000 	 Time:5.00 Seconds
Solution: 1 26 33 4 46 27 14 11 40 31 47 6 38 48 8 42 45 22 30 43 19 17 37 5 7 34 25 18 2 24 12 32 44 10 9 15 39 3 50 21 29 49 35 13 20 23 41 28 36 16 

Inst_Index:8238 	 City_Num:50 	 Concorde:0.056567 	 MCTS:5.653618 Improve:0.003108 	 Time:5.01 Seconds
Solution: 1 34 3 29 37 19 26 50 16 30 13 32 11 14 9 23 20 6 8 46 44 40 38 2 10 28 49 22 47 42 17 15 41 5 27 43 45 21 33 35 24 12 48 31 39 18 25 7 4 36 

Inst_Index:8239 	 City_Num:50 	 Concorde:0.054034 	 MCTS:5.403401 Improve:0.000000 	 Time:5.00 Seconds
Solution: 1 33 21 3 29 15 36 11 7 44 23 16 9 28 14 13 25 40 20 34 18 49 27 47 50 30 43 46 5 12 8 4 6 45 38 42 19 37 35 31 26 2 24 17 48 32 41 39 22 10 

Inst_Index:8240 	 City_Num:50 	 Concorde:0.056793 	 MCTS:5.679295 Improve:0.000000 	 Time:5.00 Seconds
Solution: 1 49 4 40 17 19 42 32 18 5 37 33 35 25 43 20 48 9 8 12 22 23 41 36 28 27 7 11 47 14 50 38 2 30 10 13 16 46 44 29 3 15 24 31 34 6 45 39 21 26 

Inst_Index:8241 	 City_Num:50 	 Concorde:0.053189 	 MCTS:5.318943 Improve:-0.000000 	 Time:5.00 Seconds
Solution: 1 36 21 11 38 3 23 22 41 31 16 42 12 17 34 40 48 29 46 25 5 50 32 7 18 45 20 44 9 27 2 8 26 49 4 10 14 43 47 24 28 15 30 39 37 13 33 35 6 19 

Inst_Index:8242 	 City_Num:50 	 Concorde:0.057317 	 MCTS:5.731741 Improve:-0.000000 	 Time:5.00 Seconds
Solution: 1 7 47 20 13 31 19 40 49 34 35 9 8 30 27 37 36 39 48 44 43 4 14 32 12 3 42 17 29 16 21 6 24 41 28 2 11 23 18 45 22 15 5 46 10 38 26 33 50 25 

Inst_Index:8243 	 City_Num:50 	 Concorde:0.056126 	 MCTS:5.610383 Improve:0.002208 	 Time:5.00 Seconds
Solution: 1 47 43 36 13 22 24 49 14 46 16 37 42 10 3 27 35 33 32 5 29 39 2 19 8 34 4 6 45 18 25 40 7 50 11 26 48 20 30 41 31 44 9 28 21 38 12 17 15 23 

Inst_Index:8244 	 City_Num:50 	 Concorde:0.057707 	 MCTS:5.770678 Improve:0.000000 	 Time:5.00 Seconds
Solution: 1 24 41 2 27 14 20 34 17 39 43 38 6 28 13 33 40 15 35 18 11 45 37 7 46 4 3 8 47 5 48 12 25 31 9 21 29 10 50 32 26 16 22 19 30 49 42 23 36 44 

Inst_Index:8245 	 City_Num:50 	 Concorde:0.058479 	 MCTS:5.847942 Improve:-0.000000 	 Time:5.00 Seconds
Solution: 1 19 7 30 15 27 38 44 20 26 33 18 5 17 46 45 49 9 47 39 24 36 22 12 40 2 8 11 21 31 34 28 14 42 16 3 32 6 41 10 37 13 4 23 25 50 35 29 48 43 

Inst_Index:8246 	 City_Num:50 	 Concorde:0.056422 	 MCTS:5.642177 Improve:0.000000 	 Time:5.00 Seconds
Solution: 1 32 23 33 48 9 24 41 43 8 2 16 14 7 50 44 30 35 15 19 38 28 49 36 37 34 27 6 42 47 21 40 46 4 29 22 45 26 25 20 10 17 12 3 18 5 11 13 39 31 

Inst_Index:8247 	 City_Num:50 	 Concorde:0.056480 	 MCTS:5.647952 Improve:0.000000 	 Time:5.00 Seconds
Solution: 1 37 41 26 20 38 22 42 21 7 34 9 6 46 14 3 16 49 4 28 29 45 11 15 40 39 32 13 17 19 2 36 23 35 50 12 48 44 25 47 31 24 30 8 10 18 27 33 5 43 

Inst_Index:8248 	 City_Num:50 	 Concorde:0.055941 	 MCTS:5.589008 Improve:0.005111 	 Time:5.00 Seconds
Solution: 1 21 14 46 33 31 37 48 3 19 30 20 2 38 29 15 28 32 5 50 8 26 6 40 43 9 13 39 41 10 45 4 27 22 36 42 34 44 18 35 16 7 24 23 17 11 49 25 47 12 

Inst_Index:8249 	 City_Num:50 	 Concorde:0.057867 	 MCTS:5.786696 Improve:0.000000 	 Time:5.01 Seconds
Solution: 1 9 25 39 28 19 23 44 14 18 41 40 31 34 22 10 15 32 38 8 2 35 17 45 30 46 48 12 21 36 37 6 33 24 11 13 16 20 3 27 42 4 29 5 49 26 50 7 43 47 

Inst_Index:8250 	 City_Num:50 	 Concorde:0.055646 	 MCTS:5.563946 Improve:0.000669 	 Time:5.01 Seconds
Solution: 1 8 41 33 9 18 2 35 27 15 49 21 4 36 16 19 39 20 37 44 17 31 45 26 14 3 24 46 42 10 12 30 13 34 48 29 22 11 50 23 32 43 25 38 40 5 47 28 7 6 

Inst_Index:8251 	 City_Num:50 	 Concorde:0.062361 	 MCTS:6.242796 Improve:-0.006683 	 Time:5.01 Seconds
Solution: 1 36 18 15 41 37 35 25 32 24 7 11 9 28 3 48 49 46 17 29 47 42 38 19 40 16 22 43 39 27 10 33 34 13 21 20 8 4 31 2 14 50 45 5 26 12 44 30 23 6 

Inst_Index:8252 	 City_Num:50 	 Concorde:0.054898 	 MCTS:5.489209 Improve:0.000601 	 Time:5.00 Seconds
Solution: 1 7 2 44 34 16 32 31 45 24 19 39 35 42 11 8 40 41 48 46 28 37 4 22 25 29 50 36 23 43 17 20 12 10 15 14 18 5 49 47 3 38 30 33 9 6 26 27 21 13 

Inst_Index:8253 	 City_Num:50 	 Concorde:0.053191 	 MCTS:5.319082 Improve:-0.000000 	 Time:5.00 Seconds
Solution: 1 32 27 41 42 19 7 30 20 22 13 49 24 35 4 3 33 48 5 18 36 25 29 6 8 23 12 2 40 26 38 28 16 34 9 39 11 21 31 47 46 50 44 45 17 37 10 15 14 43 

Inst_Index:8254 	 City_Num:50 	 Concorde:0.056122 	 MCTS:5.598542 Improve:0.013655 	 Time:5.00 Seconds
Solution: 1 17 20 48 3 50 23 46 4 32 12 16 49 40 7 35 15 5 29 45 9 44 43 10 34 30 24 41 2 38 18 39 37 22 31 25 8 47 14 19 42 28 33 11 27 26 21 36 13 6 

Inst_Index:8255 	 City_Num:50 	 Concorde:0.061062 	 MCTS:6.106246 Improve:0.000000 	 Time:5.00 Seconds
Solution: 1 33 14 49 21 32 5 18 20 31 26 25 34 43 4 11 47 13 8 15 50 22 45 37 7 30 3 6 40 46 29 27 2 24 23 44 12 42 48 10 35 39 41 28 19 17 38 9 36 16 

Inst_Index:8256 	 City_Num:50 	 Concorde:0.055287 	 MCTS:5.528694 Improve:0.000000 	 Time:5.00 Seconds
Solution: 1 45 31 24 29 46 40 15 27 7 10 26 5 30 22 3 19 37 23 11 42 38 4 17 16 36 35 41 34 25 49 2 33 50 12 20 48 9 32 6 47 21 28 39 43 13 18 14 44 8 

Inst_Index:8257 	 City_Num:50 	 Concorde:0.054544 	 MCTS:5.454382 Improve:0.000000 	 Time:5.00 Seconds
Solution: 1 35 34 18 31 5 39 40 25 6 44 10 38 43 42 23 46 15 45 8 14 24 17 50 41 19 36 27 28 16 33 26 21 47 22 7 32 37 9 20 2 11 4 29 12 49 3 30 48 13 

Inst_Index:8258 	 City_Num:50 	 Concorde:0.058174 	 MCTS:5.816836 Improve:0.000569 	 Time:5.00 Seconds
Solution: 1 6 27 30 49 8 9 2 50 40 14 13 43 22 42 5 47 17 24 31 32 20 39 11 36 25 19 23 15 35 10 33 7 45 34 28 18 37 46 48 41 16 26 4 21 38 12 44 3 29 

Inst_Index:8259 	 City_Num:50 	 Concorde:0.057625 	 MCTS:5.768575 Improve:-0.006107 	 Time:5.00 Seconds
Solution: 1 35 5 11 6 17 48 24 29 8 25 22 43 33 26 7 32 15 36 49 3 47 31 14 37 30 9 50 13 46 19 10 23 39 28 4 12 45 27 18 21 2 16 40 42 38 44 34 20 41 

Inst_Index:8260 	 City_Num:50 	 Concorde:0.058495 	 MCTS:5.843668 Improve:0.005833 	 Time:5.00 Seconds
Solution: 1 31 28 35 39 44 32 4 19 42 12 29 13 16 2 48 37 14 33 18 8 6 24 40 7 10 49 47 34 23 21 5 20 38 36 41 50 3 17 27 46 11 22 26 9 15 30 25 45 43 

Inst_Index:8261 	 City_Num:50 	 Concorde:0.054412 	 MCTS:5.439141 Improve:0.002093 	 Time:5.00 Seconds
Solution: 1 12 20 33 45 23 50 13 8 47 34 11 4 49 48 30 36 21 9 2 35 43 42 26 31 14 37 38 16 6 19 29 15 22 40 41 18 25 10 28 7 46 27 3 39 32 44 5 24 17 

Inst_Index:8262 	 City_Num:50 	 Concorde:0.056524 	 MCTS:5.652423 Improve:0.000000 	 Time:5.00 Seconds
Solution: 1 49 10 27 33 19 35 24 14 20 2 7 18 25 30 46 9 39 23 28 21 13 29 6 31 3 38 16 15 4 8 50 17 41 26 11 12 43 36 45 37 42 22 5 34 44 47 32 40 48 

Inst_Index:8263 	 City_Num:50 	 Concorde:0.057262 	 MCTS:5.720759 Improve:0.005441 	 Time:5.01 Seconds
Solution: 1 6 41 46 47 23 40 15 20 21 33 17 9 34 10 3 22 26 2 42 44 31 7 38 43 25 11 14 8 13 18 45 24 29 48 5 49 35 28 32 37 16 27 12 36 30 19 39 4 50 

Inst_Index:8264 	 City_Num:50 	 Concorde:0.054289 	 MCTS:5.428894 Improve:0.000000 	 Time:5.00 Seconds
Solution: 1 5 48 44 22 47 19 37 16 6 15 39 9 20 8 2 45 14 17 38 40 11 34 23 29 43 24 21 4 50 31 46 42 7 12 41 26 32 10 28 18 25 27 13 30 33 36 35 3 49 

Inst_Index:8265 	 City_Num:50 	 Concorde:0.054271 	 MCTS:5.427086 Improve:0.000000 	 Time:5.00 Seconds
Solution: 1 49 42 2 17 4 20 12 32 44 38 26 43 6 3 13 37 35 33 11 40 5 22 24 25 14 45 34 36 50 47 16 31 46 18 30 9 27 29 39 28 48 7 21 10 41 23 19 8 15 

Inst_Index:8266 	 City_Num:50 	 Concorde:0.056912 	 MCTS:5.691166 Improve:-0.000000 	 Time:5.00 Seconds
Solution: 1 38 32 21 12 37 6 8 30 49 3 44 50 17 47 41 19 18 43 25 29 39 27 34 16 35 48 20 5 42 11 23 45 7 15 22 40 46 10 26 33 13 2 14 36 24 9 4 31 28 

Inst_Index:8267 	 City_Num:50 	 Concorde:0.056975 	 MCTS:5.697463 Improve:0.000000 	 Time:5.01 Seconds
Solution: 1 33 50 40 27 21 9 11 30 42 7 46 8 43 28 34 45 2 5 47 26 31 6 16 35 38 4 14 25 22 49 24 15 41 32 44 12 48 36 13 39 18 20 3 23 29 19 10 37 17 

Inst_Index:8268 	 City_Num:50 	 Concorde:0.056809 	 MCTS:5.679982 Improve:0.000903 	 Time:5.01 Seconds
Solution: 1 5 25 32 17 30 28 2 38 46 8 29 34 19 49 50 27 13 23 42 11 24 4 21 10 36 12 7 40 16 26 47 48 9 6 45 39 41 22 14 15 35 37 31 33 18 20 44 43 3 

Inst_Index:8269 	 City_Num:50 	 Concorde:0.059170 	 MCTS:5.915053 Improve:0.001993 	 Time:5.00 Seconds
Solution: 1 22 3 7 20 38 21 29 17 5 34 18 2 6 44 23 12 24 47 8 49 11 19 10 15 36 14 42 41 45 28 43 48 30 26 46 16 33 13 32 25 35 4 9 31 37 40 27 50 39 

Inst_Index:8270 	 City_Num:50 	 Concorde:0.058080 	 MCTS:5.807955 Improve:0.000000 	 Time:5.00 Seconds
Solution: 1 30 16 41 4 43 44 3 12 39 20 38 28 35 5 11 31 48 21 42 29 36 24 27 45 17 18 8 47 2 6 19 13 46 50 32 40 7 34 37 23 9 49 33 14 25 15 22 26 10 

Inst_Index:8271 	 City_Num:50 	 Concorde:0.057324 	 MCTS:5.729572 Improve:0.002787 	 Time:5.00 Seconds
Solution: 1 11 12 36 40 15 17 29 20 47 48 34 4 30 18 44 28 32 19 24 26 35 42 5 2 9 45 38 50 23 41 16 10 14 31 8 46 49 3 7 43 6 13 22 25 21 27 37 33 39 

Inst_Index:8272 	 City_Num:50 	 Concorde:0.055796 	 MCTS:5.570828 Improve:0.008734 	 Time:5.00 Seconds
Solution: 1 12 13 32 41 31 15 18 34 10 27 4 14 39 24 9 26 50 3 25 16 28 38 22 43 2 36 5 44 11 17 8 42 46 7 49 6 33 47 35 40 29 20 21 30 19 37 48 23 45 

Inst_Index:8273 	 City_Num:50 	 Concorde:0.053915 	 MCTS:5.418343 Improve:-0.026872 	 Time:5.01 Seconds
Solution: 1 21 14 6 44 46 32 9 25 36 48 24 28 7 38 11 8 43 5 22 34 47 26 33 42 18 20 29 27 39 15 30 19 49 10 23 17 2 16 4 37 13 3 40 31 35 50 41 12 45 

Inst_Index:8274 	 City_Num:50 	 Concorde:0.058013 	 MCTS:5.801329 Improve:0.000000 	 Time:5.00 Seconds
Solution: 1 32 6 9 31 12 14 8 36 30 37 33 21 5 2 38 19 42 7 3 4 11 26 45 15 18 28 16 24 43 34 44 39 22 40 41 48 23 10 49 17 13 29 47 27 20 46 25 50 35 

Inst_Index:8275 	 City_Num:50 	 Concorde:0.058904 	 MCTS:5.890355 Improve:-0.000000 	 Time:5.02 Seconds
Solution: 1 41 30 23 12 50 47 49 20 7 24 42 25 48 45 46 35 39 11 15 18 16 13 44 37 14 26 9 2 5 34 6 32 17 3 28 8 4 43 10 29 31 40 38 21 36 27 22 33 19 

Inst_Index:8276 	 City_Num:50 	 Concorde:0.054007 	 MCTS:5.400695 Improve:0.000000 	 Time:5.00 Seconds
Solution: 1 38 28 31 35 37 8 43 48 29 2 44 16 40 6 30 42 12 7 13 24 22 18 4 15 47 23 34 9 41 50 27 20 3 36 33 19 17 14 5 21 25 46 32 39 49 26 45 10 11 

Inst_Index:8277 	 City_Num:50 	 Concorde:0.053071 	 MCTS:5.307062 Improve:0.000000 	 Time:5.00 Seconds
Solution: 1 48 36 18 8 22 4 49 20 26 9 45 46 38 37 44 31 40 15 10 24 6 2 50 5 17 42 12 29 13 33 47 23 11 27 39 16 32 43 25 41 19 14 28 30 21 35 34 7 3 

Inst_Index:8278 	 City_Num:50 	 Concorde:0.058013 	 MCTS:5.801300 Improve:-0.000000 	 Time:5.00 Seconds
Solution: 1 6 7 28 18 26 43 38 40 22 17 45 3 10 2 42 37 46 15 11 8 49 48 34 44 5 23 47 33 29 4 41 25 50 32 16 39 9 27 21 12 20 14 19 13 36 30 31 24 35 

Inst_Index:8279 	 City_Num:50 	 Concorde:0.052912 	 MCTS:5.291177 Improve:0.000000 	 Time:5.00 Seconds
Solution: 1 22 46 47 2 29 48 43 9 21 3 36 7 28 44 42 33 23 11 30 26 35 8 49 20 50 12 38 31 18 37 24 4 25 34 32 10 41 40 17 15 19 45 13 39 14 27 16 6 5 

Inst_Index:8280 	 City_Num:50 	 Concorde:0.060591 	 MCTS:6.059138 Improve:0.000000 	 Time:5.00 Seconds
Solution: 1 39 23 50 11 30 32 26 16 27 36 10 41 4 37 12 40 19 18 35 47 34 45 29 49 21 43 2 38 3 13 24 5 42 25 14 31 9 22 15 33 8 7 20 6 44 46 28 17 48 

Inst_Index:8281 	 City_Num:50 	 Concorde:0.052007 	 MCTS:5.200700 Improve:-0.000000 	 Time:5.00 Seconds
Solution: 1 6 30 42 38 35 44 43 40 47 50 45 13 18 19 49 17 32 7 46 8 15 3 9 22 33 28 11 34 37 29 48 23 39 12 31 2 16 20 36 4 5 26 27 21 41 25 24 10 14 

Inst_Index:8282 	 City_Num:50 	 Concorde:0.062682 	 MCTS:6.268189 Improve:0.000000 	 Time:5.00 Seconds
Solution: 1 23 39 11 49 35 37 27 24 20 6 5 42 28 12 48 19 26 46 14 4 45 10 41 22 16 47 8 50 17 18 3 13 36 38 44 34 31 9 21 30 7 32 40 33 43 29 2 15 25 

Inst_Index:8283 	 City_Num:50 	 Concorde:0.061098 	 MCTS:6.106853 Improve:0.002921 	 Time:5.00 Seconds
Solution: 1 4 45 20 33 10 49 22 42 8 25 7 35 16 13 28 41 19 26 36 14 30 44 40 27 11 34 21 31 48 46 17 9 6 24 3 2 37 5 47 23 15 32 39 38 12 18 50 29 43 

Inst_Index:8284 	 City_Num:50 	 Concorde:0.056184 	 MCTS:5.618384 Improve:0.000000 	 Time:5.00 Seconds
Solution: 1 26 23 6 17 12 47 33 14 28 42 39 7 10 22 49 21 48 20 4 24 11 37 15 40 38 5 45 29 44 50 25 16 13 9 36 32 43 2 30 19 35 27 46 18 41 3 34 8 31 

Inst_Index:8285 	 City_Num:50 	 Concorde:0.056244 	 MCTS:5.624411 Improve:-0.000000 	 Time:5.00 Seconds
Solution: 1 39 3 43 47 29 8 5 50 10 28 19 32 44 30 18 24 20 27 14 34 4 38 40 13 35 22 48 23 49 42 9 33 12 21 31 7 6 25 15 46 11 36 17 41 26 37 2 45 16 

Inst_Index:8286 	 City_Num:50 	 Concorde:0.057328 	 MCTS:5.732769 Improve:-0.000000 	 Time:5.00 Seconds
Solution: 1 16 28 39 42 48 2 21 46 3 36 18 49 35 31 34 12 37 9 19 40 33 7 22 45 10 4 5 44 26 8 24 27 14 50 47 43 15 30 20 11 25 23 13 29 32 6 38 17 41 

Inst_Index:8287 	 City_Num:50 	 Concorde:0.054594 	 MCTS:5.456866 Improve:0.002513 	 Time:5.01 Seconds
Solution: 1 18 33 26 38 27 42 34 40 47 39 9 17 4 48 36 31 20 30 23 41 13 37 45 2 15 46 29 25 21 11 50 10 6 24 7 3 19 14 16 49 44 22 12 8 43 35 5 28 32 

Inst_Index:8288 	 City_Num:50 	 Concorde:0.055667 	 MCTS:5.566661 Improve:-0.000000 	 Time:5.01 Seconds
Solution: 1 49 10 31 7 35 45 24 6 5 41 32 16 30 27 40 13 4 18 3 50 23 29 36 25 8 14 2 28 20 33 17 46 34 43 15 38 22 21 48 42 37 11 19 9 44 12 47 26 39 

Inst_Index:8289 	 City_Num:50 	 Concorde:0.056694 	 MCTS:5.657854 Improve:0.011558 	 Time:5.00 Seconds
Solution: 1 34 45 17 8 39 49 28 36 15 30 40 16 42 9 10 47 13 48 50 24 6 33 14 38 29 7 31 41 2 18 20 21 43 35 32 11 37 19 5 12 3 26 23 22 44 4 46 27 25 

Inst_Index:8290 	 City_Num:50 	 Concorde:0.059468 	 MCTS:5.942340 Improve:0.004469 	 Time:5.00 Seconds
Solution: 1 8 41 33 25 42 24 21 36 38 9 43 34 19 7 35 17 13 32 26 47 18 15 23 29 4 10 37 5 30 2 16 44 28 6 49 31 12 11 27 39 40 3 50 45 20 22 48 46 14 

Inst_Index:8291 	 City_Num:50 	 Concorde:0.056259 	 MCTS:5.625855 Improve:-0.000000 	 Time:5.01 Seconds
Solution: 1 4 24 25 45 12 29 15 10 35 49 22 7 31 43 2 23 16 13 40 36 5 37 27 3 30 14 21 41 18 38 44 42 47 50 6 39 9 17 8 48 46 34 20 32 19 26 33 11 28 

Inst_Index:8292 	 City_Num:50 	 Concorde:0.058170 	 MCTS:5.814690 Improve:0.002325 	 Time:5.01 Seconds
Solution: 1 38 35 12 37 21 19 47 9 16 3 36 17 13 18 15 49 34 33 2 46 40 48 30 44 10 23 22 5 31 4 26 43 11 41 42 50 28 24 32 45 25 14 20 39 27 6 29 7 8 

Inst_Index:8293 	 City_Num:50 	 Concorde:0.056254 	 MCTS:5.625444 Improve:-0.000000 	 Time:5.00 Seconds
Solution: 1 17 39 21 26 46 37 10 11 27 44 32 12 18 33 50 24 7 20 40 42 38 25 47 48 4 9 30 15 23 41 34 16 6 5 43 45 31 19 13 28 29 8 49 3 14 22 35 36 2 

Inst_Index:8294 	 City_Num:50 	 Concorde:0.056085 	 MCTS:5.608524 Improve:0.000000 	 Time:5.01 Seconds
Solution: 1 13 9 19 11 23 38 20 37 24 46 41 7 2 6 48 45 18 35 3 4 27 17 36 16 15 50 12 43 34 25 32 22 26 5 29 30 31 28 8 10 49 21 14 44 47 39 40 42 33 

Inst_Index:8295 	 City_Num:50 	 Concorde:0.054950 	 MCTS:5.493611 Improve:0.001437 	 Time:5.00 Seconds
Solution: 1 24 43 9 12 15 42 36 10 16 38 4 44 14 50 29 11 37 41 26 5 47 19 17 18 3 46 45 39 23 34 27 35 2 21 6 49 33 25 32 8 20 30 40 7 31 28 13 22 48 

Inst_Index:8296 	 City_Num:50 	 Concorde:0.054539 	 MCTS:5.452300 Improve:0.001643 	 Time:5.00 Seconds
Solution: 1 45 37 23 12 17 29 24 32 27 3 47 15 18 28 38 36 43 9 40 35 41 46 21 14 7 5 26 20 10 13 25 31 22 4 44 50 33 16 8 19 2 30 34 49 42 48 6 11 39 

Inst_Index:8297 	 City_Num:50 	 Concorde:0.052732 	 MCTS:5.273198 Improve:0.000000 	 Time:5.00 Seconds
Solution: 1 47 35 17 13 32 34 3 39 42 8 18 21 10 44 12 11 30 27 31 24 46 6 4 2 38 49 45 36 19 28 43 22 40 5 41 14 48 26 7 15 20 16 9 33 37 29 25 50 23 

Inst_Index:8298 	 City_Num:50 	 Concorde:0.056910 	 MCTS:5.687748 Improve:0.003203 	 Time:5.00 Seconds
Solution: 1 27 39 28 32 23 11 5 8 7 30 2 12 4 24 18 35 43 49 25 14 31 38 41 16 3 48 29 46 9 42 6 34 45 47 37 22 15 26 40 10 21 17 50 19 44 33 36 20 13 

Inst_Index:8299 	 City_Num:50 	 Concorde:0.059925 	 MCTS:5.986696 Improve:0.005772 	 Time:5.00 Seconds
Solution: 1 4 29 11 45 34 21 13 14 37 49 8 44 30 43 31 36 20 26 2 3 7 40 15 9 33 46 41 25 39 17 19 6 22 50 32 48 12 18 24 27 47 35 42 5 28 23 10 38 16 

Inst_Index:8300 	 City_Num:50 	 Concorde:0.055065 	 MCTS:5.505488 Improve:0.001053 	 Time:5.02 Seconds
Solution: 1 34 30 15 45 3 12 22 33 44 13 49 40 41 50 37 5 43 29 17 32 14 19 28 36 46 26 4 23 9 27 7 47 16 48 2 31 6 20 18 25 42 10 24 11 39 35 8 21 38 

Inst_Index:8301 	 City_Num:50 	 Concorde:0.057201 	 MCTS:5.720053 Improve:0.000000 	 Time:5.01 Seconds
Solution: 1 28 47 38 3 41 50 21 19 45 40 37 8 9 15 25 49 5 18 43 23 4 24 16 44 30 6 29 31 17 42 22 7 20 11 33 10 13 26 35 39 27 12 48 2 32 46 14 34 36 

Inst_Index:8302 	 City_Num:50 	 Concorde:0.058128 	 MCTS:5.839452 Improve:-0.026644 	 Time:5.00 Seconds
Solution: 1 25 50 24 29 40 48 13 8 9 42 23 36 46 20 16 33 19 47 11 2 17 14 3 6 4 39 15 30 34 22 7 27 26 12 10 18 45 43 5 49 32 21 41 31 37 35 28 44 38 

Inst_Index:8303 	 City_Num:50 	 Concorde:0.059199 	 MCTS:5.919866 Improve:-0.000000 	 Time:5.00 Seconds
Solution: 1 8 43 16 33 46 6 29 35 31 42 47 2 10 36 50 4 19 45 37 41 23 30 22 13 20 40 14 27 49 15 21 18 12 25 44 3 7 11 48 24 39 32 5 28 34 38 17 26 9 

Inst_Index:8304 	 City_Num:50 	 Concorde:0.055327 	 MCTS:5.532708 Improve:0.000000 	 Time:5.01 Seconds
Solution: 1 35 30 32 17 42 29 45 47 25 27 44 49 20 8 43 37 4 18 12 31 2 16 39 22 38 26 24 50 48 5 7 28 15 13 21 6 14 10 36 19 11 34 33 46 40 23 9 41 3 

Inst_Index:8305 	 City_Num:50 	 Concorde:0.056475 	 MCTS:5.647489 Improve:0.000000 	 Time:5.00 Seconds
Solution: 1 11 24 13 44 8 30 19 49 36 15 14 32 7 21 3 43 42 17 50 2 47 46 5 34 9 27 23 35 29 45 16 39 48 12 6 31 18 4 38 26 22 37 40 25 41 33 10 20 28 

Inst_Index:8306 	 City_Num:50 	 Concorde:0.059136 	 MCTS:5.913632 Improve:-0.000000 	 Time:5.00 Seconds
Solution: 1 43 9 46 4 16 36 47 3 12 6 29 48 35 30 5 8 26 45 44 10 37 13 19 2 17 50 39 15 40 34 11 27 25 49 24 41 23 32 7 38 42 20 21 28 14 33 18 31 22 

Inst_Index:8307 	 City_Num:50 	 Concorde:0.056524 	 MCTS:5.652379 Improve:0.000000 	 Time:5.00 Seconds
Solution: 1 38 2 13 20 40 27 4 42 28 36 7 11 31 22 12 49 47 30 37 44 8 14 24 23 26 17 46 33 35 43 3 41 25 45 6 5 32 9 10 48 15 19 29 21 18 39 50 16 34 

Inst_Index:8308 	 City_Num:50 	 Concorde:0.057639 	 MCTS:5.763924 Improve:0.000000 	 Time:5.01 Seconds
Solution: 1 17 46 15 35 20 36 22 37 29 31 11 43 39 26 38 14 25 16 3 49 41 21 33 5 40 18 28 50 2 13 24 45 27 4 6 32 9 47 19 42 8 7 23 34 10 48 30 12 44 

Inst_Index:8309 	 City_Num:50 	 Concorde:0.055406 	 MCTS:5.540050 Improve:0.000519 	 Time:5.00 Seconds
Solution: 1 9 4 8 37 45 44 11 43 7 26 15 36 14 30 35 33 10 18 12 21 22 31 25 42 13 17 3 24 34 23 2 5 40 50 29 27 6 46 32 28 16 20 47 48 41 39 49 19 38 

Inst_Index:8310 	 City_Num:50 	 Concorde:0.055820 	 MCTS:5.579217 Improve:0.002770 	 Time:5.00 Seconds
Solution: 1 21 25 22 47 6 31 10 23 37 11 4 2 13 24 49 15 35 28 12 14 41 43 7 34 44 40 26 19 32 9 39 20 30 5 33 17 48 8 46 18 45 16 27 29 3 38 50 42 36 

Inst_Index:8311 	 City_Num:50 	 Concorde:0.060249 	 MCTS:6.019394 Improve:0.005489 	 Time:5.00 Seconds
Solution: 1 41 33 12 18 5 50 21 37 11 40 6 16 39 14 48 49 30 28 2 3 25 36 29 34 9 19 32 38 46 17 13 44 22 24 27 7 26 43 31 42 45 47 20 10 4 8 23 35 15 

Inst_Index:8312 	 City_Num:50 	 Concorde:0.054766 	 MCTS:5.476579 Improve:0.000000 	 Time:5.01 Seconds
Solution: 1 26 36 39 25 10 24 32 44 20 23 18 31 40 42 27 38 13 5 4 7 35 45 34 28 37 33 9 48 30 16 21 43 8 49 46 11 3 50 6 29 2 15 12 41 14 17 19 22 47 

Inst_Index:8313 	 City_Num:50 	 Concorde:0.056304 	 MCTS:5.630358 Improve:-0.000000 	 Time:5.00 Seconds
Solution: 1 45 14 11 3 18 16 15 24 47 10 22 40 28 20 25 48 32 37 35 19 41 31 38 12 36 33 49 29 39 17 4 44 26 46 5 7 27 42 23 21 9 2 13 43 6 30 8 50 34 

Inst_Index:8314 	 City_Num:50 	 Concorde:0.055584 	 MCTS:5.558399 Improve:0.000000 	 Time:5.00 Seconds
Solution: 1 6 36 31 14 4 45 5 24 22 43 21 25 34 42 16 46 26 2 37 32 30 15 49 12 3 9 11 19 29 27 40 13 23 39 35 28 48 8 44 20 17 7 33 47 18 41 50 10 38 

Inst_Index:8315 	 City_Num:50 	 Concorde:0.055327 	 MCTS:5.529863 Improve:0.002794 	 Time:5.00 Seconds
Solution: 1 20 21 29 28 10 41 3 5 34 50 13 7 4 6 23 15 38 32 19 25 16 48 26 35 9 11 27 31 12 30 45 8 36 18 47 40 39 49 17 22 14 46 33 24 44 42 37 2 43 

Inst_Index:8316 	 City_Num:50 	 Concorde:0.055447 	 MCTS:5.544665 Improve:0.000000 	 Time:5.00 Seconds
Solution: 1 47 41 38 36 39 22 19 31 11 24 44 13 33 4 5 23 50 3 20 34 6 46 35 8 15 12 16 30 9 2 7 45 27 10 29 40 26 32 48 18 37 28 49 42 43 14 25 21 17 

Inst_Index:8317 	 City_Num:50 	 Concorde:0.055610 	 MCTS:5.560990 Improve:0.000000 	 Time:5.00 Seconds
Solution: 1 43 39 36 2 10 6 41 13 35 20 14 18 26 40 37 44 3 32 29 22 17 34 8 48 12 16 45 46 4 30 23 24 15 19 9 28 21 25 27 50 38 49 7 31 5 11 33 47 42 

Inst_Index:8318 	 City_Num:50 	 Concorde:0.060051 	 MCTS:6.005090 Improve:0.000000 	 Time:5.00 Seconds
Solution: 1 6 31 40 9 39 34 37 35 5 16 23 43 22 18 20 32 15 36 48 27 49 33 41 45 7 21 17 44 30 47 28 42 50 14 19 3 8 38 29 46 24 26 4 12 25 10 2 11 13 

Inst_Index:8319 	 City_Num:50 	 Concorde:0.057222 	 MCTS:5.722227 Improve:-0.000000 	 Time:5.00 Seconds
Solution: 1 10 34 35 42 21 9 39 49 29 46 20 13 32 41 28 31 19 18 48 22 40 14 12 8 50 2 26 37 16 44 36 25 30 23 5 45 43 6 7 38 3 11 24 33 27 15 4 47 17 

Inst_Index:8320 	 City_Num:50 	 Concorde:0.062928 	 MCTS:6.292865 Improve:-0.000065 	 Time:5.03 Seconds
Solution: 1 13 20 8 6 45 35 46 29 15 19 2 22 3 24 10 14 11 21 37 38 36 43 30 5 25 23 39 26 47 31 32 17 50 44 49 9 40 28 7 4 34 33 41 16 27 48 12 18 42 

Inst_Index:8321 	 City_Num:50 	 Concorde:0.057775 	 MCTS:5.777540 Improve:0.000000 	 Time:5.00 Seconds
Solution: 1 8 39 31 41 15 6 3 28 4 23 49 12 33 45 18 13 22 25 17 50 9 26 5 38 44 20 36 27 40 24 48 34 47 14 43 19 11 7 30 10 16 42 35 21 29 46 37 32 2 

Inst_Index:8322 	 City_Num:50 	 Concorde:0.057334 	 MCTS:5.730822 Improve:0.002591 	 Time:5.00 Seconds
Solution: 1 26 39 38 30 32 20 48 8 13 5 22 40 17 45 34 11 29 4 35 36 25 23 37 3 27 6 14 43 19 10 50 49 47 44 7 46 28 24 18 42 41 33 12 31 2 16 15 21 9 

Inst_Index:8323 	 City_Num:50 	 Concorde:0.058633 	 MCTS:5.856035 Improve:0.007253 	 Time:5.00 Seconds
Solution: 1 45 23 37 9 31 26 39 33 21 35 11 38 43 42 20 15 12 28 47 16 25 48 49 8 17 34 29 41 40 18 2 50 44 24 6 4 5 36 13 7 14 30 27 46 3 19 22 32 10 

Inst_Index:8324 	 City_Num:50 	 Concorde:0.053858 	 MCTS:5.383593 Improve:0.002199 	 Time:5.00 Seconds
Solution: 1 38 11 6 22 36 34 26 31 46 43 15 14 21 45 33 28 39 42 49 10 3 40 32 24 48 29 30 8 7 16 41 18 27 47 19 37 25 2 50 44 13 9 4 23 35 20 5 12 17 

Inst_Index:8325 	 City_Num:50 	 Concorde:0.056929 	 MCTS:5.692356 Improve:0.000547 	 Time:5.02 Seconds
Solution: 1 10 6 13 38 22 45 29 37 26 44 15 46 7 43 4 12 36 11 28 24 23 5 39 49 34 8 18 9 35 27 41 14 33 17 48 25 47 2 21 20 30 32 3 19 40 31 50 42 16 

Inst_Index:8326 	 City_Num:50 	 Concorde:0.057744 	 MCTS:5.774429 Improve:-0.000006 	 Time:5.00 Seconds
Solution: 1 28 33 45 6 38 49 37 5 19 50 16 23 9 44 24 27 34 40 35 20 36 3 31 14 41 22 11 18 12 10 39 17 47 25 7 2 21 4 26 48 46 29 13 8 43 30 42 15 32 

Inst_Index:8327 	 City_Num:50 	 Concorde:0.056423 	 MCTS:5.640959 Improve:0.001386 	 Time:5.00 Seconds
Solution: 1 26 8 34 32 49 48 17 40 42 20 23 31 45 35 9 38 25 41 29 33 13 14 12 7 18 46 47 11 39 27 50 10 21 15 43 3 28 36 5 44 37 4 19 2 6 22 16 30 24 

Inst_Index:8328 	 City_Num:50 	 Concorde:0.055264 	 MCTS:5.526423 Improve:0.000000 	 Time:5.00 Seconds
Solution: 1 29 45 17 34 39 42 18 5 30 8 16 44 48 33 4 7 28 13 21 38 35 19 10 41 11 26 46 49 36 47 3 2 37 40 12 15 24 43 14 6 22 31 32 25 9 20 23 27 50 

Inst_Index:8329 	 City_Num:50 	 Concorde:0.054259 	 MCTS:5.425939 Improve:0.000000 	 Time:5.00 Seconds
Solution: 1 6 26 34 12 36 32 25 41 37 38 20 21 45 18 30 19 31 35 39 10 5 29 13 47 24 49 9 17 22 42 3 46 44 27 4 50 40 8 14 7 48 16 15 11 28 23 33 43 2 

Inst_Index:8330 	 City_Num:50 	 Concorde:0.056657 	 MCTS:5.665674 Improve:-0.000000 	 Time:5.00 Seconds
Solution: 1 6 49 47 35 20 39 24 23 27 7 16 48 2 13 5 41 30 8 22 33 4 17 15 3 26 12 42 45 28 9 43 25 29 10 40 18 11 44 37 38 46 19 14 34 50 31 21 36 32 

Inst_Index:8331 	 City_Num:50 	 Concorde:0.052739 	 MCTS:5.273948 Improve:-0.000000 	 Time:5.00 Seconds
Solution: 1 30 35 13 28 25 16 39 36 18 27 26 20 2 33 32 50 14 49 15 11 40 6 47 12 3 5 44 10 21 29 24 22 38 7 9 37 34 19 48 17 45 46 8 41 43 23 4 31 42 

Inst_Index:8332 	 City_Num:50 	 Concorde:0.059427 	 MCTS:5.942690 Improve:0.000000 	 Time:5.00 Seconds
Solution: 1 23 11 44 3 33 40 47 29 14 43 20 15 10 22 34 49 39 19 41 4 7 30 48 5 9 31 32 46 42 8 24 25 16 6 50 38 36 13 28 35 2 45 17 18 21 12 37 26 27 

Inst_Index:8333 	 City_Num:50 	 Concorde:0.060513 	 MCTS:6.051301 Improve:-0.000000 	 Time:5.00 Seconds
Solution: 1 47 10 3 49 20 31 2 6 12 32 16 22 37 43 5 27 50 38 48 34 25 42 33 7 8 23 19 26 44 40 39 15 13 4 28 9 30 24 21 11 17 41 46 36 29 18 35 14 45 

Inst_Index:8334 	 City_Num:50 	 Concorde:0.059688 	 MCTS:5.979438 Improve:-0.010604 	 Time:5.01 Seconds
Solution: 1 28 5 4 10 14 20 48 33 12 45 26 39 42 25 19 43 21 2 27 50 47 13 37 30 17 11 31 7 24 6 29 22 49 9 36 46 44 8 15 3 34 18 23 35 40 38 41 32 16 

Inst_Index:8335 	 City_Num:50 	 Concorde:0.058899 	 MCTS:5.889882 Improve:0.000000 	 Time:5.00 Seconds
Solution: 1 13 24 8 48 20 11 10 29 43 39 33 34 26 15 36 35 16 32 18 23 4 49 22 27 2 5 30 38 42 46 3 19 41 7 31 45 50 28 37 47 6 44 9 12 17 14 40 25 21 

Inst_Index:8336 	 City_Num:50 	 Concorde:0.058402 	 MCTS:5.840206 Improve:-0.000000 	 Time:5.00 Seconds
Solution: 1 10 33 42 41 34 12 29 9 28 8 46 5 49 39 35 44 4 14 37 27 20 47 18 6 19 15 48 26 11 2 22 3 43 38 30 32 17 24 25 23 21 40 16 36 31 13 7 50 45 

Inst_Index:8337 	 City_Num:50 	 Concorde:0.059344 	 MCTS:5.931094 Improve:0.003339 	 Time:5.00 Seconds
Solution: 1 31 47 50 10 46 36 15 26 27 2 18 49 20 22 38 3 17 5 45 12 8 16 19 6 23 24 4 7 37 28 32 42 11 30 39 21 25 44 35 48 29 41 33 13 14 40 43 34 9 

Inst_Index:8338 	 City_Num:50 	 Concorde:0.055866 	 MCTS:5.586225 Improve:0.000356 	 Time:5.01 Seconds
Solution: 1 47 12 41 8 14 2 32 38 39 40 7 18 36 22 20 26 21 3 48 23 46 17 19 10 50 24 49 16 9 44 27 30 4 37 33 11 42 28 35 6 5 31 34 29 43 25 15 13 45 

Inst_Index:8339 	 City_Num:50 	 Concorde:0.056666 	 MCTS:5.664027 Improve:0.002554 	 Time:5.00 Seconds
Solution: 1 14 50 7 13 28 8 19 16 23 6 5 42 41 17 31 38 11 2 18 3 15 32 44 49 47 30 9 39 33 46 10 27 37 40 43 45 29 12 22 4 21 34 26 35 36 20 25 48 24 

Inst_Index:8340 	 City_Num:50 	 Concorde:0.060121 	 MCTS:6.008090 Improve:0.004030 	 Time:5.01 Seconds
Solution: 1 39 6 13 31 49 46 34 38 28 2 20 4 18 36 9 14 47 15 29 42 7 3 17 44 25 26 43 27 50 5 19 11 12 41 21 10 40 30 45 22 37 32 16 23 33 8 48 35 24 

Inst_Index:8341 	 City_Num:50 	 Concorde:0.053363 	 MCTS:5.336271 Improve:0.000000 	 Time:5.00 Seconds
Solution: 1 11 20 50 32 8 28 14 25 47 2 42 9 4 43 17 19 10 31 41 49 36 29 16 22 33 34 18 35 37 21 12 13 3 6 26 44 24 48 40 39 38 5 46 7 15 45 23 30 27 

Inst_Index:8342 	 City_Num:50 	 Concorde:0.055133 	 MCTS:5.513274 Improve:0.000000 	 Time:5.00 Seconds
Solution: 1 4 14 25 31 41 8 27 23 34 26 50 24 42 32 13 5 2 30 40 15 29 48 43 3 18 36 39 46 49 20 33 38 44 7 28 19 12 37 11 47 9 17 16 10 22 6 35 45 21 

Inst_Index:8343 	 City_Num:50 	 Concorde:0.060859 	 MCTS:6.085926 Improve:0.000000 	 Time:5.01 Seconds
Solution: 1 14 40 4 2 3 27 36 22 13 39 45 34 24 30 32 26 21 46 20 19 29 18 37 48 6 44 38 50 28 43 7 9 8 35 23 47 31 15 12 41 42 25 16 17 5 11 33 10 49 

Inst_Index:8344 	 City_Num:50 	 Concorde:0.053431 	 MCTS:5.343082 Improve:-0.000000 	 Time:5.00 Seconds
Solution: 1 44 28 9 49 2 32 17 23 38 8 41 39 19 35 21 15 31 5 11 33 26 14 50 10 20 25 30 4 34 27 46 3 29 48 7 16 22 13 42 45 24 37 36 40 18 12 43 6 47 

Inst_Index:8345 	 City_Num:50 	 Concorde:0.059329 	 MCTS:5.932918 Improve:0.000000 	 Time:5.00 Seconds
Solution: 1 34 43 36 50 38 24 45 27 46 47 10 35 15 30 41 4 48 37 18 13 32 3 9 11 33 19 44 16 14 26 17 28 40 20 21 29 12 2 22 25 6 31 5 49 23 42 8 39 7 

Inst_Index:8346 	 City_Num:50 	 Concorde:0.055499 	 MCTS:5.547798 Improve:0.002052 	 Time:5.00 Seconds
Solution: 1 29 37 42 46 6 23 43 11 34 44 22 28 48 18 14 32 47 12 45 38 25 17 30 5 26 49 39 35 4 36 8 50 40 27 10 20 41 13 7 3 9 21 16 31 2 15 33 24 19 

Inst_Index:8347 	 City_Num:50 	 Concorde:0.053699 	 MCTS:5.356697 Improve:0.013232 	 Time:5.00 Seconds
Solution: 1 26 27 14 39 47 7 18 41 5 25 30 8 42 34 10 2 45 9 43 6 19 38 16 11 49 48 21 4 40 46 17 3 28 32 31 37 13 22 36 15 20 33 50 23 44 12 29 35 24 

Inst_Index:8348 	 City_Num:50 	 Concorde:0.054307 	 MCTS:5.430706 Improve:0.000000 	 Time:5.01 Seconds
Solution: 1 4 18 50 5 44 24 15 48 3 12 47 16 25 29 32 13 2 41 42 22 9 20 46 37 39 45 49 8 19 10 23 21 14 11 31 43 6 27 30 38 40 26 28 7 33 36 17 35 34 

Inst_Index:8349 	 City_Num:50 	 Concorde:0.057470 	 MCTS:5.747032 Improve:-0.000000 	 Time:5.00 Seconds
Solution: 1 6 33 40 5 12 38 19 44 21 50 49 20 47 3 4 42 2 48 41 9 30 26 15 24 36 37 39 10 18 43 29 22 11 16 35 28 32 23 17 34 27 8 14 46 31 7 25 13 45 

Inst_Index:8350 	 City_Num:50 	 Concorde:0.051718 	 MCTS:5.171804 Improve:-0.000000 	 Time:5.00 Seconds
Solution: 1 35 9 23 19 27 28 25 4 44 15 6 32 45 34 22 3 7 30 16 33 12 31 37 41 10 11 29 21 38 8 13 46 49 18 24 39 43 48 5 36 47 42 17 40 50 26 14 2 20 

Inst_Index:8351 	 City_Num:50 	 Concorde:0.058158 	 MCTS:5.815754 Improve:-0.000000 	 Time:5.00 Seconds
Solution: 1 11 6 5 13 30 49 48 15 3 39 4 9 24 17 14 16 22 43 2 36 23 21 26 41 33 28 8 7 50 44 19 18 38 32 31 46 29 37 45 35 20 12 47 27 25 42 40 10 34 

Inst_Index:8352 	 City_Num:50 	 Concorde:0.053692 	 MCTS:5.366143 Improve:0.003021 	 Time:5.00 Seconds
Solution: 1 43 39 19 28 13 15 9 3 17 12 20 30 49 46 45 50 48 8 7 6 35 2 29 11 14 31 27 40 38 34 24 25 10 18 44 33 32 21 37 22 4 36 42 41 16 5 23 26 47 

Inst_Index:8353 	 City_Num:50 	 Concorde:0.057093 	 MCTS:5.709011 Improve:0.000249 	 Time:5.01 Seconds
Solution: 1 45 24 18 9 15 32 43 19 4 6 47 21 25 16 46 33 29 5 10 44 2 35 40 42 27 31 14 23 34 37 3 48 50 22 38 7 41 26 49 28 11 36 8 13 12 39 20 30 17 

Inst_Index:8354 	 City_Num:50 	 Concorde:0.051601 	 MCTS:5.158988 Improve:0.001108 	 Time:5.00 Seconds
Solution: 1 31 9 45 46 16 48 25 26 34 33 11 10 38 12 28 22 6 17 27 30 13 43 19 49 20 35 40 3 4 21 29 2 7 39 14 18 42 15 23 32 41 47 8 37 44 50 24 36 5 

Inst_Index:8355 	 City_Num:50 	 Concorde:0.057999 	 MCTS:5.796413 Improve:0.003517 	 Time:5.00 Seconds
Solution: 1 43 46 6 26 17 48 7 2 45 47 20 34 22 31 9 42 32 37 39 12 49 13 50 16 27 19 18 8 33 38 44 29 4 36 14 28 24 21 23 3 40 25 5 41 35 15 11 30 10 

Inst_Index:8356 	 City_Num:50 	 Concorde:0.058615 	 MCTS:5.861542 Improve:0.000000 	 Time:5.00 Seconds
Solution: 1 26 34 28 11 36 17 49 33 25 44 10 2 50 43 35 6 16 8 12 7 41 40 27 30 4 42 20 39 29 38 9 31 13 32 14 45 18 37 5 24 46 19 21 3 22 23 47 15 48 

Inst_Index:8357 	 City_Num:50 	 Concorde:0.059458 	 MCTS:5.945831 Improve:0.000000 	 Time:5.00 Seconds
Solution: 1 44 6 8 42 5 26 41 29 40 20 9 4 32 46 24 21 27 16 17 19 39 13 18 22 7 11 38 12 3 35 10 30 23 33 50 45 14 36 25 43 31 28 15 2 37 47 48 34 49 

Inst_Index:8358 	 City_Num:50 	 Concorde:0.056165 	 MCTS:5.616487 Improve:0.000000 	 Time:5.00 Seconds
Solution: 1 6 39 12 49 5 29 46 7 30 40 25 27 43 4 47 2 13 33 14 32 20 48 26 50 21 11 22 18 34 24 15 19 37 17 41 44 38 36 45 9 8 10 3 31 23 35 28 42 16 

Inst_Index:8359 	 City_Num:50 	 Concorde:0.060423 	 MCTS:6.039438 Improve:0.002912 	 Time:5.00 Seconds
Solution: 1 20 26 39 11 30 28 27 31 33 17 12 19 25 32 16 7 50 22 48 35 4 40 34 21 8 2 46 15 47 23 13 29 43 6 36 14 38 24 10 45 44 49 37 9 42 5 18 41 3 

Inst_Index:8360 	 City_Num:50 	 Concorde:0.058847 	 MCTS:5.880288 Improve:0.004364 	 Time:5.01 Seconds
Solution: 1 50 28 22 19 3 27 24 30 40 47 44 11 26 15 39 38 13 8 10 42 33 9 17 34 29 6 41 20 14 16 12 2 7 5 23 31 36 35 21 37 48 4 25 45 18 43 32 49 46 

Inst_Index:8361 	 City_Num:50 	 Concorde:0.059011 	 MCTS:5.908834 Improve:-0.007769 	 Time:5.00 Seconds
Solution: 1 13 10 49 16 27 7 32 46 15 22 3 19 8 6 17 41 26 44 36 21 48 14 28 25 9 39 47 31 29 35 2 23 40 12 20 5 37 33 38 11 43 34 18 24 4 42 50 45 30 

Inst_Index:8362 	 City_Num:50 	 Concorde:0.060084 	 MCTS:6.008361 Improve:0.000000 	 Time:5.00 Seconds
Solution: 1 43 41 34 39 46 49 10 36 27 31 30 8 42 47 28 26 19 24 22 32 35 40 15 2 33 37 25 21 48 29 38 17 50 9 7 5 13 44 4 18 14 45 6 12 20 3 11 16 23 

Inst_Index:8363 	 City_Num:50 	 Concorde:0.059313 	 MCTS:5.940913 Improve:-0.009632 	 Time:5.00 Seconds
Solution: 1 12 8 38 18 30 36 13 35 41 4 44 6 21 42 40 47 33 28 49 2 11 23 25 20 45 7 16 31 19 24 27 48 15 37 10 43 3 17 34 22 46 9 39 14 32 29 26 50 5 

Inst_Index:8364 	 City_Num:50 	 Concorde:0.058412 	 MCTS:5.838016 Improve:0.003208 	 Time:5.00 Seconds
Solution: 1 32 30 49 10 37 16 33 40 31 15 17 26 5 9 45 42 35 39 24 46 7 13 22 47 4 18 3 25 21 29 8 27 41 50 28 11 12 2 14 20 48 44 23 36 6 34 43 19 38 

Inst_Index:8365 	 City_Num:50 	 Concorde:0.056498 	 MCTS:5.648942 Improve:0.000821 	 Time:5.01 Seconds
Solution: 1 11 34 32 47 27 38 37 10 40 8 30 21 4 3 36 43 28 5 13 44 46 45 18 14 48 16 19 31 9 17 24 20 15 23 41 22 25 35 26 6 49 42 7 50 12 39 29 33 2 

Inst_Index:8366 	 City_Num:50 	 Concorde:0.057689 	 MCTS:5.768876 Improve:0.000000 	 Time:5.00 Seconds
Solution: 1 44 13 34 8 4 29 43 20 41 11 28 5 3 26 31 6 21 36 19 2 46 24 14 38 12 30 48 49 22 9 18 40 33 23 25 37 16 35 7 45 50 32 17 39 27 10 47 42 15 

Inst_Index:8367 	 City_Num:50 	 Concorde:0.058662 	 MCTS:5.876394 Improve:-0.010210 	 Time:5.01 Seconds
Solution: 1 21 45 22 30 46 32 6 28 35 11 48 50 34 14 12 2 38 5 47 18 26 37 44 16 4 49 39 41 36 15 33 19 13 40 9 17 43 27 20 23 29 24 25 7 3 31 8 10 42 

Inst_Index:8368 	 City_Num:50 	 Concorde:0.054366 	 MCTS:5.432430 Improve:0.004122 	 Time:5.01 Seconds
Solution: 1 29 50 24 30 16 33 28 22 11 27 7 21 35 44 2 3 37 13 43 15 8 12 25 41 14 48 20 38 10 31 9 6 47 49 23 32 42 36 45 40 5 18 17 34 26 4 19 46 39 

Inst_Index:8369 	 City_Num:50 	 Concorde:0.056155 	 MCTS:5.615520 Improve:-0.000000 	 Time:5.00 Seconds
Solution: 1 2 47 48 19 50 43 5 35 18 29 24 16 3 15 30 23 8 26 41 38 42 10 21 28 20 25 12 4 7 6 39 36 9 27 11 13 14 32 37 22 46 31 44 33 40 45 34 17 49 

Inst_Index:8370 	 City_Num:50 	 Concorde:0.056644 	 MCTS:5.660315 Improve:0.004085 	 Time:5.00 Seconds
Solution: 1 41 4 42 31 35 23 48 17 26 19 15 12 33 36 18 10 3 16 44 49 6 40 32 29 13 30 39 20 50 24 5 28 9 22 34 37 8 38 11 2 45 27 47 7 14 21 43 46 25 

Inst_Index:8371 	 City_Num:50 	 Concorde:0.057877 	 MCTS:5.787707 Improve:0.000000 	 Time:5.00 Seconds
Solution: 1 47 50 21 24 37 19 13 39 23 16 41 44 9 32 35 3 8 34 20 5 46 7 26 31 4 43 45 33 40 27 22 36 30 49 6 15 18 28 12 10 38 48 14 11 42 25 17 29 2 

Inst_Index:8372 	 City_Num:50 	 Concorde:0.053676 	 MCTS:5.367555 Improve:-0.000000 	 Time:5.00 Seconds
Solution: 1 4 8 31 2 34 6 5 40 39 49 22 41 18 48 20 50 25 10 14 3 17 28 26 19 36 46 37 33 27 11 9 21 38 13 29 12 15 44 35 23 30 24 16 7 43 42 45 47 32 

Inst_Index:8373 	 City_Num:50 	 Concorde:0.057199 	 MCTS:5.715894 Improve:0.003965 	 Time:5.00 Seconds
Solution: 1 46 40 34 6 20 45 3 25 11 41 17 30 9 48 26 16 12 38 33 4 23 47 19 5 15 36 28 49 22 31 37 24 14 50 29 8 2 7 42 27 35 13 32 44 43 10 18 39 21 

Inst_Index:8374 	 City_Num:50 	 Concorde:0.055766 	 MCTS:5.581661 Improve:-0.005078 	 Time:5.00 Seconds
Solution: 1 9 15 11 8 7 21 30 37 36 17 31 33 38 48 40 39 44 19 2 43 3 45 5 16 10 29 24 26 18 4 42 49 32 25 20 47 22 6 23 50 34 27 28 12 14 13 35 41 46 

Inst_Index:8375 	 City_Num:50 	 Concorde:0.055631 	 MCTS:5.559825 Improve:0.003257 	 Time:5.01 Seconds
Solution: 1 48 8 31 14 32 45 13 6 29 41 17 4 9 21 42 18 37 25 22 47 46 3 44 35 26 28 50 16 38 24 5 43 39 33 34 7 27 12 11 10 49 30 19 20 40 23 2 15 36 

Inst_Index:8376 	 City_Num:50 	 Concorde:0.054164 	 MCTS:5.416439 Improve:-0.000000 	 Time:5.01 Seconds
Solution: 1 9 36 6 37 19 34 7 38 4 11 17 28 16 42 44 50 30 31 26 24 20 33 32 10 29 22 48 40 35 5 49 25 27 18 21 3 46 47 23 43 12 45 15 8 39 41 14 2 13 

Inst_Index:8377 	 City_Num:50 	 Concorde:0.056608 	 MCTS:5.660841 Improve:0.000000 	 Time:5.00 Seconds
Solution: 1 30 7 3 11 16 23 22 46 38 47 29 13 14 2 25 5 24 9 36 42 18 19 21 41 43 48 15 45 27 10 20 26 39 34 32 4 40 50 28 33 49 37 8 44 17 6 31 12 35 

Inst_Index:8378 	 City_Num:50 	 Concorde:0.054964 	 MCTS:5.495915 Improve:0.000512 	 Time:5.00 Seconds
Solution: 1 41 18 23 2 37 35 30 45 43 14 4 32 38 24 26 34 16 33 50 13 39 6 36 48 31 46 15 3 27 5 8 12 47 19 25 40 22 44 28 20 17 49 29 10 42 11 9 7 21 

Inst_Index:8379 	 City_Num:50 	 Concorde:0.057775 	 MCTS:5.777504 Improve:0.000000 	 Time:5.00 Seconds
Solution: 1 26 20 47 18 4 28 31 29 5 24 7 15 40 14 50 48 6 30 27 35 49 17 44 46 42 19 32 38 13 16 43 23 41 25 8 10 9 33 34 2 45 3 21 22 37 36 12 39 11 

Inst_Index:8380 	 City_Num:50 	 Concorde:0.051894 	 MCTS:5.188348 Improve:0.001004 	 Time:5.00 Seconds
Solution: 1 43 42 7 30 18 17 46 16 12 41 39 25 29 23 4 37 20 10 28 21 34 19 24 26 32 3 50 13 36 44 22 27 14 11 35 15 5 6 8 31 9 40 38 45 48 2 47 33 49 

Inst_Index:8381 	 City_Num:50 	 Concorde:0.055346 	 MCTS:5.534628 Improve:-0.000000 	 Time:5.00 Seconds
Solution: 1 35 9 13 33 42 36 23 14 32 46 15 31 49 25 48 50 4 10 44 22 28 21 2 47 41 8 7 12 45 3 34 29 17 40 20 11 16 37 19 5 39 6 27 18 30 38 43 26 24 

Inst_Index:8382 	 City_Num:50 	 Concorde:0.051767 	 MCTS:5.170021 Improve:0.006635 	 Time:5.00 Seconds
Solution: 1 12 42 49 16 26 48 32 19 27 9 40 38 7 13 30 18 33 2 44 50 22 20 35 15 14 11 36 37 45 10 6 29 24 8 46 17 39 41 47 4 21 43 28 34 25 31 3 5 23 

Inst_Index:8383 	 City_Num:50 	 Concorde:0.056636 	 MCTS:5.660934 Improve:0.002621 	 Time:5.00 Seconds
Solution: 1 12 19 26 46 20 15 13 18 16 41 35 2 23 3 10 48 25 27 34 40 11 49 36 24 9 47 5 8 39 14 43 6 21 29 45 7 17 50 32 4 30 38 33 22 44 37 42 28 31 

Inst_Index:8384 	 City_Num:50 	 Concorde:0.056389 	 MCTS:5.638858 Improve:0.000000 	 Time:5.00 Seconds
Solution: 1 35 29 4 37 47 42 27 14 25 3 26 9 22 7 21 17 33 40 32 15 28 16 36 12 39 49 48 43 20 5 8 41 18 10 24 31 13 19 30 11 34 46 45 23 2 50 38 6 44 

Inst_Index:8385 	 City_Num:50 	 Concorde:0.061194 	 MCTS:6.119372 Improve:-0.000000 	 Time:5.01 Seconds
Solution: 1 18 30 31 6 50 42 7 11 22 19 24 29 35 15 43 46 17 21 25 26 20 14 9 40 47 3 44 12 23 13 28 36 16 10 41 49 37 27 39 38 2 48 33 5 32 4 45 34 8 

Inst_Index:8386 	 City_Num:50 	 Concorde:0.054820 	 MCTS:5.478793 Improve:0.003252 	 Time:5.01 Seconds
Solution: 1 14 28 44 46 36 20 42 2 18 17 24 32 10 12 6 40 39 3 13 22 41 5 4 35 21 47 30 15 49 27 9 31 29 11 23 48 8 7 50 43 33 16 45 25 26 37 38 34 19 

Inst_Index:8387 	 City_Num:50 	 Concorde:0.055734 	 MCTS:5.573404 Improve:0.000000 	 Time:5.01 Seconds
Solution: 1 11 39 22 14 43 49 45 34 28 42 5 44 8 32 30 2 38 29 16 12 37 47 4 18 24 40 19 50 33 20 31 48 10 35 41 17 9 3 15 13 23 6 27 7 36 21 25 26 46 

Inst_Index:8388 	 City_Num:50 	 Concorde:0.060634 	 MCTS:6.063361 Improve:0.000000 	 Time:5.00 Seconds
Solution: 1 45 24 12 35 47 23 8 31 5 9 41 10 14 28 17 44 38 15 26 6 2 16 40 39 13 7 18 32 43 11 25 50 37 4 48 34 27 29 19 3 21 49 46 33 22 30 42 20 36 

Inst_Index:8389 	 City_Num:50 	 Concorde:0.056561 	 MCTS:5.656149 Improve:-0.000000 	 Time:5.00 Seconds
Solution: 1 14 46 8 17 19 7 47 32 10 24 43 30 35 15 41 50 44 33 25 39 23 48 4 40 38 13 12 20 18 42 21 29 31 34 49 45 9 5 28 26 2 3 27 22 6 37 16 36 11 

Inst_Index:8390 	 City_Num:50 	 Concorde:0.058674 	 MCTS:5.867343 Improve:0.000097 	 Time:5.01 Seconds
Solution: 1 32 21 10 28 5 49 48 50 12 3 43 29 16 36 31 47 25 18 20 30 17 4 46 38 11 2 7 24 15 42 33 41 40 9 34 13 6 8 26 23 14 19 35 44 39 22 37 27 45 

Inst_Index:8391 	 City_Num:50 	 Concorde:0.059925 	 MCTS:5.992489 Improve:0.000000 	 Time:5.00 Seconds
Solution: 1 21 19 25 4 44 45 20 5 10 33 50 29 42 47 12 28 49 3 31 14 32 6 35 30 18 24 26 8 48 27 41 34 43 16 36 37 17 7 39 23 9 46 2 11 22 40 13 15 38 

Inst_Index:8392 	 City_Num:50 	 Concorde:0.056557 	 MCTS:5.655707 Improve:0.000000 	 Time:5.00 Seconds
Solution: 1 9 45 12 15 43 42 6 17 35 5 4 25 50 29 10 34 11 31 47 39 13 3 21 36 23 2 8 28 24 46 20 49 41 33 14 32 40 48 18 16 38 27 26 30 19 44 22 7 37 

Inst_Index:8393 	 City_Num:50 	 Concorde:0.059842 	 MCTS:5.984179 Improve:-0.000000 	 Time:5.00 Seconds
Solution: 1 47 22 13 36 12 33 9 21 30 43 45 32 26 11 23 17 46 18 31 3 24 14 35 10 44 29 8 39 34 25 16 5 48 37 19 40 27 20 2 4 50 41 15 49 7 6 28 42 38 

Inst_Index:8394 	 City_Num:50 	 Concorde:0.051632 	 MCTS:5.163235 Improve:0.000000 	 Time:5.00 Seconds
Solution: 1 23 12 9 47 35 26 45 20 10 32 8 7 41 29 17 6 43 21 34 14 16 42 31 18 13 36 27 44 28 37 3 48 49 38 39 4 24 19 5 11 25 46 30 40 50 2 15 22 33 

Inst_Index:8395 	 City_Num:50 	 Concorde:0.056729 	 MCTS:5.672920 Improve:0.000000 	 Time:5.00 Seconds
Solution: 1 25 21 9 42 48 6 15 29 2 43 22 17 44 41 7 35 14 50 37 19 32 12 5 18 11 30 27 26 33 34 23 28 39 8 31 45 24 13 49 3 20 36 10 38 4 40 46 47 16 

Inst_Index:8396 	 City_Num:50 	 Concorde:0.055936 	 MCTS:5.593642 Improve:-0.000000 	 Time:5.00 Seconds
Solution: 1 5 14 47 20 48 26 32 41 6 24 45 37 36 11 28 46 31 16 15 44 2 25 17 34 9 23 42 35 33 12 39 18 10 19 4 40 38 7 13 22 49 27 30 29 3 21 43 8 50 

Inst_Index:8397 	 City_Num:50 	 Concorde:0.059172 	 MCTS:5.917200 Improve:-0.000000 	 Time:5.00 Seconds
Solution: 1 28 46 24 7 23 20 40 47 14 36 15 21 5 49 11 30 27 35 34 26 8 16 32 45 38 9 22 39 41 29 17 50 31 44 25 37 13 12 18 10 48 3 43 42 2 6 4 19 33 

Inst_Index:8398 	 City_Num:50 	 Concorde:0.054760 	 MCTS:5.474518 Improve:0.001450 	 Time:5.00 Seconds
Solution: 1 8 3 15 38 30 39 33 32 19 44 27 17 20 23 6 11 49 47 45 4 40 26 43 29 28 35 13 12 37 7 24 5 48 18 41 34 10 25 21 42 36 31 14 22 50 46 2 9 16 

Inst_Index:8399 	 City_Num:50 	 Concorde:0.057196 	 MCTS:5.719618 Improve:0.000000 	 Time:5.00 Seconds
Solution: 1 9 19 14 48 46 37 25 47 26 34 32 43 4 15 33 11 44 10 31 49 50 45 12 22 41 29 30 18 38 2 17 5 7 28 35 40 8 27 6 23 24 16 20 36 13 21 42 3 39 

Inst_Index:8400 	 City_Num:50 	 Concorde:0.061367 	 MCTS:6.136702 Improve:0.000000 	 Time:5.00 Seconds
Solution: 1 29 18 44 25 22 9 45 37 5 43 19 35 14 13 12 42 10 30 27 34 15 49 23 33 16 4 17 6 39 46 21 48 36 32 7 24 28 40 26 47 8 20 11 50 31 41 38 2 3 

Inst_Index:8401 	 City_Num:50 	 Concorde:0.054503 	 MCTS:5.448655 Improve:0.001636 	 Time:5.00 Seconds
Solution: 1 38 47 14 28 50 27 32 40 10 20 21 4 46 3 12 33 36 37 44 43 9 24 34 18 25 2 19 13 23 26 45 49 22 35 17 30 7 41 16 8 5 31 42 48 39 11 15 29 6 

Inst_Index:8402 	 City_Num:50 	 Concorde:0.058039 	 MCTS:5.802057 Improve:0.001829 	 Time:5.01 Seconds
Solution: 1 21 11 6 36 8 34 50 35 4 13 10 47 27 46 25 19 48 3 49 33 24 29 23 2 32 40 18 39 17 31 22 5 15 43 45 7 37 9 26 16 20 38 44 42 28 12 41 30 14 

Inst_Index:8403 	 City_Num:50 	 Concorde:0.053634 	 MCTS:5.363416 Improve:0.000000 	 Time:5.01 Seconds
Solution: 1 18 4 12 37 30 41 11 27 24 23 35 29 16 38 8 3 9 28 32 44 13 20 26 33 40 5 49 42 50 39 19 45 14 22 43 15 48 7 10 36 21 47 31 6 17 25 46 34 2 

Inst_Index:8404 	 City_Num:50 	 Concorde:0.053068 	 MCTS:5.306819 Improve:-0.000000 	 Time:5.00 Seconds
Solution: 1 35 48 34 36 11 8 41 24 29 20 44 4 10 47 16 12 42 7 9 28 38 13 37 33 22 30 18 31 6 32 23 49 5 27 3 43 25 39 17 26 15 50 40 21 14 2 46 19 45 

Inst_Index:8405 	 City_Num:50 	 Concorde:0.055828 	 MCTS:5.582326 Improve:0.000492 	 Time:5.00 Seconds
Solution: 1 14 17 40 50 18 8 48 24 4 23 30 9 36 43 19 41 22 26 33 3 25 13 15 7 32 28 5 2 45 12 16 10 20 38 37 21 44 6 47 11 42 31 49 29 27 35 46 39 34 

Inst_Index:8406 	 City_Num:50 	 Concorde:0.057818 	 MCTS:5.775778 Improve:0.006043 	 Time:5.00 Seconds
Solution: 1 8 30 5 32 24 17 12 21 4 28 25 48 26 22 15 29 45 43 31 49 19 6 3 18 41 39 14 20 16 36 2 11 23 9 38 13 7 44 46 35 47 34 40 27 10 42 33 50 37 

Inst_Index:8407 	 City_Num:50 	 Concorde:0.059310 	 MCTS:5.930973 Improve:0.000069 	 Time:5.00 Seconds
Solution: 1 3 25 37 49 13 22 15 44 6 45 8 31 48 18 12 39 5 41 33 2 50 47 17 29 19 36 43 21 46 14 28 34 7 10 26 16 30 32 42 35 11 9 40 38 4 27 23 24 20 

Inst_Index:8408 	 City_Num:50 	 Concorde:0.059780 	 MCTS:5.977981 Improve:-0.000000 	 Time:5.00 Seconds
Solution: 1 32 43 14 40 9 31 3 36 2 21 17 8 13 38 10 18 46 48 19 34 23 22 7 28 49 29 39 4 47 26 33 25 16 41 6 15 11 50 20 42 5 30 37 44 45 27 35 12 24 

Inst_Index:8409 	 City_Num:50 	 Concorde:0.053805 	 MCTS:5.380512 Improve:-0.000000 	 Time:5.00 Seconds
Solution: 1 19 13 3 31 30 16 7 2 21 39 26 6 44 43 4 45 50 40 37 5 42 14 12 38 48 9 20 41 35 22 34 10 32 36 15 46 49 8 47 17 33 29 28 18 23 27 11 25 24 

Inst_Index:8410 	 City_Num:50 	 Concorde:0.060146 	 MCTS:6.014569 Improve:0.000000 	 Time:5.00 Seconds
Solution: 1 37 10 17 27 28 29 35 5 19 24 32 43 44 38 2 23 18 46 16 21 13 9 50 33 11 7 31 42 47 39 3 4 49 45 25 6 41 15 12 48 40 26 30 34 36 22 8 20 14 

Inst_Index:8411 	 City_Num:50 	 Concorde:0.058765 	 MCTS:5.870991 Improve:0.005507 	 Time:5.00 Seconds
Solution: 1 8 41 42 16 20 26 29 21 3 37 27 12 36 6 9 30 5 28 45 7 39 50 10 18 43 13 49 23 47 46 32 22 24 40 19 38 25 35 34 33 15 11 14 17 48 4 2 31 44 

Inst_Index:8412 	 City_Num:50 	 Concorde:0.055232 	 MCTS:5.520170 Improve:0.003043 	 Time:5.00 Seconds
Solution: 1 33 4 11 26 39 45 34 6 42 18 25 29 40 31 27 36 17 24 15 46 2 13 35 43 37 38 8 47 3 12 20 30 49 16 50 19 48 41 10 14 32 5 28 7 22 9 23 21 44 

Inst_Index:8413 	 City_Num:50 	 Concorde:0.054917 	 MCTS:5.491745 Improve:-0.000000 	 Time:5.00 Seconds
Solution: 1 3 5 22 17 38 47 41 9 26 15 46 43 44 31 12 28 10 25 13 14 33 32 2 34 42 16 20 24 49 35 23 27 19 6 18 36 50 30 39 7 40 4 37 11 29 45 8 21 48 

Inst_Index:8414 	 City_Num:50 	 Concorde:0.057885 	 MCTS:5.788458 Improve:-0.000000 	 Time:5.00 Seconds
Solution: 1 50 24 46 43 45 9 14 25 27 16 34 47 33 20 21 11 7 10 8 44 12 19 40 17 42 23 4 22 37 3 32 48 39 30 5 29 28 6 26 13 49 31 35 2 38 41 15 18 36 

Inst_Index:8415 	 City_Num:50 	 Concorde:0.058188 	 MCTS:5.818207 Improve:0.000601 	 Time:5.00 Seconds
Solution: 1 29 34 13 47 16 4 45 6 8 38 10 19 31 48 41 17 44 25 33 30 26 9 42 37 15 20 36 12 39 28 5 32 18 11 24 43 7 46 22 2 14 35 49 3 21 27 40 23 50 

Inst_Index:8416 	 City_Num:50 	 Concorde:0.060221 	 MCTS:6.022084 Improve:-0.000000 	 Time:5.00 Seconds
Solution: 1 19 39 40 7 21 6 32 27 29 8 9 36 18 2 50 23 41 24 35 43 12 30 5 22 13 25 17 31 14 28 15 46 20 44 37 26 3 47 11 42 38 16 4 34 33 48 10 45 49 

Inst_Index:8417 	 City_Num:50 	 Concorde:0.057164 	 MCTS:5.712327 Improve:0.004081 	 Time:5.00 Seconds
Solution: 1 24 18 19 32 16 41 37 30 2 15 21 46 50 22 7 17 5 14 26 27 20 25 31 42 48 13 47 33 49 40 6 35 45 39 44 4 38 36 10 28 3 8 11 29 34 43 12 23 9 

Inst_Index:8418 	 City_Num:50 	 Concorde:0.062764 	 MCTS:6.276418 Improve:0.000000 	 Time:5.01 Seconds
Solution: 1 48 7 18 4 40 34 9 31 42 5 22 35 43 19 39 36 32 8 27 12 38 37 6 46 2 21 29 49 45 50 44 13 3 26 20 17 28 14 41 15 25 11 33 47 10 16 30 24 23 

Inst_Index:8419 	 City_Num:50 	 Concorde:0.060239 	 MCTS:6.023851 Improve:0.000000 	 Time:5.00 Seconds
Solution: 1 25 47 4 11 31 7 5 24 45 15 37 3 13 48 34 40 20 22 23 14 6 26 9 17 41 46 18 44 8 19 10 16 30 39 38 43 27 32 49 12 36 29 21 33 28 35 42 50 2 

Inst_Index:8420 	 City_Num:50 	 Concorde:0.057776 	 MCTS:5.802178 Improve:-0.024586 	 Time:5.00 Seconds
Solution: 1 32 33 18 10 37 40 44 26 3 11 47 5 22 8 46 13 39 36 19 16 23 17 24 7 34 43 41 25 27 21 15 20 28 30 45 35 42 14 12 2 6 48 4 29 50 31 49 38 9 

Inst_Index:8421 	 City_Num:50 	 Concorde:0.054464 	 MCTS:5.446449 Improve:0.000000 	 Time:5.00 Seconds
Solution: 1 2 21 12 31 45 26 44 49 34 23 35 27 36 48 20 42 13 11 47 29 28 5 22 19 32 9 39 8 24 46 37 6 14 17 10 15 4 43 25 3 7 41 16 50 30 33 18 38 40 

Inst_Index:8422 	 City_Num:50 	 Concorde:0.052667 	 MCTS:5.266678 Improve:0.000000 	 Time:5.00 Seconds
Solution: 1 10 9 40 30 28 37 19 48 42 39 8 38 12 16 14 49 26 35 34 44 24 11 3 33 22 32 41 43 13 6 47 36 25 20 5 21 23 17 18 15 46 45 2 29 4 27 7 50 31 

Inst_Index:8423 	 City_Num:50 	 Concorde:0.057386 	 MCTS:5.738564 Improve:-0.000000 	 Time:5.00 Seconds
Solution: 1 29 22 42 47 5 20 25 15 30 8 4 28 27 24 26 17 45 39 12 11 19 33 18 23 37 46 36 16 35 34 14 38 10 21 48 7 6 3 40 13 9 41 50 44 2 43 49 32 31 

Inst_Index:8424 	 City_Num:50 	 Concorde:0.054159 	 MCTS:5.415897 Improve:0.000000 	 Time:5.00 Seconds
Solution: 1 14 19 16 4 6 38 5 27 43 29 21 46 36 33 10 28 32 39 8 37 41 9 47 48 2 34 50 44 15 13 7 11 24 25 45 31 22 42 40 18 3 17 20 30 12 49 23 35 26 

Inst_Index:8425 	 City_Num:50 	 Concorde:0.056997 	 MCTS:5.699720 Improve:0.000000 	 Time:5.00 Seconds
Solution: 1 32 30 7 48 9 41 39 34 49 37 36 16 15 24 47 29 22 44 3 28 4 5 11 25 38 23 21 43 27 50 19 6 14 13 20 31 40 2 10 17 46 45 35 8 42 33 12 26 18 

Inst_Index:8426 	 City_Num:50 	 Concorde:0.053941 	 MCTS:5.393152 Improve:0.000911 	 Time:5.00 Seconds
Solution: 1 31 28 18 16 41 10 47 38 8 21 29 14 44 40 22 24 33 6 45 49 17 36 35 12 7 32 37 4 25 27 19 11 50 30 15 9 3 39 5 42 26 34 2 20 13 43 46 23 48 

Inst_Index:8427 	 City_Num:50 	 Concorde:0.056134 	 MCTS:5.613446 Improve:-0.000000 	 Time:5.00 Seconds
Solution: 1 24 36 19 29 7 44 9 47 6 31 2 33 10 26 37 20 25 38 5 15 30 48 21 45 41 50 28 11 13 14 43 4 18 12 8 22 34 39 17 32 3 35 40 16 42 49 23 27 46 

Inst_Index:8428 	 City_Num:50 	 Concorde:0.054984 	 MCTS:5.498424 Improve:-0.000000 	 Time:5.00 Seconds
Solution: 1 12 18 16 45 33 13 24 37 44 40 28 6 42 41 11 4 31 10 26 23 29 14 47 50 2 27 39 15 3 25 21 22 5 8 9 48 36 46 19 17 30 34 35 32 49 20 38 43 7 

Inst_Index:8429 	 City_Num:50 	 Concorde:0.056593 	 MCTS:5.659306 Improve:0.000000 	 Time:5.00 Seconds
Solution: 1 18 49 30 25 36 22 40 39 23 14 11 43 38 41 42 9 8 5 44 4 37 7 47 26 19 35 27 16 10 29 21 20 24 46 45 28 6 3 34 31 15 12 50 33 2 32 17 48 13 

Inst_Index:8430 	 City_Num:50 	 Concorde:0.057126 	 MCTS:5.712620 Improve:0.000000 	 Time:5.00 Seconds
Solution: 1 4 28 38 50 15 16 2 29 43 3 49 36 31 47 26 8 34 24 7 11 33 27 41 21 10 14 42 39 44 32 19 17 6 37 20 18 48 12 30 35 40 22 9 45 23 5 46 13 25 

Inst_Index:8431 	 City_Num:50 	 Concorde:0.054612 	 MCTS:5.461174 Improve:-0.000000 	 Time:5.00 Seconds
Solution: 1 23 48 18 5 34 30 41 32 4 28 46 13 35 26 3 6 47 39 27 43 12 7 31 17 9 38 16 2 25 15 22 29 36 20 11 44 33 14 21 10 24 45 8 40 49 19 42 37 50 

Inst_Index:8432 	 City_Num:50 	 Concorde:0.058495 	 MCTS:5.849524 Improve:-0.000000 	 Time:5.00 Seconds
Solution: 1 4 26 29 31 10 14 43 40 48 25 24 5 47 13 33 7 50 9 35 28 15 18 19 17 30 27 20 3 34 41 8 45 44 22 6 12 11 37 49 36 16 23 21 42 39 32 38 2 46 

Inst_Index:8433 	 City_Num:50 	 Concorde:0.056057 	 MCTS:5.605719 Improve:-0.000000 	 Time:5.00 Seconds
Solution: 1 7 23 41 31 35 3 39 45 40 17 26 2 9 5 34 48 25 22 30 11 28 29 46 13 44 10 14 24 18 27 43 12 33 32 21 42 49 36 19 50 38 20 4 37 15 6 47 8 16 

Inst_Index:8434 	 City_Num:50 	 Concorde:0.056992 	 MCTS:5.699218 Improve:0.000000 	 Time:5.00 Seconds
Solution: 1 42 45 13 28 16 3 43 9 18 11 10 2 44 22 36 40 32 37 4 31 21 24 26 46 39 47 15 33 27 30 12 29 23 7 6 50 19 25 41 14 5 20 35 8 48 49 38 34 17 

Inst_Index:8435 	 City_Num:50 	 Concorde:0.054375 	 MCTS:5.437454 Improve:0.000000 	 Time:5.00 Seconds
Solution: 1 39 13 17 15 24 21 47 9 38 46 27 48 16 8 37 10 29 4 33 19 11 36 5 45 40 32 31 42 2 43 44 14 50 12 26 41 28 3 49 25 23 6 35 34 20 7 30 18 22 

Inst_Index:8436 	 City_Num:50 	 Concorde:0.057350 	 MCTS:5.734966 Improve:0.000000 	 Time:5.00 Seconds
Solution: 1 43 9 37 38 22 30 45 20 29 39 48 35 15 40 34 26 21 42 27 11 5 13 16 31 3 25 33 46 44 32 19 7 50 23 17 24 41 47 6 12 8 36 49 2 18 14 10 4 28 

Inst_Index:8437 	 City_Num:50 	 Concorde:0.060685 	 MCTS:6.063235 Improve:0.005226 	 Time:5.00 Seconds
Solution: 1 5 18 10 45 37 43 41 50 4 9 22 33 6 20 47 12 39 35 28 40 16 3 17 27 25 38 7 13 34 14 11 23 15 8 32 46 44 19 36 21 49 2 29 31 42 30 24 48 26 

Inst_Index:8438 	 City_Num:50 	 Concorde:0.057914 	 MCTS:5.791420 Improve:-0.000000 	 Time:5.00 Seconds
Solution: 1 2 37 13 38 46 48 21 41 45 36 29 20 5 9 19 31 10 47 14 50 49 22 18 16 8 17 27 33 30 43 4 44 34 39 28 32 6 15 42 7 23 35 24 26 25 12 11 3 40 

Inst_Index:8439 	 City_Num:50 	 Concorde:0.061195 	 MCTS:6.119509 Improve:0.000000 	 Time:5.00 Seconds
Solution: 1 36 42 5 14 24 38 29 13 22 7 10 27 9 12 6 2 49 21 28 16 47 34 35 15 48 43 41 32 44 19 39 25 46 37 30 11 3 20 4 23 26 45 40 18 31 50 8 17 33 

Inst_Index:8440 	 City_Num:50 	 Concorde:0.056243 	 MCTS:5.619738 Improve:0.004578 	 Time:5.00 Seconds
Solution: 1 26 38 15 23 25 24 48 27 50 14 7 12 4 29 11 2 40 47 18 34 36 5 20 19 3 39 46 30 21 9 49 32 35 33 17 8 16 13 44 37 43 6 10 22 42 28 45 41 31 

Inst_Index:8441 	 City_Num:50 	 Concorde:0.056732 	 MCTS:5.673194 Improve:-0.000000 	 Time:5.00 Seconds
Solution: 1 31 32 44 16 23 24 49 2 48 17 35 41 8 38 34 14 47 50 15 19 21 6 20 5 37 40 30 3 39 43 27 22 25 10 11 9 26 45 13 29 28 42 18 4 36 7 12 46 33 

Inst_Index:8442 	 City_Num:50 	 Concorde:0.059572 	 MCTS:5.951006 Improve:0.006154 	 Time:5.00 Seconds
Solution: 1 29 31 28 46 44 10 49 33 50 30 37 45 7 24 34 40 41 38 5 47 36 42 35 14 27 21 26 23 25 4 43 12 22 15 17 11 19 48 39 8 20 32 9 16 13 18 6 2 3 

Inst_Index:8443 	 City_Num:50 	 Concorde:0.057319 	 MCTS:5.729078 Improve:0.002814 	 Time:5.00 Seconds
Solution: 1 26 22 9 11 46 31 28 24 4 7 21 30 32 20 6 25 47 27 48 5 40 16 41 14 42 34 15 36 8 12 44 3 17 50 49 37 39 35 13 18 29 33 38 2 43 45 23 10 19 

Inst_Index:8444 	 City_Num:50 	 Concorde:0.055628 	 MCTS:5.562782 Improve:0.000000 	 Time:5.00 Seconds
Solution: 1 36 35 48 25 34 11 9 39 24 2 21 49 33 22 45 4 37 42 26 29 30 15 38 40 5 13 44 14 19 8 7 50 27 17 31 41 6 23 28 18 32 10 43 47 3 46 16 20 12 

Inst_Index:8445 	 City_Num:50 	 Concorde:0.054852 	 MCTS:5.485173 Improve:0.000000 	 Time:5.00 Seconds
Solution: 1 44 27 43 3 32 8 4 37 40 13 45 5 47 26 38 20 23 33 9 35 18 29 22 39 12 36 49 19 6 11 34 50 30 21 16 31 10 17 7 14 25 48 46 28 2 42 15 24 41 

Inst_Index:8446 	 City_Num:50 	 Concorde:0.059007 	 MCTS:5.900701 Improve:-0.000000 	 Time:5.00 Seconds
Solution: 1 49 48 19 36 2 7 11 4 21 38 40 12 30 27 25 3 41 17 5 33 13 46 34 32 6 10 15 23 28 8 16 35 42 24 37 22 43 20 47 50 39 26 45 14 44 9 18 31 29 

Inst_Index:8447 	 City_Num:50 	 Concorde:0.058458 	 MCTS:5.845802 Improve:-0.000000 	 Time:5.00 Seconds
Solution: 1 23 48 39 33 5 30 44 3 45 32 11 25 49 37 4 34 22 36 13 24 8 17 42 38 7 28 18 21 43 12 10 6 20 31 16 29 26 19 35 47 2 50 27 14 41 46 40 15 9 

Inst_Index:8448 	 City_Num:50 	 Concorde:0.057196 	 MCTS:5.719556 Improve:0.000000 	 Time:5.00 Seconds
Solution: 1 48 42 29 2 23 26 32 28 12 22 15 43 13 3 47 45 31 4 37 44 38 10 8 49 14 35 11 5 27 6 25 7 40 30 18 24 20 36 9 19 34 17 21 46 33 50 39 16 41 

Inst_Index:8449 	 City_Num:50 	 Concorde:0.057967 	 MCTS:5.796164 Improve:0.000559 	 Time:5.00 Seconds
Solution: 1 3 19 18 37 6 10 16 7 44 13 39 41 33 49 27 42 47 28 48 26 25 31 40 11 14 9 23 12 20 43 4 15 50 30 38 46 35 34 21 29 2 22 8 17 32 24 36 5 45 

Inst_Index:8450 	 City_Num:50 	 Concorde:0.056745 	 MCTS:5.674529 Improve:0.000000 	 Time:5.00 Seconds
Solution: 1 11 12 41 28 15 9 44 40 25 43 48 39 23 20 8 32 34 27 37 29 14 19 2 5 16 21 50 3 36 10 35 6 18 49 46 24 31 4 45 47 33 30 42 26 13 22 7 17 38 

Inst_Index:8451 	 City_Num:50 	 Concorde:0.056358 	 MCTS:5.635770 Improve:0.000000 	 Time:5.00 Seconds
Solution: 1 18 19 49 27 39 50 31 36 12 21 6 16 33 44 22 10 45 15 26 25 41 8 32 35 34 43 48 30 47 14 5 24 23 2 3 20 4 17 38 28 11 29 42 46 40 7 13 9 37 


Avg_Concorde_Distance: 5.699822 Avg_MCTS_Distance: 5.699331 Avg_Gap: -0.000087 Total_Time: 1566.87 Seconds 
 Beat_Best_Known_Times: 102 Match_Best_Known_Times: 196 Miss_Best_Known_Times: 15 
