Number_of_Instances_In_Current_Batch: 313

Inst_Index:6261 	 City_Num:50 	 Concorde:0.056833 	 MCTS:5.683259 Improve:-0.000000 	 Time:5.00 Seconds
Solution: 1 33 43 18 46 30 21 7 47 50 10 29 2 19 48 28 23 13 45 26 44 27 5 35 24 34 3 12 16 6 39 9 42 15 8 25 22 49 40 17 41 20 11 32 14 36 38 31 37 4 

Inst_Index:6262 	 City_Num:50 	 Concorde:0.060888 	 MCTS:6.088782 Improve:0.000000 	 Time:5.00 Seconds
Solution: 1 48 35 4 6 32 41 25 31 33 37 34 50 18 3 16 8 27 38 29 45 7 40 10 13 26 49 42 2 15 46 30 22 28 36 24 43 21 14 12 39 47 9 23 44 17 20 11 5 19 

Inst_Index:6263 	 City_Num:50 	 Concorde:0.057035 	 MCTS:5.703544 Improve:0.000000 	 Time:5.00 Seconds
Solution: 1 24 36 10 47 14 41 43 31 38 35 46 30 29 5 19 18 34 25 49 21 16 8 22 45 48 37 39 6 13 27 20 28 32 50 44 17 9 2 12 11 7 26 3 42 4 15 23 40 33 

Inst_Index:6264 	 City_Num:50 	 Concorde:0.058163 	 MCTS:5.816327 Improve:0.000000 	 Time:5.00 Seconds
Solution: 1 13 25 31 14 18 41 43 5 28 36 46 40 20 35 2 26 32 23 4 15 49 34 6 38 16 48 3 45 50 7 12 19 47 30 10 21 24 22 39 29 8 44 27 9 33 11 37 42 17 

Inst_Index:6265 	 City_Num:50 	 Concorde:0.057508 	 MCTS:5.750796 Improve:0.000000 	 Time:5.00 Seconds
Solution: 1 23 30 43 47 21 5 31 22 40 9 11 50 24 20 14 3 46 2 37 45 32 12 49 44 4 38 41 25 48 27 29 34 13 35 28 42 10 39 18 26 7 19 8 16 15 6 17 33 36 

Inst_Index:6266 	 City_Num:50 	 Concorde:0.053265 	 MCTS:5.326499 Improve:-0.000000 	 Time:5.00 Seconds
Solution: 1 29 34 16 21 28 49 48 43 18 37 40 14 6 35 27 15 44 38 12 24 42 36 5 17 32 46 20 9 39 41 50 19 11 31 47 23 25 13 10 30 7 4 2 8 22 33 26 45 3 

Inst_Index:6267 	 City_Num:50 	 Concorde:0.058650 	 MCTS:5.865042 Improve:-0.000000 	 Time:5.00 Seconds
Solution: 1 32 25 18 22 6 29 2 11 14 27 46 15 13 9 41 40 48 16 20 42 37 35 7 23 3 49 17 12 47 38 5 30 50 34 10 39 36 44 31 19 28 4 8 45 26 33 21 43 24 

Inst_Index:6268 	 City_Num:50 	 Concorde:0.056664 	 MCTS:5.661323 Improve:0.005053 	 Time:5.00 Seconds
Solution: 1 49 27 30 38 21 15 9 22 31 36 46 42 24 50 48 17 40 35 19 28 4 18 12 32 2 41 39 26 20 33 25 44 6 14 5 23 45 3 34 43 8 13 29 7 47 11 16 37 10 

Inst_Index:6269 	 City_Num:50 	 Concorde:0.053963 	 MCTS:5.396185 Improve:0.000152 	 Time:5.00 Seconds
Solution: 1 21 35 39 8 30 3 49 33 41 15 20 40 19 5 26 31 47 11 17 24 10 12 14 48 46 37 2 18 42 45 27 9 7 28 25 16 34 50 43 4 44 22 23 13 6 38 32 36 29 

Inst_Index:6270 	 City_Num:50 	 Concorde:0.057181 	 MCTS:5.718071 Improve:0.000000 	 Time:5.01 Seconds
Solution: 1 7 48 29 24 9 21 39 30 4 44 47 41 45 13 12 22 31 11 5 27 3 10 32 43 6 2 16 38 49 35 34 19 46 36 42 25 14 23 26 28 50 33 18 37 17 8 20 15 40 

Inst_Index:6271 	 City_Num:50 	 Concorde:0.054556 	 MCTS:5.455615 Improve:-0.000000 	 Time:5.00 Seconds
Solution: 1 31 29 49 19 6 33 9 32 11 50 47 30 38 13 46 44 20 39 10 16 41 27 28 37 45 35 17 8 36 34 7 14 25 40 2 4 26 24 5 23 48 18 22 3 21 43 15 12 42 

Inst_Index:6272 	 City_Num:50 	 Concorde:0.055044 	 MCTS:5.504398 Improve:0.000000 	 Time:5.00 Seconds
Solution: 1 3 21 39 2 19 26 40 31 33 35 18 37 44 9 23 8 32 36 29 15 45 7 22 48 14 30 12 6 24 41 50 49 13 47 27 4 5 10 17 16 42 38 43 25 34 11 28 46 20 

Inst_Index:6273 	 City_Num:50 	 Concorde:0.052486 	 MCTS:5.248587 Improve:0.000000 	 Time:5.01 Seconds
Solution: 1 43 37 24 32 10 19 44 9 8 33 39 41 5 47 20 36 46 12 27 26 31 22 49 17 14 16 6 35 2 13 42 21 11 30 3 18 29 4 15 38 48 45 25 28 34 7 23 50 40 

Inst_Index:6274 	 City_Num:50 	 Concorde:0.051916 	 MCTS:5.191562 Improve:0.000000 	 Time:5.00 Seconds
Solution: 1 4 37 17 40 50 13 5 21 3 22 29 14 44 49 38 26 25 6 35 2 46 47 30 39 34 7 15 23 18 33 31 16 43 27 32 9 41 24 45 20 12 8 42 19 36 28 10 48 11 

Inst_Index:6275 	 City_Num:50 	 Concorde:0.053965 	 MCTS:5.396503 Improve:0.000000 	 Time:5.00 Seconds
Solution: 1 19 14 34 41 35 39 11 22 6 12 31 49 10 28 44 30 33 24 16 32 45 48 9 42 36 29 43 18 47 2 15 3 50 21 20 5 13 4 37 8 7 17 25 38 27 23 46 40 26 

Inst_Index:6276 	 City_Num:50 	 Concorde:0.057370 	 MCTS:5.730136 Improve:0.006909 	 Time:5.00 Seconds
Solution: 1 17 33 10 3 26 40 41 23 42 28 46 11 16 15 50 30 35 21 45 37 20 18 36 27 25 9 44 13 22 48 6 39 24 38 4 14 49 32 47 34 12 5 31 7 2 8 29 19 43 

Inst_Index:6277 	 City_Num:50 	 Concorde:0.054406 	 MCTS:5.440613 Improve:0.000000 	 Time:5.00 Seconds
Solution: 1 22 4 30 37 10 44 11 28 31 43 35 3 25 15 36 24 12 40 5 41 49 47 50 6 46 33 29 18 21 16 14 27 9 17 38 8 42 26 48 19 32 23 2 7 20 45 34 39 13 

Inst_Index:6278 	 City_Num:50 	 Concorde:0.054572 	 MCTS:5.457187 Improve:0.000000 	 Time:5.00 Seconds
Solution: 1 13 34 43 5 7 27 6 46 18 23 2 40 19 11 47 29 31 22 39 14 24 36 10 25 26 32 8 4 35 12 41 20 3 38 33 9 15 17 37 28 16 30 21 44 49 50 45 42 48 

Inst_Index:6279 	 City_Num:50 	 Concorde:0.058405 	 MCTS:5.840548 Improve:-0.000000 	 Time:5.00 Seconds
Solution: 1 37 25 31 13 47 20 46 21 39 8 42 9 38 48 22 44 19 5 30 17 33 41 35 23 40 7 45 29 49 6 4 18 3 32 26 12 43 2 50 15 14 10 16 36 24 28 34 27 11 

Inst_Index:6280 	 City_Num:50 	 Concorde:0.052731 	 MCTS:5.271535 Improve:0.001572 	 Time:5.00 Seconds
Solution: 1 46 19 33 16 13 31 38 32 26 10 17 18 8 35 2 30 43 47 36 22 12 5 28 42 39 29 11 37 15 4 23 34 9 41 49 45 44 3 25 48 7 50 6 14 27 24 21 40 20 

Inst_Index:6281 	 City_Num:50 	 Concorde:0.056843 	 MCTS:5.684340 Improve:0.000000 	 Time:5.00 Seconds
Solution: 1 21 10 16 18 45 23 30 33 36 37 38 48 22 41 12 14 49 2 9 17 39 32 35 34 43 50 44 28 20 13 6 27 40 46 29 8 42 5 26 4 3 25 31 7 47 11 19 24 15 

Inst_Index:6282 	 City_Num:50 	 Concorde:0.054997 	 MCTS:5.497821 Improve:0.001848 	 Time:5.00 Seconds
Solution: 1 33 10 6 40 41 5 32 23 18 4 36 30 34 7 22 29 8 49 16 28 26 9 35 2 13 11 46 48 50 27 43 24 47 45 44 38 25 21 17 39 37 20 12 19 3 31 15 42 14 

Inst_Index:6283 	 City_Num:50 	 Concorde:0.062058 	 MCTS:6.205793 Improve:0.000000 	 Time:5.00 Seconds
Solution: 1 5 14 42 10 50 18 32 40 47 22 3 41 36 6 19 37 33 29 17 11 31 4 15 38 45 13 30 46 8 26 12 24 7 48 44 49 27 28 25 23 39 20 16 21 43 2 35 9 34 

Inst_Index:6284 	 City_Num:50 	 Concorde:0.050217 	 MCTS:5.021742 Improve:-0.000000 	 Time:5.00 Seconds
Solution: 1 24 49 7 12 29 21 11 28 19 2 33 41 46 37 39 26 48 47 4 3 31 20 42 44 10 34 27 45 32 35 23 25 15 8 43 14 5 13 22 6 16 17 50 38 9 18 40 30 36 

Inst_Index:6285 	 City_Num:50 	 Concorde:0.055876 	 MCTS:5.576522 Improve:0.011031 	 Time:5.00 Seconds
Solution: 1 4 40 8 14 47 32 17 15 43 36 35 38 33 34 22 28 10 26 3 41 19 21 29 42 5 11 45 39 30 23 27 48 49 20 18 46 31 16 44 2 24 7 9 12 13 37 25 6 50 

Inst_Index:6286 	 City_Num:50 	 Concorde:0.059712 	 MCTS:5.971156 Improve:-0.000000 	 Time:5.00 Seconds
Solution: 1 37 15 27 47 31 28 10 32 44 35 49 4 19 14 46 39 29 38 43 30 34 50 2 5 40 6 24 23 25 42 3 21 22 33 48 16 11 45 26 41 20 12 13 9 7 8 36 17 18 

Inst_Index:6287 	 City_Num:50 	 Concorde:0.054928 	 MCTS:5.492753 Improve:-0.000000 	 Time:5.00 Seconds
Solution: 1 11 33 5 21 49 28 44 30 20 47 10 18 34 48 40 8 16 12 14 29 37 43 46 17 13 35 4 42 39 36 26 25 9 45 23 27 6 15 38 2 31 7 22 19 41 24 50 32 3 

Inst_Index:6288 	 City_Num:50 	 Concorde:0.050607 	 MCTS:5.060683 Improve:-0.000000 	 Time:5.00 Seconds
Solution: 1 26 41 21 25 9 28 37 5 32 16 15 31 7 23 40 48 2 39 34 29 35 6 49 10 44 18 45 27 11 50 4 43 8 24 46 19 13 38 33 42 22 20 36 30 47 14 3 17 12 

Inst_Index:6289 	 City_Num:50 	 Concorde:0.053672 	 MCTS:5.365091 Improve:0.002111 	 Time:5.01 Seconds
Solution: 1 3 8 40 44 12 17 19 23 41 15 4 29 5 6 27 22 38 9 49 18 39 28 10 30 45 34 36 21 13 25 43 20 16 46 48 14 26 35 33 7 37 32 47 42 2 24 31 50 11 

Inst_Index:6290 	 City_Num:50 	 Concorde:0.058355 	 MCTS:5.835515 Improve:0.000000 	 Time:5.00 Seconds
Solution: 1 26 17 35 38 10 20 16 47 42 15 24 5 22 14 31 43 50 48 39 49 46 11 32 7 4 29 34 19 28 3 6 9 30 36 41 18 2 45 25 27 21 40 13 37 12 44 8 23 33 

Inst_Index:6291 	 City_Num:50 	 Concorde:0.059837 	 MCTS:5.983674 Improve:-0.000000 	 Time:5.00 Seconds
Solution: 1 35 8 47 42 13 39 29 44 11 26 50 33 10 7 22 37 9 46 31 19 32 21 3 16 14 23 27 34 43 18 20 15 12 4 30 28 40 38 41 45 5 49 25 2 6 48 36 24 17 

Inst_Index:6292 	 City_Num:50 	 Concorde:0.050821 	 MCTS:5.082088 Improve:0.000000 	 Time:5.00 Seconds
Solution: 1 22 34 17 27 31 45 18 2 38 37 10 26 9 21 32 35 6 7 36 43 8 20 30 33 46 41 12 29 49 44 3 47 23 11 13 42 19 25 15 48 40 24 5 16 50 14 28 39 4 

Inst_Index:6293 	 City_Num:50 	 Concorde:0.057902 	 MCTS:5.785666 Improve:0.004554 	 Time:5.01 Seconds
Solution: 1 27 6 50 29 37 22 3 36 30 46 17 5 9 43 40 15 44 24 19 13 34 39 16 4 20 32 38 23 7 2 33 31 41 49 35 10 14 12 21 28 18 11 26 8 45 48 47 42 25 

Inst_Index:6294 	 City_Num:50 	 Concorde:0.058371 	 MCTS:5.837105 Improve:0.000000 	 Time:5.00 Seconds
Solution: 1 43 3 7 32 37 19 31 17 48 24 40 34 2 38 10 20 5 14 15 25 30 26 45 42 4 46 29 21 41 44 49 39 28 22 11 13 6 23 50 36 9 27 16 33 35 47 8 18 12 

Inst_Index:6295 	 City_Num:50 	 Concorde:0.056083 	 MCTS:5.608293 Improve:0.000000 	 Time:5.00 Seconds
Solution: 1 43 3 48 16 30 49 47 17 19 35 36 13 20 29 42 45 37 50 22 23 39 38 5 7 14 11 40 28 21 18 32 46 44 31 41 34 9 6 10 15 26 27 8 4 2 25 33 12 24 

Inst_Index:6296 	 City_Num:50 	 Concorde:0.057689 	 MCTS:5.768877 Improve:-0.000000 	 Time:5.01 Seconds
Solution: 1 40 43 47 28 9 20 10 49 32 37 17 19 26 30 2 7 14 18 45 3 4 34 42 23 21 12 11 50 24 25 39 13 38 5 8 35 15 44 22 46 27 36 33 16 31 29 48 41 6 

Inst_Index:6297 	 City_Num:50 	 Concorde:0.054372 	 MCTS:5.437177 Improve:0.000000 	 Time:5.00 Seconds
Solution: 1 20 47 7 18 12 39 6 40 49 44 35 41 9 25 24 48 14 33 2 36 15 34 21 10 22 19 37 32 42 11 5 27 29 16 4 3 45 43 30 46 38 13 23 8 26 28 31 50 17 

Inst_Index:6298 	 City_Num:50 	 Concorde:0.059603 	 MCTS:5.960311 Improve:0.000000 	 Time:5.00 Seconds
Solution: 1 50 26 8 24 36 34 37 9 40 43 29 18 39 6 12 44 10 42 22 28 41 11 30 19 38 16 4 46 14 5 13 27 49 33 2 21 23 17 35 7 45 20 31 32 15 48 25 47 3 

Inst_Index:6299 	 City_Num:50 	 Concorde:0.057960 	 MCTS:5.792040 Improve:0.003919 	 Time:5.00 Seconds
Solution: 1 11 21 19 28 10 27 15 48 41 34 3 50 30 2 6 5 22 25 20 40 33 43 35 8 16 36 7 14 44 23 47 32 46 49 18 26 38 17 12 31 37 29 42 4 24 9 39 13 45 

Inst_Index:6300 	 City_Num:50 	 Concorde:0.056753 	 MCTS:5.675259 Improve:-0.000000 	 Time:5.00 Seconds
Solution: 1 37 35 11 10 30 27 47 42 5 36 44 17 32 49 43 4 31 13 24 26 41 20 38 23 25 2 22 3 46 40 50 12 9 8 28 18 29 21 39 14 34 45 33 19 48 16 15 7 6 

Inst_Index:6301 	 City_Num:50 	 Concorde:0.057179 	 MCTS:5.717859 Improve:-0.000000 	 Time:5.00 Seconds
Solution: 1 38 37 41 32 16 27 9 15 46 42 6 29 21 8 10 28 5 47 31 39 35 22 34 45 18 12 7 23 44 24 20 48 30 4 26 33 13 50 36 2 19 3 40 43 25 49 17 14 11 

Inst_Index:6302 	 City_Num:50 	 Concorde:0.060807 	 MCTS:6.080693 Improve:0.000000 	 Time:5.00 Seconds
Solution: 1 21 38 26 49 4 23 45 25 7 28 46 47 44 24 14 43 13 5 31 40 33 3 12 11 20 50 2 41 17 6 16 30 32 36 42 15 29 37 19 9 18 10 35 48 22 34 39 8 27 

Inst_Index:6303 	 City_Num:50 	 Concorde:0.058978 	 MCTS:5.897786 Improve:0.000000 	 Time:5.00 Seconds
Solution: 1 17 34 19 44 6 18 48 3 45 43 27 30 49 40 10 14 28 33 31 15 25 29 2 41 12 35 5 16 13 47 42 46 37 36 39 7 32 38 11 23 20 21 4 9 22 8 26 50 24 

Inst_Index:6304 	 City_Num:50 	 Concorde:0.057298 	 MCTS:5.728825 Improve:0.000956 	 Time:5.00 Seconds
Solution: 1 17 3 28 19 16 13 39 5 18 32 31 48 42 40 26 33 8 43 47 38 22 23 44 20 14 12 7 2 9 21 27 30 41 50 11 24 49 4 45 46 36 15 25 34 29 6 37 10 35 

Inst_Index:6305 	 City_Num:50 	 Concorde:0.056293 	 MCTS:5.629336 Improve:0.000000 	 Time:5.00 Seconds
Solution: 1 47 15 24 35 22 25 12 21 2 36 39 31 16 17 34 23 26 33 7 8 30 43 44 46 38 18 41 27 10 14 32 50 9 13 45 11 37 4 48 29 19 6 5 3 40 20 28 42 49 

Inst_Index:6306 	 City_Num:50 	 Concorde:0.054224 	 MCTS:5.421208 Improve:0.001231 	 Time:5.00 Seconds
Solution: 1 38 28 44 40 35 19 17 23 31 9 3 36 49 16 18 8 29 4 6 14 39 5 32 12 15 7 27 45 42 47 13 37 22 10 20 41 26 43 24 34 21 48 33 2 30 46 25 11 50 

Inst_Index:6307 	 City_Num:50 	 Concorde:0.057075 	 MCTS:5.696664 Improve:0.010823 	 Time:5.00 Seconds
Solution: 1 17 24 9 21 44 16 37 46 41 6 7 33 47 10 42 25 8 43 28 35 32 11 2 14 5 34 31 3 27 18 20 40 29 45 13 22 49 12 39 26 15 23 4 30 19 36 50 38 48 

Inst_Index:6308 	 City_Num:50 	 Concorde:0.053345 	 MCTS:5.334458 Improve:0.000000 	 Time:5.00 Seconds
Solution: 1 13 2 25 35 47 20 49 8 44 21 24 28 16 7 6 43 41 10 27 42 15 46 50 17 12 32 38 45 36 34 39 4 3 37 26 18 29 23 31 22 19 33 9 14 11 40 48 5 30 

Inst_Index:6309 	 City_Num:50 	 Concorde:0.056579 	 MCTS:5.657878 Improve:-0.000000 	 Time:5.00 Seconds
Solution: 1 44 45 16 21 47 36 39 41 8 15 6 7 29 34 28 43 14 17 18 13 33 19 24 40 11 38 26 37 3 35 20 49 27 22 46 2 5 12 32 10 31 50 30 9 4 48 42 23 25 

Inst_Index:6310 	 City_Num:50 	 Concorde:0.054503 	 MCTS:5.450334 Improve:-0.000000 	 Time:5.00 Seconds
Solution: 1 35 4 11 13 44 9 20 3 38 36 31 22 50 32 49 45 30 14 18 47 26 42 41 25 19 6 15 2 23 40 27 16 33 7 10 37 8 43 17 29 48 28 34 46 5 39 21 24 12 

Inst_Index:6311 	 City_Num:50 	 Concorde:0.058142 	 MCTS:5.814205 Improve:-0.000000 	 Time:5.00 Seconds
Solution: 1 47 19 31 9 37 49 40 48 50 10 4 14 43 17 16 45 44 42 29 26 18 3 13 12 15 32 22 11 24 25 35 33 28 27 23 38 41 6 21 30 36 20 7 2 5 34 39 8 46 

Inst_Index:6312 	 City_Num:50 	 Concorde:0.058915 	 MCTS:5.891453 Improve:-0.000000 	 Time:5.00 Seconds
Solution: 1 40 17 49 24 27 32 50 5 34 10 7 36 33 19 13 26 18 42 23 14 15 22 43 25 35 3 45 29 48 12 39 38 8 6 21 41 28 44 4 30 11 16 47 37 20 46 2 31 9 

Inst_Index:6313 	 City_Num:50 	 Concorde:0.060834 	 MCTS:6.083010 Improve:0.000412 	 Time:5.00 Seconds
Solution: 1 34 44 37 36 49 8 6 29 19 43 23 40 28 45 20 26 21 31 5 24 22 25 15 18 42 14 2 48 27 13 33 46 7 38 39 17 10 35 41 32 11 3 47 12 16 4 9 50 30 

Inst_Index:6314 	 City_Num:50 	 Concorde:0.054197 	 MCTS:5.419712 Improve:0.000005 	 Time:5.00 Seconds
Solution: 1 39 8 24 38 33 18 4 5 35 29 11 49 2 36 26 27 40 44 45 28 15 41 21 42 19 31 13 9 37 30 6 14 16 22 17 12 3 20 50 48 23 43 7 34 25 46 32 47 10 

Inst_Index:6315 	 City_Num:50 	 Concorde:0.059806 	 MCTS:5.980649 Improve:-0.000000 	 Time:5.00 Seconds
Solution: 1 24 10 29 16 28 47 21 31 12 18 41 30 46 11 13 50 20 39 23 14 32 3 37 48 17 36 2 5 27 38 25 35 43 34 7 22 9 26 42 33 44 15 49 6 19 4 45 40 8 

Inst_Index:6316 	 City_Num:50 	 Concorde:0.055571 	 MCTS:5.557113 Improve:0.000000 	 Time:5.01 Seconds
Solution: 1 6 47 40 33 42 49 46 37 13 29 36 30 39 24 7 11 12 10 15 27 35 8 50 21 9 32 22 14 18 28 26 3 31 5 17 4 25 41 38 44 19 34 45 23 16 48 20 43 2 

Inst_Index:6317 	 City_Num:50 	 Concorde:0.053797 	 MCTS:5.379720 Improve:0.000000 	 Time:5.00 Seconds
Solution: 1 34 2 39 13 12 15 38 50 46 24 20 30 25 19 7 37 22 32 45 3 18 23 29 36 27 33 4 42 21 49 26 41 44 9 8 31 28 43 40 6 16 5 17 11 35 48 47 10 14 

Inst_Index:6318 	 City_Num:50 	 Concorde:0.054960 	 MCTS:5.495993 Improve:0.000000 	 Time:5.00 Seconds
Solution: 1 6 19 36 45 3 30 26 37 10 11 25 17 50 49 4 2 23 39 28 34 7 35 44 8 24 46 5 48 15 14 42 12 33 18 16 32 43 41 40 27 38 31 20 9 47 29 21 22 13 

Inst_Index:6319 	 City_Num:50 	 Concorde:0.055890 	 MCTS:5.589011 Improve:-0.000000 	 Time:5.00 Seconds
Solution: 1 38 47 18 40 45 46 49 7 41 17 27 11 26 25 32 2 20 30 10 36 14 50 9 28 34 35 23 16 39 19 4 24 3 48 29 6 42 5 31 15 43 13 37 33 8 22 12 21 44 

Inst_Index:6320 	 City_Num:50 	 Concorde:0.055933 	 MCTS:5.593277 Improve:0.000000 	 Time:5.00 Seconds
Solution: 1 3 34 43 39 35 30 6 24 19 44 7 14 28 26 17 21 25 20 2 15 23 5 8 38 18 40 36 13 47 9 32 42 10 33 41 37 4 22 48 49 11 16 46 50 12 31 45 27 29 

Inst_Index:6321 	 City_Num:50 	 Concorde:0.058058 	 MCTS:5.805752 Improve:0.000000 	 Time:5.00 Seconds
Solution: 1 6 26 11 35 46 23 24 32 10 13 37 29 28 21 41 47 4 38 33 15 2 7 16 49 34 9 40 12 3 48 43 44 5 27 30 50 18 31 39 25 42 17 8 45 19 20 22 14 36 

Inst_Index:6322 	 City_Num:50 	 Concorde:0.059912 	 MCTS:5.989164 Improve:0.002038 	 Time:5.00 Seconds
Solution: 1 7 41 33 27 46 32 28 4 19 14 42 45 17 35 43 12 16 22 36 29 48 50 39 13 5 20 40 24 25 49 9 21 26 6 11 38 2 18 23 44 15 3 34 10 31 30 47 37 8 

Inst_Index:6323 	 City_Num:50 	 Concorde:0.058589 	 MCTS:5.858659 Improve:0.000196 	 Time:5.00 Seconds
Solution: 1 4 47 32 15 8 37 36 19 29 30 10 40 13 27 9 26 31 5 50 34 17 41 49 22 11 14 35 7 25 44 6 21 16 28 23 2 12 48 46 33 38 3 42 18 45 20 24 43 39 

Inst_Index:6324 	 City_Num:50 	 Concorde:0.057789 	 MCTS:5.778868 Improve:0.000000 	 Time:5.00 Seconds
Solution: 1 22 46 20 11 6 38 10 29 23 17 50 27 44 36 33 28 34 40 37 12 18 48 47 2 3 42 21 13 30 4 39 45 5 25 49 9 24 19 32 41 14 8 16 26 15 35 43 7 31 

Inst_Index:6325 	 City_Num:50 	 Concorde:0.054673 	 MCTS:5.467267 Improve:-0.000000 	 Time:5.01 Seconds
Solution: 1 25 47 13 11 45 7 21 46 16 43 38 30 20 34 28 27 26 31 40 14 23 22 37 4 19 5 41 35 10 32 44 12 36 2 8 18 42 48 15 17 39 33 6 50 9 29 3 24 49 

Inst_Index:6326 	 City_Num:50 	 Concorde:0.053480 	 MCTS:5.347952 Improve:0.000000 	 Time:5.00 Seconds
Solution: 1 29 2 25 40 36 39 13 31 34 5 44 45 43 22 19 15 33 14 38 8 41 26 12 7 32 30 3 46 47 17 48 16 35 23 27 28 11 24 20 10 49 37 21 4 6 42 50 18 9 

Inst_Index:6327 	 City_Num:50 	 Concorde:0.053590 	 MCTS:5.358246 Improve:0.000734 	 Time:5.00 Seconds
Solution: 1 23 17 11 27 45 12 3 5 34 8 36 47 26 29 16 35 31 22 28 49 40 30 37 4 20 7 24 42 39 33 25 9 10 6 50 41 48 19 44 18 21 46 38 32 43 15 2 14 13 

Inst_Index:6328 	 City_Num:50 	 Concorde:0.052805 	 MCTS:5.280465 Improve:0.000000 	 Time:5.00 Seconds
Solution: 1 36 48 17 50 41 14 20 15 24 18 9 22 32 40 10 44 4 33 5 27 34 13 39 19 29 45 35 6 43 25 38 2 12 46 37 47 49 30 23 7 11 31 3 26 21 28 16 8 42 

Inst_Index:6329 	 City_Num:50 	 Concorde:0.057596 	 MCTS:5.757948 Improve:0.001699 	 Time:5.00 Seconds
Solution: 1 46 25 11 29 40 12 24 16 35 6 18 23 21 47 8 22 50 48 36 41 45 9 42 49 34 13 43 38 32 5 14 2 33 39 4 26 30 17 19 31 27 3 10 20 15 37 44 28 7 

Inst_Index:6330 	 City_Num:50 	 Concorde:0.055231 	 MCTS:5.523052 Improve:0.000000 	 Time:5.00 Seconds
Solution: 1 17 38 49 4 18 50 40 9 29 27 39 20 6 32 44 43 21 19 23 36 31 11 2 26 3 46 24 28 15 37 22 12 33 35 16 25 13 5 8 34 45 47 10 48 41 30 14 42 7 

Inst_Index:6331 	 City_Num:50 	 Concorde:0.056875 	 MCTS:5.687532 Improve:0.000000 	 Time:5.00 Seconds
Solution: 1 25 39 8 32 49 17 48 27 28 13 18 20 3 7 2 45 42 12 21 11 9 16 31 19 5 34 35 40 38 23 41 4 33 24 50 36 29 26 43 10 22 44 14 15 6 47 37 46 30 

Inst_Index:6332 	 City_Num:50 	 Concorde:0.058167 	 MCTS:5.816700 Improve:0.000000 	 Time:5.00 Seconds
Solution: 1 34 32 4 46 28 3 26 19 48 45 24 50 27 15 13 16 36 49 41 17 42 38 30 37 8 9 39 47 14 21 11 35 23 22 12 18 25 43 10 2 20 44 33 6 40 29 7 31 5 

Inst_Index:6333 	 City_Num:50 	 Concorde:0.061963 	 MCTS:6.196293 Improve:-0.000000 	 Time:5.00 Seconds
Solution: 1 17 5 31 19 20 10 36 50 13 28 4 39 49 6 33 45 35 44 26 11 37 15 9 42 25 32 7 3 38 48 12 30 22 43 40 18 47 27 46 29 34 24 21 16 8 14 2 23 41 

Inst_Index:6334 	 City_Num:50 	 Concorde:0.057285 	 MCTS:5.728501 Improve:0.000000 	 Time:5.00 Seconds
Solution: 1 42 21 7 34 22 32 3 37 25 13 20 45 27 5 43 38 41 36 12 8 31 30 15 14 48 40 49 24 10 44 29 6 28 23 9 19 18 35 26 47 2 17 11 16 39 50 33 46 4 

Inst_Index:6335 	 City_Num:50 	 Concorde:0.060404 	 MCTS:6.038485 Improve:0.001937 	 Time:5.00 Seconds
Solution: 1 2 46 33 28 22 20 21 50 36 23 25 18 7 47 29 8 13 48 32 41 15 26 43 37 16 24 9 34 39 42 12 44 31 4 49 5 14 6 35 10 30 27 40 45 3 17 11 38 19 

Inst_Index:6336 	 City_Num:50 	 Concorde:0.056244 	 MCTS:5.624422 Improve:-0.000000 	 Time:5.00 Seconds
Solution: 1 34 41 7 38 8 20 28 4 32 40 25 36 5 47 16 11 49 35 19 39 15 48 42 10 43 30 3 22 37 29 24 6 12 21 44 2 14 9 13 33 46 50 26 27 45 17 31 18 23 

Inst_Index:6337 	 City_Num:50 	 Concorde:0.053757 	 MCTS:5.375708 Improve:0.000000 	 Time:5.00 Seconds
Solution: 1 24 42 33 43 22 17 23 26 44 46 31 48 49 20 14 32 16 34 13 11 38 5 36 12 25 29 47 4 27 45 35 9 30 37 3 8 41 18 21 28 10 19 50 15 7 40 39 6 2 

Inst_Index:6338 	 City_Num:50 	 Concorde:0.058892 	 MCTS:5.889151 Improve:0.000000 	 Time:5.00 Seconds
Solution: 1 28 12 18 45 34 10 17 42 4 2 23 33 3 8 35 48 37 22 14 27 29 11 24 13 15 7 32 49 25 5 50 39 36 47 6 31 16 26 43 21 19 38 41 44 40 9 46 30 20 

Inst_Index:6339 	 City_Num:50 	 Concorde:0.053359 	 MCTS:5.335949 Improve:0.000000 	 Time:5.00 Seconds
Solution: 1 46 38 13 22 39 37 17 33 35 2 34 11 25 28 24 15 42 49 6 29 23 12 43 9 40 30 3 19 32 44 4 31 36 20 21 5 45 27 47 50 18 16 8 41 48 7 26 10 14 

Inst_Index:6340 	 City_Num:50 	 Concorde:0.054765 	 MCTS:5.476506 Improve:-0.000000 	 Time:5.00 Seconds
Solution: 1 23 37 25 21 29 17 7 4 49 15 28 24 42 11 48 35 38 36 41 34 2 44 46 47 43 26 27 13 50 5 22 45 40 32 30 16 19 18 6 12 33 10 3 31 9 8 39 20 14 

Inst_Index:6341 	 City_Num:50 	 Concorde:0.055452 	 MCTS:5.544377 Improve:0.000864 	 Time:5.00 Seconds
Solution: 1 13 39 11 49 43 2 5 16 33 20 47 31 46 34 42 48 22 8 38 6 24 14 32 50 35 45 26 29 21 12 19 27 3 44 18 30 36 25 9 15 4 28 10 17 7 40 37 23 41 

Inst_Index:6342 	 City_Num:50 	 Concorde:0.056793 	 MCTS:5.679269 Improve:-0.000000 	 Time:5.00 Seconds
Solution: 1 4 49 46 30 17 44 42 19 9 2 45 12 21 11 34 38 28 39 14 50 35 6 8 20 37 18 33 43 3 47 31 23 36 29 32 7 25 22 5 41 40 48 15 16 24 27 10 13 26 

Inst_Index:6343 	 City_Num:50 	 Concorde:0.058843 	 MCTS:5.877403 Improve:0.006867 	 Time:5.00 Seconds
Solution: 1 25 50 36 21 18 3 40 20 44 28 42 41 11 23 4 47 46 49 13 9 33 5 6 34 39 30 7 12 15 32 16 48 38 10 8 29 31 26 35 19 27 14 37 17 24 45 2 22 43 

Inst_Index:6344 	 City_Num:50 	 Concorde:0.062343 	 MCTS:6.234266 Improve:0.000000 	 Time:5.00 Seconds
Solution: 1 14 33 2 7 11 28 43 46 3 10 47 32 30 34 16 31 19 9 27 44 4 24 12 6 23 45 5 39 22 40 29 18 20 48 49 17 41 26 42 21 25 13 35 36 38 15 37 50 8 

Inst_Index:6345 	 City_Num:50 	 Concorde:0.055753 	 MCTS:5.575318 Improve:0.000000 	 Time:5.00 Seconds
Solution: 1 29 23 41 35 19 30 46 4 40 21 49 2 31 16 20 6 27 8 3 22 36 12 10 33 9 15 18 39 44 28 48 25 50 26 11 34 5 14 43 24 37 42 17 47 38 45 32 13 7 

Inst_Index:6346 	 City_Num:50 	 Concorde:0.058907 	 MCTS:5.888641 Improve:0.002098 	 Time:5.00 Seconds
Solution: 1 30 24 7 36 17 38 27 18 19 20 29 2 10 44 4 32 14 15 49 45 37 11 39 6 35 48 31 46 26 50 43 28 8 47 25 40 42 41 12 9 3 13 5 33 34 16 22 23 21 

Inst_Index:6347 	 City_Num:50 	 Concorde:0.052153 	 MCTS:5.215299 Improve:-0.000000 	 Time:5.00 Seconds
Solution: 1 40 30 24 15 10 50 14 12 36 32 35 2 38 16 4 3 11 27 42 34 39 48 6 44 46 49 33 25 19 7 41 47 37 31 21 28 43 5 8 13 45 22 29 17 20 26 18 23 9 

Inst_Index:6348 	 City_Num:50 	 Concorde:0.058660 	 MCTS:5.863916 Improve:0.002131 	 Time:5.00 Seconds
Solution: 1 24 21 39 42 23 35 33 37 19 4 15 18 27 30 8 45 40 49 36 50 25 29 12 5 48 7 2 32 16 9 41 11 31 38 46 3 26 10 34 44 43 28 47 22 13 17 6 14 20 

Inst_Index:6349 	 City_Num:50 	 Concorde:0.059249 	 MCTS:5.920293 Improve:0.004620 	 Time:5.00 Seconds
Solution: 1 3 36 4 6 20 11 12 48 22 18 17 15 47 14 29 39 26 24 16 46 32 7 23 8 25 31 49 40 44 34 10 21 2 45 28 33 38 30 50 35 5 13 41 37 9 19 43 42 27 

Inst_Index:6350 	 City_Num:50 	 Concorde:0.059083 	 MCTS:5.908307 Improve:0.000000 	 Time:5.00 Seconds
Solution: 1 41 50 12 17 33 25 44 24 8 13 28 37 22 30 10 5 26 47 4 15 23 36 16 45 34 19 39 46 11 18 40 32 14 27 7 49 43 20 3 2 9 48 42 29 31 6 38 21 35 

Inst_Index:6351 	 City_Num:50 	 Concorde:0.058443 	 MCTS:5.844330 Improve:-0.000000 	 Time:5.00 Seconds
Solution: 1 36 46 44 37 47 15 16 2 39 5 20 43 42 23 41 24 28 14 29 26 10 35 19 21 7 25 9 48 12 8 34 33 4 22 27 6 31 49 11 18 40 30 38 50 3 32 17 45 13 

Inst_Index:6352 	 City_Num:50 	 Concorde:0.061873 	 MCTS:6.187275 Improve:-0.000000 	 Time:5.00 Seconds
Solution: 1 26 16 20 49 8 45 29 42 7 28 19 47 48 27 30 34 12 46 15 31 41 9 6 5 17 44 18 38 24 43 25 32 23 21 3 33 11 13 36 40 50 4 37 35 10 2 39 22 14 

Inst_Index:6353 	 City_Num:50 	 Concorde:0.055848 	 MCTS:5.584796 Improve:0.000000 	 Time:5.00 Seconds
Solution: 1 49 21 29 15 26 37 32 50 3 23 14 27 33 48 12 40 25 4 24 9 5 45 43 30 36 28 17 41 7 38 46 39 2 19 22 20 31 47 35 11 10 34 6 8 16 42 18 13 44 

Inst_Index:6354 	 City_Num:50 	 Concorde:0.057908 	 MCTS:5.790844 Improve:0.000000 	 Time:5.00 Seconds
Solution: 1 22 20 48 12 6 9 29 38 35 28 36 31 4 8 23 21 43 41 27 50 49 10 15 42 2 32 19 14 3 45 39 7 44 11 18 46 33 13 26 5 37 24 16 17 47 25 34 40 30 

Inst_Index:6355 	 City_Num:50 	 Concorde:0.056213 	 MCTS:5.617361 Improve:0.003936 	 Time:5.00 Seconds
Solution: 1 31 5 14 35 32 15 22 30 25 7 36 13 49 45 4 46 44 9 2 48 34 16 50 21 28 18 29 8 26 19 17 3 6 27 37 40 38 11 39 12 20 33 41 47 10 42 43 23 24 

Inst_Index:6356 	 City_Num:50 	 Concorde:0.058288 	 MCTS:5.828748 Improve:0.000099 	 Time:5.00 Seconds
Solution: 1 34 3 8 39 20 30 16 46 28 23 21 24 10 32 31 13 42 50 41 35 45 26 18 33 48 38 7 11 25 9 6 14 2 44 47 12 29 19 49 37 5 4 43 36 15 17 27 40 22 

Inst_Index:6357 	 City_Num:50 	 Concorde:0.057387 	 MCTS:5.738687 Improve:-0.000000 	 Time:5.00 Seconds
Solution: 1 32 39 14 49 10 17 16 23 42 4 7 22 44 15 24 20 3 43 30 28 2 31 50 37 25 38 35 26 9 6 21 47 12 45 5 19 33 36 8 41 27 13 18 29 40 46 48 11 34 

Inst_Index:6358 	 City_Num:50 	 Concorde:0.055969 	 MCTS:5.597939 Improve:-0.001058 	 Time:5.01 Seconds
Solution: 1 38 3 29 50 36 12 32 37 42 9 6 43 30 13 34 7 21 8 33 19 35 17 24 27 28 18 46 11 10 47 48 22 39 5 26 2 49 15 25 16 4 20 44 41 45 31 14 23 40 

Inst_Index:6359 	 City_Num:50 	 Concorde:0.054514 	 MCTS:5.436806 Improve:0.014606 	 Time:5.00 Seconds
Solution: 1 24 50 14 6 38 2 23 10 48 35 12 28 9 46 33 15 44 27 13 47 7 31 40 29 26 37 39 34 4 45 36 19 30 16 43 32 49 20 21 5 25 17 41 11 8 22 18 3 42 

Inst_Index:6360 	 City_Num:50 	 Concorde:0.059275 	 MCTS:5.927524 Improve:-0.000000 	 Time:5.00 Seconds
Solution: 1 28 20 40 21 10 18 36 29 37 16 30 42 46 35 7 15 12 5 33 13 49 8 45 31 48 11 44 19 38 25 26 2 6 22 34 23 24 4 41 43 32 9 50 39 27 3 17 47 14 

Inst_Index:6361 	 City_Num:50 	 Concorde:0.055482 	 MCTS:5.548209 Improve:-0.000000 	 Time:5.00 Seconds
Solution: 1 31 2 24 14 19 45 36 17 16 28 23 32 33 34 13 50 22 27 7 25 15 42 21 20 11 48 5 41 10 18 26 12 43 30 8 47 3 49 9 46 38 40 44 29 39 4 35 6 37 

Inst_Index:6362 	 City_Num:50 	 Concorde:0.055489 	 MCTS:5.546514 Improve:0.002411 	 Time:5.00 Seconds
Solution: 1 24 38 9 29 46 18 41 14 11 44 8 16 36 30 35 34 27 28 13 23 42 3 2 33 39 12 25 19 15 7 22 4 6 20 49 40 10 48 26 37 45 50 47 21 5 31 32 43 17 

Inst_Index:6363 	 City_Num:50 	 Concorde:0.050939 	 MCTS:5.091579 Improve:0.002279 	 Time:5.00 Seconds
Solution: 1 6 7 44 29 18 30 43 3 23 25 32 20 38 48 35 27 33 9 50 14 2 4 49 39 37 46 13 36 45 40 42 22 19 11 31 16 8 15 47 28 24 10 34 21 41 17 26 12 5 

Inst_Index:6364 	 City_Num:50 	 Concorde:0.060539 	 MCTS:6.053863 Improve:0.000000 	 Time:5.00 Seconds
Solution: 1 41 15 31 30 50 10 4 21 35 44 6 5 47 37 40 22 8 46 16 9 17 25 12 33 3 39 32 7 14 48 24 27 42 23 13 38 2 18 11 49 43 36 34 19 20 29 45 28 26 

Inst_Index:6365 	 City_Num:50 	 Concorde:0.057497 	 MCTS:5.745769 Improve:0.003969 	 Time:5.00 Seconds
Solution: 1 42 36 39 8 9 5 19 25 35 30 4 7 11 21 20 40 45 3 48 50 22 37 47 6 38 15 49 12 27 16 34 10 17 13 2 28 14 43 18 26 29 31 44 41 46 32 23 24 33 

Inst_Index:6366 	 City_Num:50 	 Concorde:0.056652 	 MCTS:5.662351 Improve:0.002848 	 Time:5.01 Seconds
Solution: 1 9 44 6 30 38 45 36 32 10 15 31 13 23 33 7 19 37 43 3 8 22 42 14 35 16 48 24 46 12 41 5 40 29 49 39 47 4 26 21 20 50 27 17 25 11 2 34 18 28 

Inst_Index:6367 	 City_Num:50 	 Concorde:0.061446 	 MCTS:6.144565 Improve:0.000000 	 Time:5.01 Seconds
Solution: 1 46 4 8 40 7 5 19 17 27 26 6 3 35 42 12 2 39 11 13 25 33 23 48 36 44 15 45 9 29 49 24 47 20 37 31 18 50 21 10 32 30 41 28 43 14 34 38 22 16 

Inst_Index:6368 	 City_Num:50 	 Concorde:0.059050 	 MCTS:5.904964 Improve:0.000000 	 Time:5.01 Seconds
Solution: 1 13 48 30 33 18 34 3 2 26 43 17 41 47 49 46 14 27 29 7 11 4 19 37 45 42 9 6 40 35 24 16 44 39 25 5 23 38 31 32 50 28 10 20 36 8 15 22 12 21 

Inst_Index:6369 	 City_Num:50 	 Concorde:0.053074 	 MCTS:5.307433 Improve:0.000000 	 Time:5.00 Seconds
Solution: 1 7 22 45 13 36 11 25 28 19 39 31 33 20 14 43 41 4 5 37 27 40 21 3 49 12 34 8 47 16 30 9 2 32 35 38 17 46 26 23 6 18 44 24 48 10 29 42 15 50 

Inst_Index:6370 	 City_Num:50 	 Concorde:0.055753 	 MCTS:5.575316 Improve:-0.000000 	 Time:5.02 Seconds
Solution: 1 20 25 44 12 40 37 30 31 29 48 35 22 34 13 24 15 38 7 47 46 18 21 26 23 3 19 41 5 10 50 16 36 14 2 28 8 33 32 4 49 6 17 9 11 39 45 42 27 43 

Inst_Index:6371 	 City_Num:50 	 Concorde:0.057339 	 MCTS:5.729993 Improve:0.003860 	 Time:5.00 Seconds
Solution: 1 47 15 9 28 37 25 11 21 24 20 31 8 49 33 19 46 26 22 6 10 2 27 43 7 41 50 39 29 30 35 42 18 48 34 32 16 3 5 44 45 12 17 38 14 40 4 23 13 36 

Inst_Index:6372 	 City_Num:50 	 Concorde:0.057563 	 MCTS:5.756329 Improve:0.000000 	 Time:5.00 Seconds
Solution: 1 34 10 44 18 50 17 11 5 43 37 36 25 32 7 27 47 6 20 8 22 30 14 28 23 40 38 41 29 24 16 45 39 21 3 12 35 26 33 15 48 42 31 46 2 13 19 49 4 9 

Inst_Index:6373 	 City_Num:50 	 Concorde:0.054295 	 MCTS:5.429481 Improve:0.000000 	 Time:5.00 Seconds
Solution: 1 36 27 50 43 40 28 10 41 6 26 42 47 9 49 21 39 5 22 14 24 7 19 32 31 15 48 37 23 44 25 3 8 20 38 46 33 34 4 35 29 2 18 16 30 17 11 45 13 12 

Inst_Index:6374 	 City_Num:50 	 Concorde:0.055627 	 MCTS:5.562462 Improve:0.000287 	 Time:5.00 Seconds
Solution: 1 34 2 16 44 9 21 43 7 37 14 47 10 3 5 22 27 4 15 17 13 12 32 24 23 49 42 29 45 31 11 6 38 36 35 33 48 20 40 25 50 28 8 19 46 26 30 39 41 18 

Inst_Index:6375 	 City_Num:50 	 Concorde:0.057788 	 MCTS:5.778810 Improve:0.000000 	 Time:5.01 Seconds
Solution: 1 25 24 19 39 22 20 44 37 5 2 26 45 31 7 42 13 33 3 48 34 40 50 8 32 11 41 16 46 18 27 23 4 30 10 9 47 49 17 38 36 15 12 6 14 28 21 43 35 29 

Inst_Index:6376 	 City_Num:50 	 Concorde:0.057400 	 MCTS:5.739964 Improve:0.000000 	 Time:5.00 Seconds
Solution: 1 23 3 17 50 6 12 44 35 29 24 40 20 14 43 7 19 13 5 49 33 48 10 11 31 18 32 8 22 26 28 25 46 41 37 27 21 36 38 39 15 2 34 30 47 42 9 4 45 16 

Inst_Index:6377 	 City_Num:50 	 Concorde:0.057250 	 MCTS:5.723542 Improve:0.001453 	 Time:5.00 Seconds
Solution: 1 13 49 8 32 15 28 42 17 16 29 41 34 38 21 24 18 3 6 39 33 40 37 11 4 25 31 35 9 7 27 2 46 22 20 12 50 5 23 48 14 43 19 44 30 10 45 26 36 47 

Inst_Index:6378 	 City_Num:50 	 Concorde:0.059383 	 MCTS:5.938273 Improve:0.000000 	 Time:5.00 Seconds
Solution: 1 9 2 24 43 16 42 34 48 17 36 32 29 13 39 14 11 5 44 18 30 37 3 33 12 22 19 31 7 15 28 23 41 10 50 20 38 40 25 6 35 21 27 46 8 4 26 47 45 49 

Inst_Index:6379 	 City_Num:50 	 Concorde:0.055611 	 MCTS:5.558607 Improve:0.002512 	 Time:5.00 Seconds
Solution: 1 26 10 23 34 46 14 33 20 12 22 39 15 5 27 40 9 30 29 38 25 3 4 43 50 48 31 24 21 17 32 37 11 28 2 19 6 35 45 13 42 47 36 44 49 41 16 8 18 7 

Inst_Index:6380 	 City_Num:50 	 Concorde:0.058660 	 MCTS:5.865999 Improve:-0.000000 	 Time:5.01 Seconds
Solution: 1 12 45 3 37 30 33 15 50 39 34 43 32 22 17 40 26 48 9 31 28 41 46 7 24 10 49 8 23 2 21 13 25 44 4 29 14 42 36 16 11 38 35 18 20 27 19 6 47 5 

Inst_Index:6381 	 City_Num:50 	 Concorde:0.055991 	 MCTS:5.599145 Improve:-0.000000 	 Time:5.02 Seconds
Solution: 1 21 47 12 3 20 43 26 22 15 2 40 48 38 41 32 9 28 31 25 33 42 37 49 45 10 29 46 6 24 4 14 11 13 8 7 44 39 36 23 17 30 19 18 27 35 50 34 16 5 

Inst_Index:6382 	 City_Num:50 	 Concorde:0.060219 	 MCTS:6.021777 Improve:0.000110 	 Time:5.01 Seconds
Solution: 1 4 44 31 48 13 19 21 28 16 12 35 27 23 33 6 10 25 45 22 50 46 17 41 30 39 29 42 9 18 3 8 14 34 49 40 20 24 5 2 26 11 38 36 47 15 7 32 37 43 

Inst_Index:6383 	 City_Num:50 	 Concorde:0.058980 	 MCTS:5.897969 Improve:0.000000 	 Time:5.00 Seconds
Solution: 1 7 43 36 32 13 35 15 38 17 18 20 11 9 12 45 19 47 50 27 42 28 30 10 29 33 46 24 8 26 49 37 34 21 41 5 23 39 40 2 44 4 31 22 3 14 48 16 25 6 

Inst_Index:6384 	 City_Num:50 	 Concorde:0.060668 	 MCTS:6.066808 Improve:-0.000000 	 Time:5.00 Seconds
Solution: 1 17 50 21 46 39 3 37 2 7 31 27 18 23 35 45 33 24 8 16 41 20 30 9 4 32 10 44 13 26 47 11 48 40 12 15 25 43 6 22 42 29 49 38 28 36 34 5 19 14 

Inst_Index:6385 	 City_Num:50 	 Concorde:0.057724 	 MCTS:5.772436 Improve:0.000000 	 Time:5.01 Seconds
Solution: 1 49 10 40 17 25 8 33 38 27 28 47 41 13 35 32 45 18 42 7 43 46 29 3 19 11 48 6 30 16 9 37 4 23 31 50 34 15 21 36 20 24 14 5 22 12 44 2 26 39 

Inst_Index:6386 	 City_Num:50 	 Concorde:0.052828 	 MCTS:5.281355 Improve:0.001490 	 Time:5.00 Seconds
Solution: 1 30 50 37 7 22 28 27 18 49 43 45 21 3 20 12 17 2 31 24 36 25 4 47 32 35 41 9 8 40 29 19 39 15 48 14 23 34 46 10 16 42 44 6 26 38 11 33 5 13 

Inst_Index:6387 	 City_Num:50 	 Concorde:0.060204 	 MCTS:6.020427 Improve:0.000000 	 Time:5.00 Seconds
Solution: 1 5 4 15 9 10 11 28 30 46 45 47 44 13 16 3 24 2 31 48 36 35 41 40 33 26 17 38 20 8 32 39 12 21 49 25 37 6 34 7 18 42 23 14 43 22 50 29 27 19 

Inst_Index:6388 	 City_Num:50 	 Concorde:0.052791 	 MCTS:5.279113 Improve:-0.000000 	 Time:5.00 Seconds
Solution: 1 49 7 43 5 48 40 50 45 29 31 28 22 26 10 30 4 32 27 6 2 35 23 36 16 15 9 20 41 25 24 42 44 38 47 11 39 12 17 33 37 8 46 14 3 18 34 19 21 13 

Inst_Index:6389 	 City_Num:50 	 Concorde:0.055730 	 MCTS:5.572986 Improve:-0.000000 	 Time:5.00 Seconds
Solution: 1 19 12 6 36 32 22 44 37 13 48 5 38 45 4 28 43 8 27 42 18 33 47 3 40 41 50 20 11 7 10 26 2 16 17 25 15 46 21 39 14 29 30 23 24 31 35 9 49 34 

Inst_Index:6390 	 City_Num:50 	 Concorde:0.047937 	 MCTS:4.793692 Improve:0.000000 	 Time:5.00 Seconds
Solution: 1 25 41 33 48 36 45 21 12 42 28 49 24 40 9 14 23 37 3 7 19 32 34 31 2 22 39 27 5 15 6 4 47 46 8 20 29 35 50 43 30 38 44 13 18 17 26 16 10 11 

Inst_Index:6391 	 City_Num:50 	 Concorde:0.058277 	 MCTS:5.826451 Improve:0.001288 	 Time:5.01 Seconds
Solution: 1 8 50 33 29 20 46 34 28 16 36 32 12 14 21 40 3 48 41 19 27 37 31 13 4 49 26 6 7 22 9 17 18 42 35 39 2 47 38 10 43 45 11 30 44 23 25 15 5 24 

Inst_Index:6392 	 City_Num:50 	 Concorde:0.056352 	 MCTS:5.635053 Improve:0.000178 	 Time:5.00 Seconds
Solution: 1 5 34 27 48 35 11 43 8 31 46 3 10 23 20 15 37 4 32 39 7 2 22 50 47 30 9 19 24 41 26 29 16 17 49 45 14 38 40 6 44 28 33 25 21 42 13 36 18 12 

Inst_Index:6393 	 City_Num:50 	 Concorde:0.057877 	 MCTS:5.785518 Improve:0.002166 	 Time:5.01 Seconds
Solution: 1 21 2 16 11 26 20 14 30 8 19 44 12 22 33 3 46 24 50 40 35 49 38 5 18 10 42 39 36 34 47 7 27 37 32 28 48 43 25 41 31 17 4 15 23 6 45 9 13 29 

Inst_Index:6394 	 City_Num:50 	 Concorde:0.059809 	 MCTS:5.980169 Improve:0.000772 	 Time:5.01 Seconds
Solution: 1 10 20 5 4 17 15 44 38 27 2 36 42 32 19 23 21 31 35 30 33 49 48 43 14 3 47 50 7 46 12 41 22 11 37 8 16 29 9 24 18 45 25 6 28 26 39 40 34 13 

Inst_Index:6395 	 City_Num:50 	 Concorde:0.053143 	 MCTS:5.311393 Improve:0.002923 	 Time:5.01 Seconds
Solution: 1 22 5 7 21 50 48 41 46 45 26 28 49 33 6 39 4 9 29 27 12 13 25 47 40 20 23 15 8 30 34 19 36 11 44 43 14 38 18 37 16 42 32 3 10 35 24 17 31 2 

Inst_Index:6396 	 City_Num:50 	 Concorde:0.054734 	 MCTS:5.473356 Improve:-0.000000 	 Time:5.01 Seconds
Solution: 1 4 21 47 32 50 17 39 15 35 46 31 34 29 38 44 28 42 49 24 12 45 41 25 9 36 11 20 3 5 48 23 6 40 14 43 2 13 8 18 7 30 37 26 10 22 33 16 19 27 

Inst_Index:6397 	 City_Num:50 	 Concorde:0.054445 	 MCTS:5.444463 Improve:-0.000000 	 Time:5.01 Seconds
Solution: 1 17 28 40 41 4 3 20 33 49 22 14 30 34 15 29 6 36 50 43 27 42 2 11 9 8 31 47 44 18 5 16 45 38 37 26 21 24 23 35 10 25 32 46 39 7 12 48 19 13 

Inst_Index:6398 	 City_Num:50 	 Concorde:0.057837 	 MCTS:5.778431 Improve:0.005266 	 Time:5.00 Seconds
Solution: 1 5 4 27 29 11 25 7 40 14 36 31 39 12 28 43 13 32 10 44 24 19 21 26 47 3 49 2 46 15 22 50 9 34 35 48 41 18 33 45 23 42 20 38 16 17 37 30 8 6 

Inst_Index:6399 	 City_Num:50 	 Concorde:0.052293 	 MCTS:5.229307 Improve:0.000000 	 Time:5.00 Seconds
Solution: 1 40 33 13 30 49 7 2 17 45 50 8 37 16 48 42 24 27 11 20 9 22 35 44 41 31 43 26 3 4 23 36 29 39 5 28 47 15 14 34 10 19 6 21 25 32 12 18 46 38 

Inst_Index:6400 	 City_Num:50 	 Concorde:0.059686 	 MCTS:5.968627 Improve:0.000000 	 Time:5.00 Seconds
Solution: 1 14 48 23 39 36 15 29 35 34 33 31 3 28 24 19 7 21 8 25 22 10 16 37 5 18 17 30 50 4 9 2 49 43 13 40 12 47 46 6 26 11 38 32 44 41 27 42 45 20 

Inst_Index:6401 	 City_Num:50 	 Concorde:0.056732 	 MCTS:5.673168 Improve:0.000000 	 Time:5.00 Seconds
Solution: 1 17 29 43 3 32 28 24 45 12 37 18 49 14 30 7 38 36 9 35 41 19 47 16 8 39 26 4 15 23 50 34 11 22 42 40 6 46 10 13 5 31 20 48 2 44 27 25 21 33 

Inst_Index:6402 	 City_Num:50 	 Concorde:0.054752 	 MCTS:5.471908 Improve:0.003280 	 Time:5.00 Seconds
Solution: 1 17 13 8 48 44 41 45 50 29 38 28 46 25 2 40 12 3 42 49 5 27 15 32 31 23 34 21 9 6 47 43 7 36 37 11 39 14 35 4 26 19 30 10 33 20 24 22 16 18 

Inst_Index:6403 	 City_Num:50 	 Concorde:0.055824 	 MCTS:5.580046 Improve:0.002338 	 Time:5.00 Seconds
Solution: 1 11 8 23 13 12 33 24 4 28 35 46 42 16 31 7 39 38 30 44 9 15 47 40 19 45 25 27 43 18 37 6 22 48 49 41 5 3 26 20 2 10 36 29 14 21 50 32 34 17 

Inst_Index:6404 	 City_Num:50 	 Concorde:0.057222 	 MCTS:5.722185 Improve:0.000000 	 Time:5.00 Seconds
Solution: 1 28 3 38 31 44 7 36 6 33 35 18 42 17 8 23 5 19 34 16 24 48 43 32 15 13 4 12 11 47 40 2 10 37 41 39 22 26 25 30 14 27 21 29 49 50 20 46 9 45 

Inst_Index:6405 	 City_Num:50 	 Concorde:0.052020 	 MCTS:5.195410 Improve:0.006615 	 Time:5.00 Seconds
Solution: 1 45 11 40 16 43 32 23 4 38 17 26 2 41 46 10 7 3 39 20 28 36 15 25 21 19 18 6 35 31 29 12 49 44 5 8 27 37 30 47 24 13 14 48 50 33 9 42 34 22 

Inst_Index:6406 	 City_Num:50 	 Concorde:0.058313 	 MCTS:5.825935 Improve:0.005355 	 Time:5.02 Seconds
Solution: 1 19 9 16 38 10 34 17 48 12 23 43 39 11 49 36 28 46 20 37 22 5 25 27 50 45 2 29 42 7 35 41 47 18 13 24 32 30 44 14 21 3 40 31 4 15 33 26 6 8 

Inst_Index:6407 	 City_Num:50 	 Concorde:0.057769 	 MCTS:5.775362 Improve:0.001503 	 Time:5.00 Seconds
Solution: 1 45 43 6 31 44 41 13 49 20 35 46 8 24 10 48 26 11 29 9 23 27 37 5 12 3 42 16 32 15 4 50 39 38 28 19 36 2 7 17 21 33 18 22 14 40 34 30 47 25 

Inst_Index:6408 	 City_Num:50 	 Concorde:0.059017 	 MCTS:5.900125 Improve:0.001556 	 Time:5.00 Seconds
Solution: 1 35 6 4 23 46 38 29 20 16 5 24 37 22 36 49 40 21 25 47 43 48 31 27 15 28 32 10 8 18 12 7 44 17 50 34 9 13 30 14 33 11 39 45 3 42 41 2 19 26 

Inst_Index:6409 	 City_Num:50 	 Concorde:0.061483 	 MCTS:6.144620 Improve:0.003672 	 Time:5.00 Seconds
Solution: 1 8 25 6 5 50 4 36 17 48 46 49 42 44 28 27 13 26 21 18 3 11 15 2 20 35 7 10 39 43 9 31 16 34 19 41 38 12 30 33 45 37 14 23 29 40 32 24 47 22 

Inst_Index:6410 	 City_Num:50 	 Concorde:0.056050 	 MCTS:5.605035 Improve:-0.000000 	 Time:5.00 Seconds
Solution: 1 37 28 4 8 11 13 23 46 32 7 15 10 24 38 25 30 22 5 20 17 27 14 3 19 36 48 31 34 12 35 44 50 45 43 33 26 40 39 2 42 16 29 41 21 49 6 9 18 47 

Inst_Index:6411 	 City_Num:50 	 Concorde:0.052294 	 MCTS:5.226828 Improve:0.002563 	 Time:5.00 Seconds
Solution: 1 38 39 21 47 3 29 36 40 46 32 20 10 34 17 42 13 9 4 8 16 23 30 49 14 41 31 18 2 15 7 19 26 27 45 43 5 44 50 48 33 11 35 25 6 22 24 37 12 28 

Inst_Index:6412 	 City_Num:50 	 Concorde:0.056440 	 MCTS:5.639448 Improve:0.004591 	 Time:5.00 Seconds
Solution: 1 21 13 46 19 18 42 23 5 45 12 31 8 22 11 41 4 49 20 25 43 17 39 16 48 9 28 30 10 27 47 29 24 2 3 36 50 7 14 37 33 26 35 38 34 15 40 44 32 6 

Inst_Index:6413 	 City_Num:50 	 Concorde:0.055337 	 MCTS:5.531156 Improve:0.002494 	 Time:5.00 Seconds
Solution: 1 20 3 36 25 37 26 11 28 18 16 35 19 22 47 14 27 38 45 2 34 39 43 49 31 41 42 8 48 6 12 10 17 13 23 29 44 15 4 33 9 50 32 40 5 21 7 30 46 24 

Inst_Index:6414 	 City_Num:50 	 Concorde:0.058760 	 MCTS:5.875332 Improve:0.000666 	 Time:5.00 Seconds
Solution: 1 16 40 41 15 7 49 17 11 18 46 2 39 50 4 45 31 37 20 38 44 48 19 42 10 24 13 3 23 25 32 21 9 14 22 43 12 33 47 29 8 28 6 35 26 5 34 30 36 27 

Inst_Index:6415 	 City_Num:50 	 Concorde:0.054223 	 MCTS:5.422307 Improve:0.000000 	 Time:5.00 Seconds
Solution: 1 10 13 43 20 42 36 45 35 4 27 5 40 33 46 8 37 2 23 44 24 30 9 14 25 12 11 49 32 50 39 47 19 22 17 34 29 38 6 16 41 26 28 48 15 18 31 3 7 21 

Inst_Index:6416 	 City_Num:50 	 Concorde:0.058912 	 MCTS:5.891192 Improve:0.000000 	 Time:5.01 Seconds
Solution: 1 17 18 9 42 3 36 28 34 7 2 39 40 50 12 48 14 10 24 35 19 23 6 13 8 32 4 16 29 46 31 5 37 43 33 20 44 15 45 30 41 47 22 26 38 21 27 25 11 49 

Inst_Index:6417 	 City_Num:50 	 Concorde:0.055432 	 MCTS:5.543150 Improve:0.000000 	 Time:5.00 Seconds
Solution: 1 50 44 8 32 38 18 6 34 24 28 9 29 46 42 10 7 21 31 13 22 17 12 33 27 16 15 14 4 37 45 35 36 49 41 3 39 43 11 19 48 23 2 47 40 25 5 26 30 20 

Inst_Index:6418 	 City_Num:50 	 Concorde:0.056150 	 MCTS:5.615032 Improve:0.000000 	 Time:5.00 Seconds
Solution: 1 27 26 16 30 17 33 21 39 11 28 2 32 45 35 20 5 4 3 9 12 41 49 44 46 7 50 36 18 31 42 34 19 23 13 24 29 15 8 10 40 6 22 25 37 14 38 43 48 47 

Inst_Index:6419 	 City_Num:50 	 Concorde:0.055355 	 MCTS:5.520594 Improve:0.014917 	 Time:5.00 Seconds
Solution: 1 36 19 37 47 34 23 44 45 10 40 15 22 24 5 9 38 35 20 50 6 7 16 46 30 43 4 2 25 29 48 27 41 33 28 14 49 12 11 3 17 13 18 8 31 42 32 21 26 39 

Inst_Index:6420 	 City_Num:50 	 Concorde:0.060538 	 MCTS:6.053751 Improve:-0.000000 	 Time:5.00 Seconds
Solution: 1 14 20 24 16 40 28 23 46 35 5 30 26 27 22 39 19 43 47 44 2 33 10 37 25 3 6 41 7 9 48 8 34 29 11 38 4 21 36 45 31 13 42 32 17 49 15 50 18 12 

Inst_Index:6421 	 City_Num:50 	 Concorde:0.056825 	 MCTS:5.675213 Improve:0.007321 	 Time:5.00 Seconds
Solution: 1 32 22 2 18 37 45 21 5 27 26 35 39 20 49 16 14 33 29 15 46 7 34 13 42 28 41 19 36 25 44 11 3 6 38 4 10 31 50 17 48 24 47 12 8 43 9 23 30 40 

Inst_Index:6422 	 City_Num:50 	 Concorde:0.057542 	 MCTS:5.754176 Improve:0.000000 	 Time:5.00 Seconds
Solution: 1 21 30 50 14 11 23 25 15 4 32 34 13 47 46 33 44 12 31 3 38 42 6 29 16 20 17 8 27 26 35 18 48 43 10 22 49 19 40 28 7 36 24 5 2 9 41 37 39 45 

Inst_Index:6423 	 City_Num:50 	 Concorde:0.054710 	 MCTS:5.467384 Improve:0.003641 	 Time:5.00 Seconds
Solution: 1 19 25 23 3 44 36 38 17 16 6 45 21 14 39 4 7 48 13 10 5 40 18 8 46 47 26 41 2 22 32 42 15 33 31 43 34 27 37 50 35 11 49 20 28 29 30 12 9 24 

Inst_Index:6424 	 City_Num:50 	 Concorde:0.053174 	 MCTS:5.317447 Improve:-0.000000 	 Time:5.00 Seconds
Solution: 1 39 44 12 7 23 26 48 36 46 9 25 29 37 14 19 50 40 20 38 15 42 32 31 16 24 13 6 27 33 5 41 47 11 4 2 8 45 21 30 18 3 35 34 17 28 49 10 22 43 

Inst_Index:6425 	 City_Num:50 	 Concorde:0.056203 	 MCTS:5.618989 Improve:0.001321 	 Time:5.00 Seconds
Solution: 1 43 4 14 44 49 19 11 40 22 21 39 46 3 47 30 28 8 17 23 26 48 7 27 9 37 38 41 32 10 25 18 13 16 12 15 5 35 31 45 24 42 2 50 6 36 20 29 34 33 

Inst_Index:6426 	 City_Num:50 	 Concorde:0.053861 	 MCTS:5.386141 Improve:-0.000000 	 Time:5.00 Seconds
Solution: 1 46 41 45 14 44 40 6 15 25 7 49 13 42 35 50 47 30 26 29 27 28 48 37 31 33 38 36 17 5 2 19 20 4 24 23 3 22 39 9 8 34 21 43 11 12 32 16 18 10 

Inst_Index:6427 	 City_Num:50 	 Concorde:0.057799 	 MCTS:5.778926 Improve:0.001005 	 Time:5.00 Seconds
Solution: 1 30 49 14 21 24 12 45 13 40 4 7 9 29 18 5 37 6 38 23 25 36 33 50 28 47 17 10 42 34 22 43 35 3 46 20 39 19 32 27 11 2 15 8 16 26 41 31 48 44 

Inst_Index:6428 	 City_Num:50 	 Concorde:0.056736 	 MCTS:5.673639 Improve:0.000000 	 Time:5.00 Seconds
Solution: 1 49 32 2 11 37 48 35 20 41 16 46 24 38 34 31 10 3 45 8 25 50 40 18 21 17 13 26 43 9 47 5 27 23 33 14 44 28 42 15 36 4 30 12 22 29 7 6 19 39 

Inst_Index:6429 	 City_Num:50 	 Concorde:0.057535 	 MCTS:5.753325 Improve:0.000142 	 Time:5.00 Seconds
Solution: 1 43 24 44 13 4 22 49 23 50 3 11 20 14 21 48 29 6 35 18 31 12 9 5 34 38 27 2 17 40 26 33 37 42 46 7 25 32 47 36 19 39 8 45 30 41 16 10 15 28 

Inst_Index:6430 	 City_Num:50 	 Concorde:0.055987 	 MCTS:5.590366 Improve:0.008327 	 Time:5.00 Seconds
Solution: 1 44 29 34 18 26 21 11 10 46 48 12 15 43 36 6 16 13 42 38 8 4 50 40 9 25 37 20 5 31 45 32 17 41 33 30 47 24 28 39 14 23 3 27 7 22 35 19 2 49 

Inst_Index:6431 	 City_Num:50 	 Concorde:0.055112 	 MCTS:5.511160 Improve:-0.000000 	 Time:5.00 Seconds
Solution: 1 40 39 19 17 29 25 20 38 35 27 26 9 16 13 8 41 48 7 3 50 11 4 34 5 23 24 44 21 49 47 18 28 45 43 10 37 22 15 14 36 31 12 46 42 30 2 32 6 33 

Inst_Index:6432 	 City_Num:50 	 Concorde:0.057665 	 MCTS:5.764326 Improve:0.002163 	 Time:5.00 Seconds
Solution: 1 15 18 2 48 36 30 39 24 50 16 49 46 29 45 38 5 43 22 3 23 33 41 9 12 25 27 37 13 44 4 34 20 19 8 35 47 14 42 40 31 28 6 21 26 11 10 17 7 32 

Inst_Index:6433 	 City_Num:50 	 Concorde:0.051728 	 MCTS:5.170858 Improve:0.001946 	 Time:5.00 Seconds
Solution: 1 12 30 36 43 16 14 24 40 2 3 48 44 38 32 26 9 41 50 18 11 4 17 5 22 35 13 25 39 28 45 6 37 15 49 10 31 19 20 21 29 34 33 23 46 42 27 7 47 8 

Inst_Index:6434 	 City_Num:50 	 Concorde:0.058136 	 MCTS:5.809426 Improve:0.004218 	 Time:5.00 Seconds
Solution: 1 9 35 43 17 42 21 25 26 6 29 7 30 14 50 12 40 23 2 49 37 18 15 32 27 47 38 31 34 24 16 22 48 8 44 46 13 4 19 10 3 36 33 11 5 28 20 41 39 45 

Inst_Index:6435 	 City_Num:50 	 Concorde:0.061915 	 MCTS:6.188270 Improve:0.003229 	 Time:5.00 Seconds
Solution: 1 49 30 48 7 19 42 43 38 47 39 14 3 24 6 45 28 46 40 31 20 29 50 32 35 34 44 36 41 25 22 2 37 17 10 8 15 33 13 4 5 16 23 11 9 18 21 26 12 27 

Inst_Index:6436 	 City_Num:50 	 Concorde:0.056058 	 MCTS:5.603268 Improve:0.002542 	 Time:5.00 Seconds
Solution: 1 47 11 31 3 16 19 34 2 29 39 33 26 45 43 6 7 9 41 46 14 15 13 22 10 20 30 28 37 44 42 17 36 4 32 24 38 21 35 48 49 5 12 40 23 50 27 18 8 25 

Inst_Index:6437 	 City_Num:50 	 Concorde:0.055819 	 MCTS:5.581908 Improve:-0.000000 	 Time:5.00 Seconds
Solution: 1 46 7 49 23 50 3 21 41 9 24 5 2 45 20 25 12 19 37 39 27 17 43 16 4 26 29 32 44 48 31 14 10 28 42 6 33 30 34 47 38 40 15 22 35 8 18 13 36 11 

Inst_Index:6438 	 City_Num:50 	 Concorde:0.058482 	 MCTS:5.848190 Improve:0.000000 	 Time:5.00 Seconds
Solution: 1 38 33 48 25 21 5 41 29 30 20 11 49 23 17 50 7 18 3 9 32 47 22 13 27 6 4 24 19 39 46 36 10 28 8 34 14 42 16 12 35 37 45 43 2 15 26 31 40 44 

Inst_Index:6439 	 City_Num:50 	 Concorde:0.059349 	 MCTS:5.931035 Improve:0.003841 	 Time:5.00 Seconds
Solution: 1 23 34 15 43 6 25 40 9 36 50 44 45 28 33 19 46 21 32 35 13 31 27 2 18 17 37 39 4 42 47 49 11 14 41 7 8 26 48 5 30 3 24 29 22 16 10 12 20 38 

Inst_Index:6440 	 City_Num:50 	 Concorde:0.056228 	 MCTS:5.622730 Improve:0.000052 	 Time:5.00 Seconds
Solution: 1 41 9 7 39 12 24 37 28 31 21 36 43 13 22 26 15 23 45 35 5 8 19 10 20 47 38 44 49 25 48 16 46 18 29 27 40 14 17 4 6 42 32 30 2 34 11 33 3 50 

Inst_Index:6441 	 City_Num:50 	 Concorde:0.059539 	 MCTS:5.953912 Improve:-0.000000 	 Time:5.00 Seconds
Solution: 1 36 23 33 5 26 50 17 12 40 29 13 39 19 10 14 2 3 11 35 44 25 27 4 34 28 15 46 41 22 45 24 8 16 48 42 38 31 47 6 49 18 32 30 7 21 43 37 9 20 

Inst_Index:6442 	 City_Num:50 	 Concorde:0.054150 	 MCTS:5.412742 Improve:0.002220 	 Time:5.00 Seconds
Solution: 1 9 28 5 24 35 48 7 3 11 47 44 30 22 12 32 34 33 19 26 49 39 15 2 31 4 21 37 17 27 36 50 20 13 45 10 18 29 6 14 25 16 38 42 8 41 23 40 46 43 

Inst_Index:6443 	 City_Num:50 	 Concorde:0.058904 	 MCTS:5.887954 Improve:0.002461 	 Time:5.00 Seconds
Solution: 1 47 16 43 38 45 36 17 32 26 22 2 39 23 14 13 24 8 11 34 12 6 28 31 35 9 25 18 4 42 46 44 7 10 50 21 37 29 27 15 19 3 20 33 30 49 48 41 40 5 

Inst_Index:6444 	 City_Num:50 	 Concorde:0.057647 	 MCTS:5.764689 Improve:-0.000000 	 Time:5.00 Seconds
Solution: 1 22 45 31 48 10 44 12 4 39 27 28 29 6 33 42 7 36 24 16 14 21 49 19 20 8 25 15 41 26 38 35 34 46 2 17 30 43 9 32 11 50 40 18 3 13 5 47 37 23 

Inst_Index:6445 	 City_Num:50 	 Concorde:0.056764 	 MCTS:5.671793 Improve:0.004566 	 Time:5.00 Seconds
Solution: 1 8 37 49 9 7 23 15 31 34 24 45 20 17 2 39 32 36 5 35 21 47 29 27 11 3 38 50 46 44 28 26 13 40 43 18 12 33 48 14 22 6 19 30 10 42 41 4 25 16 

Inst_Index:6446 	 City_Num:50 	 Concorde:0.057907 	 MCTS:5.790703 Improve:-0.000000 	 Time:5.01 Seconds
Solution: 1 40 28 9 19 20 8 13 34 10 48 38 30 31 43 47 29 2 24 35 21 4 27 26 17 45 44 23 32 25 16 33 7 14 22 42 6 50 3 37 5 18 12 11 49 15 41 36 46 39 

Inst_Index:6447 	 City_Num:50 	 Concorde:0.056675 	 MCTS:5.662726 Improve:0.004819 	 Time:5.00 Seconds
Solution: 1 2 38 37 8 33 27 50 47 20 35 41 16 46 13 34 19 12 24 3 6 26 7 18 30 45 10 36 11 22 29 17 40 44 23 42 25 31 14 21 9 5 49 28 15 48 32 43 39 4 

Inst_Index:6448 	 City_Num:50 	 Concorde:0.056260 	 MCTS:5.626019 Improve:-0.000000 	 Time:5.00 Seconds
Solution: 1 39 5 27 31 42 33 45 14 25 4 24 34 32 35 23 11 40 36 43 48 3 29 28 19 6 46 22 20 7 41 16 47 13 21 18 37 49 38 8 2 30 12 44 9 15 26 10 17 50 

Inst_Index:6449 	 City_Num:50 	 Concorde:0.058249 	 MCTS:5.824903 Improve:0.000000 	 Time:5.00 Seconds
Solution: 1 10 20 41 13 30 15 38 42 43 32 27 39 17 16 47 2 11 46 21 24 18 34 50 36 40 37 7 4 6 49 19 25 22 23 26 9 14 45 28 12 3 5 31 48 44 29 8 33 35 

Inst_Index:6450 	 City_Num:50 	 Concorde:0.055705 	 MCTS:5.570483 Improve:0.000000 	 Time:5.00 Seconds
Solution: 1 3 27 8 15 5 43 24 28 44 22 40 50 12 2 21 37 19 13 4 6 10 35 23 33 7 39 42 49 48 38 14 16 31 20 36 26 9 41 46 11 47 45 17 18 29 30 32 25 34 

Inst_Index:6451 	 City_Num:50 	 Concorde:0.062174 	 MCTS:6.214691 Improve:0.002670 	 Time:5.00 Seconds
Solution: 1 46 10 20 47 25 31 3 36 18 14 42 7 30 48 28 12 27 33 38 49 43 4 13 2 26 40 44 39 23 21 15 5 16 37 24 19 29 45 35 41 50 11 22 17 8 32 9 34 6 

Inst_Index:6452 	 City_Num:50 	 Concorde:0.056325 	 MCTS:5.632497 Improve:-0.000000 	 Time:5.00 Seconds
Solution: 1 46 15 3 9 14 50 37 16 18 19 20 45 6 47 4 27 41 30 31 23 10 2 17 29 39 7 28 35 36 32 24 8 38 42 26 33 43 49 13 12 44 22 11 25 21 48 5 40 34 

Inst_Index:6453 	 City_Num:50 	 Concorde:0.060157 	 MCTS:6.013265 Improve:0.002472 	 Time:5.00 Seconds
Solution: 1 19 42 39 50 47 43 26 25 11 40 35 21 24 8 10 44 12 31 30 38 37 4 49 7 20 18 22 27 3 32 17 5 23 48 46 2 13 29 41 28 15 34 33 14 45 9 36 16 6 

Inst_Index:6454 	 City_Num:50 	 Concorde:0.054633 	 MCTS:5.463288 Improve:0.000000 	 Time:5.00 Seconds
Solution: 1 4 20 43 47 46 22 7 14 29 50 25 9 15 45 11 32 19 36 37 30 24 3 48 6 38 44 41 42 5 23 33 40 49 10 28 17 21 2 13 39 35 27 12 8 18 16 31 26 34 

Inst_Index:6455 	 City_Num:50 	 Concorde:0.055654 	 MCTS:5.565434 Improve:0.000000 	 Time:5.00 Seconds
Solution: 1 14 45 11 32 46 25 29 9 23 3 5 31 41 18 39 20 16 8 2 37 49 36 27 30 42 33 15 13 24 50 47 21 44 17 10 48 4 12 35 43 40 28 38 34 22 7 6 26 19 

Inst_Index:6456 	 City_Num:50 	 Concorde:0.057881 	 MCTS:5.788092 Improve:-0.000000 	 Time:5.00 Seconds
Solution: 1 38 42 13 18 3 22 32 40 43 28 17 29 27 23 10 48 20 12 6 34 19 24 8 4 15 41 9 5 37 31 25 49 21 39 16 35 47 50 36 2 14 30 26 45 44 11 46 7 33 

Inst_Index:6457 	 City_Num:50 	 Concorde:0.051546 	 MCTS:5.154598 Improve:-0.000000 	 Time:5.00 Seconds
Solution: 1 45 15 19 22 44 38 42 11 32 6 4 48 17 34 8 46 37 3 31 14 16 28 2 39 12 21 10 27 13 25 49 33 50 26 36 29 30 7 47 24 35 5 41 9 43 23 18 40 20 

Inst_Index:6458 	 City_Num:50 	 Concorde:0.058966 	 MCTS:5.894310 Improve:0.002295 	 Time:5.00 Seconds
Solution: 1 32 13 10 3 46 18 30 7 6 48 11 43 2 47 38 41 19 14 9 25 35 23 26 31 20 8 15 39 37 33 22 50 4 28 27 29 40 16 45 12 49 42 5 36 21 44 24 34 17 

Inst_Index:6459 	 City_Num:50 	 Concorde:0.055636 	 MCTS:5.563644 Improve:0.000000 	 Time:5.00 Seconds
Solution: 1 24 11 40 33 21 7 2 18 47 42 39 31 19 22 25 35 5 44 29 26 45 13 17 43 6 41 14 10 30 9 37 15 36 49 4 27 16 28 8 38 20 46 12 50 32 34 23 3 48 

Inst_Index:6460 	 City_Num:50 	 Concorde:0.057549 	 MCTS:5.746321 Improve:0.008616 	 Time:5.00 Seconds
Solution: 1 21 50 44 33 49 5 17 13 41 11 12 19 7 14 30 48 9 6 26 38 25 20 40 31 4 36 24 32 37 23 2 18 28 16 10 34 45 35 42 29 15 47 39 46 22 3 27 8 43 

Inst_Index:6461 	 City_Num:50 	 Concorde:0.062807 	 MCTS:6.280678 Improve:-0.000000 	 Time:5.01 Seconds
Solution: 1 45 40 13 21 35 10 8 44 50 41 25 33 19 11 26 37 15 49 29 39 3 48 38 6 27 20 42 28 2 46 17 34 7 32 12 9 31 24 23 14 36 18 22 4 30 5 16 43 47 

Inst_Index:6462 	 City_Num:50 	 Concorde:0.053280 	 MCTS:5.327983 Improve:0.000000 	 Time:5.00 Seconds
Solution: 1 25 47 28 13 16 35 14 2 17 7 20 24 6 32 4 15 21 31 46 44 11 40 30 43 49 18 34 29 37 23 5 3 42 38 26 50 48 39 19 8 27 41 12 22 45 10 36 9 33 

Inst_Index:6463 	 City_Num:50 	 Concorde:0.054025 	 MCTS:5.400283 Improve:0.002205 	 Time:5.00 Seconds
Solution: 1 19 34 3 37 42 33 27 24 14 49 30 21 38 43 12 9 2 8 48 36 35 10 4 41 26 17 31 5 50 46 20 28 16 25 15 22 47 7 44 39 13 11 29 6 23 18 32 40 45 

Inst_Index:6464 	 City_Num:50 	 Concorde:0.060166 	 MCTS:6.035918 Improve:-0.019349 	 Time:5.00 Seconds
Solution: 1 37 2 42 7 22 15 25 26 8 19 20 38 30 21 35 9 43 32 17 36 5 3 16 23 39 44 40 24 4 18 13 27 47 41 45 33 11 34 46 49 14 29 48 50 12 31 28 6 10 

Inst_Index:6465 	 City_Num:50 	 Concorde:0.058222 	 MCTS:5.822238 Improve:-0.000000 	 Time:5.01 Seconds
Solution: 1 32 10 38 22 49 45 37 41 27 28 35 6 21 44 9 12 42 24 25 33 14 5 19 31 39 34 47 4 43 50 15 46 20 16 11 23 36 2 17 40 13 26 18 30 48 29 3 8 7 

Inst_Index:6466 	 City_Num:50 	 Concorde:0.056771 	 MCTS:5.694796 Improve:-0.017743 	 Time:5.00 Seconds
Solution: 1 38 13 35 17 45 9 28 34 22 23 4 11 50 25 41 37 5 8 48 30 29 32 31 39 43 15 36 24 20 12 2 40 49 3 16 47 19 21 46 27 7 33 14 42 26 6 44 18 10 

Inst_Index:6467 	 City_Num:50 	 Concorde:0.057385 	 MCTS:5.738508 Improve:-0.000000 	 Time:5.00 Seconds
Solution: 1 9 25 34 43 39 50 40 46 31 13 48 30 37 20 7 16 3 26 22 47 19 6 14 32 11 49 17 36 44 15 10 28 41 23 21 8 2 12 27 18 42 38 24 29 45 33 5 4 35 

Inst_Index:6468 	 City_Num:50 	 Concorde:0.059001 	 MCTS:5.900147 Improve:-0.000000 	 Time:5.00 Seconds
Solution: 1 22 21 9 19 8 16 7 50 31 49 24 32 44 27 47 29 37 2 3 33 28 11 34 14 12 17 46 40 45 18 41 36 48 43 6 42 13 39 25 30 15 5 38 20 26 10 23 4 35 

Inst_Index:6469 	 City_Num:50 	 Concorde:0.056854 	 MCTS:5.685359 Improve:-0.000000 	 Time:5.01 Seconds
Solution: 1 20 30 19 38 27 32 48 44 42 40 49 31 17 50 12 26 29 5 11 18 46 34 14 16 7 13 43 6 23 24 3 47 41 21 22 2 33 25 36 10 37 8 35 28 45 9 15 4 39 

Inst_Index:6470 	 City_Num:50 	 Concorde:0.055484 	 MCTS:5.544444 Improve:0.003943 	 Time:5.00 Seconds
Solution: 1 29 6 42 39 34 37 47 10 12 43 28 2 13 26 33 23 36 18 22 44 3 25 41 24 20 38 5 4 35 17 19 11 15 16 30 40 14 50 7 9 31 45 49 48 27 32 21 8 46 

Inst_Index:6471 	 City_Num:50 	 Concorde:0.058940 	 MCTS:5.894007 Improve:0.000000 	 Time:5.00 Seconds
Solution: 1 40 13 47 12 30 25 38 10 6 48 11 23 43 27 20 28 7 39 50 3 9 8 18 15 14 33 24 44 29 46 36 4 2 32 19 42 21 45 16 35 41 22 31 5 34 17 49 26 37 

Inst_Index:6472 	 City_Num:50 	 Concorde:0.056792 	 MCTS:5.670586 Improve:0.008637 	 Time:5.00 Seconds
Solution: 1 5 10 27 41 2 17 29 18 26 36 24 39 7 47 37 34 12 31 38 42 50 15 28 33 35 49 3 22 13 21 9 8 11 25 16 30 40 19 48 44 4 45 43 20 6 14 32 46 23 

Inst_Index:6473 	 City_Num:50 	 Concorde:0.055879 	 MCTS:5.586700 Improve:0.001189 	 Time:5.01 Seconds
Solution: 1 43 17 33 36 9 29 4 32 22 10 14 16 12 31 26 34 23 45 40 27 49 47 48 50 39 20 42 37 24 30 7 6 35 41 2 8 46 19 15 3 44 25 38 5 13 11 18 28 21 

Inst_Index:6474 	 City_Num:50 	 Concorde:0.053187 	 MCTS:5.314970 Improve:0.003684 	 Time:5.00 Seconds
Solution: 1 10 35 3 13 44 24 39 7 15 49 4 18 11 16 43 9 12 41 50 21 46 23 48 29 34 19 6 32 47 2 26 27 30 28 5 45 14 25 33 17 31 38 22 36 42 20 37 8 40 

Inst_Index:6475 	 City_Num:50 	 Concorde:0.053118 	 MCTS:5.308939 Improve:0.002869 	 Time:5.00 Seconds
Solution: 1 23 6 40 44 48 33 15 41 27 47 18 38 16 21 12 43 17 26 49 39 22 42 3 5 30 34 19 13 31 35 8 32 45 4 36 7 10 37 11 25 24 20 46 28 50 14 2 9 29 

Inst_Index:6476 	 City_Num:50 	 Concorde:0.054361 	 MCTS:5.431924 Improve:0.004147 	 Time:5.00 Seconds
Solution: 1 3 37 6 43 12 10 15 46 18 41 28 30 31 19 20 32 25 22 26 11 44 24 4 35 39 29 2 14 49 34 33 16 38 7 5 17 27 50 40 9 13 45 23 21 36 48 42 8 47 

Inst_Index:6477 	 City_Num:50 	 Concorde:0.063881 	 MCTS:6.386809 Improve:0.001310 	 Time:5.00 Seconds
Solution: 1 45 44 18 29 25 33 48 10 21 19 15 42 13 4 8 6 2 47 36 34 35 43 50 5 11 20 46 24 12 30 40 16 31 7 38 26 17 3 41 37 9 27 39 22 49 14 28 32 23 

Inst_Index:6478 	 City_Num:50 	 Concorde:0.055154 	 MCTS:5.515446 Improve:0.000000 	 Time:5.00 Seconds
Solution: 1 6 14 31 45 3 4 41 16 25 29 8 2 43 21 34 47 44 11 50 46 18 28 30 23 27 33 37 40 22 39 5 10 7 32 35 49 15 12 48 20 38 19 42 13 24 17 36 26 9 

Inst_Index:6479 	 City_Num:50 	 Concorde:0.055984 	 MCTS:5.596262 Improve:0.002103 	 Time:5.00 Seconds
Solution: 1 16 8 10 49 42 28 18 32 5 38 9 41 34 19 17 44 33 20 39 31 21 29 27 24 48 14 6 4 43 15 37 7 2 25 23 13 11 26 47 46 45 12 22 3 50 30 35 36 40 

Inst_Index:6480 	 City_Num:50 	 Concorde:0.054789 	 MCTS:5.478938 Improve:0.000000 	 Time:5.00 Seconds
Solution: 1 16 42 46 14 22 28 34 45 10 19 7 18 33 11 30 23 40 13 6 32 9 48 36 24 38 49 27 41 17 4 31 47 8 29 35 39 21 26 25 2 12 43 37 15 50 20 5 44 3 

Inst_Index:6481 	 City_Num:50 	 Concorde:0.056942 	 MCTS:5.694211 Improve:0.000000 	 Time:5.00 Seconds
Solution: 1 11 39 29 38 28 43 5 45 6 40 19 18 49 10 36 17 16 44 4 37 33 8 20 32 47 42 7 22 9 31 14 30 27 46 50 15 3 24 48 41 12 26 2 13 35 21 23 25 34 

Inst_Index:6482 	 City_Num:50 	 Concorde:0.058181 	 MCTS:5.817273 Improve:0.000866 	 Time:5.00 Seconds
Solution: 1 32 49 2 7 42 13 38 37 8 36 26 11 12 25 46 33 39 17 45 48 4 43 3 27 34 21 20 44 6 30 40 31 41 16 28 9 35 47 50 18 24 23 14 19 10 15 5 29 22 

Inst_Index:6483 	 City_Num:50 	 Concorde:0.053639 	 MCTS:5.363853 Improve:-0.000000 	 Time:5.00 Seconds
Solution: 1 4 35 20 26 23 30 36 14 24 44 29 19 33 49 31 6 40 13 12 22 18 48 16 7 27 11 47 41 45 17 50 34 38 3 10 39 25 9 8 2 5 21 42 32 37 15 46 43 28 

Inst_Index:6484 	 City_Num:50 	 Concorde:0.058295 	 MCTS:5.829487 Improve:0.000000 	 Time:5.00 Seconds
Solution: 1 20 17 26 2 44 36 23 10 30 37 24 9 34 38 40 28 19 35 49 27 47 15 33 8 46 3 4 43 14 13 7 32 18 22 39 16 50 29 45 11 31 41 42 25 6 48 21 5 12 

Inst_Index:6485 	 City_Num:50 	 Concorde:0.057534 	 MCTS:5.753450 Improve:0.000000 	 Time:5.00 Seconds
Solution: 1 33 3 29 32 2 25 45 18 39 46 10 9 11 31 8 19 7 48 5 41 4 27 34 30 35 42 43 37 47 21 38 12 23 24 16 28 44 14 6 13 15 50 17 20 40 22 36 49 26 

Inst_Index:6486 	 City_Num:50 	 Concorde:0.055908 	 MCTS:5.590810 Improve:0.000000 	 Time:5.00 Seconds
Solution: 1 12 4 16 8 45 40 49 26 9 47 6 18 41 50 10 30 33 24 15 19 44 35 22 2 11 21 43 17 25 7 48 42 36 32 29 34 39 13 3 23 14 20 27 38 5 31 46 37 28 

Inst_Index:6487 	 City_Num:50 	 Concorde:0.056211 	 MCTS:5.621141 Improve:-0.000000 	 Time:5.02 Seconds
Solution: 1 3 43 28 26 35 21 38 23 12 24 31 27 7 29 50 14 16 9 49 18 20 45 40 17 10 32 8 41 44 6 36 34 46 2 13 19 39 4 30 11 25 37 48 22 15 33 5 42 47 

Inst_Index:6488 	 City_Num:50 	 Concorde:0.057611 	 MCTS:5.756046 Improve:0.005100 	 Time:5.00 Seconds
Solution: 1 18 7 33 26 11 3 45 9 25 38 46 47 37 6 24 13 30 4 48 34 32 44 23 40 22 10 41 21 39 20 5 28 27 50 29 12 36 14 43 2 15 49 17 8 19 42 16 31 35 

Inst_Index:6489 	 City_Num:50 	 Concorde:0.059486 	 MCTS:5.943882 Improve:0.004723 	 Time:5.00 Seconds
Solution: 1 23 20 3 46 2 34 50 44 39 10 19 9 5 13 15 6 7 33 40 12 4 42 32 41 37 28 35 14 49 24 22 21 11 45 17 18 29 31 47 16 43 25 48 8 36 27 30 38 26 

Inst_Index:6490 	 City_Num:50 	 Concorde:0.058135 	 MCTS:5.810818 Improve:0.002721 	 Time:5.01 Seconds
Solution: 1 44 6 16 12 20 34 3 24 45 30 33 36 35 31 26 17 18 11 2 27 4 48 14 32 42 22 46 40 9 21 7 10 5 13 29 43 38 49 8 50 41 23 39 25 28 19 37 47 15 

Inst_Index:6491 	 City_Num:50 	 Concorde:0.058189 	 MCTS:5.815434 Improve:0.003434 	 Time:5.00 Seconds
Solution: 1 33 39 17 32 37 18 47 23 31 2 12 35 36 16 10 27 28 4 19 42 40 9 43 26 44 7 38 46 30 15 22 25 13 48 24 50 34 49 11 21 14 20 5 29 3 41 6 8 45 

Inst_Index:6492 	 City_Num:50 	 Concorde:0.054874 	 MCTS:5.487555 Improve:-0.000121 	 Time:5.00 Seconds
Solution: 1 31 39 29 4 50 45 15 23 22 11 2 5 10 37 27 46 3 25 7 32 36 18 44 49 42 41 16 9 28 8 26 40 19 17 12 48 13 38 33 43 14 35 30 20 24 34 21 47 6 

Inst_Index:6493 	 City_Num:50 	 Concorde:0.055356 	 MCTS:5.534745 Improve:0.000829 	 Time:5.00 Seconds
Solution: 1 37 32 12 17 8 49 7 35 20 19 13 44 21 9 28 47 38 45 6 43 39 14 3 40 10 50 18 31 30 23 41 27 22 48 42 34 29 24 25 26 36 4 16 33 15 5 46 2 11 

Inst_Index:6494 	 City_Num:50 	 Concorde:0.053419 	 MCTS:5.340160 Improve:0.001744 	 Time:5.00 Seconds
Solution: 1 49 40 4 47 48 41 24 13 36 9 27 20 6 46 42 31 35 5 10 32 14 29 7 16 12 44 19 43 25 33 11 26 15 3 18 30 21 8 17 45 22 37 28 38 50 23 39 34 2 

Inst_Index:6495 	 City_Num:50 	 Concorde:0.056849 	 MCTS:5.677916 Improve:0.007009 	 Time:5.00 Seconds
Solution: 1 47 21 5 37 12 39 41 42 4 19 14 33 17 13 8 16 22 2 27 15 7 44 40 36 45 18 32 30 46 38 10 3 6 43 11 20 49 48 9 24 26 34 35 28 29 23 31 25 50 

Inst_Index:6496 	 City_Num:50 	 Concorde:0.059997 	 MCTS:5.999697 Improve:-0.000000 	 Time:5.00 Seconds
Solution: 1 33 10 7 40 31 16 38 41 9 28 32 44 2 18 35 22 42 34 24 30 25 17 43 11 47 13 14 37 8 4 46 15 39 29 36 5 6 48 49 21 27 23 12 19 26 20 45 50 3 

Inst_Index:6497 	 City_Num:50 	 Concorde:0.052848 	 MCTS:5.283242 Improve:0.001530 	 Time:5.00 Seconds
Solution: 1 3 28 34 29 8 47 45 4 23 46 25 26 14 41 17 35 31 42 24 33 22 43 16 15 18 7 27 44 13 50 39 37 38 30 5 6 20 10 48 49 32 19 2 40 12 11 21 9 36 

Inst_Index:6498 	 City_Num:50 	 Concorde:0.054827 	 MCTS:5.481501 Improve:0.001203 	 Time:5.00 Seconds
Solution: 1 34 27 29 28 4 21 16 44 12 48 35 39 30 10 33 14 20 41 45 50 5 46 24 23 11 13 42 22 26 36 2 6 49 37 25 31 47 18 15 19 9 43 3 8 40 17 38 32 7 

Inst_Index:6499 	 City_Num:50 	 Concorde:0.056647 	 MCTS:5.664723 Improve:-0.000000 	 Time:5.00 Seconds
Solution: 1 21 39 30 20 28 34 16 19 49 48 23 50 29 3 44 4 24 42 17 18 9 31 10 37 36 33 46 27 25 11 12 41 8 7 5 43 26 32 45 13 47 35 2 15 22 38 14 6 40 

Inst_Index:6500 	 City_Num:50 	 Concorde:0.059683 	 MCTS:5.968279 Improve:0.000000 	 Time:5.00 Seconds
Solution: 1 42 20 43 41 23 14 37 36 22 5 32 39 48 40 8 31 47 18 21 35 26 38 19 28 24 46 50 9 12 6 49 13 29 44 33 27 4 16 15 10 3 11 2 34 30 17 45 25 7 

Inst_Index:6501 	 City_Num:50 	 Concorde:0.056589 	 MCTS:5.658897 Improve:-0.000000 	 Time:5.00 Seconds
Solution: 1 6 2 49 31 50 22 10 20 13 23 42 11 46 21 27 37 29 38 35 25 7 45 5 8 26 12 16 15 44 28 34 36 48 47 41 17 14 33 9 32 18 24 4 3 19 30 39 40 43 

Inst_Index:6502 	 City_Num:50 	 Concorde:0.054693 	 MCTS:5.469282 Improve:-0.000000 	 Time:5.00 Seconds
Solution: 1 48 11 3 50 28 12 41 47 15 17 23 43 19 10 5 29 32 39 35 16 7 42 20 26 4 9 24 38 8 44 2 33 13 14 6 49 34 31 45 21 25 27 46 18 30 40 36 37 22 

Inst_Index:6503 	 City_Num:50 	 Concorde:0.054749 	 MCTS:5.471906 Improve:0.003006 	 Time:5.00 Seconds
Solution: 1 16 42 6 19 15 10 5 31 2 43 14 46 21 44 39 13 41 27 12 7 35 25 9 49 3 20 45 30 28 17 40 18 50 24 29 23 32 11 33 36 47 48 34 8 22 4 37 38 26 

Inst_Index:6504 	 City_Num:50 	 Concorde:0.057985 	 MCTS:5.791306 Improve:0.007164 	 Time:5.00 Seconds
Solution: 1 15 50 6 21 28 47 46 17 2 13 10 27 11 45 24 43 32 49 37 23 34 14 40 7 31 39 8 36 3 18 20 25 16 41 30 12 4 22 35 33 44 42 9 5 38 19 48 26 29 

Inst_Index:6505 	 City_Num:50 	 Concorde:0.056886 	 MCTS:5.688554 Improve:0.000000 	 Time:5.00 Seconds
Solution: 1 36 25 13 17 14 10 23 50 27 22 32 21 34 11 41 33 26 16 43 29 37 12 3 20 35 40 2 48 7 15 4 6 49 39 45 46 44 42 18 9 47 5 24 30 31 38 28 8 19 

Inst_Index:6506 	 City_Num:50 	 Concorde:0.055054 	 MCTS:5.505377 Improve:0.000000 	 Time:5.00 Seconds
Solution: 1 21 10 2 36 32 26 50 5 29 16 42 39 11 13 23 4 44 35 41 33 38 18 40 49 48 27 47 15 8 28 9 43 24 45 25 3 37 17 19 30 7 22 14 34 20 6 31 46 12 

Inst_Index:6507 	 City_Num:50 	 Concorde:0.059992 	 MCTS:5.995231 Improve:0.003946 	 Time:5.00 Seconds
Solution: 1 17 37 36 38 13 3 18 49 40 12 27 19 22 23 42 8 4 43 32 10 14 34 7 35 31 2 33 5 6 29 26 46 47 21 25 11 39 30 28 48 45 15 41 24 9 20 44 16 50 

Inst_Index:6508 	 City_Num:50 	 Concorde:0.055476 	 MCTS:5.546310 Improve:0.001304 	 Time:5.00 Seconds
Solution: 1 26 14 6 11 36 44 46 10 35 23 2 40 37 31 9 19 16 38 28 43 49 15 45 42 25 39 32 50 48 8 22 21 5 30 27 34 41 24 12 20 33 4 3 7 17 18 29 13 47 

Inst_Index:6509 	 City_Num:50 	 Concorde:0.056508 	 MCTS:5.645310 Improve:0.005497 	 Time:5.00 Seconds
Solution: 1 41 24 18 15 46 44 2 22 21 9 6 42 36 17 47 43 23 19 4 27 10 3 50 33 11 35 39 34 7 28 16 25 8 40 5 26 38 48 45 29 32 31 14 13 37 49 20 12 30 

Inst_Index:6510 	 City_Num:50 	 Concorde:0.055570 	 MCTS:5.557004 Improve:-0.000000 	 Time:5.00 Seconds
Solution: 1 48 50 38 31 22 16 10 42 20 30 37 46 34 27 29 5 9 39 23 28 11 35 26 4 49 14 41 3 25 7 40 12 44 47 24 21 19 45 18 6 43 8 2 32 17 15 36 13 33 

Inst_Index:6511 	 City_Num:50 	 Concorde:0.055808 	 MCTS:5.573566 Improve:0.007186 	 Time:5.00 Seconds
Solution: 1 48 20 10 12 47 14 39 3 18 11 34 17 29 43 25 40 30 21 27 13 33 50 4 45 41 16 5 8 38 44 24 32 37 6 7 28 9 42 19 35 23 36 31 22 26 46 15 2 49 

Inst_Index:6512 	 City_Num:50 	 Concorde:0.059260 	 MCTS:5.926002 Improve:-0.000000 	 Time:5.00 Seconds
Solution: 1 6 46 24 33 26 30 2 15 19 5 31 45 49 3 10 21 7 29 50 38 37 36 23 32 4 13 41 40 20 8 22 47 42 12 27 44 34 25 39 14 11 48 28 16 17 43 18 35 9 

Inst_Index:6513 	 City_Num:50 	 Concorde:0.056617 	 MCTS:5.661657 Improve:0.000000 	 Time:5.00 Seconds
Solution: 1 20 31 36 48 7 11 19 12 38 42 44 25 23 39 22 14 37 17 33 16 27 13 50 28 4 24 49 46 35 10 43 3 9 40 8 45 32 18 29 15 6 30 41 26 2 5 34 21 47 

Inst_Index:6514 	 City_Num:50 	 Concorde:0.059178 	 MCTS:5.917756 Improve:0.000000 	 Time:5.00 Seconds
Solution: 1 43 3 7 6 38 28 39 15 4 33 14 11 17 8 26 16 18 36 10 45 31 5 50 13 19 34 21 32 46 37 22 25 40 12 30 2 24 9 29 44 27 47 48 42 49 20 23 41 35 

Inst_Index:6515 	 City_Num:50 	 Concorde:0.056893 	 MCTS:5.689256 Improve:0.000000 	 Time:5.00 Seconds
Solution: 1 11 46 50 35 12 43 8 4 42 3 38 45 25 40 16 44 10 14 49 13 5 6 33 32 39 9 26 15 31 37 28 21 18 41 27 36 7 34 22 23 47 30 24 2 17 29 20 19 48 

Inst_Index:6516 	 City_Num:50 	 Concorde:0.060594 	 MCTS:6.072744 Improve:-0.013327 	 Time:5.01 Seconds
Solution: 1 11 4 37 18 38 45 36 44 33 32 42 6 5 49 26 15 50 27 10 14 20 3 46 30 23 8 16 12 2 34 47 19 43 9 40 28 41 39 24 35 7 29 25 31 48 21 13 22 17 

Inst_Index:6517 	 City_Num:50 	 Concorde:0.053985 	 MCTS:5.398498 Improve:-0.000000 	 Time:5.00 Seconds
Solution: 1 17 37 38 7 5 8 26 40 2 36 50 10 33 11 23 13 49 41 29 9 43 44 25 27 6 19 34 32 24 28 3 39 48 46 16 22 35 31 12 45 21 18 4 42 30 47 14 20 15 

Inst_Index:6518 	 City_Num:50 	 Concorde:0.054132 	 MCTS:5.406937 Improve:0.006294 	 Time:5.00 Seconds
Solution: 1 6 5 42 17 28 45 43 15 12 25 16 11 37 24 46 40 38 35 22 44 13 29 18 48 39 33 3 20 41 34 30 47 14 21 9 10 27 8 4 31 23 26 7 32 50 19 2 36 49 

Inst_Index:6519 	 City_Num:50 	 Concorde:0.057934 	 MCTS:5.793377 Improve:0.000000 	 Time:5.00 Seconds
Solution: 1 45 5 46 40 33 38 11 19 8 25 18 23 36 42 39 47 34 2 26 12 10 30 21 4 9 43 15 50 48 29 41 7 31 37 3 14 35 17 44 13 32 49 6 28 27 16 24 20 22 

Inst_Index:6520 	 City_Num:50 	 Concorde:0.056684 	 MCTS:5.666592 Improve:0.001794 	 Time:5.00 Seconds
Solution: 1 40 20 7 42 24 25 8 26 18 5 19 3 33 39 50 29 22 21 13 4 37 41 35 43 32 30 44 11 38 2 36 49 10 16 45 48 47 14 27 31 6 34 15 46 12 17 23 28 9 

Inst_Index:6521 	 City_Num:50 	 Concorde:0.055831 	 MCTS:5.581922 Improve:0.001143 	 Time:5.00 Seconds
Solution: 1 49 14 45 27 42 36 39 3 29 5 41 15 6 16 35 43 24 31 33 44 11 26 19 32 30 28 21 34 23 7 13 37 20 9 2 47 22 10 50 25 40 8 48 38 18 46 4 12 17 

Inst_Index:6522 	 City_Num:50 	 Concorde:0.052191 	 MCTS:5.216289 Improve:0.002825 	 Time:5.00 Seconds
Solution: 1 37 3 38 22 45 47 28 10 44 39 17 19 26 15 7 9 13 18 12 24 42 34 4 48 35 5 46 6 41 50 20 16 8 25 2 27 21 33 32 36 23 11 29 49 40 31 30 14 43 

Inst_Index:6523 	 City_Num:50 	 Concorde:0.055281 	 MCTS:5.520652 Improve:0.007445 	 Time:5.00 Seconds
Solution: 1 36 6 31 39 15 50 35 19 43 11 9 12 46 28 42 10 48 2 45 49 3 13 17 29 38 8 32 34 40 22 16 30 21 4 23 33 47 27 20 26 41 18 24 44 7 25 14 5 37 

Inst_Index:6524 	 City_Num:50 	 Concorde:0.061334 	 MCTS:6.133389 Improve:0.000000 	 Time:5.00 Seconds
Solution: 1 28 42 41 25 31 37 36 18 32 22 5 38 4 2 12 45 47 3 30 19 26 39 35 16 40 20 8 6 15 11 14 34 43 33 17 44 21 49 7 13 24 50 27 46 29 10 9 23 48 

Inst_Index:6525 	 City_Num:50 	 Concorde:0.057047 	 MCTS:5.704279 Improve:0.000424 	 Time:5.01 Seconds
Solution: 1 46 32 40 16 15 11 33 47 20 12 38 2 3 43 50 49 24 8 21 14 44 42 28 29 5 31 23 27 7 6 35 37 41 22 45 30 18 39 17 26 19 9 13 36 10 48 34 25 4 

Inst_Index:6526 	 City_Num:50 	 Concorde:0.059336 	 MCTS:5.933632 Improve:0.000000 	 Time:5.00 Seconds
Solution: 1 28 23 37 10 43 12 35 4 20 22 39 27 5 29 47 18 13 40 48 24 33 11 9 46 21 25 7 32 45 38 34 15 36 49 6 26 14 42 17 2 3 30 31 8 16 44 50 19 41 

Inst_Index:6527 	 City_Num:50 	 Concorde:0.057965 	 MCTS:5.792819 Improve:0.003709 	 Time:5.00 Seconds
Solution: 1 28 19 6 8 17 2 45 25 35 40 14 36 3 47 15 18 42 33 5 16 38 26 39 50 9 27 48 7 49 13 22 12 46 43 23 41 37 30 32 10 29 4 24 34 11 31 21 44 20 

Inst_Index:6528 	 City_Num:50 	 Concorde:0.058459 	 MCTS:5.842539 Improve:0.003333 	 Time:5.00 Seconds
Solution: 1 28 16 11 19 37 15 3 47 38 31 26 24 7 43 6 20 12 40 18 13 34 39 25 23 50 8 5 32 2 42 44 45 30 10 9 17 27 22 41 33 36 21 46 49 14 4 35 29 48 

Inst_Index:6529 	 City_Num:50 	 Concorde:0.056064 	 MCTS:5.603313 Improve:0.003125 	 Time:5.00 Seconds
Solution: 1 16 48 23 4 24 33 47 19 46 35 41 13 27 6 36 8 43 10 18 45 21 50 25 17 20 38 30 44 12 3 29 49 11 32 7 28 39 31 26 42 37 34 9 22 14 5 40 15 2 

Inst_Index:6530 	 City_Num:50 	 Concorde:0.056042 	 MCTS:5.604185 Improve:-0.000000 	 Time:5.00 Seconds
Solution: 1 7 42 12 49 21 50 36 27 11 41 44 18 48 5 14 25 9 43 19 37 28 10 39 16 46 29 35 17 13 31 2 20 47 24 38 33 8 4 30 3 26 6 32 22 40 23 45 34 15 

Inst_Index:6531 	 City_Num:50 	 Concorde:0.054328 	 MCTS:5.432842 Improve:0.000000 	 Time:5.00 Seconds
Solution: 1 23 10 27 25 46 40 33 36 2 49 30 34 44 13 35 26 28 3 29 42 21 6 24 45 17 38 14 18 5 41 37 12 19 7 16 31 11 4 15 9 39 47 22 20 50 43 48 32 8 

Inst_Index:6532 	 City_Num:50 	 Concorde:0.056872 	 MCTS:5.687230 Improve:0.000000 	 Time:5.00 Seconds
Solution: 1 49 2 28 42 4 30 33 40 32 17 26 45 3 10 37 14 50 39 34 48 43 12 25 9 24 6 35 47 22 27 5 15 23 20 19 11 29 8 41 38 46 21 13 44 7 16 18 31 36 

Inst_Index:6533 	 City_Num:50 	 Concorde:0.054551 	 MCTS:5.455138 Improve:0.000000 	 Time:5.00 Seconds
Solution: 1 24 22 9 14 25 38 35 13 32 11 40 15 21 47 28 49 37 48 29 44 10 17 2 39 19 46 27 23 33 12 31 5 26 41 42 3 34 8 36 6 45 20 43 30 4 18 16 7 50 

Inst_Index:6534 	 City_Num:50 	 Concorde:0.062134 	 MCTS:6.212965 Improve:0.000470 	 Time:5.00 Seconds
Solution: 1 50 24 30 4 26 17 14 11 37 45 16 49 32 35 41 38 6 3 28 20 39 7 29 25 18 15 23 21 46 31 43 2 40 13 8 48 5 10 47 27 22 34 44 12 36 9 42 19 33 

Inst_Index:6535 	 City_Num:50 	 Concorde:0.059401 	 MCTS:5.937615 Improve:0.002471 	 Time:5.01 Seconds
Solution: 1 20 5 44 19 28 14 30 45 40 38 47 33 25 17 3 21 15 32 29 37 49 6 4 43 18 12 10 11 39 7 41 42 36 22 31 16 2 24 9 23 8 26 27 46 50 35 48 13 34 

Inst_Index:6536 	 City_Num:50 	 Concorde:0.059702 	 MCTS:5.970186 Improve:0.000000 	 Time:5.00 Seconds
Solution: 1 9 40 31 7 48 32 27 45 25 10 2 19 30 18 37 35 14 44 20 6 28 13 5 3 50 36 41 47 12 23 29 39 4 49 43 22 15 46 26 8 16 38 34 42 33 11 21 17 24 

Inst_Index:6537 	 City_Num:50 	 Concorde:0.059500 	 MCTS:5.949471 Improve:0.000527 	 Time:5.01 Seconds
Solution: 1 25 13 17 41 28 23 33 10 3 6 11 48 29 15 36 12 42 31 20 9 16 40 49 46 4 7 5 34 35 38 22 45 37 14 18 19 43 30 32 50 39 8 27 26 24 47 21 2 44 

Inst_Index:6538 	 City_Num:50 	 Concorde:0.059131 	 MCTS:5.908415 Improve:0.004734 	 Time:5.00 Seconds
Solution: 1 19 45 33 23 40 4 25 9 16 2 10 8 20 30 42 35 41 5 22 21 37 44 47 43 32 14 28 12 15 34 31 13 11 6 49 17 46 26 48 3 50 18 7 36 27 38 24 29 39 

Inst_Index:6539 	 City_Num:50 	 Concorde:0.058223 	 MCTS:5.820971 Improve:0.001334 	 Time:5.01 Seconds
Solution: 1 33 15 49 44 26 31 17 9 28 24 8 13 23 4 16 14 29 30 35 10 18 32 41 6 22 21 2 45 12 25 46 39 19 11 36 47 34 42 38 5 43 7 40 20 50 37 27 48 3 

Inst_Index:6540 	 City_Num:50 	 Concorde:0.058309 	 MCTS:5.829874 Improve:0.000982 	 Time:5.00 Seconds
Solution: 1 6 43 18 17 25 10 20 50 23 28 48 40 37 15 24 38 4 26 41 16 3 12 7 5 42 21 2 32 44 27 46 45 14 31 22 39 30 9 29 34 36 35 13 33 8 49 47 11 19 

Inst_Index:6541 	 City_Num:50 	 Concorde:0.056501 	 MCTS:5.650068 Improve:0.000000 	 Time:5.00 Seconds
Solution: 1 24 20 25 18 34 5 21 11 3 10 44 28 26 4 45 46 49 38 47 33 39 30 41 16 35 50 22 48 9 23 37 42 15 8 19 43 29 13 32 31 27 36 6 40 7 2 17 14 12 

Inst_Index:6542 	 City_Num:50 	 Concorde:0.055450 	 MCTS:5.543374 Improve:0.001651 	 Time:5.00 Seconds
Solution: 1 33 23 9 18 25 17 8 2 12 44 15 41 49 3 46 28 19 26 47 39 31 21 24 34 42 36 16 45 22 50 48 4 10 11 27 6 20 35 37 40 14 7 5 13 32 38 29 30 43 

Inst_Index:6543 	 City_Num:50 	 Concorde:0.057918 	 MCTS:5.791772 Improve:0.000000 	 Time:5.00 Seconds
Solution: 1 34 23 38 5 15 31 22 47 32 16 49 12 43 3 27 28 30 41 40 6 46 14 33 44 42 2 26 19 4 29 37 11 50 7 39 36 21 8 10 20 9 17 45 35 13 48 25 18 24 

Inst_Index:6544 	 City_Num:50 	 Concorde:0.061632 	 MCTS:6.162739 Improve:0.000503 	 Time:5.00 Seconds
Solution: 1 10 44 14 13 40 3 6 42 48 22 9 27 50 19 43 15 12 46 33 25 28 30 23 11 38 5 49 8 18 31 32 24 17 21 47 41 39 34 26 45 36 16 35 4 2 7 37 29 20 

Inst_Index:6545 	 City_Num:50 	 Concorde:0.055014 	 MCTS:5.498167 Improve:0.003275 	 Time:5.00 Seconds
Solution: 1 43 5 24 8 13 7 10 39 36 46 32 44 6 26 11 12 16 4 17 19 42 40 9 27 33 41 30 31 22 23 18 49 38 14 48 45 3 29 47 37 15 50 2 21 20 25 35 34 28 

Inst_Index:6546 	 City_Num:50 	 Concorde:0.059866 	 MCTS:5.986568 Improve:-0.000000 	 Time:5.00 Seconds
Solution: 1 46 37 24 11 38 29 13 2 44 18 5 14 39 36 40 19 23 30 3 34 4 8 15 22 9 28 16 33 25 47 43 31 50 32 17 49 45 42 6 48 26 12 20 21 7 35 27 41 10 

Inst_Index:6547 	 City_Num:50 	 Concorde:0.055272 	 MCTS:5.527158 Improve:-0.000000 	 Time:5.00 Seconds
Solution: 1 28 2 15 9 3 32 29 14 24 37 34 33 41 49 26 6 36 31 39 11 47 5 44 48 27 12 13 43 38 4 23 46 22 21 19 45 18 30 25 8 10 20 42 16 35 7 50 17 40 

Inst_Index:6548 	 City_Num:50 	 Concorde:0.052306 	 MCTS:5.246631 Improve:-0.016069 	 Time:5.01 Seconds
Solution: 1 25 28 34 15 13 16 11 50 7 37 38 9 31 43 32 23 41 8 36 27 24 35 5 20 39 30 4 44 26 2 19 46 40 47 14 12 21 33 29 48 3 17 45 6 10 22 49 42 18 

Inst_Index:6549 	 City_Num:50 	 Concorde:0.056651 	 MCTS:5.663642 Improve:0.001504 	 Time:5.00 Seconds
Solution: 1 47 28 41 36 33 20 4 32 16 35 17 9 27 6 49 42 2 8 21 30 3 10 13 37 26 15 12 5 45 25 24 19 46 18 14 29 31 23 11 40 39 43 38 34 22 44 48 7 50 

Inst_Index:6550 	 City_Num:50 	 Concorde:0.048564 	 MCTS:4.855267 Improve:0.001147 	 Time:5.00 Seconds
Solution: 1 18 50 21 40 31 35 38 9 44 11 12 22 29 10 45 36 25 48 43 19 30 32 47 16 20 8 41 27 49 33 5 3 28 39 15 34 13 7 42 37 24 23 46 17 6 2 14 4 26 

Inst_Index:6551 	 City_Num:50 	 Concorde:0.058188 	 MCTS:5.814107 Improve:0.004719 	 Time:5.00 Seconds
Solution: 1 42 12 39 31 37 15 44 48 10 7 30 38 3 4 2 50 22 43 33 27 17 49 32 20 45 26 5 9 16 19 24 40 25 46 8 18 36 29 28 23 14 13 34 47 35 11 21 41 6 

Inst_Index:6552 	 City_Num:50 	 Concorde:0.059268 	 MCTS:5.920452 Improve:0.006393 	 Time:5.00 Seconds
Solution: 1 31 42 50 18 36 21 12 40 22 3 47 13 37 32 17 5 19 46 27 48 44 4 10 49 30 7 14 23 35 25 8 33 15 34 43 29 38 6 16 2 45 26 41 20 11 28 9 24 39 

Inst_Index:6553 	 City_Num:50 	 Concorde:0.048408 	 MCTS:4.840752 Improve:0.000000 	 Time:5.00 Seconds
Solution: 1 45 6 12 44 33 19 2 27 40 23 5 4 38 3 11 17 39 13 36 31 28 30 21 20 47 29 35 43 50 7 49 37 18 41 15 46 14 42 9 34 48 25 22 10 32 26 24 8 16 

Inst_Index:6554 	 City_Num:50 	 Concorde:0.055539 	 MCTS:5.553820 Improve:0.000103 	 Time:5.00 Seconds
Solution: 1 17 49 30 45 29 34 4 37 33 19 16 11 14 25 15 32 28 20 10 24 38 31 39 35 41 44 13 12 48 36 21 40 22 47 50 5 8 46 26 42 2 18 43 3 27 9 23 7 6 

Inst_Index:6555 	 City_Num:50 	 Concorde:0.052613 	 MCTS:5.268592 Improve:-0.007337 	 Time:5.00 Seconds
Solution: 1 28 14 48 12 10 35 26 43 16 5 18 4 2 25 13 41 29 3 19 15 49 32 24 45 40 20 39 50 23 11 34 36 17 38 7 9 22 37 8 33 30 21 31 27 47 42 6 44 46 

Inst_Index:6556 	 City_Num:50 	 Concorde:0.055453 	 MCTS:5.544287 Improve:0.001003 	 Time:5.00 Seconds
Solution: 1 39 17 4 14 37 43 7 33 46 18 11 19 13 29 12 24 48 5 22 15 45 38 36 35 34 32 2 30 21 23 9 16 49 50 44 40 3 26 25 10 20 41 27 47 31 8 42 28 6 

Inst_Index:6557 	 City_Num:50 	 Concorde:0.053068 	 MCTS:5.304547 Improve:0.002294 	 Time:5.00 Seconds
Solution: 1 10 48 23 37 12 15 13 14 4 18 33 34 47 30 19 16 31 27 45 28 41 38 36 25 35 11 24 22 6 8 2 21 5 29 20 46 7 3 32 17 42 40 49 9 44 26 39 43 50 

Inst_Index:6558 	 City_Num:50 	 Concorde:0.060513 	 MCTS:6.050253 Improve:0.001081 	 Time:5.00 Seconds
Solution: 1 25 45 50 40 7 15 41 20 9 36 33 29 3 35 39 48 21 31 49 37 46 38 8 28 13 32 42 4 47 6 16 14 26 18 19 43 10 12 24 44 34 17 22 11 5 2 30 23 27 

Inst_Index:6559 	 City_Num:50 	 Concorde:0.054928 	 MCTS:5.491893 Improve:0.000923 	 Time:5.00 Seconds
Solution: 1 17 45 25 33 49 40 5 9 37 26 18 15 16 6 7 14 22 31 34 44 24 48 47 2 4 20 35 29 8 42 12 10 27 13 38 23 39 41 36 19 32 50 46 43 21 3 30 28 11 

Inst_Index:6560 	 City_Num:50 	 Concorde:0.057035 	 MCTS:5.703509 Improve:0.000000 	 Time:5.00 Seconds
Solution: 1 8 27 49 7 11 23 5 30 39 19 44 26 33 9 46 37 18 45 13 35 22 16 4 41 25 50 42 38 12 21 36 10 20 47 40 48 43 34 6 2 24 28 17 31 29 15 3 32 14 

Inst_Index:6561 	 City_Num:50 	 Concorde:0.054887 	 MCTS:5.479548 Improve:0.009145 	 Time:5.00 Seconds
Solution: 1 19 50 49 7 29 18 15 25 16 20 33 31 38 40 9 39 28 35 44 22 32 17 34 14 45 8 4 37 46 24 47 2 12 13 3 27 36 43 48 10 23 6 41 5 42 26 21 30 11 

Inst_Index:6562 	 City_Num:50 	 Concorde:0.056382 	 MCTS:5.638208 Improve:-0.000000 	 Time:5.01 Seconds
Solution: 1 39 26 12 14 27 20 28 32 5 45 2 31 21 3 9 17 13 18 25 29 11 38 41 47 30 50 19 7 4 44 48 42 16 37 22 40 23 33 6 35 49 36 34 10 43 15 46 8 24 

Inst_Index:6563 	 City_Num:50 	 Concorde:0.058575 	 MCTS:5.857491 Improve:0.000000 	 Time:5.00 Seconds
Solution: 1 14 33 9 24 5 11 31 18 42 4 20 2 48 10 49 21 15 40 37 39 38 44 45 7 23 16 29 6 28 25 13 12 35 30 36 41 17 19 46 22 26 3 27 32 34 47 50 8 43 

Inst_Index:6564 	 City_Num:50 	 Concorde:0.057202 	 MCTS:5.716221 Improve:0.003935 	 Time:5.00 Seconds
Solution: 1 46 33 34 23 35 6 43 44 50 18 10 25 12 45 7 41 47 15 16 36 17 37 29 3 48 49 30 42 22 38 40 13 21 14 24 32 31 39 28 9 2 8 27 26 5 4 20 19 11 

Inst_Index:6565 	 City_Num:50 	 Concorde:0.056004 	 MCTS:5.600361 Improve:0.000000 	 Time:5.00 Seconds
Solution: 1 6 12 5 50 10 47 8 49 30 40 38 25 9 22 31 18 13 34 3 4 46 39 15 48 2 26 44 32 23 7 29 36 16 37 33 24 42 20 45 43 19 21 17 41 35 28 27 11 14 

Inst_Index:6566 	 City_Num:50 	 Concorde:0.060121 	 MCTS:6.012146 Improve:0.000002 	 Time:5.00 Seconds
Solution: 1 44 23 45 42 14 5 13 33 30 21 22 12 34 35 49 27 10 17 43 7 15 37 48 3 39 29 38 8 32 31 46 26 2 16 41 40 4 50 24 18 11 9 6 28 36 20 19 25 47 

Inst_Index:6567 	 City_Num:50 	 Concorde:0.055177 	 MCTS:5.517746 Improve:-0.000000 	 Time:5.00 Seconds
Solution: 1 9 30 38 45 41 3 44 49 13 22 35 32 10 11 46 8 19 14 28 27 12 21 15 2 42 31 39 37 23 24 25 36 6 33 29 34 17 4 48 16 20 26 47 5 7 50 40 43 18 

Inst_Index:6568 	 City_Num:50 	 Concorde:0.054631 	 MCTS:5.463108 Improve:0.000000 	 Time:5.00 Seconds
Solution: 1 20 29 36 13 16 21 11 35 32 41 5 22 28 46 17 50 43 34 8 2 44 30 24 42 48 19 10 6 15 49 47 26 27 25 40 23 4 45 38 12 39 3 7 33 31 37 18 14 9 

Inst_Index:6569 	 City_Num:50 	 Concorde:0.058099 	 MCTS:5.809912 Improve:-0.000000 	 Time:5.00 Seconds
Solution: 1 25 5 19 47 24 26 41 11 40 27 34 8 15 16 30 13 7 39 9 17 32 14 44 21 33 6 4 20 42 43 2 38 29 18 37 10 28 49 3 31 35 50 48 46 23 45 22 36 12 

Inst_Index:6570 	 City_Num:50 	 Concorde:0.058339 	 MCTS:5.833650 Improve:0.000215 	 Time:5.01 Seconds
Solution: 1 29 36 40 32 45 8 46 48 13 24 9 49 28 50 26 22 20 23 4 41 10 15 31 35 38 27 43 19 11 34 33 47 7 39 6 17 5 16 12 25 37 3 2 14 18 30 44 42 21 

Inst_Index:6571 	 City_Num:50 	 Concorde:0.059091 	 MCTS:5.909108 Improve:0.000000 	 Time:5.00 Seconds
Solution: 1 45 12 39 8 50 49 11 25 36 19 15 23 21 30 3 18 42 35 16 47 2 14 4 17 34 20 37 7 6 48 41 26 5 29 10 40 44 28 38 32 13 46 24 27 31 43 9 33 22 

Inst_Index:6572 	 City_Num:50 	 Concorde:0.059696 	 MCTS:5.966450 Improve:0.003117 	 Time:5.00 Seconds
Solution: 1 43 19 48 30 12 45 33 47 38 32 25 11 22 24 49 37 27 34 40 10 9 14 21 35 15 46 26 7 41 28 29 18 23 8 36 5 20 50 6 2 13 39 17 42 31 44 3 4 16 

Inst_Index:6573 	 City_Num:50 	 Concorde:0.058682 	 MCTS:5.868232 Improve:0.000000 	 Time:5.00 Seconds
Solution: 1 45 48 34 3 29 43 47 26 20 42 2 11 39 49 25 41 13 31 27 46 21 16 32 18 35 19 14 6 5 9 38 28 10 7 17 24 37 12 30 8 22 40 50 4 15 44 36 33 23 


Avg_Concorde_Distance: 5.671314 Avg_MCTS_Distance: 5.670229 Avg_Gap: -0.000192 Total_Time: 1566.01 Seconds 
 Beat_Best_Known_Times: 133 Match_Best_Known_Times: 173 Miss_Best_Known_Times: 7 
