Number_of_Instances_In_Current_Batch: 313

Inst_Index:627 	 City_Num:50 	 Concorde:0.057765 	 MCTS:5.776524 Improve:0.000000 	 Time:5.00 Seconds
Solution: 1 14 40 45 44 34 11 42 9 6 17 22 5 16 41 2 32 3 46 30 50 43 33 13 18 12 19 48 7 47 23 36 27 29 25 21 31 26 15 37 38 8 28 24 49 35 39 10 4 20 

Inst_Index:628 	 City_Num:50 	 Concorde:0.053586 	 MCTS:5.358611 Improve:-0.000000 	 Time:5.00 Seconds
Solution: 1 33 40 47 16 48 8 41 28 26 25 27 36 3 9 42 14 24 39 22 46 11 18 23 7 29 17 13 32 50 21 49 10 37 5 6 38 31 15 44 19 35 4 34 30 43 12 20 2 45 

Inst_Index:629 	 City_Num:50 	 Concorde:0.058168 	 MCTS:5.816820 Improve:0.000000 	 Time:5.01 Seconds
Solution: 1 34 30 43 10 21 36 11 49 42 13 14 45 33 22 4 6 17 41 50 3 40 31 18 24 46 44 32 19 26 37 48 35 23 27 38 9 7 8 28 16 15 12 25 5 29 20 39 47 2 

Inst_Index:630 	 City_Num:50 	 Concorde:0.054976 	 MCTS:5.497574 Improve:0.000000 	 Time:5.00 Seconds
Solution: 1 47 24 50 4 40 35 18 41 49 11 21 31 38 39 36 3 32 20 15 28 44 2 45 17 14 43 33 26 13 46 5 25 34 9 19 23 27 16 48 7 22 37 29 8 30 10 6 42 12 

Inst_Index:631 	 City_Num:50 	 Concorde:0.049022 	 MCTS:4.897048 Improve:0.005198 	 Time:5.00 Seconds
Solution: 1 8 50 42 44 37 34 17 36 20 31 43 40 11 26 41 21 32 4 48 38 7 28 23 6 24 13 16 22 49 47 29 39 33 30 9 46 10 45 5 25 18 12 19 35 3 14 27 15 2 

Inst_Index:632 	 City_Num:50 	 Concorde:0.057317 	 MCTS:5.721287 Improve:0.010448 	 Time:5.01 Seconds
Solution: 1 34 47 14 45 49 22 26 12 21 15 2 8 44 9 50 48 42 38 7 40 19 43 31 18 16 23 39 3 10 5 4 25 41 37 20 11 35 33 29 6 17 30 24 36 46 28 13 32 27 

Inst_Index:633 	 City_Num:50 	 Concorde:0.058287 	 MCTS:5.828720 Improve:0.000000 	 Time:5.01 Seconds
Solution: 1 19 32 13 46 25 27 12 5 14 8 49 2 11 28 39 47 37 16 4 45 15 35 20 18 24 23 21 7 48 6 31 40 29 26 44 9 50 41 3 10 38 34 30 36 42 17 33 43 22 

Inst_Index:634 	 City_Num:50 	 Concorde:0.059363 	 MCTS:5.936343 Improve:-0.000000 	 Time:5.01 Seconds
Solution: 1 23 40 17 13 15 18 27 7 5 8 34 2 38 29 9 28 6 35 24 26 14 39 46 4 30 10 42 11 32 43 20 41 44 37 47 12 16 25 48 19 3 36 49 22 33 31 50 45 21 

Inst_Index:635 	 City_Num:50 	 Concorde:0.060983 	 MCTS:6.098308 Improve:-0.000000 	 Time:5.03 Seconds
Solution: 1 38 6 30 24 7 8 45 18 33 25 35 42 40 50 10 4 22 11 3 15 14 29 20 46 17 41 12 9 47 16 31 27 13 34 49 28 44 39 5 21 26 32 2 36 19 23 48 37 43 

Inst_Index:636 	 City_Num:50 	 Concorde:0.059447 	 MCTS:5.944723 Improve:0.000000 	 Time:5.01 Seconds
Solution: 1 50 2 44 25 16 36 24 3 39 31 35 8 10 6 11 18 37 12 47 19 21 22 15 4 38 49 33 17 40 30 45 13 27 42 5 23 34 14 48 7 28 32 41 29 20 46 26 9 43 

Inst_Index:637 	 City_Num:50 	 Concorde:0.053978 	 MCTS:5.397759 Improve:-0.000000 	 Time:5.00 Seconds
Solution: 1 30 33 39 32 46 24 14 38 36 35 37 22 20 26 10 45 41 15 17 34 11 13 4 44 50 18 12 5 29 43 49 7 25 31 40 3 21 47 9 42 48 23 28 8 16 27 2 19 6 

Inst_Index:638 	 City_Num:50 	 Concorde:0.056674 	 MCTS:5.661213 Improve:0.006139 	 Time:5.00 Seconds
Solution: 1 41 19 18 11 27 25 50 22 34 28 4 8 39 12 14 26 23 48 29 45 6 44 33 17 10 32 7 46 42 40 5 30 36 49 38 24 47 21 9 16 13 37 20 35 31 43 2 15 3 

Inst_Index:639 	 City_Num:50 	 Concorde:0.056866 	 MCTS:5.686474 Improve:0.000148 	 Time:5.00 Seconds
Solution: 1 41 2 6 29 8 49 9 18 45 27 34 10 36 3 33 43 7 23 46 37 15 35 42 39 22 12 47 17 4 50 26 16 21 30 44 13 25 20 32 14 19 28 5 11 48 40 24 38 31 

Inst_Index:640 	 City_Num:50 	 Concorde:0.056683 	 MCTS:5.668285 Improve:0.000000 	 Time:5.00 Seconds
Solution: 1 16 38 50 23 8 26 32 43 20 24 13 25 3 42 4 5 21 47 36 19 31 14 37 17 10 2 33 28 44 18 15 46 41 49 7 6 30 34 48 22 27 40 11 39 9 35 45 29 12 

Inst_Index:641 	 City_Num:50 	 Concorde:0.059225 	 MCTS:5.922546 Improve:0.000000 	 Time:5.00 Seconds
Solution: 1 42 8 47 35 16 28 9 11 19 17 50 40 13 10 45 12 22 38 46 2 24 15 3 34 4 20 27 39 5 36 18 44 37 26 49 21 25 29 32 41 23 48 30 7 33 43 14 31 6 

Inst_Index:642 	 City_Num:50 	 Concorde:0.056518 	 MCTS:5.651828 Improve:-0.000000 	 Time:5.00 Seconds
Solution: 1 27 23 16 47 18 42 3 34 21 39 6 50 9 45 25 17 4 13 32 43 44 11 31 46 20 24 29 48 8 2 28 10 15 40 12 7 49 36 26 19 22 37 30 33 14 41 5 35 38 

Inst_Index:643 	 City_Num:50 	 Concorde:0.060383 	 MCTS:6.038346 Improve:0.000000 	 Time:5.00 Seconds
Solution: 1 22 30 14 47 44 35 31 49 6 42 27 34 9 15 48 32 19 5 20 21 3 41 50 46 13 16 28 38 11 24 25 17 12 23 26 40 37 8 4 7 33 10 29 36 45 18 2 43 39 

Inst_Index:644 	 City_Num:50 	 Concorde:0.060444 	 MCTS:6.042985 Improve:0.001376 	 Time:5.00 Seconds
Solution: 1 18 21 20 45 50 5 46 44 26 38 12 29 41 48 28 32 3 33 14 34 31 19 2 30 4 11 37 25 36 24 23 42 17 15 13 8 43 7 35 49 47 6 40 27 16 22 10 9 39 

Inst_Index:645 	 City_Num:50 	 Concorde:0.057380 	 MCTS:5.737991 Improve:-0.000000 	 Time:5.00 Seconds
Solution: 1 43 28 32 49 14 4 7 44 18 12 26 45 19 50 21 37 11 5 40 39 27 13 48 9 42 41 25 16 35 3 46 20 47 22 17 24 15 23 36 31 34 10 2 29 33 8 38 6 30 

Inst_Index:646 	 City_Num:50 	 Concorde:0.059049 	 MCTS:5.904894 Improve:0.000000 	 Time:5.01 Seconds
Solution: 1 26 50 25 18 23 43 35 15 36 8 45 7 2 27 20 17 14 21 49 41 30 46 33 42 19 13 47 37 40 10 5 11 22 24 38 29 31 44 12 4 28 3 34 39 32 48 6 9 16 

Inst_Index:647 	 City_Num:50 	 Concorde:0.058213 	 MCTS:5.821256 Improve:0.000000 	 Time:5.00 Seconds
Solution: 1 10 44 6 45 31 40 35 27 18 41 4 16 12 17 33 23 36 9 47 5 7 42 25 39 28 34 37 19 50 38 3 26 21 24 14 15 22 8 49 30 43 29 20 11 48 2 32 13 46 

Inst_Index:648 	 City_Num:50 	 Concorde:0.056241 	 MCTS:5.624138 Improve:0.000000 	 Time:5.00 Seconds
Solution: 1 31 3 32 21 12 41 49 47 18 17 38 34 7 19 15 16 13 14 22 50 5 43 6 39 24 29 9 46 20 35 28 10 42 45 37 27 4 25 48 30 33 26 11 23 44 8 2 36 40 

Inst_Index:649 	 City_Num:50 	 Concorde:0.057805 	 MCTS:5.780525 Improve:-0.000000 	 Time:5.00 Seconds
Solution: 1 41 7 13 49 45 50 27 16 48 11 18 5 26 35 14 4 44 8 43 47 17 38 42 6 32 37 46 21 30 9 33 28 23 31 19 25 2 22 34 40 24 39 36 15 20 29 3 12 10 

Inst_Index:650 	 City_Num:50 	 Concorde:0.053304 	 MCTS:5.326482 Improve:0.003949 	 Time:5.00 Seconds
Solution: 1 6 35 11 28 16 48 46 29 50 42 7 49 36 37 20 18 2 8 44 25 15 3 43 23 41 47 40 22 27 31 24 19 45 13 30 4 33 5 32 26 34 12 21 38 10 9 14 17 39 

Inst_Index:651 	 City_Num:50 	 Concorde:0.053218 	 MCTS:5.321758 Improve:0.000000 	 Time:5.00 Seconds
Solution: 1 28 40 33 2 15 45 24 16 10 30 17 39 8 34 50 9 26 11 3 41 47 22 14 7 38 12 5 21 46 37 19 43 48 23 35 31 32 13 44 49 36 25 4 6 20 42 27 29 18 

Inst_Index:652 	 City_Num:50 	 Concorde:0.058548 	 MCTS:5.854784 Improve:0.000000 	 Time:5.00 Seconds
Solution: 1 26 7 4 19 20 36 13 42 21 38 16 31 35 50 41 11 30 47 25 3 37 2 49 10 44 5 27 17 29 34 22 6 40 23 43 15 12 18 28 33 9 8 24 14 45 32 39 48 46 

Inst_Index:653 	 City_Num:50 	 Concorde:0.055568 	 MCTS:5.556165 Improve:0.000620 	 Time:5.00 Seconds
Solution: 1 37 48 36 16 29 41 42 49 31 23 11 45 30 20 12 2 14 32 39 19 33 10 7 6 5 3 21 8 44 34 18 35 25 27 46 50 4 9 28 40 15 13 47 22 17 26 38 24 43 

Inst_Index:654 	 City_Num:50 	 Concorde:0.061101 	 MCTS:6.110128 Improve:0.000000 	 Time:5.00 Seconds
Solution: 1 32 9 10 5 6 38 8 42 37 17 21 3 4 33 45 26 11 36 46 15 28 40 2 29 23 25 19 16 49 31 24 41 18 20 22 30 39 13 43 44 27 7 50 14 47 34 48 35 12 

Inst_Index:655 	 City_Num:50 	 Concorde:0.056881 	 MCTS:5.688120 Improve:-0.000000 	 Time:5.00 Seconds
Solution: 1 33 5 45 14 44 22 18 49 46 42 19 21 27 17 37 28 12 35 26 30 7 36 20 39 15 32 11 9 3 48 24 6 41 25 47 10 29 2 34 16 8 40 23 13 50 4 38 31 43 

Inst_Index:656 	 City_Num:50 	 Concorde:0.053215 	 MCTS:5.321505 Improve:-0.000007 	 Time:5.00 Seconds
Solution: 1 30 47 49 41 21 24 20 33 4 46 48 11 35 44 38 6 12 39 15 14 45 9 13 16 10 40 25 7 34 31 29 32 28 50 23 17 27 8 19 43 26 5 37 22 18 2 42 3 36 

Inst_Index:657 	 City_Num:50 	 Concorde:0.057073 	 MCTS:5.706589 Improve:0.000724 	 Time:5.00 Seconds
Solution: 1 35 25 14 12 18 10 23 48 19 50 28 31 13 38 6 9 2 45 17 5 16 20 24 44 8 26 46 15 21 47 37 11 3 41 32 22 29 7 34 27 33 30 39 4 36 49 40 43 42 

Inst_Index:658 	 City_Num:50 	 Concorde:0.060718 	 MCTS:6.071835 Improve:0.000000 	 Time:5.00 Seconds
Solution: 1 4 49 11 40 3 21 20 42 25 12 36 29 8 48 23 10 7 26 32 44 38 45 22 14 31 27 33 16 2 37 19 47 39 43 34 15 24 13 50 5 18 46 41 35 9 30 17 6 28 

Inst_Index:659 	 City_Num:50 	 Concorde:0.055551 	 MCTS:5.555126 Improve:0.000000 	 Time:5.00 Seconds
Solution: 1 32 10 16 11 47 8 6 30 19 13 12 48 22 35 18 23 49 9 5 25 34 14 41 45 20 26 36 7 46 31 37 21 27 15 17 28 39 38 44 3 42 2 43 24 40 50 4 29 33 

Inst_Index:660 	 City_Num:50 	 Concorde:0.050469 	 MCTS:5.045331 Improve:0.001554 	 Time:5.00 Seconds
Solution: 1 8 25 9 5 47 20 12 27 48 21 43 6 4 29 26 32 38 13 41 18 40 16 31 30 3 7 45 42 44 22 36 19 33 46 17 2 49 24 14 23 35 37 10 34 15 11 50 28 39 

Inst_Index:661 	 City_Num:50 	 Concorde:0.054147 	 MCTS:5.414731 Improve:0.000000 	 Time:5.00 Seconds
Solution: 1 45 16 37 36 20 13 7 49 3 40 9 14 33 39 11 43 8 26 46 29 22 6 47 24 44 2 30 23 27 17 18 50 21 25 12 4 35 10 5 38 34 32 41 15 48 19 42 28 31 

Inst_Index:662 	 City_Num:50 	 Concorde:0.056070 	 MCTS:5.603077 Improve:0.003920 	 Time:5.00 Seconds
Solution: 1 14 26 28 27 7 49 46 20 4 13 41 2 45 39 31 44 21 37 12 19 42 38 6 43 18 24 15 50 29 40 17 25 30 35 5 47 34 32 22 36 3 8 10 23 33 16 9 48 11 

Inst_Index:663 	 City_Num:50 	 Concorde:0.056584 	 MCTS:5.658401 Improve:0.000000 	 Time:5.00 Seconds
Solution: 1 18 45 17 14 23 24 35 42 33 29 6 15 48 40 47 11 43 20 3 10 36 28 16 9 32 39 7 49 8 46 50 4 25 26 5 34 30 22 41 27 37 44 2 12 13 31 38 21 19 

Inst_Index:664 	 City_Num:50 	 Concorde:0.058643 	 MCTS:5.864301 Improve:0.000000 	 Time:5.00 Seconds
Solution: 1 42 36 50 3 27 47 29 31 20 44 17 33 46 12 24 18 7 45 10 25 11 6 22 13 32 23 43 26 2 14 39 30 34 16 41 40 19 9 49 48 28 4 21 35 5 8 38 37 15 

Inst_Index:665 	 City_Num:50 	 Concorde:0.057451 	 MCTS:5.745096 Improve:-0.000000 	 Time:5.00 Seconds
Solution: 1 30 50 7 9 15 47 35 46 45 4 26 24 29 6 27 43 41 14 31 23 49 42 28 44 25 32 40 34 19 21 22 33 20 3 10 17 37 11 38 2 13 8 36 16 12 39 5 48 18 

Inst_Index:666 	 City_Num:50 	 Concorde:0.057553 	 MCTS:5.755290 Improve:0.000000 	 Time:5.00 Seconds
Solution: 1 39 37 47 42 3 32 21 41 36 9 5 38 29 27 26 44 31 12 8 17 11 33 15 43 30 10 50 22 20 24 14 49 7 2 45 48 46 34 16 6 23 40 35 18 4 19 28 13 25 

Inst_Index:667 	 City_Num:50 	 Concorde:0.056423 	 MCTS:5.642253 Improve:-0.000000 	 Time:5.00 Seconds
Solution: 1 40 39 12 26 29 14 15 45 27 21 18 24 2 4 9 48 33 46 41 16 22 43 34 13 44 23 11 3 17 28 7 32 8 35 19 10 38 50 47 31 20 36 30 5 25 6 49 42 37 

Inst_Index:668 	 City_Num:50 	 Concorde:0.055645 	 MCTS:5.563555 Improve:0.000955 	 Time:5.00 Seconds
Solution: 1 35 25 30 10 24 28 27 15 44 22 3 34 39 20 46 6 48 43 49 50 47 9 14 11 40 38 45 26 36 42 17 4 12 23 33 32 13 18 5 8 2 21 41 7 31 29 19 16 37 

Inst_Index:669 	 City_Num:50 	 Concorde:0.055679 	 MCTS:5.567882 Improve:0.000000 	 Time:5.00 Seconds
Solution: 1 39 35 13 28 49 11 7 43 47 42 40 4 37 8 24 5 44 26 18 36 50 25 27 10 33 22 2 34 31 23 29 12 30 46 15 38 48 16 21 32 17 3 14 6 41 19 9 45 20 

Inst_Index:670 	 City_Num:50 	 Concorde:0.059813 	 MCTS:5.981315 Improve:-0.000000 	 Time:5.00 Seconds
Solution: 1 14 12 9 45 36 24 35 2 47 22 30 11 40 42 17 23 27 19 16 37 25 21 4 31 8 44 48 5 49 39 6 46 41 18 15 32 33 28 7 43 29 10 20 38 34 26 3 13 50 

Inst_Index:671 	 City_Num:50 	 Concorde:0.056760 	 MCTS:5.676009 Improve:0.000000 	 Time:5.00 Seconds
Solution: 1 31 50 14 47 41 49 26 36 40 11 13 48 2 25 7 21 22 37 16 33 24 23 44 39 42 46 43 32 15 10 4 20 29 19 28 35 27 34 38 18 3 17 9 30 12 6 5 45 8 

Inst_Index:672 	 City_Num:50 	 Concorde:0.059091 	 MCTS:5.909066 Improve:0.000000 	 Time:5.00 Seconds
Solution: 1 6 39 21 43 48 8 32 3 29 22 23 16 26 45 24 5 50 40 34 17 10 9 38 14 31 35 37 13 27 36 2 25 46 28 11 49 33 15 12 42 41 44 30 19 20 18 4 7 47 

Inst_Index:673 	 City_Num:50 	 Concorde:0.055338 	 MCTS:5.533823 Improve:0.000000 	 Time:5.00 Seconds
Solution: 1 46 43 28 10 2 41 3 44 36 27 5 13 19 4 48 37 50 21 22 35 29 39 14 9 31 11 33 45 49 26 40 15 32 38 23 8 6 25 18 47 7 34 42 16 30 12 24 17 20 

Inst_Index:674 	 City_Num:50 	 Concorde:0.054296 	 MCTS:5.429605 Improve:0.000000 	 Time:5.00 Seconds
Solution: 1 5 28 12 2 47 40 50 16 32 45 48 8 30 11 26 25 38 19 46 4 6 15 34 10 33 17 7 18 13 49 35 14 20 36 9 21 29 44 24 31 39 41 37 42 23 3 27 43 22 

Inst_Index:675 	 City_Num:50 	 Concorde:0.062670 	 MCTS:6.266966 Improve:0.000000 	 Time:5.00 Seconds
Solution: 1 49 10 17 29 14 20 31 23 37 34 48 40 13 21 41 15 2 22 7 38 6 26 43 45 46 27 3 5 47 44 30 12 19 42 8 50 18 28 33 25 39 35 4 32 16 36 11 9 24 

Inst_Index:676 	 City_Num:50 	 Concorde:0.054545 	 MCTS:5.453360 Improve:0.001150 	 Time:5.00 Seconds
Solution: 1 25 49 13 29 37 20 42 33 26 7 30 4 23 31 22 40 44 34 24 48 36 16 10 28 8 21 35 3 19 39 47 17 50 6 45 27 43 38 9 15 32 5 41 2 14 11 18 12 46 

Inst_Index:677 	 City_Num:50 	 Concorde:0.052984 	 MCTS:5.298441 Improve:0.000000 	 Time:5.00 Seconds
Solution: 1 12 44 39 45 3 29 33 8 16 49 26 36 6 14 25 11 41 31 9 18 24 17 5 43 23 30 38 27 7 40 10 19 50 4 21 37 46 22 32 13 42 2 48 20 15 34 47 28 35 

Inst_Index:678 	 City_Num:50 	 Concorde:0.059808 	 MCTS:5.996283 Improve:-0.015439 	 Time:5.00 Seconds
Solution: 1 11 46 22 12 14 45 26 33 40 13 30 49 18 39 48 24 50 10 29 7 2 31 34 3 38 21 25 5 4 6 44 23 43 16 9 32 28 47 20 41 37 36 19 17 15 27 35 8 42 

Inst_Index:679 	 City_Num:50 	 Concorde:0.053646 	 MCTS:5.364555 Improve:0.000000 	 Time:5.00 Seconds
Solution: 1 23 2 14 47 41 18 40 12 16 44 31 17 43 42 37 5 6 19 35 50 30 10 3 21 45 27 22 25 7 33 9 46 26 15 39 48 28 32 4 11 13 8 49 38 20 24 36 29 34 

Inst_Index:680 	 City_Num:50 	 Concorde:0.056507 	 MCTS:5.650711 Improve:0.000000 	 Time:5.00 Seconds
Solution: 1 34 39 24 6 29 9 18 3 49 36 48 44 50 37 31 41 30 2 28 7 4 15 21 35 12 20 38 33 47 13 23 40 46 45 42 32 10 8 17 26 14 19 16 11 22 43 5 25 27 

Inst_Index:681 	 City_Num:50 	 Concorde:0.056194 	 MCTS:5.619434 Improve:0.000000 	 Time:5.00 Seconds
Solution: 1 20 37 38 31 5 16 42 49 32 39 2 24 47 26 17 15 25 46 41 8 21 29 36 35 4 9 40 19 7 50 18 43 23 30 11 10 6 27 14 12 33 3 44 28 13 22 45 48 34 

Inst_Index:682 	 City_Num:50 	 Concorde:0.060896 	 MCTS:6.089635 Improve:-0.000000 	 Time:5.00 Seconds
Solution: 1 30 25 4 48 23 9 37 41 44 46 29 5 31 13 21 33 22 27 34 35 45 11 40 10 28 47 14 42 6 20 18 50 38 19 12 8 36 49 39 2 26 15 32 16 24 7 43 17 3 

Inst_Index:683 	 City_Num:50 	 Concorde:0.054811 	 MCTS:5.473174 Improve:0.007900 	 Time:5.00 Seconds
Solution: 1 48 24 41 44 28 34 38 46 18 49 33 5 22 42 47 11 13 6 4 2 7 15 29 17 20 50 8 21 26 43 19 25 10 40 35 3 30 14 37 45 32 31 16 27 9 23 36 12 39 

Inst_Index:684 	 City_Num:50 	 Concorde:0.060657 	 MCTS:6.065725 Improve:-0.000000 	 Time:5.00 Seconds
Solution: 1 24 16 27 23 10 43 35 32 11 49 14 48 44 25 42 7 9 38 34 6 18 28 17 37 8 41 31 46 19 36 45 20 13 3 4 26 47 30 21 33 40 39 22 15 2 50 5 12 29 

Inst_Index:685 	 City_Num:50 	 Concorde:0.062918 	 MCTS:6.291586 Improve:0.000170 	 Time:5.01 Seconds
Solution: 1 33 27 46 10 32 11 45 22 6 4 36 14 37 16 49 7 15 26 8 9 34 39 5 2 48 42 47 28 24 13 44 31 17 23 18 35 21 50 38 41 20 12 30 3 19 29 43 40 25 

Inst_Index:686 	 City_Num:50 	 Concorde:0.054520 	 MCTS:5.451952 Improve:-0.000000 	 Time:5.00 Seconds
Solution: 1 20 30 27 12 18 44 42 17 45 33 9 48 40 41 16 7 43 21 26 22 24 37 14 46 31 5 35 10 4 2 39 38 49 50 34 32 13 11 23 6 47 25 29 3 36 15 28 8 19 

Inst_Index:687 	 City_Num:50 	 Concorde:0.057692 	 MCTS:5.769181 Improve:-0.000000 	 Time:5.00 Seconds
Solution: 1 8 20 45 44 49 17 29 3 36 50 22 30 14 46 2 5 41 48 33 7 15 40 9 13 31 28 37 12 21 19 10 26 11 32 27 23 6 24 16 47 25 42 34 39 18 38 4 35 43 

Inst_Index:688 	 City_Num:50 	 Concorde:0.057170 	 MCTS:5.714580 Improve:0.002463 	 Time:5.00 Seconds
Solution: 1 8 23 33 45 21 16 4 20 24 41 29 17 50 3 38 10 34 26 13 2 35 6 42 39 44 12 30 40 47 32 31 27 9 36 18 48 49 19 37 5 22 43 7 46 11 14 15 28 25 

Inst_Index:689 	 City_Num:50 	 Concorde:0.057556 	 MCTS:5.754843 Improve:0.000740 	 Time:5.00 Seconds
Solution: 1 49 38 17 13 29 26 6 44 9 23 10 11 14 45 12 20 5 40 31 4 39 36 37 43 18 30 7 50 21 35 25 27 47 33 28 48 46 15 24 3 8 32 16 22 19 41 2 34 42 

Inst_Index:690 	 City_Num:50 	 Concorde:0.061155 	 MCTS:6.115506 Improve:-0.000000 	 Time:5.00 Seconds
Solution: 1 18 50 47 6 13 36 2 7 22 20 8 39 17 45 44 40 19 14 34 11 26 21 15 24 4 29 38 10 9 28 5 27 37 46 41 35 32 3 23 49 16 30 48 33 31 25 12 42 43 

Inst_Index:691 	 City_Num:50 	 Concorde:0.055384 	 MCTS:5.538364 Improve:0.000000 	 Time:5.00 Seconds
Solution: 1 49 29 18 50 31 48 39 14 33 9 47 27 37 2 25 45 38 23 12 26 15 21 22 3 32 19 11 10 42 41 40 17 5 44 36 43 46 4 34 28 24 30 16 6 20 8 7 35 13 

Inst_Index:692 	 City_Num:50 	 Concorde:0.053207 	 MCTS:5.317531 Improve:0.003182 	 Time:5.00 Seconds
Solution: 1 18 44 15 11 34 25 28 5 2 13 35 41 43 26 12 50 29 10 38 47 45 27 21 20 33 36 17 32 3 37 42 48 23 8 46 14 49 6 16 7 30 31 4 9 39 19 40 24 22 

Inst_Index:693 	 City_Num:50 	 Concorde:0.054855 	 MCTS:5.485502 Improve:0.000000 	 Time:5.00 Seconds
Solution: 1 20 7 4 18 33 31 16 11 25 35 34 50 28 37 38 30 10 12 6 43 41 49 26 42 32 48 15 5 29 14 19 36 8 39 45 46 23 22 9 17 40 3 21 24 13 47 44 27 2 

Inst_Index:694 	 City_Num:50 	 Concorde:0.058649 	 MCTS:5.861470 Improve:0.003445 	 Time:5.00 Seconds
Solution: 1 9 39 41 28 16 42 18 3 21 43 44 23 12 14 32 27 22 2 17 10 34 35 19 26 13 11 7 29 48 31 25 15 49 50 40 33 20 30 38 6 46 37 8 24 4 5 47 36 45 

Inst_Index:695 	 City_Num:50 	 Concorde:0.054836 	 MCTS:5.483576 Improve:-0.000000 	 Time:5.00 Seconds
Solution: 1 5 21 3 10 45 47 12 33 41 35 40 39 8 23 46 38 43 15 6 42 37 25 28 30 31 29 13 26 4 9 2 16 14 48 44 18 34 50 19 32 27 7 11 22 36 24 49 20 17 

Inst_Index:696 	 City_Num:50 	 Concorde:0.058153 	 MCTS:5.815286 Improve:0.000000 	 Time:5.00 Seconds
Solution: 1 24 38 44 36 39 5 32 12 21 18 11 2 7 25 16 26 9 30 27 13 49 3 19 50 48 45 22 6 41 8 28 23 33 46 47 37 34 42 4 29 31 43 20 17 10 15 14 40 35 

Inst_Index:697 	 City_Num:50 	 Concorde:0.058563 	 MCTS:5.856336 Improve:-0.000000 	 Time:5.00 Seconds
Solution: 1 43 38 21 16 49 46 29 48 45 15 42 31 32 7 50 36 24 5 40 10 2 25 9 13 26 47 6 22 14 35 12 18 11 28 23 4 34 19 27 39 33 3 37 17 44 20 41 8 30 

Inst_Index:698 	 City_Num:50 	 Concorde:0.058700 	 MCTS:5.867483 Improve:0.002552 	 Time:5.00 Seconds
Solution: 1 2 23 40 15 34 46 39 37 4 36 45 21 26 25 32 24 31 5 33 38 8 16 47 11 41 27 3 17 50 48 14 43 44 42 22 9 30 6 28 18 20 35 29 19 13 10 7 12 49 

Inst_Index:699 	 City_Num:50 	 Concorde:0.052843 	 MCTS:5.284292 Improve:-0.000000 	 Time:5.00 Seconds
Solution: 1 17 49 16 36 32 50 19 9 4 20 25 27 10 43 18 37 38 48 15 33 2 5 28 11 12 6 34 42 8 45 23 47 40 26 13 31 41 14 21 29 39 44 46 30 24 7 3 22 35 

Inst_Index:700 	 City_Num:50 	 Concorde:0.056141 	 MCTS:5.614090 Improve:0.000000 	 Time:5.00 Seconds
Solution: 1 19 47 31 46 36 13 37 27 35 32 2 6 45 28 17 8 3 25 42 5 40 18 39 50 44 22 9 4 11 16 7 49 34 43 10 41 26 21 29 24 48 30 33 38 12 14 23 15 20 

Inst_Index:701 	 City_Num:50 	 Concorde:0.057444 	 MCTS:5.740715 Improve:0.003724 	 Time:5.00 Seconds
Solution: 1 34 33 11 17 18 36 44 41 12 50 16 49 22 2 15 43 42 25 30 29 7 10 14 27 31 47 21 4 32 37 35 26 8 38 46 45 6 5 20 13 48 28 19 9 3 23 24 39 40 

Inst_Index:702 	 City_Num:50 	 Concorde:0.053563 	 MCTS:5.356251 Improve:0.000000 	 Time:5.00 Seconds
Solution: 1 26 27 14 7 47 12 13 46 42 50 2 44 8 35 34 3 45 33 49 18 30 28 10 4 19 41 17 15 37 29 43 40 23 20 22 38 5 21 6 24 48 32 25 31 36 9 39 11 16 

Inst_Index:703 	 City_Num:50 	 Concorde:0.055138 	 MCTS:5.510481 Improve:0.003339 	 Time:5.00 Seconds
Solution: 1 37 19 34 20 22 31 36 39 30 2 23 38 44 45 10 40 7 16 27 33 13 50 25 29 3 26 8 49 9 15 46 4 42 17 21 43 47 35 32 41 14 12 18 6 11 24 48 28 5 

Inst_Index:704 	 City_Num:50 	 Concorde:0.056625 	 MCTS:5.662481 Improve:0.000000 	 Time:5.00 Seconds
Solution: 1 13 47 15 4 34 24 49 5 27 25 31 46 11 39 21 20 23 33 17 7 32 48 43 9 29 6 8 45 10 36 42 2 19 30 22 35 26 14 12 16 44 18 37 41 38 3 28 50 40 

Inst_Index:705 	 City_Num:50 	 Concorde:0.056408 	 MCTS:5.638445 Improve:0.002319 	 Time:5.00 Seconds
Solution: 1 29 18 8 15 19 13 23 40 30 33 24 20 42 27 25 2 6 49 45 48 28 17 44 35 26 50 36 21 9 38 12 31 46 43 11 16 22 5 41 14 39 3 10 47 32 34 7 37 4 

Inst_Index:706 	 City_Num:50 	 Concorde:0.058982 	 MCTS:5.896941 Improve:0.001301 	 Time:5.00 Seconds
Solution: 1 34 2 6 31 24 21 33 15 46 45 39 20 41 30 43 18 22 38 44 12 32 29 48 3 16 13 40 50 14 11 28 9 19 36 10 8 27 17 23 26 5 47 35 7 49 25 42 37 4 

Inst_Index:707 	 City_Num:50 	 Concorde:0.056482 	 MCTS:5.648234 Improve:0.000000 	 Time:5.00 Seconds
Solution: 1 27 39 21 17 47 50 14 45 11 19 33 49 40 48 16 31 37 30 18 25 20 6 7 12 8 5 9 26 43 13 29 28 41 4 36 24 10 32 46 15 35 22 23 42 44 3 34 38 2 

Inst_Index:708 	 City_Num:50 	 Concorde:0.059246 	 MCTS:5.924571 Improve:0.000000 	 Time:5.00 Seconds
Solution: 1 27 21 19 40 14 6 8 7 43 20 48 30 25 22 34 31 5 2 35 32 39 16 46 50 28 24 17 36 4 45 3 37 13 49 33 26 18 44 41 12 47 10 23 11 15 9 42 38 29 

Inst_Index:709 	 City_Num:50 	 Concorde:0.054820 	 MCTS:5.477284 Improve:0.004703 	 Time:5.00 Seconds
Solution: 1 8 46 35 47 37 4 38 34 12 10 24 13 42 28 20 39 32 16 17 5 43 19 33 49 15 29 30 3 44 45 2 36 7 22 6 40 27 31 25 41 14 21 50 9 23 18 48 26 11 

Inst_Index:710 	 City_Num:50 	 Concorde:0.055844 	 MCTS:5.584414 Improve:0.000000 	 Time:5.00 Seconds
Solution: 1 33 35 27 46 6 36 31 47 3 24 8 2 7 25 28 44 29 14 39 11 34 13 23 4 9 42 38 45 12 41 17 21 48 40 16 30 32 5 43 50 49 18 20 22 19 37 26 15 10 

Inst_Index:711 	 City_Num:50 	 Concorde:0.059288 	 MCTS:5.928822 Improve:0.000000 	 Time:5.00 Seconds
Solution: 1 42 28 33 24 27 7 43 39 6 34 16 17 15 22 35 38 18 48 23 11 2 9 47 29 3 12 5 25 40 37 20 44 19 50 31 13 49 8 30 26 32 45 4 41 36 14 46 21 10 

Inst_Index:712 	 City_Num:50 	 Concorde:0.049748 	 MCTS:4.974812 Improve:0.000000 	 Time:5.00 Seconds
Solution: 1 50 46 48 8 30 44 33 20 7 10 41 17 32 40 42 24 21 27 5 9 43 37 4 18 2 39 38 26 45 35 31 47 15 3 23 25 6 28 16 29 12 19 34 22 14 11 49 36 13 

Inst_Index:713 	 City_Num:50 	 Concorde:0.054088 	 MCTS:5.404949 Improve:0.003868 	 Time:5.00 Seconds
Solution: 1 12 10 22 45 3 4 50 41 15 30 31 7 5 49 44 6 27 42 25 19 33 32 14 29 36 38 2 35 26 11 21 37 9 48 23 34 24 39 16 46 43 18 13 47 17 20 8 28 40 

Inst_Index:714 	 City_Num:50 	 Concorde:0.061313 	 MCTS:6.131284 Improve:0.000000 	 Time:5.00 Seconds
Solution: 1 19 29 14 48 43 46 38 41 21 11 24 13 33 39 47 26 28 34 23 12 27 36 37 15 18 20 32 44 42 9 17 7 49 31 4 3 40 5 45 50 6 16 8 10 35 25 30 2 22 

Inst_Index:715 	 City_Num:50 	 Concorde:0.055130 	 MCTS:5.512998 Improve:0.000000 	 Time:5.00 Seconds
Solution: 1 12 49 24 39 21 36 4 46 7 45 17 35 11 27 32 31 23 9 38 34 19 29 41 25 15 37 2 20 30 43 6 47 14 5 42 18 10 16 48 22 40 44 26 33 50 13 3 8 28 

Inst_Index:716 	 City_Num:50 	 Concorde:0.060122 	 MCTS:6.012152 Improve:0.000000 	 Time:5.00 Seconds
Solution: 1 42 49 46 16 43 13 31 39 47 34 48 33 26 32 40 45 2 38 23 22 37 12 35 4 8 25 17 20 19 24 27 6 44 29 15 30 50 7 28 21 5 36 41 18 14 3 11 10 9 

Inst_Index:717 	 City_Num:50 	 Concorde:0.055147 	 MCTS:5.512051 Improve:0.002675 	 Time:5.00 Seconds
Solution: 1 33 24 26 39 37 32 7 12 6 30 38 8 41 43 44 11 34 20 31 21 27 47 17 9 3 19 49 48 46 35 4 50 36 23 14 15 13 16 18 42 40 29 10 22 25 5 28 45 2 

Inst_Index:718 	 City_Num:50 	 Concorde:0.058246 	 MCTS:5.823714 Improve:0.000912 	 Time:5.00 Seconds
Solution: 1 3 9 50 14 32 10 11 48 49 13 12 19 46 38 33 44 17 43 7 6 16 18 2 34 37 24 29 8 36 35 28 39 26 15 30 4 22 40 23 42 27 25 5 21 47 41 31 20 45 

Inst_Index:719 	 City_Num:50 	 Concorde:0.059175 	 MCTS:5.917491 Improve:-0.000000 	 Time:5.00 Seconds
Solution: 1 16 46 17 4 44 35 12 47 32 45 9 27 18 29 23 3 34 49 48 33 37 36 42 8 24 6 10 25 11 39 31 38 50 13 21 14 19 22 15 30 28 5 7 26 43 20 40 2 41 

Inst_Index:720 	 City_Num:50 	 Concorde:0.057654 	 MCTS:5.764600 Improve:0.000768 	 Time:5.00 Seconds
Solution: 1 49 42 9 25 6 18 43 40 37 45 19 24 36 5 7 21 38 31 41 34 16 39 3 2 11 29 15 22 46 10 14 23 30 32 20 28 35 27 26 4 44 50 17 13 47 12 48 8 33 

Inst_Index:721 	 City_Num:50 	 Concorde:0.054613 	 MCTS:5.455139 Improve:0.006187 	 Time:5.00 Seconds
Solution: 1 20 23 39 19 6 21 36 24 25 38 40 42 29 14 28 34 47 12 18 7 8 5 27 44 3 4 49 16 45 11 26 37 33 30 15 31 35 46 13 10 48 2 41 50 9 17 43 32 22 

Inst_Index:722 	 City_Num:50 	 Concorde:0.059578 	 MCTS:5.957840 Improve:0.000000 	 Time:5.01 Seconds
Solution: 1 9 15 20 25 16 18 23 45 22 35 24 6 40 38 5 48 21 32 36 17 37 7 8 47 43 19 31 26 44 41 33 50 3 49 39 28 29 12 13 34 11 2 30 46 14 10 27 4 42 

Inst_Index:723 	 City_Num:50 	 Concorde:0.053998 	 MCTS:5.396948 Improve:0.002829 	 Time:5.00 Seconds
Solution: 1 15 45 19 39 48 12 13 2 25 17 27 10 28 20 34 5 44 21 43 14 50 30 8 11 33 35 38 22 3 26 6 4 41 29 31 9 32 37 23 36 46 40 49 7 24 18 42 47 16 

Inst_Index:724 	 City_Num:50 	 Concorde:0.056058 	 MCTS:5.605809 Improve:0.000000 	 Time:5.00 Seconds
Solution: 1 9 28 43 42 39 21 15 40 4 22 37 38 29 14 8 50 31 36 48 19 12 44 35 33 18 3 11 2 24 49 13 34 47 7 20 6 25 26 10 17 32 45 5 30 23 41 27 16 46 

Inst_Index:725 	 City_Num:50 	 Concorde:0.062359 	 MCTS:6.235928 Improve:-0.000000 	 Time:5.01 Seconds
Solution: 1 25 12 20 39 32 36 5 15 27 47 43 8 30 26 21 35 29 3 31 13 41 44 28 23 50 37 34 19 45 33 46 40 22 48 11 16 6 2 18 42 38 4 9 7 24 17 14 10 49 

Inst_Index:726 	 City_Num:50 	 Concorde:0.053937 	 MCTS:5.393664 Improve:-0.000000 	 Time:5.00 Seconds
Solution: 1 21 17 3 34 46 2 18 28 45 29 43 4 37 40 35 41 20 27 9 6 24 13 23 16 10 36 47 7 38 19 26 15 50 22 42 33 14 25 12 48 8 31 49 44 30 5 11 39 32 

Inst_Index:727 	 City_Num:50 	 Concorde:0.060168 	 MCTS:6.016797 Improve:0.000000 	 Time:5.01 Seconds
Solution: 1 38 34 12 48 3 37 30 23 7 25 41 4 26 49 50 40 10 17 21 16 45 6 39 42 46 15 24 28 18 11 14 20 36 32 33 35 5 43 47 8 44 13 9 27 19 22 31 29 2 

Inst_Index:728 	 City_Num:50 	 Concorde:0.057245 	 MCTS:5.724542 Improve:0.000000 	 Time:5.00 Seconds
Solution: 1 25 12 27 22 9 30 6 50 10 47 38 4 29 33 7 37 49 46 35 32 48 28 42 2 44 15 34 13 40 31 24 23 5 41 43 20 19 26 8 11 16 14 17 3 39 36 45 18 21 

Inst_Index:729 	 City_Num:50 	 Concorde:0.058217 	 MCTS:5.818056 Improve:0.003635 	 Time:5.00 Seconds
Solution: 1 47 16 19 35 39 7 21 48 28 13 36 23 29 11 15 10 26 12 50 46 32 34 18 24 20 41 8 38 43 6 9 3 25 49 30 44 14 31 27 2 40 17 4 37 22 33 42 45 5 

Inst_Index:730 	 City_Num:50 	 Concorde:0.053681 	 MCTS:5.367139 Improve:0.000947 	 Time:5.00 Seconds
Solution: 1 9 37 26 8 17 14 48 45 20 6 49 36 41 40 11 19 32 33 30 31 42 21 43 7 46 47 22 44 39 16 34 23 18 13 35 29 3 4 2 28 50 5 15 27 24 10 12 25 38 

Inst_Index:731 	 City_Num:50 	 Concorde:0.055069 	 MCTS:5.506903 Improve:0.000000 	 Time:5.00 Seconds
Solution: 1 5 48 20 6 43 2 35 13 30 19 9 4 32 14 22 36 17 50 46 26 29 40 7 10 18 47 8 45 15 12 11 33 39 37 21 41 44 31 25 38 3 16 49 42 24 28 27 23 34 

Inst_Index:732 	 City_Num:50 	 Concorde:0.055247 	 MCTS:5.520643 Improve:0.004087 	 Time:5.00 Seconds
Solution: 1 45 19 17 39 26 7 14 49 42 4 30 10 13 21 35 12 28 9 44 50 33 43 16 34 6 3 24 11 41 27 48 2 36 25 38 22 31 8 37 15 5 29 46 18 32 23 20 40 47 

Inst_Index:733 	 City_Num:50 	 Concorde:0.058205 	 MCTS:5.820153 Improve:0.000312 	 Time:5.00 Seconds
Solution: 1 38 30 8 22 3 11 18 13 44 37 5 42 7 39 26 16 46 27 20 47 9 31 33 35 32 25 48 29 50 6 24 34 2 41 4 15 10 28 23 14 12 19 45 36 49 21 40 17 43 

Inst_Index:734 	 City_Num:50 	 Concorde:0.049950 	 MCTS:4.989661 Improve:0.005351 	 Time:5.00 Seconds
Solution: 1 13 42 45 25 5 27 33 41 11 14 2 43 46 48 30 16 19 21 36 34 29 18 44 35 4 22 28 50 32 40 49 20 26 10 17 9 37 8 23 38 47 39 31 12 6 7 24 3 15 

Inst_Index:735 	 City_Num:50 	 Concorde:0.060177 	 MCTS:6.017749 Improve:-0.000000 	 Time:5.01 Seconds
Solution: 1 16 18 37 44 8 34 26 35 29 22 3 14 2 23 50 4 17 49 7 46 11 21 32 36 6 13 24 42 48 27 45 5 12 40 25 15 19 39 30 31 10 28 9 47 20 38 33 41 43 

Inst_Index:736 	 City_Num:50 	 Concorde:0.057836 	 MCTS:5.781367 Improve:0.002189 	 Time:5.00 Seconds
Solution: 1 48 2 38 12 37 14 17 6 39 28 45 10 42 30 41 3 50 40 49 32 19 26 25 46 20 24 22 11 34 33 47 15 18 7 27 13 43 29 36 23 16 8 21 31 35 4 9 5 44 

Inst_Index:737 	 City_Num:50 	 Concorde:0.056553 	 MCTS:5.655315 Improve:0.000000 	 Time:5.00 Seconds
Solution: 1 22 9 32 11 4 25 3 35 8 15 6 50 49 28 37 41 13 24 10 7 47 46 43 45 40 16 18 29 38 26 44 48 19 34 23 21 42 36 14 33 31 2 17 5 27 30 12 39 20 

Inst_Index:738 	 City_Num:50 	 Concorde:0.059275 	 MCTS:5.927508 Improve:0.000000 	 Time:5.01 Seconds
Solution: 1 39 20 29 12 25 19 46 45 16 48 26 50 21 47 14 5 2 44 9 41 38 49 33 8 43 30 27 40 15 23 11 32 10 31 37 17 3 6 35 28 18 24 7 36 4 22 13 42 34 

Inst_Index:739 	 City_Num:50 	 Concorde:0.056144 	 MCTS:5.614368 Improve:0.000000 	 Time:5.00 Seconds
Solution: 1 43 46 18 29 32 42 17 40 30 45 36 22 19 7 34 26 9 37 20 49 25 41 35 39 31 3 2 24 15 6 38 33 16 27 8 28 10 21 12 50 5 11 13 48 23 14 4 47 44 

Inst_Index:740 	 City_Num:50 	 Concorde:0.052626 	 MCTS:5.262576 Improve:0.000000 	 Time:5.00 Seconds
Solution: 1 37 28 25 5 11 34 42 13 48 22 15 44 9 49 38 31 17 18 21 20 36 35 41 3 12 47 4 45 30 16 10 32 33 43 2 27 6 23 29 46 19 26 40 39 7 24 14 8 50 

Inst_Index:741 	 City_Num:50 	 Concorde:0.056922 	 MCTS:5.692185 Improve:0.000000 	 Time:5.00 Seconds
Solution: 1 41 26 19 40 49 47 50 7 13 36 42 48 31 43 35 21 28 22 3 8 29 16 10 24 20 5 27 45 25 4 38 2 46 9 12 33 6 15 34 23 14 37 18 11 44 17 39 30 32 

Inst_Index:742 	 City_Num:50 	 Concorde:0.057955 	 MCTS:5.791813 Improve:0.003654 	 Time:5.00 Seconds
Solution: 1 35 7 21 5 26 11 32 36 4 22 6 45 20 33 8 47 17 29 12 25 15 10 34 30 31 18 3 42 27 38 43 14 40 9 49 13 39 24 19 2 46 37 28 48 50 44 41 16 23 

Inst_Index:743 	 City_Num:50 	 Concorde:0.057591 	 MCTS:5.759055 Improve:0.000000 	 Time:5.00 Seconds
Solution: 1 37 41 32 15 11 13 7 39 36 30 19 40 33 12 5 25 18 17 35 21 29 42 47 50 2 16 24 4 43 22 31 44 9 10 27 45 6 8 26 48 23 38 49 28 20 3 34 14 46 

Inst_Index:744 	 City_Num:50 	 Concorde:0.058243 	 MCTS:5.824301 Improve:0.000000 	 Time:5.01 Seconds
Solution: 1 18 20 26 3 7 2 8 17 40 39 34 42 13 4 50 10 45 32 47 11 15 23 5 19 24 30 29 25 6 28 27 22 14 16 49 31 48 21 12 46 43 33 38 9 36 41 44 35 37 

Inst_Index:745 	 City_Num:50 	 Concorde:0.058694 	 MCTS:5.869442 Improve:-0.000000 	 Time:5.00 Seconds
Solution: 1 49 48 16 29 5 34 12 50 2 13 37 25 45 47 18 11 39 10 41 33 27 28 31 42 24 40 43 15 6 4 3 14 22 32 26 23 36 9 30 38 17 8 7 44 21 20 46 19 35 

Inst_Index:746 	 City_Num:50 	 Concorde:0.056578 	 MCTS:5.656304 Improve:0.001526 	 Time:5.00 Seconds
Solution: 1 10 18 24 13 12 33 47 39 4 9 36 17 31 11 42 19 2 50 41 45 7 15 23 37 26 46 28 27 49 35 29 21 34 25 5 20 40 16 22 43 48 30 32 8 44 3 6 38 14 

Inst_Index:747 	 City_Num:50 	 Concorde:0.051403 	 MCTS:5.154148 Improve:-0.013860 	 Time:5.00 Seconds
Solution: 1 39 11 7 9 32 13 41 3 34 50 48 31 23 21 29 25 17 22 20 30 4 2 40 37 38 8 42 6 28 47 18 35 46 19 16 26 10 43 36 33 45 5 49 14 24 12 27 44 15 

Inst_Index:748 	 City_Num:50 	 Concorde:0.055299 	 MCTS:5.529866 Improve:0.000000 	 Time:5.00 Seconds
Solution: 1 46 25 7 48 45 38 29 16 14 21 4 10 18 28 2 3 9 31 39 37 27 6 19 30 11 44 34 20 5 13 8 40 50 41 12 26 47 15 33 49 24 23 36 42 32 35 17 22 43 

Inst_Index:749 	 City_Num:50 	 Concorde:0.059661 	 MCTS:5.966129 Improve:0.000000 	 Time:5.00 Seconds
Solution: 1 36 20 21 41 8 2 37 48 28 9 30 32 44 14 31 27 35 39 26 23 47 10 25 50 40 38 24 12 46 49 6 34 3 13 4 15 11 16 7 17 43 33 29 45 42 19 5 18 22 

Inst_Index:750 	 City_Num:50 	 Concorde:0.053863 	 MCTS:5.386261 Improve:0.000000 	 Time:5.00 Seconds
Solution: 1 49 20 45 12 6 28 19 14 50 24 37 48 26 11 16 38 15 35 27 43 47 41 21 22 39 3 46 9 33 13 31 4 44 5 40 42 29 23 36 34 10 7 18 30 32 8 2 17 25 

Inst_Index:751 	 City_Num:50 	 Concorde:0.051692 	 MCTS:5.164312 Improve:0.004916 	 Time:5.01 Seconds
Solution: 1 27 47 31 48 9 10 23 22 14 41 19 28 12 29 8 38 16 44 43 2 4 50 34 18 32 40 11 24 33 21 42 39 6 37 30 45 49 3 46 13 15 26 36 17 25 20 35 5 7 

Inst_Index:752 	 City_Num:50 	 Concorde:0.056244 	 MCTS:5.624414 Improve:-0.000000 	 Time:5.01 Seconds
Solution: 1 17 10 16 8 23 33 31 45 41 12 22 38 9 29 46 32 49 34 7 6 42 24 2 11 36 19 21 48 39 27 28 20 5 40 44 3 43 50 4 25 15 13 18 26 47 35 37 30 14 

Inst_Index:753 	 City_Num:50 	 Concorde:0.049533 	 MCTS:4.953328 Improve:0.000000 	 Time:5.00 Seconds
Solution: 1 26 11 45 9 27 22 49 50 4 18 35 15 37 48 12 7 13 20 33 25 31 32 5 38 40 17 28 6 16 36 8 42 34 19 30 24 2 39 21 10 23 44 46 29 41 3 43 14 47 

Inst_Index:754 	 City_Num:50 	 Concorde:0.056102 	 MCTS:5.604982 Improve:0.005257 	 Time:5.00 Seconds
Solution: 1 25 3 4 10 40 35 28 23 49 13 21 17 41 37 44 19 47 38 33 45 18 39 16 9 6 29 46 27 43 30 31 24 14 20 34 22 5 48 50 2 26 12 11 8 32 7 36 15 42 

Inst_Index:755 	 City_Num:50 	 Concorde:0.058322 	 MCTS:5.832237 Improve:0.000000 	 Time:5.00 Seconds
Solution: 1 42 30 28 36 2 26 50 21 5 27 15 14 45 13 18 23 7 40 8 25 3 39 33 48 22 35 16 9 10 12 46 34 43 20 44 11 6 31 17 24 37 47 29 41 49 4 32 38 19 

Inst_Index:756 	 City_Num:50 	 Concorde:0.056134 	 MCTS:5.613404 Improve:0.000000 	 Time:5.00 Seconds
Solution: 1 49 19 33 42 35 40 37 46 18 50 8 48 9 29 24 45 21 10 39 16 14 15 44 17 20 5 11 28 31 6 22 23 30 38 7 25 41 2 13 47 12 4 43 34 26 36 3 32 27 

Inst_Index:757 	 City_Num:50 	 Concorde:0.059993 	 MCTS:5.997338 Improve:0.001996 	 Time:5.00 Seconds
Solution: 1 44 37 47 30 49 7 31 29 38 40 6 26 3 14 28 12 20 15 18 23 13 34 35 39 19 45 50 42 27 33 9 11 41 36 4 32 21 5 46 48 22 10 17 24 8 43 16 2 25 

Inst_Index:758 	 City_Num:50 	 Concorde:0.058469 	 MCTS:5.846457 Improve:0.000474 	 Time:5.00 Seconds
Solution: 1 38 43 2 20 34 7 45 21 5 23 3 4 41 31 42 32 26 36 33 40 11 50 29 16 24 15 48 22 17 8 18 47 46 12 19 28 35 14 9 44 37 13 6 25 10 49 30 27 39 

Inst_Index:759 	 City_Num:50 	 Concorde:0.056688 	 MCTS:5.668755 Improve:-0.000000 	 Time:5.00 Seconds
Solution: 1 8 25 39 9 29 43 17 22 6 18 38 26 49 34 16 2 46 11 12 48 30 10 24 44 7 3 42 23 13 33 47 40 19 37 20 27 21 41 50 15 36 14 35 31 45 5 28 32 4 

Inst_Index:760 	 City_Num:50 	 Concorde:0.056885 	 MCTS:5.685096 Improve:0.003395 	 Time:5.01 Seconds
Solution: 1 11 3 46 18 20 5 23 33 42 21 29 24 19 8 39 6 47 27 15 37 16 44 49 41 31 17 14 43 28 10 9 50 48 36 22 13 32 26 12 34 30 7 35 38 25 2 40 45 4 

Inst_Index:761 	 City_Num:50 	 Concorde:0.056568 	 MCTS:5.656441 Improve:0.000381 	 Time:5.00 Seconds
Solution: 1 36 16 25 35 38 31 29 43 30 17 18 6 26 32 11 49 10 41 22 23 15 19 50 34 37 12 4 40 20 13 39 47 28 42 2 21 24 7 33 46 14 3 27 5 9 8 45 44 48 

Inst_Index:762 	 City_Num:50 	 Concorde:0.057964 	 MCTS:5.796371 Improve:-0.000000 	 Time:5.00 Seconds
Solution: 1 47 29 18 23 31 15 48 5 3 38 37 35 27 33 7 4 24 2 40 6 36 30 42 46 39 26 8 10 17 28 21 49 22 43 13 20 11 12 50 45 16 25 44 32 14 34 41 19 9 

Inst_Index:763 	 City_Num:50 	 Concorde:0.057530 	 MCTS:5.752969 Improve:0.000000 	 Time:5.00 Seconds
Solution: 1 39 35 29 37 28 15 34 8 14 45 25 6 16 43 3 7 38 24 18 12 26 5 50 4 49 36 9 46 20 13 30 11 42 2 33 21 31 47 41 10 17 27 22 19 48 40 23 44 32 

Inst_Index:764 	 City_Num:50 	 Concorde:0.055675 	 MCTS:5.567486 Improve:-0.000000 	 Time:5.00 Seconds
Solution: 1 45 50 9 33 2 49 48 27 24 28 41 20 16 38 8 15 7 4 40 44 13 37 22 17 42 43 46 19 21 14 32 23 3 18 26 30 35 29 11 34 39 47 36 12 6 31 25 5 10 

Inst_Index:765 	 City_Num:50 	 Concorde:0.057682 	 MCTS:5.768243 Improve:0.000000 	 Time:5.00 Seconds
Solution: 1 44 38 8 18 33 10 29 17 11 39 3 47 42 28 43 25 21 40 27 16 48 26 34 50 46 35 37 22 45 5 15 12 24 49 30 14 2 41 20 32 19 7 6 13 31 9 36 4 23 

Inst_Index:766 	 City_Num:50 	 Concorde:0.059206 	 MCTS:5.920215 Improve:0.000421 	 Time:5.00 Seconds
Solution: 1 20 21 23 50 49 24 37 27 31 15 6 35 8 32 17 16 39 10 26 47 43 13 29 4 14 3 7 25 19 34 5 44 12 28 48 40 2 22 45 36 18 9 30 38 41 46 42 11 33 

Inst_Index:767 	 City_Num:50 	 Concorde:0.055407 	 MCTS:5.540671 Improve:-0.000000 	 Time:5.00 Seconds
Solution: 1 12 49 47 28 50 21 9 15 6 20 37 22 44 38 39 48 8 29 23 30 41 42 17 45 13 46 16 33 14 24 36 19 11 26 4 18 35 25 3 10 27 5 31 32 7 43 2 34 40 

Inst_Index:768 	 City_Num:50 	 Concorde:0.060154 	 MCTS:6.015360 Improve:0.000000 	 Time:5.00 Seconds
Solution: 1 4 34 33 15 27 9 31 47 6 21 49 38 37 13 24 42 32 8 17 28 48 46 23 39 11 40 2 5 36 29 16 43 44 22 30 41 50 26 20 10 19 3 12 25 35 7 45 18 14 

Inst_Index:769 	 City_Num:50 	 Concorde:0.060490 	 MCTS:6.044212 Improve:0.004827 	 Time:5.00 Seconds
Solution: 1 21 31 22 27 14 26 33 25 19 47 9 44 11 42 24 16 37 10 23 7 32 12 39 48 20 3 2 6 4 43 40 8 29 50 13 17 46 35 30 15 49 18 28 41 38 45 5 34 36 

Inst_Index:770 	 City_Num:50 	 Concorde:0.051461 	 MCTS:5.143581 Improve:0.002539 	 Time:5.00 Seconds
Solution: 1 5 29 7 38 24 37 41 3 13 18 47 12 32 46 39 43 45 26 44 33 25 21 27 49 35 16 8 6 10 31 30 42 34 50 20 48 36 11 14 23 15 4 2 22 19 28 40 9 17 

Inst_Index:771 	 City_Num:50 	 Concorde:0.056454 	 MCTS:5.643358 Improve:0.001997 	 Time:5.00 Seconds
Solution: 1 48 29 30 12 14 25 19 33 8 41 24 35 20 37 9 34 15 16 42 32 28 39 3 5 10 46 36 11 7 47 23 26 21 40 17 45 13 43 6 22 27 2 50 38 49 4 44 31 18 

Inst_Index:772 	 City_Num:50 	 Concorde:0.058637 	 MCTS:5.861858 Improve:0.001810 	 Time:5.00 Seconds
Solution: 1 34 41 19 45 44 29 23 8 11 27 43 10 50 46 3 30 25 42 9 39 31 26 5 22 28 6 21 36 37 35 17 49 18 20 48 32 12 2 24 33 40 13 38 47 16 14 4 7 15 

Inst_Index:773 	 City_Num:50 	 Concorde:0.057339 	 MCTS:5.733883 Improve:-0.000000 	 Time:5.00 Seconds
Solution: 1 2 21 4 9 27 48 5 11 24 25 19 28 8 47 38 26 44 15 13 12 46 37 10 30 36 49 45 22 35 7 18 17 41 39 20 29 31 34 40 50 42 33 32 16 6 43 23 3 14 

Inst_Index:774 	 City_Num:50 	 Concorde:0.057751 	 MCTS:5.775072 Improve:0.000000 	 Time:5.00 Seconds
Solution: 1 3 30 25 20 37 15 33 4 13 5 45 29 35 16 34 21 24 43 19 7 42 10 6 23 31 39 50 41 44 11 2 40 46 27 12 26 14 36 28 32 49 47 48 9 17 18 22 8 38 

Inst_Index:775 	 City_Num:50 	 Concorde:0.056873 	 MCTS:5.687300 Improve:-0.000000 	 Time:5.00 Seconds
Solution: 1 45 49 22 33 43 10 11 26 42 23 15 3 44 35 32 28 29 40 19 13 16 30 6 34 50 12 37 24 36 21 4 39 27 38 48 14 2 47 5 41 46 18 7 8 17 25 20 9 31 

Inst_Index:776 	 City_Num:50 	 Concorde:0.059384 	 MCTS:5.936733 Improve:0.001715 	 Time:5.00 Seconds
Solution: 1 15 10 25 3 32 31 46 12 45 8 16 36 34 24 13 21 38 5 28 29 48 26 35 49 17 20 11 19 14 30 4 47 41 22 2 37 42 43 50 6 27 39 40 7 33 18 44 9 23 

Inst_Index:777 	 City_Num:50 	 Concorde:0.057648 	 MCTS:5.764769 Improve:0.000000 	 Time:5.00 Seconds
Solution: 1 11 30 18 43 3 5 47 29 35 14 41 34 22 23 20 17 13 26 45 48 15 31 7 44 36 39 24 50 33 6 9 38 42 27 2 32 12 10 40 37 46 19 8 4 21 25 16 49 28 

Inst_Index:778 	 City_Num:50 	 Concorde:0.054225 	 MCTS:5.422484 Improve:0.000000 	 Time:5.00 Seconds
Solution: 1 27 10 7 15 47 20 11 12 28 38 31 19 48 13 8 35 33 40 24 41 36 6 49 29 46 22 39 32 44 2 42 25 23 21 50 37 26 18 34 16 17 45 3 43 9 30 5 14 4 

Inst_Index:779 	 City_Num:50 	 Concorde:0.058221 	 MCTS:5.822123 Improve:0.000000 	 Time:5.00 Seconds
Solution: 1 43 15 14 40 3 20 10 6 48 12 9 29 49 4 28 26 45 39 19 31 25 21 16 32 44 50 7 2 33 38 18 46 34 13 30 42 5 36 8 37 11 22 27 24 35 17 23 47 41 

Inst_Index:780 	 City_Num:50 	 Concorde:0.054965 	 MCTS:5.490861 Improve:0.005663 	 Time:5.00 Seconds
Solution: 1 49 27 17 21 14 44 20 5 43 39 48 8 50 42 13 35 11 22 38 46 7 34 9 29 2 6 37 47 10 23 3 4 45 30 40 24 41 19 33 16 36 15 12 31 18 26 25 32 28 

Inst_Index:781 	 City_Num:50 	 Concorde:0.055920 	 MCTS:5.591984 Improve:-0.000000 	 Time:5.00 Seconds
Solution: 1 22 42 47 23 11 24 26 40 37 16 45 5 50 3 28 30 34 9 49 2 14 31 17 6 15 29 27 33 41 20 19 13 43 21 46 12 10 25 7 48 4 36 32 38 44 35 39 18 8 

Inst_Index:782 	 City_Num:50 	 Concorde:0.056349 	 MCTS:5.628972 Improve:0.005965 	 Time:5.00 Seconds
Solution: 1 6 3 47 7 27 26 30 34 37 4 32 42 14 50 39 21 36 23 33 22 40 44 43 10 45 2 12 16 35 38 46 25 15 19 29 8 20 49 28 18 13 24 17 48 9 5 11 41 31 

Inst_Index:783 	 City_Num:50 	 Concorde:0.058195 	 MCTS:5.815673 Improve:0.003810 	 Time:5.00 Seconds
Solution: 1 29 44 41 8 40 19 21 3 2 4 6 12 23 49 11 47 15 9 18 38 10 16 34 25 48 50 31 7 42 5 43 39 22 35 27 46 14 37 26 20 24 17 28 33 30 45 13 36 32 

Inst_Index:784 	 City_Num:50 	 Concorde:0.056416 	 MCTS:5.637146 Improve:0.004498 	 Time:5.00 Seconds
Solution: 1 50 34 45 25 5 10 31 47 37 26 2 11 24 17 8 4 19 44 49 33 6 3 46 35 30 39 9 27 7 23 28 41 29 32 42 22 21 13 14 18 38 20 48 15 36 16 12 43 40 

Inst_Index:785 	 City_Num:50 	 Concorde:0.060440 	 MCTS:6.044006 Improve:0.000000 	 Time:5.00 Seconds
Solution: 1 37 38 14 43 25 10 7 11 30 16 15 24 33 44 29 31 26 36 8 13 42 3 5 18 39 49 23 45 47 48 4 9 40 28 19 22 12 21 46 32 20 6 34 27 50 35 2 17 41 

Inst_Index:786 	 City_Num:50 	 Concorde:0.057091 	 MCTS:5.709082 Improve:0.000000 	 Time:5.00 Seconds
Solution: 1 35 50 34 37 46 41 44 36 11 43 49 7 6 38 24 45 47 12 42 39 2 10 14 32 20 19 4 30 18 22 25 15 23 3 21 33 28 8 16 9 48 27 5 31 40 17 13 29 26 

Inst_Index:787 	 City_Num:50 	 Concorde:0.056851 	 MCTS:5.685067 Improve:-0.000000 	 Time:5.00 Seconds
Solution: 1 24 45 49 21 15 6 28 47 23 33 7 16 41 20 4 25 18 5 48 39 22 27 11 37 19 13 46 40 44 8 35 29 43 34 12 36 31 2 50 38 9 32 14 30 3 26 10 17 42 

Inst_Index:788 	 City_Num:50 	 Concorde:0.058054 	 MCTS:5.805434 Improve:-0.000000 	 Time:5.00 Seconds
Solution: 1 21 40 15 2 47 26 44 33 16 6 10 18 8 32 43 31 27 42 17 29 23 38 12 30 45 3 34 39 11 9 7 20 48 35 50 37 22 4 46 36 19 49 5 25 24 41 13 28 14 

Inst_Index:789 	 City_Num:50 	 Concorde:0.056748 	 MCTS:5.674780 Improve:-0.000000 	 Time:5.00 Seconds
Solution: 1 3 46 26 47 16 8 29 39 10 48 20 9 4 49 27 43 41 45 18 17 11 44 28 35 2 38 19 23 22 21 12 30 7 5 6 34 40 25 36 37 50 24 15 14 42 32 13 31 33 

Inst_Index:790 	 City_Num:50 	 Concorde:0.051439 	 MCTS:5.138034 Improve:0.005879 	 Time:5.00 Seconds
Solution: 1 18 44 43 41 23 13 33 20 32 34 47 46 11 5 45 42 3 26 29 39 2 27 25 50 6 8 19 30 15 9 22 49 12 10 31 36 48 24 17 21 4 35 40 7 16 14 37 38 28 

Inst_Index:791 	 City_Num:50 	 Concorde:0.060297 	 MCTS:6.029310 Improve:0.000376 	 Time:5.00 Seconds
Solution: 1 42 11 22 49 26 50 7 31 14 8 47 4 3 10 9 21 41 23 48 35 24 16 15 43 39 32 36 40 28 34 30 6 44 45 29 33 20 25 27 38 17 46 19 13 12 2 5 18 37 

Inst_Index:792 	 City_Num:50 	 Concorde:0.055879 	 MCTS:5.587868 Improve:0.000000 	 Time:5.00 Seconds
Solution: 1 14 9 25 39 27 6 10 22 12 41 21 50 31 34 15 32 4 46 2 5 48 24 35 8 3 11 37 42 18 19 30 29 23 38 33 7 47 20 44 13 49 45 28 43 26 16 40 17 36 

Inst_Index:793 	 City_Num:50 	 Concorde:0.058917 	 MCTS:5.891657 Improve:-0.000000 	 Time:5.00 Seconds
Solution: 1 18 29 27 3 13 8 5 49 14 22 10 32 48 25 24 36 16 11 41 31 21 12 2 6 23 47 45 46 34 30 35 9 42 40 44 26 7 50 37 15 39 19 28 20 33 43 17 38 4 

Inst_Index:794 	 City_Num:50 	 Concorde:0.059648 	 MCTS:5.963567 Improve:0.001211 	 Time:5.00 Seconds
Solution: 1 30 10 35 31 4 18 36 25 16 44 32 7 45 38 33 14 48 37 49 9 42 2 43 3 34 13 5 8 21 41 39 24 11 6 27 23 28 47 17 26 50 40 22 19 15 20 29 12 46 

Inst_Index:795 	 City_Num:50 	 Concorde:0.054019 	 MCTS:5.401874 Improve:-0.000000 	 Time:5.00 Seconds
Solution: 1 50 45 8 2 24 22 7 33 29 14 21 41 32 17 27 25 13 18 43 12 49 37 46 48 23 28 38 5 42 36 40 15 4 35 6 19 31 20 34 16 10 26 11 30 47 39 9 3 44 

Inst_Index:796 	 City_Num:50 	 Concorde:0.058010 	 MCTS:5.800997 Improve:0.000000 	 Time:5.00 Seconds
Solution: 1 2 32 46 30 44 3 20 29 38 35 4 42 28 36 5 26 12 16 17 14 39 21 31 10 34 25 13 22 15 27 40 11 49 18 24 7 9 23 8 19 45 50 41 6 47 33 43 48 37 

Inst_Index:797 	 City_Num:50 	 Concorde:0.054512 	 MCTS:5.451244 Improve:0.000000 	 Time:5.00 Seconds
Solution: 1 13 5 9 35 45 41 44 50 49 37 19 7 28 18 40 12 48 43 36 31 26 10 30 14 32 34 38 6 42 3 33 25 29 2 46 23 47 39 4 16 21 27 17 22 24 15 11 8 20 

Inst_Index:798 	 City_Num:50 	 Concorde:0.060905 	 MCTS:6.086932 Improve:0.003608 	 Time:5.00 Seconds
Solution: 1 31 26 7 17 5 12 35 24 47 29 9 18 2 15 46 50 22 6 19 34 49 28 42 10 32 39 14 25 41 30 48 33 16 4 27 38 21 13 8 37 45 36 20 44 3 43 40 11 23 

Inst_Index:799 	 City_Num:50 	 Concorde:0.058425 	 MCTS:5.842474 Improve:-0.000000 	 Time:5.01 Seconds
Solution: 1 3 29 9 44 12 15 50 47 24 16 10 21 46 23 43 4 25 41 20 38 34 33 48 6 40 13 17 36 22 45 32 31 11 42 2 26 39 49 18 27 19 28 14 37 35 7 8 5 30 

Inst_Index:800 	 City_Num:50 	 Concorde:0.057954 	 MCTS:5.795372 Improve:0.000000 	 Time:5.00 Seconds
Solution: 1 6 49 33 15 32 7 14 36 5 30 50 12 31 34 45 35 16 22 3 38 10 28 20 26 8 47 40 17 19 27 18 43 41 23 13 21 48 9 46 11 44 24 37 39 2 29 42 25 4 

Inst_Index:801 	 City_Num:50 	 Concorde:0.059383 	 MCTS:5.938350 Improve:0.000000 	 Time:5.00 Seconds
Solution: 1 41 36 43 42 13 50 2 15 5 4 6 29 30 46 44 27 40 47 37 23 26 49 48 18 28 3 32 45 33 24 10 22 14 7 21 20 39 25 35 12 8 11 16 31 17 9 34 19 38 

Inst_Index:802 	 City_Num:50 	 Concorde:0.056719 	 MCTS:5.665745 Improve:0.006156 	 Time:5.00 Seconds
Solution: 1 19 26 47 10 33 36 8 27 30 9 12 14 42 25 37 7 49 45 40 17 28 44 46 32 18 41 24 5 35 11 13 39 6 4 20 38 34 50 29 23 3 15 22 31 21 2 48 16 43 

Inst_Index:803 	 City_Num:50 	 Concorde:0.055888 	 MCTS:5.588770 Improve:0.000000 	 Time:5.01 Seconds
Solution: 1 12 20 49 10 32 11 47 8 23 46 39 5 15 18 43 33 9 25 44 29 31 22 36 14 38 13 42 7 40 37 50 16 45 6 24 21 48 30 27 34 19 2 17 4 28 35 26 41 3 

Inst_Index:804 	 City_Num:50 	 Concorde:0.060400 	 MCTS:6.040044 Improve:0.000000 	 Time:5.00 Seconds
Solution: 1 48 35 45 8 10 36 15 19 47 7 13 34 6 22 4 21 2 17 5 31 39 11 12 40 42 3 33 50 27 37 43 25 41 29 30 20 44 24 28 46 49 16 26 14 23 18 38 9 32 

Inst_Index:805 	 City_Num:50 	 Concorde:0.059493 	 MCTS:5.949287 Improve:-0.000000 	 Time:5.00 Seconds
Solution: 1 47 43 6 42 7 28 25 18 50 29 46 49 35 48 20 32 38 10 23 12 14 39 34 31 44 24 19 5 11 22 9 15 41 33 17 30 2 8 21 4 45 16 26 36 13 27 37 40 3 

Inst_Index:806 	 City_Num:50 	 Concorde:0.055557 	 MCTS:5.555670 Improve:-0.000000 	 Time:5.01 Seconds
Solution: 1 26 24 29 49 7 27 12 42 35 20 43 21 4 34 5 9 45 11 8 46 19 30 48 16 18 10 14 41 39 50 32 31 6 15 36 13 44 25 22 28 2 17 47 37 38 33 3 40 23 

Inst_Index:807 	 City_Num:50 	 Concorde:0.054668 	 MCTS:5.459225 Improve:0.007565 	 Time:5.00 Seconds
Solution: 1 39 4 5 3 36 21 49 24 38 28 20 32 10 6 18 50 15 41 2 9 14 34 31 44 8 7 37 46 26 47 27 13 42 23 11 12 30 33 22 19 29 45 17 35 43 16 40 48 25 

Inst_Index:808 	 City_Num:50 	 Concorde:0.057811 	 MCTS:5.781145 Improve:0.000000 	 Time:5.00 Seconds
Solution: 1 42 5 8 21 11 49 45 33 2 35 47 12 4 48 31 10 22 38 40 25 36 14 6 24 26 3 7 19 39 29 34 28 16 9 27 43 23 13 41 17 30 32 20 37 46 18 50 15 44 

Inst_Index:809 	 City_Num:50 	 Concorde:0.053399 	 MCTS:5.337860 Improve:0.002052 	 Time:5.00 Seconds
Solution: 1 12 41 25 21 10 50 40 31 5 43 6 29 15 13 26 47 37 16 34 24 45 14 28 30 11 20 48 17 35 27 33 3 23 22 39 2 42 44 18 38 9 36 19 46 49 32 7 4 8 

Inst_Index:810 	 City_Num:50 	 Concorde:0.056335 	 MCTS:5.632286 Improve:0.001182 	 Time:5.00 Seconds
Solution: 1 14 41 6 8 17 50 26 38 42 27 49 5 35 11 39 22 21 16 44 19 31 46 12 7 37 43 24 29 3 25 4 40 23 48 20 45 28 10 15 13 47 34 18 2 33 30 32 36 9 

Inst_Index:811 	 City_Num:50 	 Concorde:0.055464 	 MCTS:5.540926 Improve:0.005479 	 Time:5.00 Seconds
Solution: 1 30 8 27 44 3 31 38 18 16 50 42 29 48 11 20 19 26 49 4 13 39 5 33 41 24 22 34 43 36 7 25 15 35 12 2 9 40 10 28 23 21 17 37 46 14 45 6 47 32 

Inst_Index:812 	 City_Num:50 	 Concorde:0.052534 	 MCTS:5.251668 Improve:0.001714 	 Time:5.00 Seconds
Solution: 1 13 50 44 34 9 19 29 24 5 12 17 3 28 43 38 10 22 2 49 37 30 33 21 39 16 32 48 41 20 18 42 47 27 23 6 36 25 4 14 26 35 31 45 15 7 11 8 46 40 

Inst_Index:813 	 City_Num:50 	 Concorde:0.056668 	 MCTS:5.663434 Improve:0.003410 	 Time:5.00 Seconds
Solution: 1 6 43 34 30 11 32 41 12 18 47 42 10 24 49 26 16 44 25 46 27 5 13 48 39 33 36 23 4 21 9 22 14 35 3 17 28 7 40 19 50 37 45 31 29 15 8 20 38 2 

Inst_Index:814 	 City_Num:50 	 Concorde:0.060246 	 MCTS:6.021776 Improve:0.002873 	 Time:5.00 Seconds
Solution: 1 36 42 13 12 11 37 33 29 43 15 48 34 3 35 7 47 50 45 39 28 20 8 32 9 16 2 24 19 23 41 46 10 31 5 6 25 21 14 38 17 44 30 4 22 49 40 18 26 27 

Inst_Index:815 	 City_Num:50 	 Concorde:0.056100 	 MCTS:5.609765 Improve:0.000202 	 Time:5.00 Seconds
Solution: 1 5 48 45 12 39 24 33 29 40 28 27 34 16 44 19 49 20 35 11 8 41 15 26 13 43 32 31 37 22 50 14 17 10 25 38 30 7 47 2 3 21 42 46 23 4 18 36 9 6 

Inst_Index:816 	 City_Num:50 	 Concorde:0.055070 	 MCTS:5.507014 Improve:0.000000 	 Time:5.01 Seconds
Solution: 1 30 13 32 37 47 33 48 28 42 45 50 7 26 14 16 43 3 38 5 25 41 15 18 19 24 29 31 12 40 9 10 22 17 23 8 27 2 36 49 46 44 6 39 11 20 21 34 35 4 

Inst_Index:817 	 City_Num:50 	 Concorde:0.055280 	 MCTS:5.527958 Improve:0.000000 	 Time:5.00 Seconds
Solution: 1 2 28 27 19 43 21 11 14 6 39 13 12 32 36 22 34 26 24 5 8 44 15 25 9 42 50 31 37 49 41 4 46 30 47 10 29 40 35 7 17 48 20 3 38 18 23 33 45 16 

Inst_Index:818 	 City_Num:50 	 Concorde:0.061011 	 MCTS:6.101089 Improve:0.000000 	 Time:5.00 Seconds
Solution: 1 14 12 3 7 45 42 11 17 36 9 16 8 24 46 39 38 50 27 2 5 44 10 35 29 33 43 47 21 48 34 40 30 22 32 31 25 15 41 26 13 49 28 19 23 37 4 6 20 18 

Inst_Index:819 	 City_Num:50 	 Concorde:0.050788 	 MCTS:5.078834 Improve:0.000000 	 Time:5.00 Seconds
Solution: 1 7 37 44 33 13 38 35 16 19 24 23 8 11 26 48 34 22 29 42 20 9 4 41 36 43 31 5 21 40 32 14 2 15 30 39 17 25 27 50 49 28 47 12 6 10 45 18 46 3 

Inst_Index:820 	 City_Num:50 	 Concorde:0.058767 	 MCTS:5.868894 Improve:0.007811 	 Time:5.00 Seconds
Solution: 1 24 41 16 43 37 28 22 44 30 5 26 9 4 8 13 47 6 15 50 35 2 10 39 45 7 33 14 36 29 49 20 11 23 31 21 3 25 19 34 12 40 38 46 27 42 32 17 48 18 

Inst_Index:821 	 City_Num:50 	 Concorde:0.055221 	 MCTS:5.522105 Improve:-0.000000 	 Time:5.00 Seconds
Solution: 1 6 35 7 15 31 33 23 49 43 46 36 11 24 44 45 32 37 14 29 26 21 39 3 40 41 16 4 42 9 18 38 19 30 2 5 34 22 28 20 12 17 48 27 50 47 10 13 8 25 

Inst_Index:822 	 City_Num:50 	 Concorde:0.053690 	 MCTS:5.365639 Improve:0.003332 	 Time:5.00 Seconds
Solution: 1 40 27 10 33 15 45 47 36 4 2 9 30 37 19 18 38 20 29 25 43 21 28 26 41 32 35 22 48 46 3 11 14 13 5 49 24 12 50 17 6 16 8 39 42 31 7 23 34 44 

Inst_Index:823 	 City_Num:50 	 Concorde:0.054875 	 MCTS:5.487523 Improve:0.000000 	 Time:5.01 Seconds
Solution: 1 47 33 10 45 20 21 41 36 43 22 7 23 11 46 5 38 12 18 44 39 19 6 25 9 49 26 16 42 40 50 17 32 24 34 48 35 31 13 29 8 27 14 3 28 2 15 4 37 30 

Inst_Index:824 	 City_Num:50 	 Concorde:0.057477 	 MCTS:5.742444 Improve:0.005304 	 Time:5.00 Seconds
Solution: 1 3 24 48 28 2 37 47 36 35 15 45 11 29 7 4 25 46 49 10 31 50 23 17 39 19 18 38 34 9 27 13 44 33 5 8 32 14 30 16 20 12 43 40 41 6 26 21 22 42 

Inst_Index:825 	 City_Num:50 	 Concorde:0.059702 	 MCTS:5.970206 Improve:0.000000 	 Time:5.00 Seconds
Solution: 1 47 44 34 36 24 21 32 12 27 4 45 10 7 23 26 42 40 22 50 49 13 33 15 6 20 46 3 8 11 35 14 30 39 5 17 18 25 38 48 2 41 31 37 9 43 19 29 28 16 

Inst_Index:826 	 City_Num:50 	 Concorde:0.060604 	 MCTS:6.060430 Improve:0.000000 	 Time:5.00 Seconds
Solution: 1 4 8 10 3 21 41 33 39 37 12 22 24 49 40 26 48 11 16 20 7 18 31 50 45 30 17 32 14 27 28 38 19 34 6 23 44 15 36 46 43 25 29 2 9 13 42 35 5 47 

Inst_Index:827 	 City_Num:50 	 Concorde:0.059471 	 MCTS:5.941386 Improve:0.005682 	 Time:5.00 Seconds
Solution: 1 34 41 16 31 27 24 14 39 10 17 7 9 26 29 5 37 2 42 22 38 30 8 35 28 6 25 13 4 44 23 3 21 19 43 15 11 20 32 40 45 48 50 46 33 47 49 36 12 18 

Inst_Index:828 	 City_Num:50 	 Concorde:0.060916 	 MCTS:6.091641 Improve:-0.000000 	 Time:5.00 Seconds
Solution: 1 25 30 11 2 15 32 50 20 48 39 9 37 7 18 46 44 34 12 41 29 33 8 21 17 47 5 4 10 6 40 38 42 43 27 24 14 35 26 45 28 23 36 3 49 13 31 22 19 16 

Inst_Index:829 	 City_Num:50 	 Concorde:0.055579 	 MCTS:5.557863 Improve:0.000000 	 Time:5.00 Seconds
Solution: 1 5 40 12 43 23 10 2 28 39 47 9 27 36 20 30 37 31 49 50 46 44 34 22 19 35 6 38 8 16 48 3 4 29 13 45 18 24 15 42 7 41 17 26 32 21 25 14 33 11 

Inst_Index:830 	 City_Num:50 	 Concorde:0.054267 	 MCTS:5.426667 Improve:0.000000 	 Time:5.00 Seconds
Solution: 1 42 10 17 28 27 16 2 20 50 18 46 14 40 26 47 34 5 36 33 39 4 11 32 3 41 25 23 13 22 8 48 6 21 44 49 24 30 7 43 45 12 37 38 31 15 19 29 9 35 

Inst_Index:831 	 City_Num:50 	 Concorde:0.057007 	 MCTS:5.700744 Improve:0.000000 	 Time:5.00 Seconds
Solution: 1 17 23 33 6 40 49 8 5 10 35 21 20 42 25 43 38 24 7 32 14 16 4 50 13 15 34 28 48 39 27 37 29 9 19 3 47 26 22 44 31 46 2 18 36 45 11 41 30 12 

Inst_Index:832 	 City_Num:50 	 Concorde:0.058160 	 MCTS:5.815976 Improve:-0.000000 	 Time:5.00 Seconds
Solution: 1 22 6 13 19 17 50 44 29 20 15 36 34 18 2 9 25 43 42 5 16 30 10 14 21 48 4 41 23 12 24 27 8 31 3 28 49 46 26 11 45 33 37 35 39 7 38 47 40 32 

Inst_Index:833 	 City_Num:50 	 Concorde:0.058586 	 MCTS:5.857709 Improve:0.000891 	 Time:5.00 Seconds
Solution: 1 44 41 9 5 36 43 45 31 10 16 18 3 13 32 20 12 34 15 21 8 23 24 39 49 30 37 4 27 25 7 35 22 19 17 50 6 11 33 38 26 42 2 14 28 48 47 29 46 40 

Inst_Index:834 	 City_Num:50 	 Concorde:0.058027 	 MCTS:5.802661 Improve:0.000000 	 Time:5.00 Seconds
Solution: 1 44 7 27 40 4 24 14 26 19 25 13 3 48 2 38 30 42 5 33 43 10 31 41 23 22 18 16 11 39 49 21 6 35 8 50 15 20 36 46 47 37 12 32 28 29 17 34 45 9 

Inst_Index:835 	 City_Num:50 	 Concorde:0.060232 	 MCTS:6.023159 Improve:0.000000 	 Time:5.00 Seconds
Solution: 1 2 5 19 48 50 26 41 14 22 47 32 44 13 23 38 46 27 3 31 40 35 18 30 28 16 21 6 11 34 29 9 25 24 42 45 33 8 20 39 37 43 4 49 10 12 36 17 15 7 

Inst_Index:836 	 City_Num:50 	 Concorde:0.054536 	 MCTS:5.453551 Improve:-0.000000 	 Time:5.00 Seconds
Solution: 1 32 41 21 48 33 13 17 4 43 16 8 23 2 12 3 31 25 5 22 15 18 46 47 6 29 20 7 45 19 42 24 34 37 44 39 28 40 30 11 14 36 35 50 38 10 9 27 49 26 

Inst_Index:837 	 City_Num:50 	 Concorde:0.059647 	 MCTS:5.964734 Improve:0.000000 	 Time:5.00 Seconds
Solution: 1 47 19 34 43 24 35 46 21 13 23 42 29 38 32 4 9 7 22 27 45 30 2 18 28 39 3 20 25 10 36 50 11 44 15 49 17 14 5 26 33 41 37 48 40 12 6 8 16 31 

Inst_Index:838 	 City_Num:50 	 Concorde:0.054103 	 MCTS:5.410256 Improve:-0.000000 	 Time:5.00 Seconds
Solution: 1 45 14 17 43 30 31 47 33 44 28 48 16 25 32 49 18 4 46 10 21 15 27 5 2 42 34 22 26 38 3 29 35 6 24 7 19 50 41 36 20 12 9 8 37 40 23 11 39 13 

Inst_Index:839 	 City_Num:50 	 Concorde:0.056561 	 MCTS:5.653433 Improve:0.002668 	 Time:5.00 Seconds
Solution: 1 40 16 44 9 23 37 10 18 11 36 35 24 27 43 48 22 20 41 12 13 46 42 29 21 47 14 5 25 19 39 26 49 45 8 33 6 4 50 30 38 7 32 34 15 17 28 3 31 2 

Inst_Index:840 	 City_Num:50 	 Concorde:0.056649 	 MCTS:5.664887 Improve:-0.000000 	 Time:5.00 Seconds
Solution: 1 34 29 46 49 12 28 14 23 27 10 2 40 48 16 4 39 42 44 3 41 22 20 24 47 21 32 9 31 30 6 37 7 45 50 36 38 25 43 18 8 15 35 19 13 17 26 11 33 5 

Inst_Index:841 	 City_Num:50 	 Concorde:0.056499 	 MCTS:5.649874 Improve:0.000000 	 Time:5.00 Seconds
Solution: 1 13 4 47 48 17 31 45 25 42 2 40 28 12 43 24 21 44 50 26 5 32 46 19 33 35 3 37 16 6 39 7 8 38 18 20 27 29 30 36 22 34 11 41 23 15 14 49 9 10 

Inst_Index:842 	 City_Num:50 	 Concorde:0.056928 	 MCTS:5.689870 Improve:0.002969 	 Time:5.00 Seconds
Solution: 1 17 39 27 9 36 19 2 5 37 18 34 29 38 24 48 11 14 4 15 16 31 12 13 23 35 22 20 3 46 47 50 6 43 28 45 42 10 44 25 30 7 40 33 49 41 32 26 21 8 

Inst_Index:843 	 City_Num:50 	 Concorde:0.057780 	 MCTS:5.774909 Improve:0.003077 	 Time:5.00 Seconds
Solution: 1 5 9 46 7 16 33 43 38 36 13 2 12 23 21 15 17 10 32 4 6 24 47 3 8 27 42 29 22 20 34 28 14 40 45 48 37 35 44 25 49 19 30 41 31 18 11 26 39 50 

Inst_Index:844 	 City_Num:50 	 Concorde:0.062182 	 MCTS:6.218246 Improve:-0.000000 	 Time:5.01 Seconds
Solution: 1 38 13 4 39 6 27 22 41 20 19 21 42 2 28 8 23 12 44 31 47 14 16 48 34 33 40 32 36 3 35 15 7 25 17 29 10 37 45 9 30 43 49 26 18 50 5 24 11 46 

Inst_Index:845 	 City_Num:50 	 Concorde:0.056927 	 MCTS:5.692741 Improve:0.000000 	 Time:5.00 Seconds
Solution: 1 28 7 41 33 26 27 21 43 3 10 16 48 47 17 23 9 45 11 38 36 25 46 24 19 37 44 13 42 49 2 40 30 20 12 6 5 34 39 15 4 18 8 32 50 29 22 31 35 14 

Inst_Index:846 	 City_Num:50 	 Concorde:0.059724 	 MCTS:5.972393 Improve:0.000000 	 Time:5.01 Seconds
Solution: 1 19 49 30 3 38 32 39 35 48 20 40 37 22 2 36 42 13 8 50 4 15 27 10 17 33 44 18 6 46 23 9 25 45 21 28 5 31 24 11 43 14 29 7 26 16 41 12 34 47 

Inst_Index:847 	 City_Num:50 	 Concorde:0.055852 	 MCTS:5.585224 Improve:-0.000000 	 Time:5.00 Seconds
Solution: 1 2 38 3 36 40 47 46 28 14 24 22 45 5 41 43 31 11 37 48 16 23 13 33 20 6 29 44 34 25 35 26 10 8 17 19 18 12 4 39 7 21 30 50 15 27 9 49 42 32 

Inst_Index:848 	 City_Num:50 	 Concorde:0.056582 	 MCTS:5.658210 Improve:0.000000 	 Time:5.00 Seconds
Solution: 1 14 10 20 43 9 32 44 25 50 11 46 4 45 17 5 48 22 37 38 41 24 35 34 12 28 27 26 30 33 3 6 8 39 29 15 21 2 47 13 36 49 18 31 19 40 7 42 16 23 

Inst_Index:849 	 City_Num:50 	 Concorde:0.061542 	 MCTS:6.150905 Improve:0.003327 	 Time:5.01 Seconds
Solution: 1 11 25 16 24 31 43 44 23 48 4 46 3 45 42 7 32 18 34 10 26 9 27 36 20 50 28 19 37 21 5 40 17 2 29 22 30 39 8 49 33 41 14 6 38 12 15 35 47 13 

Inst_Index:850 	 City_Num:50 	 Concorde:0.057898 	 MCTS:5.780688 Improve:0.009137 	 Time:5.00 Seconds
Solution: 1 49 45 26 5 15 31 23 12 17 28 10 37 8 40 44 43 30 14 16 38 7 21 39 25 13 50 24 32 42 20 3 6 9 27 41 19 48 2 4 22 29 35 33 36 47 11 18 46 34 

Inst_Index:851 	 City_Num:50 	 Concorde:0.055877 	 MCTS:5.587748 Improve:0.000000 	 Time:5.00 Seconds
Solution: 1 43 45 9 39 50 12 27 5 4 6 49 11 41 40 44 7 13 3 37 24 31 47 29 30 34 25 33 42 35 17 21 18 16 48 32 8 38 28 14 36 23 20 19 2 26 22 10 15 46 

Inst_Index:852 	 City_Num:50 	 Concorde:0.053846 	 MCTS:5.384553 Improve:0.000000 	 Time:5.00 Seconds
Solution: 1 11 12 49 22 8 6 47 50 46 9 41 26 17 34 10 3 13 27 32 29 45 43 33 4 7 2 15 35 25 36 42 48 44 38 24 5 30 21 18 31 28 14 37 39 19 23 16 40 20 

Inst_Index:853 	 City_Num:50 	 Concorde:0.058412 	 MCTS:5.841241 Improve:0.000000 	 Time:5.00 Seconds
Solution: 1 36 42 33 34 5 4 10 3 21 15 19 38 46 48 8 44 43 41 22 40 45 35 17 24 37 31 30 18 13 32 26 16 11 50 27 6 29 23 49 25 7 14 28 9 2 20 39 47 12 

Inst_Index:854 	 City_Num:50 	 Concorde:0.058601 	 MCTS:5.860079 Improve:-0.000000 	 Time:5.00 Seconds
Solution: 1 21 50 10 19 38 46 30 31 5 7 20 32 13 16 49 47 25 4 18 42 37 17 22 15 26 14 48 3 24 27 6 43 41 34 45 28 39 36 2 8 23 33 29 35 11 12 9 44 40 

Inst_Index:855 	 City_Num:50 	 Concorde:0.059296 	 MCTS:5.929641 Improve:0.000000 	 Time:5.00 Seconds
Solution: 1 19 46 6 30 42 10 12 4 16 49 21 40 50 17 24 33 26 45 9 37 43 3 27 22 25 48 2 36 39 47 29 15 11 5 18 31 23 13 35 7 44 8 20 38 34 14 41 32 28 

Inst_Index:856 	 City_Num:50 	 Concorde:0.058827 	 MCTS:5.882745 Improve:0.000000 	 Time:5.00 Seconds
Solution: 1 31 35 15 29 14 21 49 44 8 11 18 10 12 33 24 36 5 22 30 45 23 16 48 40 4 28 46 9 42 6 25 3 34 32 13 41 38 19 47 43 17 20 27 39 26 2 7 37 50 

Inst_Index:857 	 City_Num:50 	 Concorde:0.052679 	 MCTS:5.263308 Improve:0.004582 	 Time:5.00 Seconds
Solution: 1 23 49 28 33 18 4 6 12 45 41 38 15 34 47 50 29 48 30 2 19 21 10 25 24 46 40 11 32 42 16 17 3 22 9 44 13 14 26 31 27 8 36 20 37 43 39 35 5 7 

Inst_Index:858 	 City_Num:50 	 Concorde:0.056901 	 MCTS:5.690119 Improve:0.000000 	 Time:5.00 Seconds
Solution: 1 47 3 38 20 27 23 10 18 42 11 24 41 16 32 29 37 25 43 36 2 14 40 9 22 31 12 30 5 44 21 50 26 35 34 6 13 4 28 49 33 17 15 48 45 7 8 39 19 46 

Inst_Index:859 	 City_Num:50 	 Concorde:0.057317 	 MCTS:5.731651 Improve:0.000000 	 Time:5.01 Seconds
Solution: 1 50 35 31 5 36 42 11 2 46 43 23 40 18 33 12 28 24 10 34 47 14 15 48 49 6 27 3 21 13 45 37 4 8 30 26 17 32 16 25 44 19 7 41 38 29 20 9 22 39 

Inst_Index:860 	 City_Num:50 	 Concorde:0.052399 	 MCTS:5.239879 Improve:0.000000 	 Time:5.00 Seconds
Solution: 1 15 47 48 43 41 28 19 44 30 17 8 29 39 34 11 27 4 37 2 13 25 6 26 3 40 20 7 10 23 14 32 38 35 16 12 50 21 36 31 18 22 24 46 49 9 42 33 45 5 

Inst_Index:861 	 City_Num:50 	 Concorde:0.054669 	 MCTS:5.466883 Improve:-0.000000 	 Time:5.00 Seconds
Solution: 1 3 16 5 24 13 26 12 39 36 7 28 43 15 27 35 10 32 18 4 44 31 47 40 21 42 25 46 48 50 19 38 8 30 11 45 20 2 9 33 29 37 17 14 6 34 22 49 41 23 

Inst_Index:862 	 City_Num:50 	 Concorde:0.055296 	 MCTS:5.529571 Improve:-0.000000 	 Time:5.00 Seconds
Solution: 1 19 49 20 15 21 14 23 36 10 33 29 32 37 8 50 13 35 34 43 45 41 6 46 27 12 17 44 18 31 25 30 7 38 2 3 26 40 42 39 11 24 5 9 48 4 47 28 16 22 

Inst_Index:863 	 City_Num:50 	 Concorde:0.057667 	 MCTS:5.766678 Improve:-0.000000 	 Time:5.00 Seconds
Solution: 1 8 34 20 21 45 35 12 3 37 40 16 50 5 30 17 33 47 46 6 22 38 41 18 42 13 32 9 11 2 7 28 25 49 44 23 29 4 36 24 14 39 27 31 19 15 48 26 10 43 

Inst_Index:864 	 City_Num:50 	 Concorde:0.054532 	 MCTS:5.451856 Improve:0.001306 	 Time:5.00 Seconds
Solution: 1 38 41 9 45 46 13 10 32 25 35 19 11 43 30 7 26 6 23 42 27 47 20 2 18 14 33 50 17 3 36 28 49 34 44 24 5 31 40 48 29 39 4 12 21 37 15 16 8 22 

Inst_Index:865 	 City_Num:50 	 Concorde:0.055153 	 MCTS:5.515133 Improve:0.000208 	 Time:5.00 Seconds
Solution: 1 2 32 9 44 22 43 45 11 16 41 14 50 42 6 40 34 13 12 46 28 18 8 15 48 17 7 30 19 35 49 21 5 33 31 47 38 4 29 25 36 3 27 39 26 23 10 24 37 20 

Inst_Index:866 	 City_Num:50 	 Concorde:0.052652 	 MCTS:5.262709 Improve:0.002522 	 Time:5.00 Seconds
Solution: 1 24 8 17 41 7 48 37 13 27 11 5 32 2 45 39 47 28 38 6 26 22 20 19 10 14 29 4 25 15 34 33 44 40 16 23 31 30 42 9 18 3 36 50 35 21 12 43 46 49 

Inst_Index:867 	 City_Num:50 	 Concorde:0.059687 	 MCTS:5.966944 Improve:0.001804 	 Time:5.00 Seconds
Solution: 1 45 3 28 35 29 50 22 26 42 43 24 27 19 31 8 10 46 5 33 9 21 7 25 17 12 40 49 38 37 32 13 44 11 41 15 2 14 23 39 36 47 34 4 6 16 18 30 48 20 

Inst_Index:868 	 City_Num:50 	 Concorde:0.055282 	 MCTS:5.525532 Improve:0.002694 	 Time:5.01 Seconds
Solution: 1 35 33 46 14 10 47 18 34 12 28 9 40 19 36 43 20 50 32 11 41 42 48 22 21 45 31 2 23 27 3 15 5 25 4 8 38 6 44 30 13 37 26 29 17 49 7 24 16 39 

Inst_Index:869 	 City_Num:50 	 Concorde:0.056349 	 MCTS:5.654385 Improve:-0.019441 	 Time:5.01 Seconds
Solution: 1 17 40 47 23 39 16 20 42 26 24 27 5 4 46 43 50 7 11 49 9 8 19 41 18 34 3 31 33 44 22 25 28 6 21 10 30 37 32 12 13 38 35 29 36 48 15 45 14 2 

Inst_Index:870 	 City_Num:50 	 Concorde:0.055304 	 MCTS:5.530368 Improve:0.000000 	 Time:5.00 Seconds
Solution: 1 50 4 6 46 39 8 27 3 9 11 47 35 17 12 43 42 18 38 48 24 45 31 41 30 7 25 22 28 29 26 19 40 49 44 16 5 32 2 37 34 23 10 15 21 33 13 20 36 14 

Inst_Index:871 	 City_Num:50 	 Concorde:0.058032 	 MCTS:5.803239 Improve:0.000000 	 Time:5.00 Seconds
Solution: 1 16 21 20 22 50 19 9 17 5 41 44 25 4 11 29 34 43 46 7 28 24 45 15 47 13 6 49 3 42 39 12 38 33 30 14 37 36 18 32 40 8 35 23 31 27 48 10 26 2 

Inst_Index:872 	 City_Num:50 	 Concorde:0.053341 	 MCTS:5.329436 Improve:0.004686 	 Time:5.00 Seconds
Solution: 1 11 6 21 28 32 12 47 37 23 8 25 16 49 45 26 10 4 39 27 18 35 42 19 40 17 20 13 43 38 48 30 5 46 14 50 2 15 24 22 29 44 3 31 41 33 36 9 7 34 

Inst_Index:873 	 City_Num:50 	 Concorde:0.055923 	 MCTS:5.592322 Improve:-0.000000 	 Time:5.00 Seconds
Solution: 1 28 49 38 27 36 25 8 13 4 17 2 12 46 24 39 50 45 35 42 31 21 48 22 30 20 6 11 7 3 9 5 10 26 14 43 33 41 47 29 15 16 40 44 34 18 19 32 37 23 

Inst_Index:874 	 City_Num:50 	 Concorde:0.057968 	 MCTS:5.796830 Improve:-0.000000 	 Time:5.00 Seconds
Solution: 1 45 8 19 49 48 13 39 6 36 32 7 38 47 17 40 18 27 3 16 9 14 23 37 10 30 11 21 34 20 43 35 4 2 15 29 22 25 28 50 41 12 24 26 44 42 5 46 33 31 

Inst_Index:875 	 City_Num:50 	 Concorde:0.058177 	 MCTS:5.817671 Improve:-0.000000 	 Time:5.00 Seconds
Solution: 1 40 5 45 23 25 18 39 33 44 50 24 9 37 3 32 30 6 20 27 49 46 29 26 14 10 21 17 16 12 11 31 8 36 22 35 42 41 38 2 34 13 43 48 28 4 15 7 19 47 

Inst_Index:876 	 City_Num:50 	 Concorde:0.060256 	 MCTS:6.025633 Improve:-0.000000 	 Time:5.01 Seconds
Solution: 1 31 42 20 15 48 45 28 21 27 3 33 6 10 8 14 29 13 12 49 37 18 35 32 43 41 19 40 4 30 17 25 44 50 46 36 23 16 5 47 26 38 9 22 2 7 24 34 11 39 

Inst_Index:877 	 City_Num:50 	 Concorde:0.053998 	 MCTS:5.399772 Improve:-0.000000 	 Time:5.00 Seconds
Solution: 1 31 35 2 26 13 27 47 39 21 7 29 3 45 42 4 15 24 8 40 46 9 5 6 34 30 38 16 49 19 10 22 20 12 23 48 17 28 14 32 25 36 44 33 43 37 50 18 41 11 

Inst_Index:878 	 City_Num:50 	 Concorde:0.055591 	 MCTS:5.559055 Improve:0.000000 	 Time:5.00 Seconds
Solution: 1 31 5 34 6 41 46 19 11 3 40 43 12 9 25 38 8 26 18 10 16 29 49 13 7 24 28 47 4 39 32 22 37 33 35 15 36 27 17 21 14 20 45 30 42 2 50 48 44 23 

Inst_Index:879 	 City_Num:50 	 Concorde:0.059670 	 MCTS:5.967009 Improve:-0.000000 	 Time:5.00 Seconds
Solution: 1 38 36 5 26 20 31 29 22 45 23 44 12 27 42 30 7 13 28 24 47 50 43 17 32 18 46 25 10 6 14 2 49 9 8 11 21 48 4 15 33 34 19 16 37 40 41 35 39 3 

Inst_Index:880 	 City_Num:50 	 Concorde:0.056759 	 MCTS:5.675876 Improve:-0.000000 	 Time:5.00 Seconds
Solution: 1 26 48 29 44 19 38 31 28 49 13 45 8 3 39 14 4 18 12 46 10 33 42 7 15 5 24 16 43 32 37 20 35 23 30 17 6 50 47 21 9 2 25 27 41 40 34 36 11 22 

Inst_Index:881 	 City_Num:50 	 Concorde:0.056388 	 MCTS:5.637561 Improve:0.001200 	 Time:5.01 Seconds
Solution: 1 29 12 2 24 37 6 46 15 40 39 16 25 8 4 3 32 17 34 28 23 31 20 30 45 33 13 36 42 14 9 21 10 26 41 5 38 27 22 50 44 35 47 49 19 43 11 48 18 7 

Inst_Index:882 	 City_Num:50 	 Concorde:0.054761 	 MCTS:5.476062 Improve:-0.000000 	 Time:5.01 Seconds
Solution: 1 41 31 30 8 15 14 46 22 12 23 16 4 10 35 6 19 47 50 17 7 39 32 26 13 49 36 45 44 3 5 37 11 2 38 27 18 24 34 33 43 29 9 48 42 40 25 20 21 28 

Inst_Index:883 	 City_Num:50 	 Concorde:0.057832 	 MCTS:5.783213 Improve:0.000000 	 Time:5.01 Seconds
Solution: 1 41 25 26 12 10 36 20 37 9 29 46 21 48 32 2 24 28 5 43 42 18 47 17 13 30 44 38 7 45 14 16 19 40 27 4 50 31 35 23 11 34 3 6 39 8 33 49 15 22 

Inst_Index:884 	 City_Num:50 	 Concorde:0.057366 	 MCTS:5.736636 Improve:-0.000000 	 Time:5.00 Seconds
Solution: 1 17 41 14 32 21 43 7 25 46 20 13 2 24 44 47 39 12 11 42 16 22 36 31 38 6 34 35 27 28 23 33 50 49 15 18 29 10 3 9 30 5 37 40 26 48 4 45 19 8 

Inst_Index:885 	 City_Num:50 	 Concorde:0.055972 	 MCTS:5.597180 Improve:0.000000 	 Time:5.00 Seconds
Solution: 1 27 46 26 12 11 2 32 13 34 29 50 23 30 41 45 25 42 6 40 49 20 7 5 9 4 18 38 35 47 36 28 3 10 16 44 24 21 31 17 48 22 14 15 39 37 19 33 8 43 

Inst_Index:886 	 City_Num:50 	 Concorde:0.053479 	 MCTS:5.347891 Improve:0.000000 	 Time:5.00 Seconds
Solution: 1 45 21 43 22 41 24 42 23 31 2 35 6 7 9 5 12 15 3 20 44 36 8 50 32 39 16 38 37 29 13 48 33 34 49 28 11 30 18 14 19 40 10 47 4 17 26 46 27 25 

Inst_Index:887 	 City_Num:50 	 Concorde:0.057469 	 MCTS:5.746947 Improve:-0.000000 	 Time:5.00 Seconds
Solution: 1 3 36 8 4 24 28 10 46 16 29 42 41 13 11 32 6 19 31 39 49 34 7 12 27 18 45 44 37 38 21 43 26 40 50 33 5 47 25 2 30 17 15 20 9 48 23 22 35 14 

Inst_Index:888 	 City_Num:50 	 Concorde:0.058544 	 MCTS:5.854391 Improve:-0.000000 	 Time:5.00 Seconds
Solution: 1 28 8 20 11 47 36 14 15 38 16 32 34 49 27 43 42 12 45 17 26 29 33 3 37 46 22 21 10 7 31 30 13 9 4 5 2 18 25 35 48 41 6 40 44 19 23 24 39 50 

Inst_Index:889 	 City_Num:50 	 Concorde:0.055442 	 MCTS:5.544239 Improve:-0.000000 	 Time:5.00 Seconds
Solution: 1 40 35 16 5 50 15 33 12 45 4 25 49 31 48 2 44 10 37 26 7 6 36 9 19 18 32 28 27 30 3 42 43 17 23 41 38 13 34 20 39 22 8 47 46 29 24 11 21 14 

Inst_Index:890 	 City_Num:50 	 Concorde:0.054378 	 MCTS:5.435282 Improve:0.002485 	 Time:5.00 Seconds
Solution: 1 30 31 48 19 35 49 13 41 9 43 27 7 42 11 32 4 6 2 37 45 47 33 44 20 22 8 50 16 10 17 24 18 15 39 12 38 34 28 36 23 40 46 3 14 29 25 26 5 21 

Inst_Index:891 	 City_Num:50 	 Concorde:0.055449 	 MCTS:5.544929 Improve:0.000000 	 Time:5.00 Seconds
Solution: 1 31 16 39 41 32 23 43 42 7 2 6 21 25 24 26 12 36 49 46 13 44 18 35 50 10 22 11 3 40 29 5 9 4 33 45 28 38 20 34 15 8 30 37 14 47 19 48 27 17 

Inst_Index:892 	 City_Num:50 	 Concorde:0.052946 	 MCTS:5.294586 Improve:0.000000 	 Time:5.01 Seconds
Solution: 1 46 4 19 34 50 48 12 28 36 33 11 23 10 42 22 30 2 26 35 18 43 17 8 7 29 6 15 40 44 37 5 24 38 16 3 47 27 32 41 14 39 31 20 25 21 45 49 13 9 

Inst_Index:893 	 City_Num:50 	 Concorde:0.055146 	 MCTS:5.511481 Improve:0.003118 	 Time:5.00 Seconds
Solution: 1 36 49 12 3 37 44 19 39 18 35 32 46 38 23 13 4 21 25 6 27 17 29 33 42 48 41 2 16 50 47 30 14 22 24 5 20 34 26 8 43 10 15 11 31 7 45 9 40 28 

Inst_Index:894 	 City_Num:50 	 Concorde:0.057119 	 MCTS:5.711881 Improve:0.000000 	 Time:5.00 Seconds
Solution: 1 19 50 11 24 49 45 46 37 4 39 40 43 12 35 22 18 29 38 5 20 36 13 14 31 32 44 3 17 47 9 21 2 26 27 15 23 7 48 10 41 16 30 28 33 25 8 6 42 34 

Inst_Index:895 	 City_Num:50 	 Concorde:0.050575 	 MCTS:5.056479 Improve:0.000973 	 Time:5.00 Seconds
Solution: 1 16 45 4 2 38 26 27 30 23 3 12 11 5 7 44 19 32 48 47 9 35 25 36 50 34 31 28 6 15 17 46 49 43 14 29 42 21 13 33 40 18 24 10 20 8 22 39 41 37 

Inst_Index:896 	 City_Num:50 	 Concorde:0.058824 	 MCTS:5.882437 Improve:-0.000000 	 Time:5.00 Seconds
Solution: 1 17 19 15 40 20 38 27 21 14 8 6 24 26 9 31 30 35 41 13 32 42 7 37 12 11 50 2 44 46 43 3 36 5 49 45 47 33 39 18 48 22 4 34 10 28 29 25 23 16 

Inst_Index:897 	 City_Num:50 	 Concorde:0.059435 	 MCTS:5.942384 Improve:0.001111 	 Time:5.00 Seconds
Solution: 1 13 39 23 38 37 8 27 10 35 49 22 32 3 2 16 43 11 17 19 7 42 30 48 6 41 25 34 36 5 4 21 33 18 50 45 12 26 24 20 14 44 31 40 28 15 29 47 9 46 

Inst_Index:898 	 City_Num:50 	 Concorde:0.056006 	 MCTS:5.596822 Improve:0.003825 	 Time:5.01 Seconds
Solution: 1 17 30 12 4 41 7 33 48 34 47 40 49 2 31 8 43 25 16 6 42 19 22 13 38 20 36 39 9 37 18 32 27 44 10 23 11 45 29 50 15 26 3 21 24 28 46 5 14 35 

Inst_Index:899 	 City_Num:50 	 Concorde:0.057051 	 MCTS:5.701731 Improve:0.003383 	 Time:5.00 Seconds
Solution: 1 26 38 34 39 8 12 21 18 27 11 50 45 22 13 32 41 42 4 44 30 29 33 48 14 25 20 46 23 3 24 7 2 35 19 15 17 43 16 37 31 28 47 49 5 10 9 36 6 40 

Inst_Index:900 	 City_Num:50 	 Concorde:0.057388 	 MCTS:5.738822 Improve:0.000000 	 Time:5.00 Seconds
Solution: 1 17 14 11 50 49 39 7 18 33 30 15 4 38 48 40 23 37 5 35 25 29 45 32 27 19 8 36 28 44 47 43 2 3 26 42 20 24 41 13 34 46 10 16 9 12 6 21 22 31 

Inst_Index:901 	 City_Num:50 	 Concorde:0.057553 	 MCTS:5.755302 Improve:0.000000 	 Time:5.00 Seconds
Solution: 1 6 34 42 33 27 44 39 37 25 49 30 45 35 32 23 43 22 20 48 17 9 50 10 28 24 3 13 31 4 18 15 8 5 19 46 41 7 16 36 2 12 47 29 14 11 38 40 21 26 

Inst_Index:902 	 City_Num:50 	 Concorde:0.057697 	 MCTS:5.769677 Improve:-0.000000 	 Time:5.01 Seconds
Solution: 1 25 35 5 19 16 45 26 32 42 21 29 20 3 36 41 13 34 44 28 30 22 43 24 49 11 39 50 27 31 2 47 8 7 48 12 40 14 37 15 18 33 10 23 6 38 17 9 46 4 

Inst_Index:903 	 City_Num:50 	 Concorde:0.052300 	 MCTS:5.224144 Improve:0.005867 	 Time:5.00 Seconds
Solution: 1 11 31 30 7 24 42 48 20 35 47 32 40 37 14 29 26 28 2 23 13 9 21 8 46 16 17 10 3 15 12 5 50 38 43 19 25 33 39 27 22 6 4 41 36 18 44 45 49 34 

Inst_Index:904 	 City_Num:50 	 Concorde:0.057296 	 MCTS:5.729622 Improve:0.000000 	 Time:5.01 Seconds
Solution: 1 18 31 43 30 9 38 8 37 47 14 7 42 44 17 12 41 36 3 6 34 5 46 19 49 22 15 23 24 13 33 27 10 45 2 40 50 4 39 25 28 21 26 16 35 32 11 20 48 29 

Inst_Index:905 	 City_Num:50 	 Concorde:0.058075 	 MCTS:5.807497 Improve:0.000000 	 Time:5.00 Seconds
Solution: 1 22 16 37 7 29 17 3 50 18 5 19 27 11 12 39 10 26 43 6 42 31 21 15 33 4 28 9 35 49 8 41 48 25 30 24 2 13 20 40 44 23 47 36 38 14 46 34 32 45 

Inst_Index:906 	 City_Num:50 	 Concorde:0.054734 	 MCTS:5.472981 Improve:0.000447 	 Time:5.00 Seconds
Solution: 1 22 49 2 10 40 13 46 36 25 41 18 33 24 15 27 21 44 39 3 32 17 48 5 38 23 12 20 6 16 30 11 37 28 42 45 7 29 31 35 26 14 4 47 9 43 19 34 8 50 

Inst_Index:907 	 City_Num:50 	 Concorde:0.058019 	 MCTS:5.797640 Improve:0.004242 	 Time:5.00 Seconds
Solution: 1 15 12 37 19 2 31 27 25 41 44 35 47 49 28 18 21 20 8 16 26 3 6 29 32 4 11 23 14 24 39 13 9 22 36 48 10 33 30 42 40 17 34 7 43 45 38 46 50 5 

Inst_Index:908 	 City_Num:50 	 Concorde:0.054358 	 MCTS:5.435812 Improve:0.000000 	 Time:5.00 Seconds
Solution: 1 4 31 48 35 3 30 39 13 9 5 43 34 10 26 38 47 12 20 17 37 29 6 7 24 50 18 32 15 41 33 46 2 11 27 36 42 22 40 23 19 44 25 49 14 45 8 16 28 21 

Inst_Index:909 	 City_Num:50 	 Concorde:0.053394 	 MCTS:5.339360 Improve:0.000000 	 Time:5.01 Seconds
Solution: 1 15 30 40 18 32 3 41 23 5 36 42 17 25 14 27 39 44 33 38 6 12 22 19 49 11 20 26 48 7 28 8 45 35 50 47 46 21 13 34 2 29 16 24 10 37 4 43 9 31 

Inst_Index:910 	 City_Num:50 	 Concorde:0.055569 	 MCTS:5.556930 Improve:-0.000000 	 Time:5.00 Seconds
Solution: 1 16 22 35 37 7 15 5 46 2 45 47 6 38 21 13 11 44 19 49 17 3 12 4 31 48 20 18 28 27 34 33 32 43 9 23 41 39 50 24 25 40 42 10 36 26 14 8 29 30 

Inst_Index:911 	 City_Num:50 	 Concorde:0.061993 	 MCTS:6.199250 Improve:0.000000 	 Time:5.00 Seconds
Solution: 1 23 2 15 12 27 7 31 36 32 6 34 33 24 3 25 49 38 18 50 20 21 47 48 26 43 10 17 41 8 22 44 11 42 16 45 29 19 14 40 13 4 5 30 39 35 37 46 9 28 

Inst_Index:912 	 City_Num:50 	 Concorde:0.057270 	 MCTS:5.726602 Improve:0.000429 	 Time:5.00 Seconds
Solution: 1 22 26 4 42 44 16 3 8 48 38 15 25 27 6 34 46 47 45 30 50 28 36 40 37 20 29 31 11 10 12 14 39 7 49 41 13 33 23 19 43 17 21 18 24 5 2 9 32 35 

Inst_Index:913 	 City_Num:50 	 Concorde:0.056971 	 MCTS:5.697092 Improve:-0.000000 	 Time:5.00 Seconds
Solution: 1 8 2 14 6 18 50 41 28 12 5 21 10 13 30 27 46 4 36 45 24 49 11 37 25 34 42 40 33 44 26 38 23 20 32 3 9 15 7 29 39 17 48 35 22 31 19 16 47 43 

Inst_Index:914 	 City_Num:50 	 Concorde:0.060677 	 MCTS:6.067702 Improve:-0.000000 	 Time:5.00 Seconds
Solution: 1 9 39 21 17 27 28 11 4 23 29 46 22 24 48 42 49 40 3 12 45 43 37 32 41 36 47 7 18 31 8 2 38 44 50 15 10 20 26 30 19 34 6 25 5 14 35 13 33 16 

Inst_Index:915 	 City_Num:50 	 Concorde:0.056346 	 MCTS:5.633769 Improve:0.000805 	 Time:5.00 Seconds
Solution: 1 44 30 21 12 24 25 34 28 9 40 48 39 2 22 31 49 41 13 8 18 42 4 20 5 14 37 35 19 10 11 15 45 36 50 6 17 3 27 33 43 26 38 47 16 29 46 7 23 32 

Inst_Index:916 	 City_Num:50 	 Concorde:0.050628 	 MCTS:5.061286 Improve:0.001518 	 Time:5.00 Seconds
Solution: 1 4 17 27 31 45 7 49 10 40 3 33 6 29 12 34 26 35 44 18 8 13 38 32 2 24 37 30 9 43 25 48 36 22 42 16 28 15 23 5 14 46 50 47 41 21 11 39 20 19 

Inst_Index:917 	 City_Num:50 	 Concorde:0.059737 	 MCTS:5.973672 Improve:0.000000 	 Time:5.00 Seconds
Solution: 1 46 50 4 44 35 2 48 33 13 40 3 16 11 23 21 7 25 27 6 29 24 38 47 18 39 45 5 34 37 30 14 31 36 10 28 17 42 43 41 19 8 9 32 12 15 26 49 22 20 

Inst_Index:918 	 City_Num:50 	 Concorde:0.061390 	 MCTS:6.139034 Improve:0.000000 	 Time:5.00 Seconds
Solution: 1 39 34 25 20 33 12 27 41 31 21 24 7 16 36 19 23 44 6 8 40 48 30 10 14 13 37 11 42 45 26 5 9 15 35 49 38 2 3 4 32 22 17 50 29 18 43 46 28 47 

Inst_Index:919 	 City_Num:50 	 Concorde:0.057814 	 MCTS:5.781152 Improve:0.000257 	 Time:5.00 Seconds
Solution: 1 5 37 17 43 32 41 26 39 2 19 47 40 45 25 21 16 34 7 12 29 46 49 36 38 18 48 3 42 6 31 30 44 35 14 8 33 15 13 23 11 28 9 4 27 20 22 50 24 10 

Inst_Index:920 	 City_Num:50 	 Concorde:0.057957 	 MCTS:5.793759 Improve:0.001954 	 Time:5.00 Seconds
Solution: 1 21 35 40 37 14 3 27 10 44 30 12 42 38 20 45 50 26 13 7 8 15 31 36 46 32 41 22 19 49 39 25 33 23 11 48 28 47 16 43 5 2 9 24 34 4 18 29 6 17 

Inst_Index:921 	 City_Num:50 	 Concorde:0.056565 	 MCTS:5.656510 Improve:-0.000000 	 Time:5.01 Seconds
Solution: 1 47 15 45 29 4 11 40 35 6 31 33 8 36 19 10 34 24 37 30 28 43 21 44 38 27 26 7 41 25 23 3 32 2 20 14 22 42 12 50 46 49 9 16 5 18 39 17 48 13 

Inst_Index:922 	 City_Num:50 	 Concorde:0.054075 	 MCTS:5.407452 Improve:-0.000000 	 Time:5.00 Seconds
Solution: 1 23 49 3 27 44 26 41 28 45 8 2 19 7 25 32 50 12 15 47 16 18 37 33 21 11 31 46 30 35 22 20 39 29 4 6 40 13 14 9 43 34 5 24 17 38 36 42 48 10 

Inst_Index:923 	 City_Num:50 	 Concorde:0.053847 	 MCTS:5.384682 Improve:0.000000 	 Time:5.00 Seconds
Solution: 1 35 11 46 18 13 6 20 7 5 15 27 23 19 44 30 25 22 32 34 17 49 43 8 28 37 47 24 41 38 3 14 21 12 45 39 31 9 36 42 4 16 26 33 2 10 50 48 40 29 

Inst_Index:924 	 City_Num:50 	 Concorde:0.057814 	 MCTS:5.776044 Improve:0.005376 	 Time:5.00 Seconds
Solution: 1 31 6 28 12 34 14 42 38 45 37 19 23 26 46 22 24 39 50 2 29 20 32 15 35 16 7 4 13 36 33 10 47 5 44 21 8 48 25 17 27 18 41 30 49 43 3 40 11 9 

Inst_Index:925 	 City_Num:50 	 Concorde:0.056061 	 MCTS:5.606105 Improve:0.000000 	 Time:5.02 Seconds
Solution: 1 49 13 44 33 10 45 15 11 12 3 48 26 9 25 24 28 20 41 42 21 5 27 22 36 2 34 19 43 31 30 29 7 4 37 35 23 47 39 46 17 50 18 40 8 32 16 14 6 38 

Inst_Index:926 	 City_Num:50 	 Concorde:0.058798 	 MCTS:5.879782 Improve:-0.000000 	 Time:5.00 Seconds
Solution: 1 49 14 9 32 50 29 10 21 38 23 17 27 5 41 11 42 25 2 35 47 19 36 7 24 43 28 33 26 37 15 16 22 39 12 46 40 4 30 48 34 44 8 31 6 3 20 13 18 45 

Inst_Index:927 	 City_Num:50 	 Concorde:0.060589 	 MCTS:6.058857 Improve:-0.000000 	 Time:5.01 Seconds
Solution: 1 48 39 11 8 7 23 49 47 15 29 34 37 30 50 35 3 25 10 33 18 2 46 41 20 13 22 16 42 12 26 17 43 45 9 36 32 6 21 28 44 4 31 14 27 19 24 5 38 40 

Inst_Index:928 	 City_Num:50 	 Concorde:0.057717 	 MCTS:5.771723 Improve:0.000000 	 Time:5.00 Seconds
Solution: 1 46 37 29 27 3 44 40 6 24 16 32 47 43 41 38 28 39 2 45 12 30 8 31 33 9 22 10 5 34 15 18 14 20 36 42 49 19 35 48 4 13 21 17 25 11 26 23 50 7 

Inst_Index:929 	 City_Num:50 	 Concorde:0.054983 	 MCTS:5.498324 Improve:0.000000 	 Time:5.01 Seconds
Solution: 1 44 46 12 13 50 40 29 2 8 41 37 49 48 18 34 25 14 22 16 5 17 23 30 19 38 20 26 43 10 28 45 35 21 36 39 6 24 32 7 47 3 33 27 11 31 42 4 9 15 

Inst_Index:930 	 City_Num:50 	 Concorde:0.057006 	 MCTS:5.693387 Improve:0.007259 	 Time:5.00 Seconds
Solution: 1 47 46 22 26 35 49 24 39 21 34 43 6 27 9 31 48 18 16 19 11 45 36 23 4 17 12 5 28 13 37 20 38 32 14 3 40 30 8 25 50 7 10 44 33 2 42 29 15 41 

Inst_Index:931 	 City_Num:50 	 Concorde:0.056413 	 MCTS:5.643957 Improve:-0.002639 	 Time:5.00 Seconds
Solution: 1 19 31 29 36 2 14 5 10 18 42 28 11 22 16 37 24 34 3 25 40 20 4 9 13 44 27 17 50 23 35 7 38 49 45 21 26 6 39 48 47 41 30 32 8 33 43 12 15 46 

Inst_Index:932 	 City_Num:50 	 Concorde:0.059853 	 MCTS:5.985331 Improve:0.000000 	 Time:5.01 Seconds
Solution: 1 5 49 25 45 6 20 19 40 35 44 23 22 50 33 48 29 38 39 4 26 11 32 36 15 16 24 27 30 14 3 42 18 41 46 47 12 8 43 34 13 21 17 28 2 37 31 7 10 9 

Inst_Index:933 	 City_Num:50 	 Concorde:0.055515 	 MCTS:5.546945 Improve:0.004582 	 Time:5.00 Seconds
Solution: 1 42 44 6 7 47 20 25 10 50 18 31 21 5 9 39 28 33 19 2 3 43 16 24 35 32 30 17 27 49 22 23 15 11 4 46 29 36 38 14 37 40 12 26 13 8 45 48 34 41 

Inst_Index:934 	 City_Num:50 	 Concorde:0.055327 	 MCTS:5.532715 Improve:0.000000 	 Time:5.00 Seconds
Solution: 1 10 48 38 36 50 31 42 23 32 14 9 43 27 8 4 11 25 24 30 49 15 26 17 40 5 12 20 46 34 44 35 7 19 37 2 18 41 3 45 29 6 21 16 33 39 13 47 28 22 

Inst_Index:935 	 City_Num:50 	 Concorde:0.055210 	 MCTS:5.521031 Improve:0.000000 	 Time:5.00 Seconds
Solution: 1 46 4 37 50 9 44 48 38 12 17 45 30 36 49 47 14 32 6 3 22 15 34 33 5 43 10 13 39 16 2 35 27 19 41 18 31 26 23 24 11 40 8 21 7 25 20 29 42 28 

Inst_Index:936 	 City_Num:50 	 Concorde:0.057046 	 MCTS:5.699259 Improve:0.005350 	 Time:5.01 Seconds
Solution: 1 36 40 50 28 24 23 9 10 6 44 37 15 20 19 18 26 22 21 49 46 34 29 13 5 48 31 16 3 42 35 32 11 4 2 12 25 38 41 27 14 45 8 33 43 30 7 39 17 47 

Inst_Index:937 	 City_Num:50 	 Concorde:0.057889 	 MCTS:5.788812 Improve:0.000137 	 Time:5.01 Seconds
Solution: 1 6 12 17 45 30 5 23 41 40 19 9 2 20 22 32 16 10 3 29 47 28 39 46 38 34 4 50 25 44 42 7 26 33 49 24 31 18 27 8 36 11 43 48 15 21 37 35 13 14 

Inst_Index:938 	 City_Num:50 	 Concorde:0.058002 	 MCTS:5.800167 Improve:-0.000000 	 Time:5.00 Seconds
Solution: 1 11 31 44 8 9 34 25 16 6 19 39 26 15 47 17 12 10 33 21 18 14 20 42 36 45 2 32 3 30 38 28 50 46 7 23 4 43 5 22 27 13 49 29 40 37 41 24 35 48 

Inst_Index:939 	 City_Num:50 	 Concorde:0.052981 	 MCTS:5.290940 Improve:0.007133 	 Time:5.00 Seconds
Solution: 1 49 4 19 13 7 20 12 35 23 8 45 29 14 28 37 42 2 43 41 9 38 10 31 27 50 30 3 16 44 32 21 25 48 47 15 5 22 24 46 40 6 33 11 39 34 36 17 26 18 


Avg_Concorde_Distance: 5.680593 Avg_MCTS_Distance: 5.679717 Avg_Gap: -0.000157 Total_Time: 1566.49 Seconds 
 Beat_Best_Known_Times: 105 Match_Best_Known_Times: 203 Miss_Best_Known_Times: 5 
