Number_of_Instances_In_Current_Batch: 313

Inst_Index:940 	 City_Num:50 	 Concorde:0.050876 	 MCTS:5.085727 Improve:0.001889 	 Time:5.00 Seconds
Solution: 1 7 34 16 41 38 4 24 27 45 18 33 43 29 10 50 42 28 39 31 13 26 35 17 40 30 6 11 23 15 8 20 22 47 9 2 49 44 12 14 25 3 37 36 5 48 19 21 32 46 

Inst_Index:941 	 City_Num:50 	 Concorde:0.055517 	 MCTS:5.550529 Improve:0.001200 	 Time:5.01 Seconds
Solution: 1 21 17 35 6 11 23 28 34 29 47 39 3 20 4 2 48 7 30 43 44 18 27 46 36 32 8 14 15 37 16 22 10 33 38 31 41 5 45 24 42 25 19 49 12 13 40 9 50 26 

Inst_Index:942 	 City_Num:50 	 Concorde:0.053243 	 MCTS:5.324282 Improve:0.000000 	 Time:5.00 Seconds
Solution: 1 45 9 49 35 29 46 37 5 2 25 15 7 21 11 34 50 4 3 28 32 13 23 44 14 40 18 33 47 22 20 24 43 10 36 31 12 16 26 6 27 30 8 17 19 41 39 42 38 48 

Inst_Index:943 	 City_Num:50 	 Concorde:0.058258 	 MCTS:5.825789 Improve:-0.000000 	 Time:5.00 Seconds
Solution: 1 3 31 30 35 18 2 23 39 6 20 12 26 38 43 19 16 44 11 32 41 25 37 48 9 40 36 21 13 45 49 4 8 17 28 33 46 50 7 5 24 14 34 42 10 47 22 27 29 15 

Inst_Index:944 	 City_Num:50 	 Concorde:0.057095 	 MCTS:5.756924 Improve:-0.047439 	 Time:5.00 Seconds
Solution: 1 43 34 17 32 41 12 9 5 26 3 21 23 10 19 28 2 48 50 7 24 47 37 36 11 49 39 46 4 38 8 18 22 25 20 35 45 29 40 15 14 33 44 13 27 16 31 42 30 6 

Inst_Index:945 	 City_Num:50 	 Concorde:0.055214 	 MCTS:5.521419 Improve:0.000000 	 Time:5.01 Seconds
Solution: 1 26 36 38 34 25 37 49 41 23 30 18 31 47 39 11 33 2 19 46 21 28 50 35 10 14 27 3 8 48 42 15 22 24 5 7 45 13 9 44 4 6 17 16 43 40 20 32 29 12 

Inst_Index:946 	 City_Num:50 	 Concorde:0.058914 	 MCTS:5.889538 Improve:0.001817 	 Time:5.00 Seconds
Solution: 1 30 9 50 47 36 4 22 7 23 14 27 5 35 44 28 42 16 20 2 18 24 12 49 43 29 26 39 41 21 37 45 25 17 32 15 31 10 40 13 6 48 38 3 33 8 19 46 34 11 

Inst_Index:947 	 City_Num:50 	 Concorde:0.056555 	 MCTS:5.655522 Improve:-0.000000 	 Time:5.00 Seconds
Solution: 1 21 27 23 11 18 17 14 30 33 36 38 26 41 34 29 47 12 49 2 32 13 43 3 37 48 42 46 6 44 8 4 31 35 45 40 20 5 9 25 16 39 19 10 7 22 15 24 28 50 

Inst_Index:948 	 City_Num:50 	 Concorde:0.058253 	 MCTS:5.824323 Improve:0.000935 	 Time:5.02 Seconds
Solution: 1 48 37 15 44 13 21 9 14 19 40 28 49 31 17 43 39 2 25 8 5 50 11 3 24 45 38 46 29 32 6 33 30 4 34 41 26 12 47 16 23 27 18 22 35 20 36 7 42 10 

Inst_Index:949 	 City_Num:50 	 Concorde:0.057648 	 MCTS:5.764809 Improve:-0.000000 	 Time:5.01 Seconds
Solution: 1 48 12 20 25 47 5 50 13 30 41 4 46 34 27 21 24 8 32 15 23 37 38 35 39 2 7 6 9 16 10 36 44 31 42 26 45 28 29 22 11 14 49 33 43 19 18 40 17 3 

Inst_Index:950 	 City_Num:50 	 Concorde:0.060683 	 MCTS:6.067569 Improve:0.000746 	 Time:5.00 Seconds
Solution: 1 31 29 33 41 46 37 6 15 32 36 9 12 24 50 42 30 14 34 16 48 40 10 19 22 39 28 25 47 43 49 27 11 13 38 8 26 35 44 2 23 21 20 7 18 3 45 17 4 5 

Inst_Index:951 	 City_Num:50 	 Concorde:0.056979 	 MCTS:5.695134 Improve:0.002765 	 Time:5.01 Seconds
Solution: 1 22 4 31 8 5 30 28 9 33 26 36 35 16 37 10 2 27 18 50 25 45 14 44 41 13 38 17 6 46 19 11 34 20 7 23 39 15 21 32 48 3 12 47 42 40 24 29 49 43 

Inst_Index:952 	 City_Num:50 	 Concorde:0.053001 	 MCTS:5.300109 Improve:0.000000 	 Time:5.01 Seconds
Solution: 1 27 38 39 35 46 9 16 34 20 18 15 29 21 22 33 24 45 8 17 6 25 3 48 13 43 11 5 42 4 40 44 10 32 19 23 50 37 26 2 31 7 28 41 47 49 30 12 14 36 

Inst_Index:953 	 City_Num:50 	 Concorde:0.055940 	 MCTS:5.588090 Improve:0.005874 	 Time:5.00 Seconds
Solution: 1 47 45 36 14 26 12 13 28 2 42 25 41 17 23 32 31 21 24 16 20 15 46 43 35 38 11 48 5 10 4 27 30 6 49 39 33 44 50 22 9 18 40 29 19 34 37 8 7 3 

Inst_Index:954 	 City_Num:50 	 Concorde:0.061205 	 MCTS:6.120143 Improve:0.000323 	 Time:5.01 Seconds
Solution: 1 18 39 9 4 38 24 17 49 28 44 48 2 8 41 5 19 40 10 23 33 47 14 7 27 30 32 12 42 26 50 43 15 34 45 11 22 6 16 20 3 31 46 13 37 35 29 36 21 25 

Inst_Index:955 	 City_Num:50 	 Concorde:0.061471 	 MCTS:6.147092 Improve:-0.000000 	 Time:5.01 Seconds
Solution: 1 46 2 29 12 43 8 50 49 15 25 11 16 36 9 7 13 6 31 5 44 17 21 10 33 20 41 19 39 14 42 35 34 24 4 37 45 27 32 48 40 28 22 3 18 23 30 38 26 47 

Inst_Index:956 	 City_Num:50 	 Concorde:0.057292 	 MCTS:5.729158 Improve:0.000000 	 Time:5.00 Seconds
Solution: 1 33 50 2 10 32 13 5 18 17 8 40 39 37 45 16 29 26 22 7 6 42 43 9 31 19 46 49 36 27 14 44 23 20 30 24 47 38 25 21 11 28 4 41 12 34 3 48 15 35 

Inst_Index:957 	 City_Num:50 	 Concorde:0.056393 	 MCTS:5.639320 Improve:0.000000 	 Time:5.00 Seconds
Solution: 1 50 4 20 2 11 39 45 34 5 29 10 15 26 18 9 31 23 6 37 12 38 25 35 27 42 46 49 44 17 47 28 43 24 36 32 33 16 13 7 19 21 14 40 8 41 48 22 30 3 

Inst_Index:958 	 City_Num:50 	 Concorde:0.059113 	 MCTS:5.902719 Improve:0.008573 	 Time:5.01 Seconds
Solution: 1 5 25 21 50 43 10 27 22 31 17 30 46 49 40 47 15 45 2 23 42 7 11 4 16 9 20 29 41 38 39 12 48 6 3 44 8 36 28 37 18 19 34 13 24 26 14 33 32 35 

Inst_Index:959 	 City_Num:50 	 Concorde:0.058860 	 MCTS:5.885965 Improve:0.000000 	 Time:5.00 Seconds
Solution: 1 22 26 32 10 40 16 18 24 3 5 20 36 7 17 23 25 42 8 41 4 39 15 12 2 6 44 34 28 11 30 49 37 31 50 43 46 35 9 27 19 45 47 14 33 21 48 38 13 29 

Inst_Index:960 	 City_Num:50 	 Concorde:0.058167 	 MCTS:5.816743 Improve:-0.000000 	 Time:5.00 Seconds
Solution: 1 26 35 15 5 8 32 9 12 30 28 42 6 31 33 16 50 49 17 38 22 10 13 14 20 45 41 11 25 37 21 7 2 40 3 44 24 27 39 4 48 47 19 46 23 36 29 34 43 18 

Inst_Index:961 	 City_Num:50 	 Concorde:0.056099 	 MCTS:5.609865 Improve:0.000000 	 Time:5.00 Seconds
Solution: 1 38 48 15 16 35 25 9 40 17 21 12 49 22 20 39 33 44 29 11 24 18 6 13 28 5 42 27 26 32 43 46 19 3 41 10 8 47 36 45 2 31 37 50 23 34 7 30 14 4 

Inst_Index:962 	 City_Num:50 	 Concorde:0.055797 	 MCTS:5.579719 Improve:0.000000 	 Time:5.01 Seconds
Solution: 1 34 22 33 10 16 50 7 11 46 20 30 26 41 42 17 37 18 25 19 45 2 40 5 48 38 13 44 31 14 39 47 49 36 3 15 27 24 4 6 29 12 8 23 32 9 43 21 28 35 

Inst_Index:963 	 City_Num:50 	 Concorde:0.054376 	 MCTS:5.437624 Improve:0.000000 	 Time:5.00 Seconds
Solution: 1 22 35 10 4 21 38 16 29 42 32 36 27 24 48 46 44 25 30 12 2 15 34 13 31 37 49 40 7 33 20 11 39 50 17 3 23 45 18 47 6 5 43 28 9 14 26 19 41 8 

Inst_Index:964 	 City_Num:50 	 Concorde:0.059123 	 MCTS:5.932336 Improve:-0.019994 	 Time:5.01 Seconds
Solution: 1 16 37 7 12 50 33 35 15 14 22 19 28 49 2 11 21 4 26 42 17 6 39 31 20 29 18 8 36 40 34 10 46 13 24 48 44 23 47 5 25 43 3 45 27 41 38 9 30 32 

Inst_Index:965 	 City_Num:50 	 Concorde:0.054772 	 MCTS:5.475939 Improve:0.001265 	 Time:5.01 Seconds
Solution: 1 43 32 26 48 33 39 12 13 42 38 16 5 20 45 9 4 21 17 29 30 18 36 40 15 22 49 25 11 44 34 24 37 6 50 10 27 3 23 28 46 19 35 14 2 7 8 47 41 31 

Inst_Index:966 	 City_Num:50 	 Concorde:0.059182 	 MCTS:5.918177 Improve:-0.000000 	 Time:5.00 Seconds
Solution: 1 21 45 26 40 12 4 15 8 13 39 37 34 24 5 49 29 31 2 46 47 18 43 41 20 28 27 32 25 3 16 38 35 30 44 9 14 42 6 50 19 10 23 36 22 48 33 7 11 17 

Inst_Index:967 	 City_Num:50 	 Concorde:0.062415 	 MCTS:6.237547 Improve:0.003965 	 Time:5.00 Seconds
Solution: 1 45 50 33 37 47 4 41 44 11 20 22 28 46 38 40 6 16 27 42 7 43 2 15 39 18 9 12 24 23 49 30 13 14 32 34 19 3 21 8 10 48 29 26 25 31 17 36 35 5 

Inst_Index:968 	 City_Num:50 	 Concorde:0.057407 	 MCTS:5.740747 Improve:-0.000000 	 Time:5.02 Seconds
Solution: 1 43 10 42 27 4 36 48 37 5 22 3 29 9 8 12 16 44 38 7 6 21 17 47 15 50 28 41 30 24 23 2 14 20 45 19 18 39 26 11 35 13 25 49 31 46 34 40 33 32 

Inst_Index:969 	 City_Num:50 	 Concorde:0.056819 	 MCTS:5.681880 Improve:0.000000 	 Time:5.01 Seconds
Solution: 1 39 11 26 20 42 40 14 9 32 43 36 21 4 48 28 3 31 50 22 37 29 38 7 30 45 23 2 8 33 24 17 47 6 10 18 27 19 15 5 35 44 13 34 25 16 49 12 41 46 

Inst_Index:970 	 City_Num:50 	 Concorde:0.059836 	 MCTS:5.983608 Improve:0.000000 	 Time:5.00 Seconds
Solution: 1 36 23 7 6 34 15 50 43 46 49 39 35 40 20 13 47 2 4 26 48 12 28 37 24 45 18 25 10 32 30 16 3 42 21 44 41 17 9 31 27 14 29 11 5 8 33 19 22 38 

Inst_Index:971 	 City_Num:50 	 Concorde:0.057947 	 MCTS:5.794491 Improve:0.000188 	 Time:5.00 Seconds
Solution: 1 22 19 26 46 15 13 36 17 25 10 32 42 28 11 50 18 38 12 29 2 34 4 3 39 49 33 48 35 44 37 16 41 31 27 24 14 21 43 8 7 23 6 9 20 5 47 40 45 30 

Inst_Index:972 	 City_Num:50 	 Concorde:0.060688 	 MCTS:6.068752 Improve:0.000000 	 Time:5.00 Seconds
Solution: 1 31 36 30 5 20 34 35 23 49 4 50 48 38 7 17 3 9 39 14 15 16 18 43 22 10 21 29 46 27 45 41 25 37 32 40 33 6 12 24 42 47 26 11 2 19 28 8 44 13 

Inst_Index:973 	 City_Num:50 	 Concorde:0.055471 	 MCTS:5.546687 Improve:0.000401 	 Time:5.00 Seconds
Solution: 1 22 3 15 37 13 44 47 30 32 8 28 27 11 17 6 33 40 23 46 35 50 16 10 42 34 20 19 49 5 18 48 45 43 9 2 41 4 25 24 26 7 21 36 38 39 12 29 31 14 

Inst_Index:974 	 City_Num:50 	 Concorde:0.059479 	 MCTS:5.947929 Improve:0.000000 	 Time:5.00 Seconds
Solution: 1 41 22 31 10 32 27 13 49 38 50 8 45 29 33 46 20 7 40 16 6 43 37 34 5 36 12 39 9 21 2 19 15 18 11 28 30 23 26 25 3 14 47 44 4 42 48 17 35 24 

Inst_Index:975 	 City_Num:50 	 Concorde:0.053585 	 MCTS:5.358479 Improve:0.000000 	 Time:5.00 Seconds
Solution: 1 26 41 48 42 18 12 24 30 3 43 8 23 34 13 4 39 10 27 5 20 15 33 11 19 7 2 22 47 31 17 35 36 6 50 46 44 40 25 16 14 29 37 28 21 9 38 45 49 32 

Inst_Index:976 	 City_Num:50 	 Concorde:0.057924 	 MCTS:5.790347 Improve:0.002061 	 Time:5.00 Seconds
Solution: 1 5 2 22 21 17 42 41 49 20 30 4 24 37 29 48 12 39 43 45 23 8 16 18 3 19 26 50 14 47 31 13 25 9 27 34 33 15 28 11 10 36 32 40 38 35 7 44 46 6 

Inst_Index:977 	 City_Num:50 	 Concorde:0.059467 	 MCTS:5.937971 Improve:0.008688 	 Time:5.01 Seconds
Solution: 1 3 36 47 11 18 19 39 37 4 33 28 41 46 43 15 21 17 48 6 2 22 44 23 38 30 5 14 50 20 7 34 12 26 31 16 27 42 9 10 32 25 49 29 45 8 13 35 24 40 

Inst_Index:978 	 City_Num:50 	 Concorde:0.058125 	 MCTS:5.811151 Improve:0.001371 	 Time:5.00 Seconds
Solution: 1 35 29 14 36 26 39 11 34 43 48 24 47 33 18 25 5 8 49 13 15 44 23 37 16 7 28 22 17 10 42 32 30 6 41 19 38 27 50 20 21 12 4 31 40 46 2 45 9 3 

Inst_Index:979 	 City_Num:50 	 Concorde:0.058362 	 MCTS:5.836162 Improve:-0.000000 	 Time:5.00 Seconds
Solution: 1 28 41 15 21 48 42 2 22 7 8 6 30 37 19 46 43 49 26 13 23 20 39 9 50 10 35 11 34 31 38 12 17 14 47 5 36 29 3 32 40 24 4 16 18 45 44 27 33 25 

Inst_Index:980 	 City_Num:50 	 Concorde:0.052982 	 MCTS:5.298220 Improve:0.000000 	 Time:5.01 Seconds
Solution: 1 16 41 22 45 43 4 47 21 42 31 25 34 48 46 19 36 24 12 20 27 44 39 2 13 11 29 23 37 30 3 5 6 10 18 9 14 33 49 28 40 35 7 50 17 8 32 15 38 26 

Inst_Index:981 	 City_Num:50 	 Concorde:0.054170 	 MCTS:5.416246 Improve:0.000747 	 Time:5.00 Seconds
Solution: 1 33 30 6 29 36 44 2 17 32 43 4 10 16 15 48 23 34 37 11 28 35 24 12 45 46 40 47 14 21 31 49 9 27 42 13 20 22 26 8 3 7 25 38 39 5 19 18 50 41 

Inst_Index:982 	 City_Num:50 	 Concorde:0.057711 	 MCTS:5.771650 Improve:-0.000504 	 Time:5.02 Seconds
Solution: 1 46 31 25 16 42 10 2 6 35 27 13 3 47 20 32 36 4 7 17 14 49 15 30 28 44 50 40 43 26 5 29 19 21 45 41 38 39 18 24 8 11 48 34 23 33 9 12 37 22 

Inst_Index:983 	 City_Num:50 	 Concorde:0.055676 	 MCTS:5.567557 Improve:0.000000 	 Time:5.00 Seconds
Solution: 1 45 16 32 24 15 31 4 41 28 34 25 19 44 20 17 21 40 8 30 13 33 46 22 27 39 43 47 6 11 23 9 18 7 48 37 3 2 50 29 42 12 14 35 49 36 10 38 5 26 

Inst_Index:984 	 City_Num:50 	 Concorde:0.049422 	 MCTS:4.942225 Improve:0.000000 	 Time:5.00 Seconds
Solution: 1 6 35 21 23 5 41 38 28 26 49 40 25 13 46 34 10 19 14 45 32 37 31 50 42 3 16 18 24 43 15 2 20 48 29 12 8 36 11 27 39 17 9 30 44 22 4 7 47 33 

Inst_Index:985 	 City_Num:50 	 Concorde:0.057629 	 MCTS:5.762946 Improve:0.000000 	 Time:5.00 Seconds
Solution: 1 10 12 29 18 19 37 32 48 3 11 45 5 44 14 38 16 34 25 9 40 17 27 30 43 42 23 33 4 36 21 49 20 46 39 50 15 35 41 26 8 2 22 47 6 28 7 31 24 13 

Inst_Index:986 	 City_Num:50 	 Concorde:0.054714 	 MCTS:5.466139 Improve:0.005300 	 Time:5.02 Seconds
Solution: 1 20 48 7 26 45 17 24 32 5 44 22 8 33 3 35 28 6 31 2 49 36 30 16 10 41 47 12 19 15 18 9 21 50 27 42 39 43 29 11 40 37 23 4 13 46 34 14 38 25 

Inst_Index:987 	 City_Num:50 	 Concorde:0.061427 	 MCTS:6.142734 Improve:0.000000 	 Time:5.00 Seconds
Solution: 1 15 38 13 35 29 47 34 31 18 17 49 45 20 4 41 37 40 44 7 5 25 19 50 11 36 42 43 39 14 24 6 10 3 30 27 9 46 23 48 2 22 33 26 16 8 28 12 32 21 

Inst_Index:988 	 City_Num:50 	 Concorde:0.058413 	 MCTS:5.839624 Improve:0.001661 	 Time:5.00 Seconds
Solution: 1 46 13 23 31 27 10 40 20 29 37 18 16 5 42 15 24 3 8 33 39 7 17 41 34 9 49 14 48 26 30 2 44 12 25 47 19 45 6 32 21 22 28 50 11 36 4 35 43 38 

Inst_Index:989 	 City_Num:50 	 Concorde:0.058004 	 MCTS:5.800412 Improve:0.000000 	 Time:5.01 Seconds
Solution: 1 45 50 42 16 8 44 4 17 46 22 41 21 36 35 37 29 23 13 25 32 33 39 2 30 49 34 43 38 31 19 48 7 28 6 12 15 18 24 14 5 20 10 40 11 27 3 26 47 9 

Inst_Index:990 	 City_Num:50 	 Concorde:0.057016 	 MCTS:5.701586 Improve:0.000000 	 Time:5.00 Seconds
Solution: 1 2 32 49 30 6 19 7 29 47 5 27 18 31 40 38 33 21 10 22 45 36 20 28 39 12 44 25 41 3 34 17 48 43 26 35 42 4 24 50 37 14 9 11 23 8 15 46 13 16 

Inst_Index:991 	 City_Num:50 	 Concorde:0.057897 	 MCTS:5.789687 Improve:0.000000 	 Time:5.00 Seconds
Solution: 1 37 39 38 28 17 20 8 32 45 10 27 7 19 22 15 24 5 6 40 25 4 36 21 29 48 14 47 3 2 43 35 9 30 33 23 11 34 49 12 42 18 13 41 50 44 26 46 31 16 

Inst_Index:992 	 City_Num:50 	 Concorde:0.057639 	 MCTS:5.763924 Improve:0.000000 	 Time:5.00 Seconds
Solution: 1 9 16 14 45 48 12 39 29 44 11 27 21 4 8 18 38 3 20 33 43 24 41 40 15 5 37 32 42 35 31 23 28 22 17 50 7 47 36 46 6 49 34 25 10 13 19 26 2 30 

Inst_Index:993 	 City_Num:50 	 Concorde:0.058172 	 MCTS:5.816122 Improve:0.001109 	 Time:5.00 Seconds
Solution: 1 14 23 7 40 44 18 48 50 46 22 29 16 12 28 35 10 30 5 2 19 27 24 3 33 32 9 21 34 4 13 45 6 26 25 37 17 49 36 11 20 39 41 8 43 15 31 42 47 38 

Inst_Index:994 	 City_Num:50 	 Concorde:0.057899 	 MCTS:5.789852 Improve:-0.000000 	 Time:5.01 Seconds
Solution: 1 41 38 15 37 23 5 36 40 50 16 4 19 45 21 35 28 39 43 9 31 47 30 10 20 44 11 7 42 13 6 32 29 48 34 12 17 27 49 22 24 3 2 14 25 18 26 46 33 8 

Inst_Index:995 	 City_Num:50 	 Concorde:0.057335 	 MCTS:5.733479 Improve:-0.000000 	 Time:5.00 Seconds
Solution: 1 39 46 25 4 2 13 21 45 30 50 38 33 27 11 36 19 23 47 43 34 40 18 49 15 20 32 22 8 26 5 12 9 14 31 10 41 6 42 35 28 17 37 24 7 16 48 3 29 44 

Inst_Index:996 	 City_Num:50 	 Concorde:0.058219 	 MCTS:5.821945 Improve:0.000000 	 Time:5.00 Seconds
Solution: 1 6 25 44 12 5 19 26 46 33 4 24 50 22 23 17 34 18 31 36 45 38 40 30 29 13 41 28 49 2 32 9 39 21 27 7 16 14 47 48 43 42 37 10 3 35 15 11 8 20 

Inst_Index:997 	 City_Num:50 	 Concorde:0.057414 	 MCTS:5.741361 Improve:-0.000000 	 Time:5.00 Seconds
Solution: 1 26 8 24 7 45 12 38 30 29 46 39 36 28 23 49 31 11 33 50 6 43 17 37 10 42 4 47 32 41 22 25 48 20 19 2 44 5 14 13 16 15 21 9 35 18 27 40 34 3 

Inst_Index:998 	 City_Num:50 	 Concorde:0.055217 	 MCTS:5.521714 Improve:-0.000000 	 Time:5.00 Seconds
Solution: 1 44 14 46 42 36 22 8 26 45 38 37 40 25 50 9 11 47 21 13 32 16 18 31 24 33 7 3 17 49 6 43 39 12 27 48 41 4 10 34 19 35 15 20 29 28 23 2 5 30 

Inst_Index:999 	 City_Num:50 	 Concorde:0.056830 	 MCTS:5.682963 Improve:0.000000 	 Time:5.00 Seconds
Solution: 1 40 47 5 46 32 36 35 12 49 30 7 19 17 33 22 31 11 27 25 38 29 6 18 34 50 15 21 4 43 20 39 24 10 28 8 13 9 37 41 44 16 14 48 23 26 3 2 42 45 

Inst_Index:1000 	 City_Num:50 	 Concorde:0.062324 	 MCTS:6.222572 Improve:0.009849 	 Time:5.00 Seconds
Solution: 1 43 46 16 48 8 6 2 35 14 25 22 12 50 33 30 39 24 38 13 10 47 26 15 44 3 17 21 19 29 9 40 34 31 28 23 7 11 27 42 32 20 41 49 37 36 4 5 45 18 

Inst_Index:1001 	 City_Num:50 	 Concorde:0.056476 	 MCTS:5.647055 Improve:0.000553 	 Time:5.00 Seconds
Solution: 1 23 21 25 45 16 4 14 9 43 18 50 24 41 35 12 26 38 27 6 17 48 32 20 37 31 30 39 34 44 29 7 47 42 33 10 3 36 19 13 2 49 22 28 11 40 8 46 5 15 

Inst_Index:1002 	 City_Num:50 	 Concorde:0.058061 	 MCTS:5.801953 Improve:0.004108 	 Time:5.00 Seconds
Solution: 1 11 21 33 41 9 32 24 39 10 27 25 13 15 16 19 35 7 12 38 40 37 22 17 42 29 31 49 14 4 50 8 45 47 28 43 30 6 48 18 36 20 3 2 44 5 23 34 26 46 

Inst_Index:1003 	 City_Num:50 	 Concorde:0.057718 	 MCTS:5.771833 Improve:0.000000 	 Time:5.00 Seconds
Solution: 1 4 9 27 15 24 26 13 11 43 12 20 48 3 25 21 7 2 19 40 28 37 31 45 30 44 10 38 17 8 35 23 34 49 42 41 39 46 32 33 36 29 18 47 50 16 14 22 6 5 

Inst_Index:1004 	 City_Num:50 	 Concorde:0.053106 	 MCTS:5.308429 Improve:0.002166 	 Time:5.02 Seconds
Solution: 1 28 27 41 37 7 13 45 14 21 3 22 35 18 49 30 26 42 24 8 16 20 6 19 5 39 12 48 11 2 31 23 15 44 32 25 43 47 34 36 38 29 17 40 46 10 50 4 33 9 

Inst_Index:1005 	 City_Num:50 	 Concorde:0.056295 	 MCTS:5.627079 Improve:0.002377 	 Time:5.00 Seconds
Solution: 1 29 6 24 16 20 2 50 49 13 18 19 42 37 17 38 7 36 40 34 33 5 15 3 43 41 14 8 35 46 47 45 9 22 12 39 32 27 10 21 30 48 31 4 44 25 26 28 23 11 

Inst_Index:1006 	 City_Num:50 	 Concorde:0.058537 	 MCTS:5.853476 Improve:0.000219 	 Time:5.00 Seconds
Solution: 1 27 23 7 50 22 24 11 20 3 26 39 12 25 37 2 29 34 6 43 42 47 41 13 17 48 16 30 4 31 5 28 44 35 19 45 40 18 33 36 8 9 46 15 32 21 10 14 49 38 

Inst_Index:1007 	 City_Num:50 	 Concorde:0.056209 	 MCTS:5.614501 Improve:0.006377 	 Time:5.00 Seconds
Solution: 1 34 20 32 6 15 41 14 9 23 17 35 49 26 50 28 30 45 27 40 39 29 12 3 5 47 31 13 11 42 36 24 21 16 18 44 22 4 25 19 10 38 33 48 8 2 46 37 7 43 

Inst_Index:1008 	 City_Num:50 	 Concorde:0.057793 	 MCTS:5.779337 Improve:-0.000000 	 Time:5.00 Seconds
Solution: 1 9 47 21 29 16 22 43 15 36 35 44 10 31 46 18 49 32 14 6 41 5 17 2 38 45 24 48 20 50 23 39 12 25 40 11 13 27 33 26 34 28 7 4 8 19 3 30 37 42 

Inst_Index:1009 	 City_Num:50 	 Concorde:0.056139 	 MCTS:5.610350 Improve:0.003592 	 Time:5.00 Seconds
Solution: 1 36 39 15 11 21 44 46 32 26 20 42 48 13 49 23 25 41 33 38 14 4 3 30 50 17 28 35 45 47 9 40 8 37 12 34 5 10 6 27 43 29 2 16 7 22 31 24 18 19 

Inst_Index:1010 	 City_Num:50 	 Concorde:0.058558 	 MCTS:5.855770 Improve:0.000000 	 Time:5.00 Seconds
Solution: 1 21 4 8 26 19 49 11 45 32 12 30 43 22 17 29 2 9 35 7 44 48 25 10 42 16 28 33 5 24 47 38 18 34 15 6 13 50 20 23 46 3 27 36 41 31 40 14 37 39 

Inst_Index:1011 	 City_Num:50 	 Concorde:0.056844 	 MCTS:5.684363 Improve:0.000000 	 Time:5.01 Seconds
Solution: 1 48 36 26 11 2 4 35 31 20 28 29 14 39 40 24 3 49 33 45 21 9 5 7 15 8 30 25 6 34 27 50 10 16 22 23 37 12 41 46 13 47 42 17 38 44 18 19 32 43 

Inst_Index:1012 	 City_Num:50 	 Concorde:0.061902 	 MCTS:6.190191 Improve:0.000000 	 Time:5.00 Seconds
Solution: 1 24 37 45 32 26 21 31 22 17 36 50 14 12 2 38 49 42 46 3 19 7 43 15 13 40 44 20 16 18 5 6 39 9 27 30 10 4 8 25 11 33 29 34 47 41 48 23 35 28 

Inst_Index:1013 	 City_Num:50 	 Concorde:0.056890 	 MCTS:5.688984 Improve:-0.000000 	 Time:5.01 Seconds
Solution: 1 3 4 36 25 31 37 15 23 8 34 21 35 40 26 43 24 11 20 14 29 48 50 42 16 12 30 44 28 46 10 6 45 5 2 9 49 17 19 27 7 33 13 32 38 47 18 39 41 22 

Inst_Index:1014 	 City_Num:50 	 Concorde:0.062235 	 MCTS:6.223515 Improve:-0.000000 	 Time:5.01 Seconds
Solution: 1 17 45 50 22 40 47 13 34 41 5 36 3 14 8 21 10 29 19 16 39 33 24 38 28 20 27 7 44 9 26 46 49 4 18 11 2 6 15 35 43 32 37 12 31 25 42 23 30 48 

Inst_Index:1015 	 City_Num:50 	 Concorde:0.056442 	 MCTS:5.644186 Improve:0.000000 	 Time:5.00 Seconds
Solution: 1 22 6 50 42 37 38 27 2 40 25 47 35 3 48 46 4 32 41 5 30 15 12 31 17 39 18 10 9 23 33 26 21 19 14 45 7 16 13 8 28 49 34 11 29 36 44 43 20 24 

Inst_Index:1016 	 City_Num:50 	 Concorde:0.052391 	 MCTS:5.239110 Improve:0.000000 	 Time:5.00 Seconds
Solution: 1 37 22 5 14 46 48 9 33 2 40 21 8 3 29 20 6 7 35 24 42 10 16 32 12 45 41 19 23 47 28 50 26 4 38 43 36 27 49 25 30 15 18 17 11 44 39 34 31 13 

Inst_Index:1017 	 City_Num:50 	 Concorde:0.058586 	 MCTS:5.858643 Improve:0.000000 	 Time:5.00 Seconds
Solution: 1 45 16 11 6 9 50 3 5 15 13 18 19 43 36 41 37 8 20 4 42 23 25 27 26 28 7 14 29 34 46 47 10 2 21 39 33 40 22 24 12 17 44 31 32 38 30 48 35 49 

Inst_Index:1018 	 City_Num:50 	 Concorde:0.056794 	 MCTS:5.679392 Improve:0.000000 	 Time:5.00 Seconds
Solution: 1 28 33 42 2 43 21 11 17 29 25 20 8 18 9 49 40 19 30 46 23 48 4 3 31 24 16 6 41 34 5 44 36 27 7 38 45 12 35 15 47 13 26 39 10 32 14 22 37 50 

Inst_Index:1019 	 City_Num:50 	 Concorde:0.058635 	 MCTS:5.863490 Improve:0.000000 	 Time:5.00 Seconds
Solution: 1 36 38 24 6 28 50 9 33 19 44 11 27 39 45 18 48 5 31 41 37 8 26 42 2 10 25 49 43 34 13 15 46 32 3 29 22 7 12 16 14 47 40 30 21 4 17 35 20 23 

Inst_Index:1020 	 City_Num:50 	 Concorde:0.057446 	 MCTS:5.744576 Improve:0.000000 	 Time:5.00 Seconds
Solution: 1 2 49 3 48 21 27 38 20 40 16 17 28 47 11 23 4 42 46 30 44 13 33 22 5 19 18 7 41 26 6 32 36 50 14 24 34 29 45 31 37 10 8 25 43 15 39 12 35 9 

Inst_Index:1021 	 City_Num:50 	 Concorde:0.055073 	 MCTS:5.507311 Improve:0.000000 	 Time:5.00 Seconds
Solution: 1 9 49 33 11 47 39 30 20 22 21 14 40 2 10 46 35 29 41 26 13 36 15 50 17 23 31 6 25 27 16 34 42 48 4 3 38 12 44 18 5 8 37 7 28 32 45 24 43 19 

Inst_Index:1022 	 City_Num:50 	 Concorde:0.059358 	 MCTS:5.935811 Improve:0.000000 	 Time:5.00 Seconds
Solution: 1 42 17 48 26 45 27 16 35 5 13 29 19 24 37 41 40 39 30 44 34 9 22 23 3 33 43 32 28 7 6 21 4 49 38 10 11 47 46 18 25 50 8 31 14 15 2 20 36 12 

Inst_Index:1023 	 City_Num:50 	 Concorde:0.052404 	 MCTS:5.240231 Improve:0.000142 	 Time:5.01 Seconds
Solution: 1 49 23 13 47 34 48 33 22 14 50 9 42 40 4 39 18 45 38 41 27 46 6 10 19 3 44 26 28 20 35 37 12 29 11 30 21 36 43 31 2 17 8 24 16 32 25 7 15 5 

Inst_Index:1024 	 City_Num:50 	 Concorde:0.056761 	 MCTS:5.675777 Improve:0.000296 	 Time:5.01 Seconds
Solution: 1 50 36 43 23 17 46 29 28 41 22 24 5 7 35 21 42 16 31 37 48 12 32 25 9 45 30 47 26 11 18 4 34 14 27 3 2 15 13 39 8 10 38 19 6 33 20 40 49 44 

Inst_Index:1025 	 City_Num:50 	 Concorde:0.056591 	 MCTS:5.659074 Improve:0.000000 	 Time:5.00 Seconds
Solution: 1 48 16 41 44 25 2 28 20 42 33 39 11 5 13 49 37 19 18 36 34 6 22 45 38 29 30 12 47 32 23 43 15 35 17 21 24 4 26 8 10 31 50 3 27 9 14 40 7 46 

Inst_Index:1026 	 City_Num:50 	 Concorde:0.060482 	 MCTS:6.048166 Improve:-0.000000 	 Time:5.00 Seconds
Solution: 1 6 4 13 21 15 41 34 17 44 42 9 12 35 40 22 32 31 10 2 11 38 3 16 50 49 14 27 25 23 46 33 43 37 26 18 48 24 5 28 20 19 29 30 36 7 39 47 8 45 

Inst_Index:1027 	 City_Num:50 	 Concorde:0.059921 	 MCTS:5.986919 Improve:0.005176 	 Time:5.00 Seconds
Solution: 1 42 11 39 23 9 34 26 12 46 40 30 32 24 33 7 20 31 4 50 19 18 15 49 13 38 16 48 43 10 6 41 29 22 3 8 5 47 44 35 36 2 37 27 28 45 14 17 25 21 

Inst_Index:1028 	 City_Num:50 	 Concorde:0.057799 	 MCTS:5.779920 Improve:-0.000000 	 Time:5.00 Seconds
Solution: 1 38 10 47 11 24 30 14 39 44 21 25 17 31 33 32 5 46 48 15 40 34 19 8 6 7 18 27 2 29 45 49 50 43 35 28 12 37 20 9 36 16 23 4 42 13 41 22 3 26 

Inst_Index:1029 	 City_Num:50 	 Concorde:0.057188 	 MCTS:5.709637 Improve:0.009154 	 Time:5.00 Seconds
Solution: 1 47 2 41 50 45 37 48 7 27 17 46 5 4 38 25 19 39 42 43 31 29 32 8 36 34 24 18 44 3 33 14 22 20 30 13 35 12 49 9 23 16 40 21 15 26 6 28 10 11 

Inst_Index:1030 	 City_Num:50 	 Concorde:0.057355 	 MCTS:5.735529 Improve:0.000000 	 Time:5.00 Seconds
Solution: 1 20 25 43 33 5 36 6 37 31 29 42 27 50 45 14 49 19 8 44 15 16 28 13 9 23 30 12 32 41 40 4 2 10 22 39 35 47 21 11 48 38 3 18 26 7 24 34 46 17 

Inst_Index:1031 	 City_Num:50 	 Concorde:0.055903 	 MCTS:5.590336 Improve:0.000000 	 Time:5.00 Seconds
Solution: 1 38 3 31 2 23 41 46 50 42 49 16 37 8 25 36 28 43 45 6 29 12 15 35 17 13 4 48 19 24 21 44 11 27 18 5 7 33 22 9 39 30 26 47 34 32 40 10 14 20 

Inst_Index:1032 	 City_Num:50 	 Concorde:0.056300 	 MCTS:5.629968 Improve:0.000000 	 Time:5.00 Seconds
Solution: 1 36 49 48 7 33 18 31 42 34 29 22 17 47 41 9 28 27 37 16 3 32 39 8 5 6 2 14 12 24 26 46 21 11 44 13 23 10 15 40 25 19 50 45 30 20 35 38 4 43 

Inst_Index:1033 	 City_Num:50 	 Concorde:0.056527 	 MCTS:5.652727 Improve:0.000000 	 Time:5.00 Seconds
Solution: 1 20 8 46 43 35 11 17 48 44 19 36 28 18 22 49 50 5 6 12 23 47 32 33 27 34 2 15 29 9 25 31 10 21 42 26 16 7 38 45 41 14 4 37 39 30 3 40 24 13 

Inst_Index:1034 	 City_Num:50 	 Concorde:0.058630 	 MCTS:5.860888 Improve:0.002137 	 Time:5.00 Seconds
Solution: 1 34 24 46 26 8 30 14 2 12 15 44 39 48 49 19 16 35 38 22 28 18 27 41 31 13 3 17 20 36 11 33 50 43 5 45 9 10 25 40 21 32 42 47 23 7 29 37 4 6 

Inst_Index:1035 	 City_Num:50 	 Concorde:0.058316 	 MCTS:5.831619 Improve:0.000000 	 Time:5.00 Seconds
Solution: 1 6 42 27 12 49 25 16 29 47 48 10 43 15 30 21 33 20 34 23 45 50 3 11 24 13 37 46 40 8 32 18 4 17 41 19 9 28 35 44 36 2 14 31 5 22 26 38 7 39 

Inst_Index:1036 	 City_Num:50 	 Concorde:0.062006 	 MCTS:6.197031 Improve:0.003572 	 Time:5.00 Seconds
Solution: 1 8 38 7 15 14 27 28 35 2 20 47 21 39 17 11 18 5 41 32 37 29 6 3 23 9 13 16 46 31 25 33 30 10 40 44 42 19 26 24 50 34 22 45 12 43 48 49 36 4 

Inst_Index:1037 	 City_Num:50 	 Concorde:0.058475 	 MCTS:5.847541 Improve:0.000000 	 Time:5.03 Seconds
Solution: 1 7 47 12 17 49 19 43 48 16 20 3 36 45 37 27 50 35 14 13 23 6 29 25 41 42 39 33 21 38 30 24 28 11 8 22 4 44 9 2 34 10 40 18 5 46 26 31 32 15 

Inst_Index:1038 	 City_Num:50 	 Concorde:0.053302 	 MCTS:5.327564 Improve:0.002635 	 Time:5.00 Seconds
Solution: 1 47 40 19 26 11 50 33 27 8 15 28 5 41 38 39 24 32 29 10 12 34 9 43 20 45 37 21 18 31 44 23 22 36 35 7 48 14 17 46 30 25 2 6 3 49 42 16 13 4 

Inst_Index:1039 	 City_Num:50 	 Concorde:0.049876 	 MCTS:4.987631 Improve:-0.000000 	 Time:5.00 Seconds
Solution: 1 9 6 35 38 19 48 12 17 10 3 50 22 7 49 41 39 47 28 30 33 37 46 45 18 2 32 11 8 23 26 13 15 44 43 25 27 4 36 16 14 24 42 40 20 29 21 31 34 5 

Inst_Index:1040 	 City_Num:50 	 Concorde:0.056425 	 MCTS:5.642461 Improve:0.000000 	 Time:5.00 Seconds
Solution: 1 13 25 9 37 41 22 17 16 48 4 3 8 15 33 44 7 20 45 50 31 27 42 46 28 19 40 38 49 39 14 21 5 24 35 26 11 10 47 18 12 6 34 23 43 30 29 32 2 36 

Inst_Index:1041 	 City_Num:50 	 Concorde:0.060691 	 MCTS:6.069140 Improve:-0.000000 	 Time:5.00 Seconds
Solution: 1 29 13 26 23 16 11 12 30 36 17 20 32 34 27 7 31 10 8 25 37 9 2 44 22 33 24 5 40 28 21 46 19 41 47 43 39 42 15 35 3 18 6 49 14 50 48 45 38 4 

Inst_Index:1042 	 City_Num:50 	 Concorde:0.057454 	 MCTS:5.745358 Improve:-0.000000 	 Time:5.00 Seconds
Solution: 1 26 41 18 22 44 39 16 42 48 17 49 33 43 4 7 5 13 21 3 37 24 6 23 25 8 34 32 15 38 11 14 45 19 29 2 9 50 36 31 12 20 10 47 35 40 27 30 28 46 

Inst_Index:1043 	 City_Num:50 	 Concorde:0.052463 	 MCTS:5.245448 Improve:0.000818 	 Time:5.00 Seconds
Solution: 1 32 50 15 4 47 38 25 37 26 45 31 17 44 34 29 49 12 33 10 5 46 13 22 21 19 7 6 3 42 35 24 43 20 36 27 11 2 28 18 8 14 9 40 30 39 23 41 48 16 

Inst_Index:1044 	 City_Num:50 	 Concorde:0.057259 	 MCTS:5.722927 Improve:0.002959 	 Time:5.00 Seconds
Solution: 1 38 13 14 17 29 15 12 18 4 25 42 46 43 8 39 9 50 22 3 28 40 48 16 44 26 45 34 36 20 37 2 11 33 6 32 5 19 30 41 35 24 21 27 47 10 7 31 49 23 

Inst_Index:1045 	 City_Num:50 	 Concorde:0.055818 	 MCTS:5.581768 Improve:0.000000 	 Time:5.00 Seconds
Solution: 1 43 6 11 3 40 9 48 22 41 32 19 10 35 46 17 26 28 4 27 20 30 2 29 36 16 21 13 39 8 5 47 18 15 45 44 31 7 38 23 42 33 25 14 12 24 37 50 49 34 

Inst_Index:1046 	 City_Num:50 	 Concorde:0.059855 	 MCTS:5.985517 Improve:0.000000 	 Time:5.00 Seconds
Solution: 1 48 10 30 2 16 25 28 33 31 4 29 19 12 49 17 32 41 40 47 22 8 15 39 13 26 37 27 18 5 34 38 45 42 46 35 7 20 24 21 36 3 23 11 44 50 9 6 14 43 

Inst_Index:1047 	 City_Num:50 	 Concorde:0.061045 	 MCTS:6.104510 Improve:-0.000000 	 Time:5.00 Seconds
Solution: 1 5 49 32 13 23 48 17 46 29 37 2 22 25 40 10 41 35 24 42 14 50 45 44 18 36 26 27 28 47 11 21 33 8 34 7 16 19 43 12 6 15 30 3 38 39 31 9 4 20 

Inst_Index:1048 	 City_Num:50 	 Concorde:0.060422 	 MCTS:6.036930 Improve:0.005284 	 Time:5.00 Seconds
Solution: 1 20 40 18 16 43 27 30 28 34 49 17 44 25 48 19 4 23 50 9 10 29 15 13 7 2 24 26 45 38 31 5 11 39 46 12 14 32 21 35 41 47 42 36 8 6 37 3 33 22 

Inst_Index:1049 	 City_Num:50 	 Concorde:0.059591 	 MCTS:5.950752 Improve:0.008312 	 Time:5.00 Seconds
Solution: 1 8 11 25 33 39 13 10 17 30 28 21 19 5 14 45 24 18 9 7 6 3 38 48 47 49 35 41 4 37 50 32 27 44 26 43 40 23 31 42 2 29 12 16 15 20 22 46 36 34 

Inst_Index:1050 	 City_Num:50 	 Concorde:0.056771 	 MCTS:5.675540 Improve:0.001589 	 Time:5.00 Seconds
Solution: 1 41 36 7 23 38 25 19 46 24 39 35 33 17 27 45 32 43 8 34 37 15 48 40 50 11 14 4 6 44 28 9 10 21 29 42 3 18 20 13 49 31 22 26 2 5 12 30 16 47 

Inst_Index:1051 	 City_Num:50 	 Concorde:0.049969 	 MCTS:4.996903 Improve:-0.000000 	 Time:5.00 Seconds
Solution: 1 11 10 4 26 24 23 42 36 3 48 9 37 28 22 18 29 7 38 46 40 16 25 13 27 44 17 45 5 15 2 49 19 43 39 50 12 32 34 8 35 14 30 33 21 47 41 31 6 20 

Inst_Index:1052 	 City_Num:50 	 Concorde:0.057057 	 MCTS:5.705742 Improve:0.000000 	 Time:5.00 Seconds
Solution: 1 13 44 31 50 5 12 22 39 7 3 42 15 33 16 38 27 4 8 43 14 10 9 6 47 20 21 49 34 36 45 35 30 32 37 28 2 46 26 40 29 19 23 17 11 48 24 41 18 25 

Inst_Index:1053 	 City_Num:50 	 Concorde:0.054625 	 MCTS:5.461728 Improve:0.000778 	 Time:5.00 Seconds
Solution: 1 30 28 41 36 2 25 38 44 34 35 40 11 47 45 50 43 9 29 26 48 21 10 16 19 12 4 5 27 22 33 14 20 39 17 42 7 37 23 6 15 24 8 18 31 3 49 32 46 13 

Inst_Index:1054 	 City_Num:50 	 Concorde:0.059095 	 MCTS:5.909541 Improve:0.000000 	 Time:5.00 Seconds
Solution: 1 46 40 18 17 25 42 30 44 16 2 28 15 10 3 35 33 48 49 7 32 6 5 14 41 12 37 34 24 36 21 13 22 38 31 20 19 23 29 45 27 39 8 50 47 43 11 9 4 26 

Inst_Index:1055 	 City_Num:50 	 Concorde:0.055424 	 MCTS:5.542363 Improve:0.000000 	 Time:5.00 Seconds
Solution: 1 6 20 25 36 8 47 21 40 43 16 26 23 14 15 17 22 12 50 39 31 30 9 45 33 34 11 42 41 7 48 37 4 38 29 27 13 3 10 2 35 49 46 18 19 24 44 5 28 32 

Inst_Index:1056 	 City_Num:50 	 Concorde:0.052897 	 MCTS:5.284405 Improve:0.005326 	 Time:5.00 Seconds
Solution: 1 42 40 24 47 21 25 5 30 26 17 38 37 36 7 46 33 11 22 18 31 9 49 45 41 23 27 15 43 8 32 2 28 4 6 29 16 13 19 39 34 14 3 12 44 20 48 50 35 10 

Inst_Index:1057 	 City_Num:50 	 Concorde:0.054759 	 MCTS:5.485406 Improve:-0.009506 	 Time:5.00 Seconds
Solution: 1 32 23 27 21 9 6 22 15 33 29 19 3 12 43 18 35 44 16 2 39 36 46 37 24 34 17 13 25 11 47 49 41 48 5 4 40 31 50 14 7 8 30 20 10 45 28 38 42 26 

Inst_Index:1058 	 City_Num:50 	 Concorde:0.054345 	 MCTS:5.434496 Improve:0.000000 	 Time:5.00 Seconds
Solution: 1 46 26 25 9 5 22 2 45 14 32 15 3 29 42 23 24 18 31 47 17 34 33 50 10 44 12 13 28 11 43 20 4 16 38 35 21 36 49 39 8 27 48 6 30 19 41 40 37 7 

Inst_Index:1059 	 City_Num:50 	 Concorde:0.051525 	 MCTS:5.152523 Improve:0.000000 	 Time:5.00 Seconds
Solution: 1 5 9 34 39 13 36 28 10 38 43 12 15 19 8 23 33 17 6 26 29 37 35 40 41 2 14 24 18 48 30 3 11 44 25 42 4 22 7 21 49 16 45 27 20 47 46 31 32 50 

Inst_Index:1060 	 City_Num:50 	 Concorde:0.058707 	 MCTS:5.870728 Improve:0.000000 	 Time:5.01 Seconds
Solution: 1 19 42 13 27 29 15 50 23 21 48 33 37 12 22 30 49 38 40 8 14 9 10 4 45 5 36 32 46 3 28 7 43 44 34 35 26 18 17 6 16 20 24 25 47 39 11 2 31 41 

Inst_Index:1061 	 City_Num:50 	 Concorde:0.056847 	 MCTS:5.684693 Improve:0.000000 	 Time:5.01 Seconds
Solution: 1 5 9 46 6 32 30 39 12 29 3 49 40 14 15 37 16 35 38 28 31 36 8 41 7 23 18 27 19 50 10 44 13 25 47 43 42 4 2 22 17 33 11 21 24 48 45 20 26 34 

Inst_Index:1062 	 City_Num:50 	 Concorde:0.056053 	 MCTS:5.597831 Improve:0.007491 	 Time:5.00 Seconds
Solution: 1 5 8 28 41 3 45 32 48 40 13 37 2 14 35 26 44 12 50 30 21 16 17 11 46 38 31 9 42 7 47 4 6 36 10 43 39 20 34 18 29 19 24 49 23 15 33 27 22 25 

Inst_Index:1063 	 City_Num:50 	 Concorde:0.057594 	 MCTS:5.759365 Improve:-0.000000 	 Time:5.00 Seconds
Solution: 1 24 49 44 15 46 7 12 42 4 40 19 2 3 10 29 36 13 17 43 50 11 35 23 8 26 47 22 33 20 6 16 45 31 28 5 34 48 21 18 41 25 30 37 39 27 14 9 38 32 

Inst_Index:1064 	 City_Num:50 	 Concorde:0.054643 	 MCTS:5.460764 Improve:0.003501 	 Time:5.00 Seconds
Solution: 1 22 42 14 43 11 34 41 45 6 2 3 29 9 44 35 25 48 28 23 15 32 8 13 27 20 24 12 50 46 7 19 39 49 40 38 36 4 10 26 31 47 33 30 17 18 37 5 21 16 

Inst_Index:1065 	 City_Num:50 	 Concorde:0.058103 	 MCTS:5.809656 Improve:0.000621 	 Time:5.01 Seconds
Solution: 1 16 24 15 32 33 17 6 7 37 40 19 25 48 44 46 21 23 38 10 35 39 30 50 41 43 18 34 12 4 26 20 27 36 14 11 29 28 3 9 22 49 13 5 2 42 47 8 31 45 

Inst_Index:1066 	 City_Num:50 	 Concorde:0.060048 	 MCTS:6.004793 Improve:-0.000000 	 Time:5.00 Seconds
Solution: 1 36 4 6 20 47 33 40 26 15 48 18 11 30 45 35 2 27 44 49 17 42 29 50 39 34 19 43 28 25 10 13 3 22 24 14 31 37 32 9 46 41 8 16 21 23 38 7 5 12 

Inst_Index:1067 	 City_Num:50 	 Concorde:0.055563 	 MCTS:5.552850 Improve:0.003439 	 Time:5.01 Seconds
Solution: 1 2 5 17 6 41 27 22 47 11 7 19 24 10 44 39 36 18 9 4 3 13 14 15 43 33 21 32 20 46 48 8 30 16 35 26 25 38 40 37 45 49 23 12 50 29 34 28 42 31 

Inst_Index:1068 	 City_Num:50 	 Concorde:0.058161 	 MCTS:5.809601 Improve:0.006534 	 Time:5.00 Seconds
Solution: 1 47 25 33 35 43 30 34 18 37 12 45 27 28 46 39 10 5 24 15 14 19 6 29 36 42 44 8 50 4 2 7 16 3 26 38 20 49 48 21 31 13 11 41 32 17 9 40 22 23 

Inst_Index:1069 	 City_Num:50 	 Concorde:0.056064 	 MCTS:5.606191 Improve:0.000182 	 Time:5.00 Seconds
Solution: 1 24 37 22 10 20 27 48 28 25 26 49 50 11 4 42 15 19 44 29 43 46 16 21 8 13 5 39 9 40 7 3 45 31 23 36 17 2 38 30 47 12 6 34 18 41 14 35 33 32 

Inst_Index:1070 	 City_Num:50 	 Concorde:0.054159 	 MCTS:5.403716 Improve:0.012170 	 Time:5.00 Seconds
Solution: 1 27 12 37 23 48 43 18 40 32 9 26 45 25 14 36 29 22 31 6 3 24 8 13 28 35 44 2 38 16 15 30 20 5 34 33 41 47 4 11 21 46 17 39 49 7 10 42 19 50 

Inst_Index:1071 	 City_Num:50 	 Concorde:0.058264 	 MCTS:5.826433 Improve:-0.000000 	 Time:5.00 Seconds
Solution: 1 29 33 35 4 6 39 21 31 9 23 8 28 43 48 49 46 38 44 12 22 47 40 3 41 20 13 17 26 7 42 11 14 27 10 30 2 16 19 25 50 5 34 45 32 36 37 15 18 24 

Inst_Index:1072 	 City_Num:50 	 Concorde:0.059258 	 MCTS:5.924707 Improve:0.001100 	 Time:5.02 Seconds
Solution: 1 30 20 9 39 50 29 43 7 33 35 41 47 6 10 22 28 13 34 18 2 32 46 12 27 23 44 17 26 24 48 38 21 8 25 49 42 3 4 16 37 11 19 40 14 15 36 31 45 5 

Inst_Index:1073 	 City_Num:50 	 Concorde:0.059479 	 MCTS:5.947911 Improve:-0.000000 	 Time:5.00 Seconds
Solution: 1 6 5 30 21 41 42 27 10 34 2 26 35 24 19 14 31 43 9 23 28 17 13 32 7 46 49 11 38 12 3 4 44 48 37 39 29 25 20 36 18 45 47 50 33 16 15 40 22 8 

Inst_Index:1074 	 City_Num:50 	 Concorde:0.057655 	 MCTS:5.762562 Improve:0.002927 	 Time:5.00 Seconds
Solution: 1 35 41 36 40 26 9 17 11 27 4 32 39 6 30 34 25 10 33 14 2 18 20 48 8 28 47 22 24 46 29 49 21 3 19 37 15 44 12 45 43 23 50 5 42 38 7 31 13 16 

Inst_Index:1075 	 City_Num:50 	 Concorde:0.054923 	 MCTS:5.492299 Improve:0.000000 	 Time:5.00 Seconds
Solution: 1 4 9 44 11 16 32 34 35 17 10 37 15 8 43 5 47 48 50 41 7 33 29 20 27 13 40 24 18 12 31 19 2 49 23 6 46 3 30 14 25 45 42 21 38 39 28 22 26 36 

Inst_Index:1076 	 City_Num:50 	 Concorde:0.055149 	 MCTS:5.514927 Improve:-0.000000 	 Time:5.01 Seconds
Solution: 1 47 9 24 30 31 34 23 42 26 49 21 5 20 17 15 41 36 50 19 10 29 45 16 8 48 33 25 28 32 35 3 6 27 46 40 14 37 18 39 38 4 7 43 13 12 44 22 2 11 

Inst_Index:1077 	 City_Num:50 	 Concorde:0.055352 	 MCTS:5.535230 Improve:0.000000 	 Time:5.00 Seconds
Solution: 1 31 21 18 43 14 41 35 17 12 44 32 16 28 5 48 46 27 33 26 50 30 47 49 8 45 10 42 39 15 24 20 6 25 19 38 22 2 7 23 36 4 3 9 13 40 11 34 29 37 

Inst_Index:1078 	 City_Num:50 	 Concorde:0.055586 	 MCTS:5.558618 Improve:0.000000 	 Time:5.00 Seconds
Solution: 1 43 18 4 47 41 17 6 23 21 45 16 13 7 12 15 28 38 10 26 25 31 9 32 22 48 37 24 20 11 5 36 42 30 2 39 8 14 27 34 49 33 46 19 40 29 3 50 44 35 

Inst_Index:1079 	 City_Num:50 	 Concorde:0.056182 	 MCTS:5.618197 Improve:0.000000 	 Time:5.02 Seconds
Solution: 1 23 31 5 45 21 33 24 37 14 34 19 2 7 12 32 9 50 27 13 6 25 44 43 16 8 11 35 15 42 36 20 4 18 10 46 26 30 38 41 29 49 17 48 28 3 47 40 39 22 

Inst_Index:1080 	 City_Num:50 	 Concorde:0.053513 	 MCTS:5.351343 Improve:0.000000 	 Time:5.00 Seconds
Solution: 1 45 32 6 23 10 4 42 37 26 44 18 2 28 8 16 19 47 9 13 34 50 20 5 48 27 38 29 15 25 11 22 40 14 12 33 3 49 31 30 7 17 24 35 43 21 46 36 39 41 

Inst_Index:1081 	 City_Num:50 	 Concorde:0.056633 	 MCTS:5.663335 Improve:0.000000 	 Time:5.00 Seconds
Solution: 1 22 6 16 34 5 38 8 18 20 12 27 37 50 14 43 48 35 47 19 21 2 36 49 13 46 30 23 10 31 26 42 9 7 32 28 33 41 25 29 4 44 17 24 11 40 39 3 45 15 

Inst_Index:1082 	 City_Num:50 	 Concorde:0.051568 	 MCTS:5.156782 Improve:0.000000 	 Time:5.00 Seconds
Solution: 1 29 49 19 26 27 35 30 28 39 7 6 3 44 33 10 9 21 14 13 18 17 16 22 15 32 46 31 38 20 41 42 24 11 5 23 50 48 4 43 40 8 37 25 47 36 45 12 34 2 

Inst_Index:1083 	 City_Num:50 	 Concorde:0.054356 	 MCTS:5.456548 Improve:-0.020922 	 Time:5.00 Seconds
Solution: 1 44 22 32 2 29 10 35 47 14 34 17 20 25 27 50 24 3 36 42 16 6 38 37 39 7 21 4 23 26 43 12 49 46 40 18 41 45 31 13 5 28 9 30 19 15 48 8 33 11 

Inst_Index:1084 	 City_Num:50 	 Concorde:0.060700 	 MCTS:6.070039 Improve:0.000000 	 Time:5.00 Seconds
Solution: 1 4 37 3 33 44 10 45 39 43 28 38 21 47 19 40 35 48 29 24 15 41 22 23 25 5 9 12 36 14 17 2 6 30 11 13 31 16 49 42 34 27 8 32 46 50 26 7 20 18 

Inst_Index:1085 	 City_Num:50 	 Concorde:0.057986 	 MCTS:5.796099 Improve:0.002489 	 Time:5.00 Seconds
Solution: 1 19 3 47 33 20 24 25 21 38 2 34 18 14 22 13 5 50 31 36 26 23 48 6 17 41 7 44 9 27 46 28 29 35 49 42 10 37 12 45 40 30 32 39 16 8 4 43 15 11 

Inst_Index:1086 	 City_Num:50 	 Concorde:0.058654 	 MCTS:5.865423 Improve:-0.000000 	 Time:5.00 Seconds
Solution: 1 15 5 21 28 19 18 17 13 42 8 20 11 25 45 40 4 24 9 23 31 14 10 48 27 38 29 39 26 16 2 33 35 44 46 22 49 50 47 30 6 32 43 12 7 34 3 36 37 41 

Inst_Index:1087 	 City_Num:50 	 Concorde:0.053818 	 MCTS:5.381756 Improve:0.000000 	 Time:5.01 Seconds
Solution: 1 31 26 28 19 20 41 5 42 18 21 10 17 37 12 8 7 50 6 33 2 47 15 24 34 40 11 27 3 32 25 22 49 16 44 36 9 35 23 29 46 30 48 4 45 43 13 39 14 38 

Inst_Index:1088 	 City_Num:50 	 Concorde:0.056986 	 MCTS:5.698606 Improve:-0.000000 	 Time:5.01 Seconds
Solution: 1 21 20 11 25 47 4 10 49 33 26 22 29 44 48 34 35 50 7 45 41 5 3 36 38 9 12 24 40 42 27 31 46 43 13 2 32 19 16 18 15 6 17 28 37 30 14 39 8 23 

Inst_Index:1089 	 City_Num:50 	 Concorde:0.059130 	 MCTS:5.911264 Improve:0.001783 	 Time:5.01 Seconds
Solution: 1 44 10 30 45 5 21 35 40 39 12 25 26 48 29 3 49 46 19 32 13 28 17 50 8 43 42 33 7 15 27 2 34 47 11 23 6 4 14 38 20 22 36 37 16 31 9 24 18 41 

Inst_Index:1090 	 City_Num:50 	 Concorde:0.060806 	 MCTS:6.080616 Improve:0.000000 	 Time:5.00 Seconds
Solution: 1 45 8 21 19 49 27 32 20 18 24 4 13 23 38 7 50 15 46 3 28 40 34 33 36 17 30 2 31 25 44 26 41 6 48 39 43 16 14 10 5 22 42 47 29 37 35 9 11 12 

Inst_Index:1091 	 City_Num:50 	 Concorde:0.055604 	 MCTS:5.560408 Improve:-0.000000 	 Time:5.00 Seconds
Solution: 1 4 38 19 15 10 23 34 22 49 29 39 9 31 20 45 24 25 16 6 26 35 36 3 47 48 8 30 2 50 11 7 17 14 5 21 33 12 40 13 43 18 42 37 41 32 46 44 28 27 

Inst_Index:1092 	 City_Num:50 	 Concorde:0.060334 	 MCTS:6.029171 Improve:0.004189 	 Time:5.00 Seconds
Solution: 1 37 4 3 11 12 18 19 17 36 32 46 27 34 48 31 43 42 39 15 5 49 28 24 25 8 21 7 35 38 33 9 2 20 50 41 47 22 10 26 45 30 23 6 14 13 16 29 40 44 

Inst_Index:1093 	 City_Num:50 	 Concorde:0.054489 	 MCTS:5.448946 Improve:0.000000 	 Time:5.00 Seconds
Solution: 1 6 37 13 40 20 42 29 45 12 48 11 17 46 22 43 4 31 47 41 30 10 24 33 9 35 50 18 16 27 3 21 44 39 15 36 28 19 38 2 26 25 34 5 14 23 32 8 49 7 

Inst_Index:1094 	 City_Num:50 	 Concorde:0.054417 	 MCTS:5.438392 Improve:0.003349 	 Time:5.00 Seconds
Solution: 1 12 25 36 31 23 8 42 32 33 38 37 3 18 5 40 50 41 2 4 30 20 45 10 28 16 47 22 21 19 48 39 11 27 14 26 15 35 17 46 43 34 9 44 13 49 24 7 6 29 

Inst_Index:1095 	 City_Num:50 	 Concorde:0.056638 	 MCTS:5.663835 Improve:0.000000 	 Time:5.00 Seconds
Solution: 1 20 32 31 6 46 8 38 4 33 2 27 42 12 43 47 37 10 5 28 30 15 18 13 41 50 48 11 25 44 24 17 49 23 9 34 45 22 36 3 19 40 29 35 14 16 39 21 7 26 

Inst_Index:1096 	 City_Num:50 	 Concorde:0.058821 	 MCTS:5.862662 Improve:0.019434 	 Time:5.01 Seconds
Solution: 1 24 35 20 38 36 14 27 32 6 43 5 4 28 39 22 37 13 11 17 50 34 2 47 12 26 33 30 42 8 7 21 3 49 41 29 45 10 25 40 15 23 44 19 16 9 18 48 31 46 

Inst_Index:1097 	 City_Num:50 	 Concorde:0.058782 	 MCTS:5.878214 Improve:-0.000000 	 Time:5.01 Seconds
Solution: 1 22 32 2 41 43 48 27 13 4 5 26 21 30 50 35 19 10 36 47 34 29 40 37 12 39 9 11 15 8 14 33 20 16 17 44 38 3 23 25 49 18 7 42 24 31 28 46 6 45 

Inst_Index:1098 	 City_Num:50 	 Concorde:0.058047 	 MCTS:5.804685 Improve:-0.000000 	 Time:5.00 Seconds
Solution: 1 34 17 48 39 47 40 10 41 6 28 26 3 36 7 15 14 38 42 46 45 22 4 24 8 16 31 18 21 37 49 2 23 19 13 5 44 29 25 32 35 50 43 33 12 11 9 27 20 30 

Inst_Index:1099 	 City_Num:50 	 Concorde:0.057172 	 MCTS:5.717162 Improve:-0.000000 	 Time:5.00 Seconds
Solution: 1 19 13 29 27 42 48 23 34 33 6 4 30 9 15 11 5 28 12 18 17 7 38 8 24 26 35 45 49 22 40 31 47 32 21 20 50 14 36 2 39 43 16 3 25 10 41 37 44 46 

Inst_Index:1100 	 City_Num:50 	 Concorde:0.055762 	 MCTS:5.576169 Improve:0.000000 	 Time:5.00 Seconds
Solution: 1 41 43 45 4 42 17 21 27 48 24 50 32 46 5 12 15 22 23 37 2 25 31 13 28 16 14 29 26 39 30 18 36 49 11 9 19 6 35 33 3 10 40 8 44 7 47 34 20 38 

Inst_Index:1101 	 City_Num:50 	 Concorde:0.059635 	 MCTS:5.963484 Improve:0.000000 	 Time:5.00 Seconds
Solution: 1 20 46 7 49 5 11 36 40 30 10 28 43 29 34 39 47 33 21 35 18 13 4 45 25 41 19 15 17 6 44 8 31 50 14 16 37 2 22 48 27 32 42 38 9 3 24 26 12 23 

Inst_Index:1102 	 City_Num:50 	 Concorde:0.060745 	 MCTS:6.067333 Improve:0.007194 	 Time:5.00 Seconds
Solution: 1 23 31 36 44 22 43 18 10 38 12 15 7 35 37 17 41 24 28 14 26 13 32 16 47 46 49 29 30 50 3 39 4 2 34 25 5 11 42 27 6 21 48 33 20 9 45 19 8 40 

Inst_Index:1103 	 City_Num:50 	 Concorde:0.058710 	 MCTS:5.871029 Improve:0.000000 	 Time:5.00 Seconds
Solution: 1 3 16 24 29 41 21 42 46 8 43 20 48 47 15 23 40 14 33 27 37 9 7 31 19 35 12 38 13 36 18 30 44 2 5 39 45 11 49 4 17 22 26 50 6 32 25 34 10 28 

Inst_Index:1104 	 City_Num:50 	 Concorde:0.054886 	 MCTS:5.488596 Improve:0.000000 	 Time:5.01 Seconds
Solution: 1 34 13 42 29 17 50 43 38 14 46 15 33 39 40 25 20 19 35 47 18 6 41 5 9 44 30 16 36 12 37 28 11 21 31 4 48 23 27 7 3 26 8 10 22 24 45 49 2 32 

Inst_Index:1105 	 City_Num:50 	 Concorde:0.056249 	 MCTS:5.624940 Improve:0.000000 	 Time:5.01 Seconds
Solution: 1 27 22 7 37 24 29 46 21 6 30 38 39 45 11 10 3 9 28 8 50 26 15 32 31 17 47 33 42 20 49 44 16 13 5 14 12 18 4 35 41 43 34 23 48 19 2 25 40 36 

Inst_Index:1106 	 City_Num:50 	 Concorde:0.056196 	 MCTS:5.616894 Improve:0.002711 	 Time:5.00 Seconds
Solution: 1 10 27 18 13 6 41 12 22 34 46 20 36 14 48 45 26 31 28 25 9 35 40 21 7 38 5 24 44 8 42 15 50 23 39 2 16 29 17 49 33 30 19 47 11 32 43 3 4 37 

Inst_Index:1107 	 City_Num:50 	 Concorde:0.055970 	 MCTS:5.595526 Improve:0.001472 	 Time:5.00 Seconds
Solution: 1 35 19 28 20 36 11 33 6 4 14 41 42 27 23 10 43 21 37 12 9 16 26 50 17 38 47 15 46 45 34 30 39 48 40 24 22 3 18 25 7 5 2 49 31 29 8 44 32 13 

Inst_Index:1108 	 City_Num:50 	 Concorde:0.055546 	 MCTS:5.554478 Improve:0.000171 	 Time:5.01 Seconds
Solution: 1 6 41 37 8 40 13 24 25 44 34 17 10 16 36 3 12 18 22 42 26 29 28 30 49 33 31 2 4 15 27 32 43 38 11 19 46 50 9 20 21 45 39 47 14 5 23 35 48 7 

Inst_Index:1109 	 City_Num:50 	 Concorde:0.055220 	 MCTS:5.521980 Improve:-0.000000 	 Time:5.00 Seconds
Solution: 1 6 13 29 44 35 16 5 2 41 24 39 11 12 33 25 14 23 32 45 10 31 18 38 17 37 3 15 36 42 9 40 19 7 20 22 26 48 34 21 4 27 8 30 28 49 46 47 50 43 

Inst_Index:1110 	 City_Num:50 	 Concorde:0.058784 	 MCTS:5.878422 Improve:0.000000 	 Time:5.01 Seconds
Solution: 1 45 23 50 49 36 4 11 46 44 17 35 7 9 30 41 21 20 10 18 39 3 13 28 43 48 37 29 5 14 40 22 19 33 6 42 8 25 38 24 32 34 31 27 12 26 2 47 15 16 

Inst_Index:1111 	 City_Num:50 	 Concorde:0.055332 	 MCTS:5.542270 Improve:-0.009090 	 Time:5.00 Seconds
Solution: 1 38 8 13 15 46 42 40 26 2 45 21 4 7 14 3 36 48 11 23 17 41 32 37 20 25 43 28 10 29 18 34 44 27 35 24 30 16 22 5 12 49 31 9 50 33 6 19 39 47 

Inst_Index:1112 	 City_Num:50 	 Concorde:0.058683 	 MCTS:5.868254 Improve:0.000000 	 Time:5.00 Seconds
Solution: 1 31 33 8 6 24 16 50 45 49 34 9 36 40 29 22 43 13 10 19 25 47 12 35 11 21 5 30 39 38 48 44 32 17 42 26 18 15 23 3 2 20 27 37 7 4 46 41 14 28 

Inst_Index:1113 	 City_Num:50 	 Concorde:0.058930 	 MCTS:5.892840 Improve:0.000184 	 Time:5.00 Seconds
Solution: 1 38 3 33 39 14 17 41 9 12 20 5 6 7 26 36 2 40 44 19 49 45 27 18 15 22 50 31 37 24 10 30 32 23 43 42 21 35 28 46 11 13 48 25 34 29 47 8 4 16 

Inst_Index:1114 	 City_Num:50 	 Concorde:0.057478 	 MCTS:5.747750 Improve:-0.000000 	 Time:5.00 Seconds
Solution: 1 9 15 47 20 41 11 46 17 5 19 7 43 6 26 34 35 42 2 28 29 22 44 23 50 8 14 49 3 38 45 40 12 31 16 30 32 10 48 13 36 33 27 21 18 25 24 4 39 37 

Inst_Index:1115 	 City_Num:50 	 Concorde:0.059960 	 MCTS:5.996002 Improve:0.000000 	 Time:5.00 Seconds
Solution: 1 11 42 44 46 50 37 17 31 41 35 9 40 43 22 27 30 4 26 23 32 33 28 47 6 15 12 39 45 14 3 29 7 21 34 38 10 8 36 49 2 25 19 48 20 24 5 18 13 16 

Inst_Index:1116 	 City_Num:50 	 Concorde:0.057625 	 MCTS:5.762511 Improve:0.000000 	 Time:5.00 Seconds
Solution: 1 17 23 28 30 26 48 32 15 50 34 9 6 35 12 8 5 41 27 24 25 14 3 2 13 38 47 36 7 20 42 33 39 19 4 18 21 45 40 37 10 43 16 29 31 22 44 46 11 49 

Inst_Index:1117 	 City_Num:50 	 Concorde:0.058495 	 MCTS:5.849537 Improve:0.000000 	 Time:5.01 Seconds
Solution: 1 42 30 18 41 29 6 50 39 28 3 12 22 17 14 40 45 5 44 7 46 11 48 34 9 20 43 21 15 13 23 16 10 19 4 35 31 49 38 37 32 2 25 47 26 27 33 8 36 24 

Inst_Index:1118 	 City_Num:50 	 Concorde:0.059528 	 MCTS:5.952823 Improve:0.000000 	 Time:5.00 Seconds
Solution: 1 21 37 26 19 17 44 41 2 18 10 48 38 12 8 11 4 32 3 14 46 9 13 49 36 28 25 45 15 42 24 23 47 6 20 7 27 29 30 5 16 34 43 39 33 31 40 22 50 35 

Inst_Index:1119 	 City_Num:50 	 Concorde:0.056697 	 MCTS:5.669734 Improve:0.000000 	 Time:5.00 Seconds
Solution: 1 28 31 19 48 8 5 21 17 39 37 46 36 12 3 20 9 6 47 10 44 22 45 30 33 32 25 15 7 35 40 24 4 23 27 50 38 43 2 49 16 34 11 29 13 42 41 26 18 14 

Inst_Index:1120 	 City_Num:50 	 Concorde:0.060682 	 MCTS:6.068159 Improve:-0.000000 	 Time:5.01 Seconds
Solution: 1 50 13 11 21 28 43 34 12 49 47 6 25 37 30 19 14 35 18 44 31 32 9 33 24 42 48 2 29 41 46 36 5 16 45 22 17 10 27 40 15 7 23 26 38 8 20 4 3 39 

Inst_Index:1121 	 City_Num:50 	 Concorde:0.060116 	 MCTS:6.009304 Improve:0.002313 	 Time:5.01 Seconds
Solution: 1 17 48 45 37 33 47 27 43 9 10 12 14 7 42 21 11 3 25 50 34 29 23 24 22 2 4 36 6 30 15 40 32 13 28 44 18 35 46 31 20 19 16 5 49 39 8 41 26 38 

Inst_Index:1122 	 City_Num:50 	 Concorde:0.057445 	 MCTS:5.740418 Improve:0.004088 	 Time:5.00 Seconds
Solution: 1 23 4 11 35 2 22 46 45 36 7 50 49 26 18 32 41 25 44 24 47 20 29 5 39 34 42 43 21 10 6 48 40 3 33 12 19 16 30 28 8 14 37 27 9 38 31 15 17 13 

Inst_Index:1123 	 City_Num:50 	 Concorde:0.058714 	 MCTS:5.871423 Improve:-0.000000 	 Time:5.00 Seconds
Solution: 1 16 47 24 45 21 50 14 38 34 4 31 2 6 27 8 19 30 22 18 49 32 12 39 17 13 5 25 33 20 42 44 35 36 28 26 41 43 48 23 11 15 7 9 40 3 29 37 46 10 

Inst_Index:1124 	 City_Num:50 	 Concorde:0.058690 	 MCTS:5.869003 Improve:-0.000000 	 Time:5.00 Seconds
Solution: 1 47 16 23 22 27 34 41 43 7 26 36 29 28 44 8 33 45 39 12 6 14 50 32 35 37 30 49 3 2 42 40 15 38 13 10 48 17 11 19 24 4 5 18 31 21 25 46 9 20 

Inst_Index:1125 	 City_Num:50 	 Concorde:0.057947 	 MCTS:5.794667 Improve:0.000000 	 Time:5.00 Seconds
Solution: 1 30 11 3 49 39 17 46 41 14 23 40 15 27 16 25 6 24 32 22 38 9 26 31 21 47 45 50 36 34 13 43 18 7 28 33 12 20 44 5 42 37 35 2 4 10 19 29 8 48 

Inst_Index:1126 	 City_Num:50 	 Concorde:0.059909 	 MCTS:5.985075 Improve:0.005819 	 Time:5.00 Seconds
Solution: 1 2 46 36 5 28 25 20 31 30 18 39 45 17 6 41 43 24 16 10 27 3 48 8 4 13 32 44 21 50 47 34 37 14 40 26 11 38 7 19 9 49 42 15 33 29 23 22 35 12 

Inst_Index:1127 	 City_Num:50 	 Concorde:0.056058 	 MCTS:5.605801 Improve:-0.000000 	 Time:5.00 Seconds
Solution: 1 48 21 10 25 46 22 7 41 17 28 34 39 18 23 38 32 45 26 2 19 49 11 24 15 35 6 14 31 8 29 9 37 36 30 33 27 12 4 43 50 13 42 44 20 5 16 47 3 40 

Inst_Index:1128 	 City_Num:50 	 Concorde:0.057108 	 MCTS:5.710824 Improve:-0.000000 	 Time:5.00 Seconds
Solution: 1 24 47 7 16 33 10 14 6 50 17 12 49 45 11 32 3 36 21 41 22 13 8 35 29 28 19 5 26 27 38 44 42 48 4 46 20 40 43 2 18 37 39 30 23 25 15 9 31 34 

Inst_Index:1129 	 City_Num:50 	 Concorde:0.056444 	 MCTS:5.644409 Improve:0.000000 	 Time:5.01 Seconds
Solution: 1 41 16 45 2 32 25 37 27 46 21 9 24 34 48 17 31 43 42 5 7 50 30 13 10 18 38 29 4 47 11 22 8 12 33 40 3 49 35 36 44 15 20 19 14 28 26 6 39 23 

Inst_Index:1130 	 City_Num:50 	 Concorde:0.060031 	 MCTS:6.003106 Improve:0.000000 	 Time:5.00 Seconds
Solution: 1 39 48 24 21 7 27 25 13 20 23 35 46 36 2 10 9 49 34 11 30 33 19 29 43 26 12 47 6 8 15 45 4 22 44 41 14 38 28 37 32 16 5 42 40 50 3 18 17 31 

Inst_Index:1131 	 City_Num:50 	 Concorde:0.058890 	 MCTS:5.880811 Improve:0.008231 	 Time:5.00 Seconds
Solution: 1 30 7 22 47 46 34 16 13 23 14 40 28 45 2 29 43 3 12 17 21 36 37 35 9 8 44 42 48 6 50 15 41 31 18 24 19 38 25 5 33 4 10 49 11 39 26 20 27 32 

Inst_Index:1132 	 City_Num:50 	 Concorde:0.053752 	 MCTS:5.372171 Improve:0.002999 	 Time:5.00 Seconds
Solution: 1 24 36 17 25 41 27 14 11 47 22 38 33 32 18 13 5 3 29 20 30 23 31 21 49 12 40 34 46 4 10 26 39 16 8 45 7 15 44 42 28 43 48 19 6 35 2 37 50 9 

Inst_Index:1133 	 City_Num:50 	 Concorde:0.058473 	 MCTS:5.847303 Improve:0.000000 	 Time:5.00 Seconds
Solution: 1 37 49 45 9 27 24 36 10 4 13 7 48 2 40 16 47 3 26 41 30 39 5 11 25 22 28 43 18 35 17 15 44 42 32 23 38 29 8 14 34 20 21 46 33 50 12 6 19 31 

Inst_Index:1134 	 City_Num:50 	 Concorde:0.055409 	 MCTS:5.538211 Improve:0.002652 	 Time:5.00 Seconds
Solution: 1 14 26 50 36 47 48 19 7 17 18 40 41 27 22 11 38 49 10 13 30 46 5 12 6 20 37 9 15 25 33 23 43 4 35 45 24 28 3 2 31 44 39 34 29 8 21 32 42 16 

Inst_Index:1135 	 City_Num:50 	 Concorde:0.058158 	 MCTS:5.814793 Improve:0.000989 	 Time:5.00 Seconds
Solution: 1 26 19 9 42 17 49 4 37 20 3 2 8 7 38 18 45 6 30 5 39 29 25 11 35 28 15 32 23 43 46 14 16 47 50 21 12 10 40 36 33 24 34 41 31 44 27 48 13 22 

Inst_Index:1136 	 City_Num:50 	 Concorde:0.056416 	 MCTS:5.641433 Improve:0.000206 	 Time:5.00 Seconds
Solution: 1 21 34 22 39 25 3 47 50 33 18 8 14 10 28 12 43 42 27 49 20 44 45 26 29 23 37 46 24 7 48 17 5 15 38 41 19 36 35 31 13 40 9 16 30 11 4 6 2 32 

Inst_Index:1137 	 City_Num:50 	 Concorde:0.060880 	 MCTS:6.087841 Improve:0.000115 	 Time:5.00 Seconds
Solution: 1 49 2 22 33 34 29 24 27 12 10 11 37 36 38 9 17 4 25 30 14 41 8 19 16 5 6 15 35 20 26 32 23 42 13 3 18 44 21 39 43 28 7 40 45 48 31 46 50 47 

Inst_Index:1138 	 City_Num:50 	 Concorde:0.057077 	 MCTS:5.705242 Improve:0.002457 	 Time:5.00 Seconds
Solution: 1 26 40 27 7 42 17 33 16 3 19 31 25 34 24 14 46 2 50 38 30 37 32 35 39 23 21 8 41 12 48 44 11 29 18 6 5 13 43 4 22 36 47 15 45 28 20 49 9 10 

Inst_Index:1139 	 City_Num:50 	 Concorde:0.058177 	 MCTS:5.817698 Improve:0.000000 	 Time:5.01 Seconds
Solution: 1 50 7 15 41 42 27 25 14 5 23 3 36 20 33 6 43 47 46 16 10 31 38 44 9 40 8 21 29 4 39 26 30 18 22 49 24 37 48 35 2 28 13 19 32 45 17 11 12 34 

Inst_Index:1140 	 City_Num:50 	 Concorde:0.053935 	 MCTS:5.390744 Improve:0.002740 	 Time:5.00 Seconds
Solution: 1 36 30 37 31 29 12 22 13 26 19 43 41 16 6 38 27 33 50 40 17 4 21 2 14 11 45 10 42 48 23 24 7 25 39 34 3 49 18 8 5 28 46 44 47 9 35 15 20 32 

Inst_Index:1141 	 City_Num:50 	 Concorde:0.058170 	 MCTS:5.805134 Improve:0.011871 	 Time:5.00 Seconds
Solution: 1 25 5 24 22 34 20 28 6 29 2 31 10 47 49 21 39 3 46 9 45 18 36 11 48 23 15 7 50 43 41 38 12 40 4 27 37 19 8 14 33 16 35 32 13 42 17 26 44 30 

Inst_Index:1142 	 City_Num:50 	 Concorde:0.053173 	 MCTS:5.317290 Improve:-0.000000 	 Time:5.00 Seconds
Solution: 1 29 36 28 6 22 40 9 17 7 5 38 46 30 24 47 25 49 48 44 21 20 11 34 37 8 3 16 42 43 50 19 4 31 14 18 10 33 39 12 15 23 26 35 32 2 45 13 41 27 

Inst_Index:1143 	 City_Num:50 	 Concorde:0.054253 	 MCTS:5.423082 Improve:0.002219 	 Time:5.00 Seconds
Solution: 1 44 3 5 43 47 29 24 28 2 19 35 33 49 39 18 41 48 11 34 8 25 42 23 40 45 7 38 27 14 31 22 46 50 6 16 37 4 20 13 10 21 12 26 17 30 15 9 32 36 

Inst_Index:1144 	 City_Num:50 	 Concorde:0.052626 	 MCTS:5.262599 Improve:-0.000000 	 Time:5.01 Seconds
Solution: 1 13 11 37 2 44 40 39 29 12 27 36 4 42 34 31 23 45 38 14 16 32 18 50 19 15 28 43 30 24 3 10 26 7 33 25 47 8 46 35 6 17 22 5 49 21 9 20 48 41 

Inst_Index:1145 	 City_Num:50 	 Concorde:0.056754 	 MCTS:5.675399 Improve:-0.000000 	 Time:5.00 Seconds
Solution: 1 45 10 50 31 35 16 27 30 47 49 22 2 17 29 34 11 14 19 43 48 7 25 4 39 5 3 8 28 38 42 26 33 21 32 18 37 20 40 23 15 6 24 36 44 9 13 41 46 12 

Inst_Index:1146 	 City_Num:50 	 Concorde:0.057762 	 MCTS:5.774446 Improve:0.001723 	 Time:5.00 Seconds
Solution: 1 42 25 36 50 16 3 23 6 15 27 45 48 2 47 34 4 49 19 5 39 41 33 28 24 44 32 43 38 26 18 31 21 7 12 37 8 17 13 9 14 30 11 20 10 22 29 40 46 35 

Inst_Index:1147 	 City_Num:50 	 Concorde:0.058114 	 MCTS:5.811243 Improve:0.000200 	 Time:5.01 Seconds
Solution: 1 11 49 6 50 48 7 4 31 13 43 42 21 17 24 46 44 37 41 35 34 8 47 38 29 23 2 40 22 15 28 32 33 20 36 14 10 9 26 3 16 45 25 27 30 12 5 18 39 19 

Inst_Index:1148 	 City_Num:50 	 Concorde:0.054379 	 MCTS:5.432902 Improve:0.004992 	 Time:5.00 Seconds
Solution: 1 45 17 30 40 10 11 47 24 42 12 41 25 36 3 2 48 26 15 44 39 13 5 6 28 50 16 8 32 19 35 49 22 33 7 29 21 46 31 14 18 23 9 37 38 27 34 20 4 43 

Inst_Index:1149 	 City_Num:50 	 Concorde:0.059558 	 MCTS:5.955763 Improve:0.000000 	 Time:5.00 Seconds
Solution: 1 32 20 29 21 3 8 23 9 37 16 13 41 35 19 49 46 27 50 24 18 38 6 10 7 48 12 31 40 45 30 42 4 39 44 34 5 17 22 43 28 25 47 14 33 26 36 2 11 15 

Inst_Index:1150 	 City_Num:50 	 Concorde:0.058517 	 MCTS:5.845667 Improve:0.005998 	 Time:5.00 Seconds
Solution: 1 30 34 44 15 35 26 39 45 14 17 48 41 23 50 16 13 4 8 33 24 42 5 46 3 49 43 19 37 29 11 47 32 31 27 9 6 2 40 7 25 22 28 18 10 21 12 20 36 38 

Inst_Index:1151 	 City_Num:50 	 Concorde:0.060810 	 MCTS:6.080985 Improve:0.000000 	 Time:5.00 Seconds
Solution: 1 13 22 34 19 10 15 32 31 17 29 37 2 9 38 28 11 50 25 4 26 24 18 36 5 16 40 7 33 44 41 23 6 43 39 45 46 27 49 8 3 20 42 30 47 14 35 21 12 48 

Inst_Index:1152 	 City_Num:50 	 Concorde:0.054956 	 MCTS:5.493612 Improve:0.001971 	 Time:5.01 Seconds
Solution: 1 7 43 2 42 40 15 13 47 5 45 48 14 50 38 49 31 11 4 28 34 19 24 3 46 12 25 17 20 16 36 44 8 22 26 32 10 29 37 35 6 27 33 41 39 30 9 18 23 21 

Inst_Index:1153 	 City_Num:50 	 Concorde:0.056625 	 MCTS:5.662530 Improve:0.000000 	 Time:5.00 Seconds
Solution: 1 27 43 9 19 38 16 37 18 7 33 5 44 14 11 12 49 8 15 34 31 13 36 10 29 32 42 50 48 3 40 46 45 26 35 41 22 30 21 17 23 6 20 39 4 47 28 25 24 2 

Inst_Index:1154 	 City_Num:50 	 Concorde:0.058706 	 MCTS:5.867249 Improve:0.003304 	 Time:5.00 Seconds
Solution: 1 22 28 10 15 49 31 25 45 29 6 40 44 43 32 42 5 39 26 4 3 2 18 8 34 37 17 16 9 11 41 23 35 30 38 33 50 13 48 46 47 21 12 24 14 36 20 7 19 27 

Inst_Index:1155 	 City_Num:50 	 Concorde:0.053176 	 MCTS:5.317593 Improve:-0.000000 	 Time:5.00 Seconds
Solution: 1 36 22 46 31 6 15 38 30 23 43 16 33 40 34 27 20 13 18 17 2 35 45 3 44 19 47 12 9 50 49 4 14 25 39 29 41 11 5 8 10 26 42 28 24 21 48 37 7 32 

Inst_Index:1156 	 City_Num:50 	 Concorde:0.061483 	 MCTS:6.148309 Improve:0.000000 	 Time:5.00 Seconds
Solution: 1 5 44 47 3 32 42 17 41 36 12 14 6 34 22 50 28 43 48 27 21 4 33 26 40 18 45 23 29 16 19 15 2 25 39 8 24 37 30 7 35 20 49 11 13 46 9 31 10 38 

Inst_Index:1157 	 City_Num:50 	 Concorde:0.055198 	 MCTS:5.517686 Improve:0.002096 	 Time:5.00 Seconds
Solution: 1 33 46 21 16 40 36 25 13 50 30 9 17 5 31 49 7 29 8 2 3 18 22 41 45 6 32 28 20 35 12 19 14 34 23 10 39 4 27 42 48 11 44 43 24 47 26 38 37 15 

Inst_Index:1158 	 City_Num:50 	 Concorde:0.054151 	 MCTS:5.409327 Improve:0.005729 	 Time:5.00 Seconds
Solution: 1 41 9 12 15 22 39 25 37 13 47 8 10 32 27 36 33 38 21 48 50 18 28 42 17 23 6 46 43 34 7 19 26 45 31 24 30 5 40 20 4 3 35 29 16 2 14 49 44 11 

Inst_Index:1159 	 City_Num:50 	 Concorde:0.059072 	 MCTS:5.914482 Improve:-0.007241 	 Time:5.01 Seconds
Solution: 1 8 30 50 4 39 37 48 25 22 7 11 45 23 36 28 44 40 33 9 49 26 21 42 46 27 41 12 10 34 16 18 35 29 19 3 32 5 13 2 24 15 31 38 14 43 20 47 6 17 

Inst_Index:1160 	 City_Num:50 	 Concorde:0.061985 	 MCTS:6.194348 Improve:0.004151 	 Time:5.00 Seconds
Solution: 1 25 22 38 13 14 48 39 2 24 44 15 49 35 29 6 37 50 30 3 33 12 36 42 32 11 16 19 45 8 41 40 10 20 46 9 34 7 31 27 5 26 21 18 4 43 23 47 28 17 

Inst_Index:1161 	 City_Num:50 	 Concorde:0.055916 	 MCTS:5.591650 Improve:0.000000 	 Time:5.00 Seconds
Solution: 1 4 15 29 18 24 47 6 30 25 20 21 3 44 31 16 10 36 11 46 27 40 22 8 28 13 9 50 42 48 17 23 43 33 41 37 34 38 7 5 19 32 49 39 26 45 35 2 14 12 

Inst_Index:1162 	 City_Num:50 	 Concorde:0.051541 	 MCTS:5.154145 Improve:0.000000 	 Time:5.00 Seconds
Solution: 1 12 37 9 10 41 44 25 14 6 5 27 22 49 4 13 34 18 19 47 8 16 28 30 20 33 46 23 32 42 29 26 38 35 43 7 40 31 3 48 50 15 24 2 17 21 45 36 11 39 

Inst_Index:1163 	 City_Num:50 	 Concorde:0.053316 	 MCTS:5.330086 Improve:0.001556 	 Time:5.00 Seconds
Solution: 1 40 47 20 13 18 27 34 46 32 22 6 3 48 49 35 28 9 5 50 26 37 29 36 17 38 4 45 42 7 14 10 30 16 12 44 31 39 15 25 11 8 23 21 33 43 24 2 41 19 

Inst_Index:1164 	 City_Num:50 	 Concorde:0.061048 	 MCTS:6.100199 Improve:0.004553 	 Time:5.00 Seconds
Solution: 1 31 10 16 46 33 6 35 41 28 49 24 18 14 42 40 50 2 44 36 22 29 37 11 7 26 8 21 34 30 9 47 20 48 45 43 12 13 3 23 15 32 4 39 19 25 38 5 27 17 

Inst_Index:1165 	 City_Num:50 	 Concorde:0.057974 	 MCTS:5.797441 Improve:-0.000000 	 Time:5.00 Seconds
Solution: 1 26 10 31 16 23 27 20 41 30 28 15 35 11 3 14 22 5 4 34 19 50 17 13 25 32 18 6 37 21 43 39 45 44 36 33 9 48 42 38 2 47 49 8 40 7 29 24 12 46 

Inst_Index:1166 	 City_Num:50 	 Concorde:0.054949 	 MCTS:5.494261 Improve:0.000620 	 Time:5.00 Seconds
Solution: 1 4 14 29 30 21 12 24 36 43 46 3 25 26 35 16 10 32 13 39 48 15 40 42 50 17 41 8 23 20 33 38 47 31 28 34 37 11 2 19 27 49 6 5 45 9 7 44 22 18 

Inst_Index:1167 	 City_Num:50 	 Concorde:0.058889 	 MCTS:5.888908 Improve:0.000000 	 Time:5.00 Seconds
Solution: 1 43 22 32 49 30 19 37 33 26 35 11 8 48 34 2 12 18 3 40 23 24 47 14 15 38 44 16 5 6 41 21 28 29 50 13 42 20 4 25 45 10 31 27 46 9 7 36 17 39 

Inst_Index:1168 	 City_Num:50 	 Concorde:0.059232 	 MCTS:5.930252 Improve:-0.007080 	 Time:5.02 Seconds
Solution: 1 17 35 45 39 46 14 24 23 13 9 7 3 41 19 47 5 43 26 44 8 18 22 6 29 31 11 28 4 34 49 48 27 36 21 33 10 40 16 20 50 38 42 12 2 30 25 32 15 37 

Inst_Index:1169 	 City_Num:50 	 Concorde:0.060177 	 MCTS:6.017750 Improve:0.000000 	 Time:5.00 Seconds
Solution: 1 34 32 16 44 4 18 26 12 13 14 27 20 9 5 31 19 8 11 21 48 37 49 17 41 46 38 10 15 35 30 42 45 40 23 25 36 28 22 43 29 2 7 39 24 50 3 47 6 33 

Inst_Index:1170 	 City_Num:50 	 Concorde:0.049975 	 MCTS:4.997524 Improve:0.000000 	 Time:5.01 Seconds
Solution: 1 3 26 15 43 32 24 11 8 49 45 27 21 30 16 40 48 2 37 7 39 35 14 31 38 22 13 12 17 19 33 29 44 50 42 20 4 18 46 34 47 25 9 5 41 28 36 6 23 10 

Inst_Index:1171 	 City_Num:50 	 Concorde:0.057315 	 MCTS:5.731395 Improve:0.000135 	 Time:5.00 Seconds
Solution: 1 22 16 28 43 17 19 30 8 11 3 29 47 45 26 34 18 10 33 6 37 7 36 42 35 21 5 27 31 41 49 24 14 32 20 46 25 44 39 12 4 38 40 50 23 9 15 2 48 13 

Inst_Index:1172 	 City_Num:50 	 Concorde:0.054603 	 MCTS:5.460304 Improve:-0.000000 	 Time:5.00 Seconds
Solution: 1 18 4 11 46 36 22 17 40 21 49 5 50 24 14 10 15 44 6 28 48 47 38 23 29 41 19 37 3 43 31 20 35 16 25 27 7 33 32 34 12 2 45 30 42 9 39 13 8 26 

Inst_Index:1173 	 City_Num:50 	 Concorde:0.057633 	 MCTS:5.763269 Improve:-0.000000 	 Time:5.00 Seconds
Solution: 1 26 25 10 49 37 21 15 50 27 5 12 20 45 11 33 32 24 34 18 36 46 7 31 28 44 47 2 19 42 23 16 39 9 3 35 48 43 40 13 17 30 41 8 29 38 14 22 6 4 

Inst_Index:1174 	 City_Num:50 	 Concorde:0.057776 	 MCTS:5.777648 Improve:-0.000000 	 Time:5.00 Seconds
Solution: 1 18 21 27 34 5 47 14 48 45 16 7 25 2 10 41 15 29 24 35 23 11 22 39 12 9 20 43 49 26 44 36 17 42 33 40 4 3 8 28 32 6 31 50 19 30 38 46 37 13 

Inst_Index:1175 	 City_Num:50 	 Concorde:0.059067 	 MCTS:5.905644 Improve:0.001097 	 Time:5.00 Seconds
Solution: 1 15 12 34 11 20 30 27 39 17 38 14 9 13 43 26 22 19 3 25 10 16 21 48 42 18 2 32 5 31 45 24 47 29 36 33 7 6 50 41 49 4 37 8 44 23 46 28 40 35 

Inst_Index:1176 	 City_Num:50 	 Concorde:0.053252 	 MCTS:5.325246 Improve:-0.000000 	 Time:5.00 Seconds
Solution: 1 20 16 41 39 25 38 23 33 12 28 42 27 49 11 17 21 7 36 35 29 22 14 43 19 6 9 15 30 45 8 3 26 32 47 40 4 48 46 18 13 34 10 2 5 24 50 37 44 31 

Inst_Index:1177 	 City_Num:50 	 Concorde:0.053422 	 MCTS:5.342178 Improve:0.000000 	 Time:5.00 Seconds
Solution: 1 10 3 18 45 6 13 42 49 39 23 41 31 19 40 47 28 24 16 37 33 30 48 12 11 32 8 5 4 9 46 7 35 27 2 22 26 25 29 38 34 17 44 14 20 21 36 43 15 50 

Inst_Index:1178 	 City_Num:50 	 Concorde:0.050000 	 MCTS:4.999983 Improve:-0.000000 	 Time:5.00 Seconds
Solution: 1 10 42 13 19 3 30 31 47 21 35 18 40 46 20 22 5 29 9 24 26 7 14 48 33 6 16 23 32 28 37 38 11 45 44 50 8 15 36 49 41 25 34 12 2 4 43 27 17 39 

Inst_Index:1179 	 City_Num:50 	 Concorde:0.059048 	 MCTS:5.904812 Improve:0.000000 	 Time:5.01 Seconds
Solution: 1 42 11 32 28 31 44 17 24 47 37 29 38 20 40 49 16 48 33 21 15 41 7 9 25 35 27 34 3 19 5 6 10 13 2 4 8 26 23 36 43 14 30 22 12 46 18 50 45 39 

Inst_Index:1180 	 City_Num:50 	 Concorde:0.057098 	 MCTS:5.709796 Improve:0.000000 	 Time:5.01 Seconds
Solution: 1 25 6 21 33 32 37 31 30 49 36 27 5 23 29 15 43 8 4 40 38 26 20 46 19 9 45 3 7 39 28 41 11 17 48 42 14 18 13 10 22 2 34 50 35 12 44 24 16 47 

Inst_Index:1181 	 City_Num:50 	 Concorde:0.060442 	 MCTS:6.039278 Improve:0.004939 	 Time:5.00 Seconds
Solution: 1 3 45 35 18 40 9 21 20 11 4 50 8 36 32 12 44 15 2 10 29 17 41 23 19 6 31 43 48 5 24 14 39 16 46 30 42 28 25 7 33 49 47 37 22 27 13 26 38 34 

Inst_Index:1182 	 City_Num:50 	 Concorde:0.057873 	 MCTS:5.787345 Improve:-0.000000 	 Time:5.00 Seconds
Solution: 1 38 22 33 13 41 31 7 45 29 25 6 4 14 39 36 20 46 28 15 49 50 30 5 3 17 2 35 44 40 21 16 34 10 24 37 26 27 32 43 11 9 23 42 8 12 47 48 19 18 

Inst_Index:1183 	 City_Num:50 	 Concorde:0.059492 	 MCTS:5.949194 Improve:0.000000 	 Time:5.00 Seconds
Solution: 1 31 46 21 17 29 35 10 14 24 8 28 27 6 7 48 5 12 3 20 50 39 37 2 19 33 44 9 25 38 26 34 16 49 15 41 42 22 11 47 30 36 23 32 43 40 13 4 45 18 

Inst_Index:1184 	 City_Num:50 	 Concorde:0.057481 	 MCTS:5.742450 Improve:0.005636 	 Time:5.00 Seconds
Solution: 1 28 24 35 5 6 37 15 19 3 23 39 33 22 41 31 13 8 32 20 48 36 2 16 14 29 4 11 40 7 27 34 49 30 43 42 26 9 21 47 45 12 46 17 18 25 38 44 50 10 

Inst_Index:1185 	 City_Num:50 	 Concorde:0.053145 	 MCTS:5.314517 Improve:-0.000000 	 Time:5.00 Seconds
Solution: 1 4 35 8 48 11 18 15 25 29 21 33 26 2 39 22 37 46 30 14 28 3 49 45 20 12 5 17 41 42 40 34 27 13 9 19 10 44 47 23 24 32 36 38 6 7 50 43 31 16 

Inst_Index:1186 	 City_Num:50 	 Concorde:0.057087 	 MCTS:5.706300 Improve:0.002394 	 Time:5.00 Seconds
Solution: 1 29 31 7 16 13 20 32 50 24 2 23 19 11 30 45 18 28 26 47 43 35 44 46 33 21 27 34 4 40 17 25 12 5 22 38 36 15 41 48 10 39 49 3 37 6 42 14 8 9 

Inst_Index:1187 	 City_Num:50 	 Concorde:0.060288 	 MCTS:6.028779 Improve:0.000000 	 Time:5.00 Seconds
Solution: 1 28 11 24 34 48 40 30 38 4 43 8 41 46 21 10 12 45 36 47 33 25 27 18 32 35 14 17 2 23 42 3 6 39 7 13 31 44 19 22 50 15 20 37 9 49 5 26 29 16 

Inst_Index:1188 	 City_Num:50 	 Concorde:0.058164 	 MCTS:5.816362 Improve:0.000000 	 Time:5.00 Seconds
Solution: 1 41 31 19 22 47 18 4 15 21 38 37 10 11 34 42 9 16 20 27 48 2 5 25 39 17 43 35 33 40 50 29 7 44 8 24 28 30 14 36 26 45 6 12 46 3 49 23 13 32 

Inst_Index:1189 	 City_Num:50 	 Concorde:0.055398 	 MCTS:5.535598 Improve:0.004236 	 Time:5.01 Seconds
Solution: 1 12 29 38 40 5 50 20 32 4 14 21 10 6 25 11 23 15 26 47 13 18 9 42 41 7 31 2 17 48 8 24 35 37 16 34 33 44 3 19 22 43 46 27 49 39 28 30 45 36 

Inst_Index:1190 	 City_Num:50 	 Concorde:0.058031 	 MCTS:5.803066 Improve:0.000000 	 Time:5.00 Seconds
Solution: 1 42 41 10 6 18 28 26 2 13 49 8 11 4 43 9 45 21 46 24 22 34 40 7 27 25 17 50 47 12 37 38 5 39 48 15 35 20 31 29 32 30 33 36 23 19 16 3 44 14 

Inst_Index:1191 	 City_Num:50 	 Concorde:0.056042 	 MCTS:5.604219 Improve:0.000000 	 Time:5.00 Seconds
Solution: 1 12 30 14 47 50 5 16 9 27 2 49 15 40 48 10 20 34 3 7 39 36 13 44 8 37 11 35 29 32 33 4 17 43 42 28 31 22 24 26 45 18 38 41 21 19 46 23 25 6 

Inst_Index:1192 	 City_Num:50 	 Concorde:0.057989 	 MCTS:5.791627 Improve:0.007253 	 Time:5.00 Seconds
Solution: 1 24 37 14 48 30 19 45 23 15 7 6 2 22 25 3 35 27 13 32 11 28 49 26 29 18 17 16 33 42 44 9 10 8 39 40 41 46 12 34 43 38 36 47 21 50 5 31 4 20 

Inst_Index:1193 	 City_Num:50 	 Concorde:0.059000 	 MCTS:5.899982 Improve:0.000000 	 Time:5.00 Seconds
Solution: 1 9 26 17 35 48 49 28 18 10 29 16 34 6 25 36 43 15 23 22 50 2 13 3 4 7 24 14 20 11 46 38 37 31 45 42 30 32 44 19 33 21 27 40 8 12 39 47 5 41 

Inst_Index:1194 	 City_Num:50 	 Concorde:0.058103 	 MCTS:5.810306 Improve:-0.000000 	 Time:5.00 Seconds
Solution: 1 15 49 24 37 47 5 10 26 41 25 3 2 9 50 13 31 19 7 22 34 21 11 18 28 23 12 46 14 39 33 8 38 32 29 43 45 30 6 40 48 16 27 44 4 36 20 35 17 42 

Inst_Index:1195 	 City_Num:50 	 Concorde:0.058217 	 MCTS:5.821695 Improve:0.000000 	 Time:5.00 Seconds
Solution: 1 9 26 27 25 2 39 11 12 42 15 23 37 48 46 29 22 50 33 32 31 16 43 5 34 49 4 10 35 28 41 18 17 7 19 47 20 3 13 44 36 30 45 38 8 24 21 14 6 40 

Inst_Index:1196 	 City_Num:50 	 Concorde:0.058820 	 MCTS:5.882014 Improve:0.000000 	 Time:5.00 Seconds
Solution: 1 22 33 48 29 24 18 3 25 32 34 6 26 38 13 20 41 35 30 21 40 10 4 7 23 39 46 36 9 19 37 47 42 43 44 8 16 50 28 27 17 31 14 11 12 49 45 5 15 2 

Inst_Index:1197 	 City_Num:50 	 Concorde:0.058037 	 MCTS:5.803657 Improve:-0.000000 	 Time:5.00 Seconds
Solution: 1 32 48 14 42 37 21 11 31 25 27 5 33 38 7 30 47 34 45 49 9 39 20 16 13 10 8 4 46 41 36 43 29 15 19 50 3 24 40 26 44 18 6 2 28 22 17 12 35 23 

Inst_Index:1198 	 City_Num:50 	 Concorde:0.057863 	 MCTS:5.785974 Improve:0.000361 	 Time:5.00 Seconds
Solution: 1 8 16 50 17 21 4 27 25 41 20 23 14 30 24 18 47 28 15 29 36 44 40 33 32 10 48 34 19 7 13 31 46 5 6 2 43 49 45 9 42 37 11 35 39 22 26 38 3 12 

Inst_Index:1199 	 City_Num:50 	 Concorde:0.057466 	 MCTS:5.746632 Improve:0.000000 	 Time:5.00 Seconds
Solution: 1 49 10 36 25 34 5 4 28 50 47 17 20 45 26 31 30 41 15 27 46 19 13 22 23 12 32 11 2 9 8 33 18 40 24 6 35 42 39 16 21 44 37 3 43 14 38 29 48 7 

Inst_Index:1200 	 City_Num:50 	 Concorde:0.051822 	 MCTS:5.182223 Improve:-0.000000 	 Time:5.00 Seconds
Solution: 1 23 29 15 47 16 3 7 43 5 33 40 30 4 49 32 31 19 11 28 13 24 2 35 50 14 21 37 39 41 36 10 42 20 25 27 46 48 26 8 44 6 18 38 34 17 22 9 45 12 

Inst_Index:1201 	 City_Num:50 	 Concorde:0.055759 	 MCTS:5.575026 Improve:0.000873 	 Time:5.00 Seconds
Solution: 1 8 23 43 22 16 41 26 3 10 13 19 6 34 42 36 30 49 14 35 31 29 2 7 45 27 48 4 15 47 5 12 28 39 11 33 18 32 44 24 21 50 46 9 40 37 17 38 20 25 

Inst_Index:1202 	 City_Num:50 	 Concorde:0.052981 	 MCTS:5.298074 Improve:0.000000 	 Time:5.00 Seconds
Solution: 1 39 46 28 41 33 19 30 21 43 2 40 10 24 50 25 31 35 4 22 5 14 38 27 32 49 18 34 15 17 13 9 45 23 16 12 26 29 42 37 36 8 6 20 44 47 3 11 48 7 

Inst_Index:1203 	 City_Num:50 	 Concorde:0.060363 	 MCTS:6.036250 Improve:-0.000000 	 Time:5.00 Seconds
Solution: 1 12 23 38 36 16 29 24 44 21 31 32 19 47 43 45 50 18 2 8 35 28 14 39 5 20 9 27 33 10 42 22 6 37 7 40 25 11 41 48 15 13 26 46 17 4 34 3 49 30 

Inst_Index:1204 	 City_Num:50 	 Concorde:0.056638 	 MCTS:5.663831 Improve:-0.000000 	 Time:5.00 Seconds
Solution: 1 6 11 45 39 22 3 18 43 32 15 41 21 42 36 16 7 20 49 37 48 33 25 50 40 23 8 35 19 30 9 34 14 4 44 5 29 17 24 12 10 28 38 47 2 26 13 31 27 46 

Inst_Index:1205 	 City_Num:50 	 Concorde:0.055252 	 MCTS:5.525209 Improve:0.000000 	 Time:5.00 Seconds
Solution: 1 25 12 41 49 15 31 30 11 8 20 24 27 42 21 26 17 48 22 5 19 39 18 29 44 37 40 3 16 45 10 38 14 32 34 36 43 4 33 6 7 28 47 35 23 13 9 2 50 46 

Inst_Index:1206 	 City_Num:50 	 Concorde:0.055537 	 MCTS:5.553700 Improve:0.000000 	 Time:5.00 Seconds
Solution: 1 15 6 17 20 19 32 3 35 23 29 41 24 33 34 9 37 47 2 38 42 21 13 27 40 36 5 45 44 14 8 39 30 50 28 12 49 16 7 31 43 26 25 4 10 46 22 48 11 18 

Inst_Index:1207 	 City_Num:50 	 Concorde:0.061809 	 MCTS:6.180937 Improve:0.000000 	 Time:5.00 Seconds
Solution: 1 49 45 24 44 35 9 3 13 34 20 30 7 2 11 42 48 33 19 43 50 46 29 5 47 12 26 16 28 8 23 38 4 36 6 40 39 14 18 32 31 21 10 15 41 25 37 27 17 22 

Inst_Index:1208 	 City_Num:50 	 Concorde:0.065123 	 MCTS:6.509519 Improve:0.002746 	 Time:5.00 Seconds
Solution: 1 48 39 2 13 32 18 11 45 46 49 15 17 25 16 5 20 43 19 38 35 30 37 27 34 4 40 24 23 28 8 50 26 6 22 12 21 36 9 33 3 47 31 10 29 7 41 14 44 42 

Inst_Index:1209 	 City_Num:50 	 Concorde:0.055242 	 MCTS:5.524202 Improve:0.000000 	 Time:5.00 Seconds
Solution: 1 42 6 4 21 44 10 27 49 13 37 38 8 14 16 11 36 29 7 50 22 5 47 12 28 2 18 46 45 34 15 32 25 43 35 41 39 3 40 23 30 9 20 24 17 26 31 48 19 33 

Inst_Index:1210 	 City_Num:50 	 Concorde:0.055340 	 MCTS:5.533953 Improve:0.000000 	 Time:5.00 Seconds
Solution: 1 25 35 41 18 32 42 20 21 26 39 22 37 43 48 49 4 13 2 15 11 36 7 23 6 3 46 50 5 9 17 34 44 16 45 24 27 14 31 33 19 28 10 38 8 30 47 40 12 29 

Inst_Index:1211 	 City_Num:50 	 Concorde:0.055635 	 MCTS:5.563545 Improve:0.000000 	 Time:5.00 Seconds
Solution: 1 8 31 42 5 26 24 23 25 13 2 36 41 15 14 35 48 33 12 44 18 47 40 46 4 38 7 30 32 3 50 17 10 16 45 11 9 21 20 6 29 37 19 27 28 39 22 49 43 34 

Inst_Index:1212 	 City_Num:50 	 Concorde:0.060137 	 MCTS:6.013729 Improve:0.000000 	 Time:5.01 Seconds
Solution: 1 43 47 2 27 29 8 39 26 21 35 9 41 32 3 36 11 4 10 13 17 23 15 16 28 42 31 48 6 18 20 14 50 22 7 19 44 34 45 24 40 37 5 33 30 49 12 46 38 25 

Inst_Index:1213 	 City_Num:50 	 Concorde:0.054045 	 MCTS:5.404485 Improve:0.000000 	 Time:5.00 Seconds
Solution: 1 31 6 24 38 46 43 22 23 18 20 3 32 19 30 41 29 37 25 11 48 13 21 49 14 40 42 12 39 16 10 35 50 4 8 26 2 28 36 5 44 17 9 45 47 27 15 7 33 34 

Inst_Index:1214 	 City_Num:50 	 Concorde:0.055905 	 MCTS:5.590480 Improve:-0.000000 	 Time:5.00 Seconds
Solution: 1 3 42 7 19 43 22 15 12 25 44 5 2 36 31 48 47 14 17 10 38 34 9 39 21 18 32 50 11 28 45 30 33 49 35 16 6 24 46 13 26 40 29 41 8 37 23 4 27 20 

Inst_Index:1215 	 City_Num:50 	 Concorde:0.052780 	 MCTS:5.278003 Improve:0.000000 	 Time:5.00 Seconds
Solution: 1 8 22 43 18 32 9 49 46 20 29 19 27 42 36 15 48 12 13 35 4 3 39 31 14 17 23 44 50 24 33 47 10 45 37 40 28 38 16 26 5 25 41 2 30 11 6 34 7 21 

Inst_Index:1216 	 City_Num:50 	 Concorde:0.059368 	 MCTS:5.936803 Improve:-0.000000 	 Time:5.00 Seconds
Solution: 1 2 23 43 47 37 5 33 39 12 14 45 24 46 13 3 9 34 38 26 8 11 29 20 6 42 40 27 22 48 21 18 19 36 32 30 17 50 28 7 35 49 4 10 31 41 16 15 44 25 

Inst_Index:1217 	 City_Num:50 	 Concorde:0.059916 	 MCTS:5.984235 Improve:0.007376 	 Time:5.00 Seconds
Solution: 1 14 21 50 17 9 24 10 16 27 37 25 18 45 19 7 43 49 41 44 34 2 28 46 11 38 33 48 26 8 31 47 5 22 12 35 23 15 32 3 29 42 30 36 13 6 40 39 4 20 

Inst_Index:1218 	 City_Num:50 	 Concorde:0.056105 	 MCTS:5.610549 Improve:0.000000 	 Time:5.00 Seconds
Solution: 1 33 15 29 12 37 24 3 9 38 42 22 31 49 23 34 43 44 47 17 50 45 48 39 20 25 40 8 14 30 32 6 26 18 7 10 11 5 35 46 41 27 36 21 28 16 13 2 4 19 

Inst_Index:1219 	 City_Num:50 	 Concorde:0.053528 	 MCTS:5.352553 Improve:0.000200 	 Time:5.00 Seconds
Solution: 1 18 14 11 50 25 9 33 12 28 27 49 35 6 30 34 38 13 42 4 3 22 29 7 36 48 8 40 24 31 43 37 5 39 44 41 21 47 10 23 46 26 2 17 15 32 16 19 20 45 

Inst_Index:1220 	 City_Num:50 	 Concorde:0.056809 	 MCTS:5.680881 Improve:0.000000 	 Time:5.00 Seconds
Solution: 1 49 16 34 47 35 25 13 21 5 3 43 37 48 23 42 39 29 44 12 4 9 14 17 19 28 6 22 45 46 7 27 40 41 33 31 20 36 8 10 15 50 18 2 24 11 32 26 38 30 

Inst_Index:1221 	 City_Num:50 	 Concorde:0.056070 	 MCTS:5.602010 Improve:0.004982 	 Time:5.00 Seconds
Solution: 1 5 7 32 4 17 20 27 16 22 37 8 14 24 33 30 40 35 48 19 43 50 36 11 23 44 31 18 15 9 45 21 13 3 29 38 42 12 39 49 2 25 46 10 6 26 34 41 47 28 

Inst_Index:1222 	 City_Num:50 	 Concorde:0.054515 	 MCTS:5.442806 Improve:0.008661 	 Time:5.00 Seconds
Solution: 1 5 50 36 15 13 43 33 12 28 42 19 48 4 49 6 47 37 10 11 46 24 16 18 30 31 27 41 9 34 21 2 40 25 8 39 44 20 35 23 26 3 7 38 22 32 14 29 17 45 

Inst_Index:1223 	 City_Num:50 	 Concorde:0.055880 	 MCTS:5.587995 Improve:0.000000 	 Time:5.00 Seconds
Solution: 1 7 2 8 30 38 34 32 29 46 39 16 24 48 33 15 31 11 20 27 35 40 49 5 17 41 28 37 25 23 26 44 18 6 36 14 10 47 42 43 21 3 19 22 4 45 12 13 50 9 

Inst_Index:1224 	 City_Num:50 	 Concorde:0.058018 	 MCTS:5.801840 Improve:0.000000 	 Time:5.00 Seconds
Solution: 1 22 8 17 28 36 32 20 40 37 34 14 25 30 49 38 9 4 3 39 15 50 23 27 43 19 13 35 26 12 44 16 42 33 31 48 6 10 5 45 7 29 47 46 2 18 11 21 24 41 

Inst_Index:1225 	 City_Num:50 	 Concorde:0.055538 	 MCTS:5.553795 Improve:0.000000 	 Time:5.00 Seconds
Solution: 1 37 28 48 19 32 22 50 42 17 27 36 4 9 45 8 15 2 33 43 3 7 18 24 41 21 39 12 31 44 6 16 49 29 30 47 25 46 40 35 5 10 11 20 38 26 23 14 13 34 

Inst_Index:1226 	 City_Num:50 	 Concorde:0.054765 	 MCTS:5.476521 Improve:0.000000 	 Time:5.00 Seconds
Solution: 1 29 37 20 19 32 43 50 21 24 7 26 45 48 27 23 5 12 17 15 11 38 4 22 16 44 8 25 28 42 49 40 6 33 2 41 34 46 31 14 47 13 36 10 3 30 39 9 35 18 

Inst_Index:1227 	 City_Num:50 	 Concorde:0.051260 	 MCTS:5.126048 Improve:0.000000 	 Time:5.00 Seconds
Solution: 1 10 17 14 22 35 3 15 29 23 37 33 36 8 46 34 27 13 45 2 18 28 20 38 47 48 44 21 30 11 42 7 26 5 31 16 43 9 4 12 41 40 25 32 6 50 19 39 49 24 

Inst_Index:1228 	 City_Num:50 	 Concorde:0.058071 	 MCTS:5.807108 Improve:0.000000 	 Time:5.00 Seconds
Solution: 1 44 19 21 34 35 29 11 30 45 49 13 48 50 8 5 31 12 9 17 24 23 10 39 43 26 47 4 28 38 36 7 16 42 3 41 46 20 6 27 25 22 15 37 40 14 33 2 18 32 

Inst_Index:1229 	 City_Num:50 	 Concorde:0.057932 	 MCTS:5.791133 Improve:0.002108 	 Time:5.00 Seconds
Solution: 1 12 42 45 13 39 31 23 38 33 6 21 18 17 7 40 46 3 24 35 47 16 4 22 19 2 44 15 25 27 30 32 14 5 10 8 37 49 29 50 48 20 26 36 43 9 41 34 28 11 

Inst_Index:1230 	 City_Num:50 	 Concorde:0.059676 	 MCTS:5.967604 Improve:-0.000000 	 Time:5.00 Seconds
Solution: 1 41 21 3 46 50 42 24 49 11 29 23 4 48 40 27 18 9 13 10 28 38 43 33 44 16 12 20 7 32 22 26 45 5 36 31 25 17 6 8 39 47 34 37 19 15 2 14 30 35 

Inst_Index:1231 	 City_Num:50 	 Concorde:0.059400 	 MCTS:5.928509 Improve:0.011524 	 Time:5.00 Seconds
Solution: 1 27 33 48 41 45 31 14 29 47 4 6 49 16 46 17 8 28 37 3 32 18 44 40 39 20 19 26 24 43 36 50 35 42 30 25 22 34 23 13 21 2 15 7 10 11 9 12 38 5 

Inst_Index:1232 	 City_Num:50 	 Concorde:0.058594 	 MCTS:5.857232 Improve:0.002142 	 Time:5.00 Seconds
Solution: 1 40 18 15 6 36 43 49 41 19 35 48 21 2 44 27 47 29 37 23 16 45 8 25 9 10 17 14 38 3 42 12 26 34 13 22 5 33 28 24 31 39 46 30 20 7 4 50 11 32 

Inst_Index:1233 	 City_Num:50 	 Concorde:0.051517 	 MCTS:5.147438 Improve:0.004260 	 Time:5.00 Seconds
Solution: 1 38 25 28 41 26 4 6 48 31 12 34 21 43 14 29 33 40 20 44 35 27 13 17 16 46 19 15 32 11 18 47 10 7 49 24 37 39 45 3 42 22 50 23 36 2 30 5 9 8 

Inst_Index:1234 	 City_Num:50 	 Concorde:0.052877 	 MCTS:5.287039 Improve:0.000640 	 Time:5.00 Seconds
Solution: 1 2 47 6 18 9 4 25 46 14 17 22 24 31 49 5 27 10 3 15 34 20 44 11 19 16 48 23 30 8 40 12 45 32 28 7 33 36 21 50 29 39 35 38 13 43 42 26 41 37 

Inst_Index:1235 	 City_Num:50 	 Concorde:0.054616 	 MCTS:5.461640 Improve:0.000000 	 Time:5.00 Seconds
Solution: 1 25 7 16 44 5 35 12 14 6 33 8 27 11 4 26 23 48 38 21 3 18 42 41 28 22 20 32 45 19 47 15 17 37 2 29 50 24 39 49 13 36 9 46 30 10 34 43 31 40 

Inst_Index:1236 	 City_Num:50 	 Concorde:0.056791 	 MCTS:5.679144 Improve:-0.000000 	 Time:5.00 Seconds
Solution: 1 38 25 48 8 7 36 46 29 42 2 43 13 9 5 30 4 10 45 32 20 37 3 21 27 23 26 14 16 33 41 15 34 24 40 12 19 50 47 17 18 31 6 39 22 11 49 35 44 28 

Inst_Index:1237 	 City_Num:50 	 Concorde:0.056386 	 MCTS:5.638642 Improve:-0.000000 	 Time:5.00 Seconds
Solution: 1 10 25 4 21 39 9 12 23 40 48 45 35 42 22 28 18 15 44 24 11 32 37 31 50 8 46 34 17 30 33 47 16 7 43 26 2 6 27 19 49 38 13 41 20 29 5 36 3 14 

Inst_Index:1238 	 City_Num:50 	 Concorde:0.054311 	 MCTS:5.416901 Improve:0.014246 	 Time:5.00 Seconds
Solution: 1 12 8 39 4 34 2 36 41 15 17 13 30 11 35 44 31 23 27 25 43 18 38 16 47 49 24 14 19 33 7 46 37 42 45 10 9 6 21 20 48 50 40 5 28 26 32 29 22 3 

Inst_Index:1239 	 City_Num:50 	 Concorde:0.054108 	 MCTS:5.410766 Improve:0.000000 	 Time:5.00 Seconds
Solution: 1 50 12 46 21 31 40 41 19 47 10 2 33 36 37 45 7 34 15 49 14 16 43 6 38 20 18 9 28 23 22 26 3 30 24 8 39 44 48 29 11 27 42 35 17 4 13 25 5 32 

Inst_Index:1240 	 City_Num:50 	 Concorde:0.055530 	 MCTS:5.552963 Improve:0.000000 	 Time:5.00 Seconds
Solution: 1 43 40 2 16 3 45 46 21 12 22 41 9 27 39 26 37 23 50 44 35 47 31 5 17 34 10 25 4 19 28 13 36 49 29 38 8 6 18 14 11 42 33 30 32 48 7 15 20 24 

Inst_Index:1241 	 City_Num:50 	 Concorde:0.060109 	 MCTS:6.010929 Improve:0.000000 	 Time:5.01 Seconds
Solution: 1 21 31 45 19 7 30 49 42 12 14 17 29 8 27 5 39 26 9 28 36 11 25 4 47 15 44 16 18 40 37 38 50 20 33 24 2 3 23 46 32 10 13 43 22 35 41 34 6 48 

Inst_Index:1242 	 City_Num:50 	 Concorde:0.059626 	 MCTS:5.962608 Improve:-0.000000 	 Time:5.00 Seconds
Solution: 1 38 13 44 26 33 22 41 8 46 34 49 18 19 7 45 14 35 31 25 10 32 48 29 36 5 42 23 3 43 40 4 21 28 24 37 16 11 9 39 6 50 20 2 15 17 47 27 30 12 

Inst_Index:1243 	 City_Num:50 	 Concorde:0.056407 	 MCTS:5.640705 Improve:0.000000 	 Time:5.00 Seconds
Solution: 1 29 26 30 23 20 39 4 42 10 9 38 34 11 21 25 49 43 35 3 24 47 33 16 18 31 14 12 19 41 17 7 37 46 45 32 40 50 22 36 15 2 13 6 48 28 5 44 8 27 

Inst_Index:1244 	 City_Num:50 	 Concorde:0.054447 	 MCTS:5.444720 Improve:0.000000 	 Time:5.00 Seconds
Solution: 1 36 23 3 10 13 47 25 14 8 15 50 40 4 16 34 38 33 32 24 44 49 17 9 39 43 22 27 12 6 41 2 45 18 48 5 29 46 42 26 37 28 35 30 11 21 19 20 31 7 

Inst_Index:1245 	 City_Num:50 	 Concorde:0.059503 	 MCTS:5.950265 Improve:0.000000 	 Time:5.00 Seconds
Solution: 1 39 46 43 3 20 9 19 8 32 42 24 23 14 4 31 33 22 10 16 44 41 45 36 18 7 25 2 11 6 17 35 48 49 5 13 47 40 30 38 29 27 12 21 28 34 37 50 15 26 

Inst_Index:1246 	 City_Num:50 	 Concorde:0.055223 	 MCTS:5.522329 Improve:-0.000000 	 Time:5.00 Seconds
Solution: 1 29 32 10 28 20 4 2 42 7 6 30 23 39 21 41 36 19 37 45 11 18 15 33 3 46 9 16 40 26 5 47 22 14 35 34 17 50 8 25 38 49 12 31 24 44 27 48 13 43 

Inst_Index:1247 	 City_Num:50 	 Concorde:0.054210 	 MCTS:5.419601 Improve:0.001351 	 Time:5.00 Seconds
Solution: 1 45 39 27 46 32 19 23 10 17 31 37 35 42 15 29 24 43 4 40 30 13 44 28 47 26 48 5 25 12 11 38 8 49 50 33 7 9 14 2 22 6 18 34 36 41 16 3 20 21 

Inst_Index:1248 	 City_Num:50 	 Concorde:0.056446 	 MCTS:5.644638 Improve:-0.000000 	 Time:5.00 Seconds
Solution: 1 12 35 8 37 50 18 38 43 14 2 25 49 13 3 10 45 5 22 15 46 39 33 47 7 34 30 4 11 36 6 9 19 40 41 42 21 20 24 27 29 28 17 23 31 16 48 44 26 32 

Inst_Index:1249 	 City_Num:50 	 Concorde:0.052589 	 MCTS:5.253884 Improve:0.005048 	 Time:5.00 Seconds
Solution: 1 33 29 47 40 35 11 23 27 32 38 13 42 37 19 8 24 30 25 16 14 22 10 7 34 28 18 46 20 21 17 39 45 9 41 6 48 49 15 31 2 12 26 36 5 43 3 44 4 50 

Inst_Index:1250 	 City_Num:50 	 Concorde:0.057381 	 MCTS:5.738120 Improve:0.000000 	 Time:5.00 Seconds
Solution: 1 42 38 29 19 28 24 21 50 22 6 32 7 3 48 13 33 14 30 8 5 23 27 16 41 37 44 25 26 43 15 40 9 35 36 4 12 17 34 18 47 31 46 49 10 39 11 45 20 2 

Inst_Index:1251 	 City_Num:50 	 Concorde:0.054328 	 MCTS:5.432775 Improve:0.000000 	 Time:5.00 Seconds
Solution: 1 43 50 37 24 12 19 15 45 42 10 14 18 28 9 8 3 16 36 20 13 30 35 31 32 46 26 7 48 40 23 38 39 33 25 11 41 22 5 17 2 27 4 47 34 29 44 49 21 6 

Inst_Index:1252 	 City_Num:50 	 Concorde:0.058662 	 MCTS:5.862077 Improve:0.004151 	 Time:5.00 Seconds
Solution: 1 19 46 27 4 22 31 13 42 43 26 9 18 14 16 25 44 39 36 33 38 20 32 23 21 8 48 11 49 3 50 28 5 40 7 17 15 24 30 6 29 45 2 47 12 37 35 41 34 10 


Avg_Concorde_Distance: 5.698717 Avg_MCTS_Distance: 5.697863 Avg_Gap: -0.000148 Total_Time: 1566.72 Seconds 
 Beat_Best_Known_Times: 109 Match_Best_Known_Times: 196 Miss_Best_Known_Times: 8 
