Number_of_Instances_In_Current_Batch: 297

Inst_Index:9704 	 City_Num:50 	 Concorde:0.057813 	 MCTS:5.781348 Improve:0.000000 	 Time:5.00 Seconds
Solution: 1 9 13 45 50 30 18 10 46 5 6 33 2 34 36 12 39 19 22 37 27 28 35 11 17 32 16 43 3 49 26 15 8 24 23 7 38 40 41 42 4 20 44 25 48 47 21 29 14 31 

Inst_Index:9705 	 City_Num:50 	 Concorde:0.052094 	 MCTS:5.209448 Improve:-0.000000 	 Time:5.00 Seconds
Solution: 1 46 19 40 2 27 41 25 20 42 33 6 49 13 37 17 12 47 30 7 18 36 15 50 32 43 24 21 5 29 16 31 35 38 9 28 48 3 22 14 39 34 11 26 23 4 10 44 8 45 

Inst_Index:9706 	 City_Num:50 	 Concorde:0.057302 	 MCTS:5.730189 Improve:-0.000000 	 Time:5.00 Seconds
Solution: 1 33 28 9 29 27 5 17 11 40 31 30 22 7 14 4 21 38 50 26 41 42 3 24 12 45 47 20 34 49 10 23 16 43 15 46 19 48 13 36 18 44 37 32 25 2 39 35 6 8 

Inst_Index:9707 	 City_Num:50 	 Concorde:0.056797 	 MCTS:5.679688 Improve:-0.000000 	 Time:5.00 Seconds
Solution: 1 24 17 32 14 43 12 26 25 19 47 11 46 27 23 35 38 7 36 40 20 9 39 21 5 33 22 45 49 31 48 18 50 15 8 28 37 3 42 30 44 34 41 6 4 29 10 16 2 13 

Inst_Index:9708 	 City_Num:50 	 Concorde:0.056384 	 MCTS:5.638441 Improve:-0.000000 	 Time:5.00 Seconds
Solution: 1 33 37 13 50 46 7 5 22 12 4 29 2 39 27 32 8 10 49 38 25 26 35 23 43 21 16 47 31 18 30 19 41 42 28 40 44 17 14 15 24 11 36 20 34 45 48 6 3 9 

Inst_Index:9709 	 City_Num:50 	 Concorde:0.059490 	 MCTS:5.948967 Improve:-0.000000 	 Time:5.00 Seconds
Solution: 1 9 13 12 41 46 47 10 11 34 26 23 15 8 25 20 29 43 3 5 14 35 31 6 18 50 48 24 44 45 38 2 37 22 32 36 17 39 4 19 7 33 30 49 21 16 27 40 28 42 

Inst_Index:9710 	 City_Num:50 	 Concorde:0.060700 	 MCTS:6.069969 Improve:0.000000 	 Time:5.00 Seconds
Solution: 1 6 17 33 49 28 31 37 14 38 16 10 42 39 41 2 7 20 47 26 12 9 4 11 30 18 43 13 44 21 40 48 50 35 45 27 46 36 8 32 19 15 29 34 23 3 22 5 25 24 

Inst_Index:9711 	 City_Num:50 	 Concorde:0.059970 	 MCTS:5.996993 Improve:-0.000000 	 Time:5.00 Seconds
Solution: 1 28 21 7 41 40 3 12 49 48 9 20 35 29 38 16 33 4 10 47 39 50 27 17 15 26 18 44 24 43 5 11 22 46 23 6 42 30 45 14 34 8 13 2 19 32 36 37 25 31 

Inst_Index:9712 	 City_Num:50 	 Concorde:0.057289 	 MCTS:5.728909 Improve:0.000000 	 Time:5.00 Seconds
Solution: 1 33 37 19 24 45 36 15 20 23 14 2 42 44 29 26 35 41 48 32 17 21 40 43 46 13 6 47 38 5 9 49 16 22 11 25 30 18 8 12 31 10 34 28 4 27 39 3 7 50 

Inst_Index:9713 	 City_Num:50 	 Concorde:0.053699 	 MCTS:5.369880 Improve:0.000000 	 Time:5.00 Seconds
Solution: 1 12 14 22 29 40 8 49 42 35 36 19 45 6 24 26 4 10 16 23 30 34 7 37 39 48 28 46 32 3 2 21 38 43 11 44 33 5 13 15 20 41 17 50 25 47 18 27 9 31 

Inst_Index:9714 	 City_Num:50 	 Concorde:0.057961 	 MCTS:5.796147 Improve:0.000000 	 Time:5.00 Seconds
Solution: 1 47 20 14 24 4 49 48 10 39 15 5 2 17 34 23 43 26 32 41 50 7 35 44 3 28 40 31 27 46 45 25 21 13 22 19 36 37 11 38 16 29 33 12 30 18 8 9 42 6 

Inst_Index:9715 	 City_Num:50 	 Concorde:0.060465 	 MCTS:6.044639 Improve:0.001890 	 Time:5.00 Seconds
Solution: 1 16 29 45 14 21 43 41 10 37 40 38 30 24 11 5 22 15 27 4 18 33 28 36 13 44 49 42 12 46 3 9 26 7 19 34 39 47 25 23 32 6 35 17 20 48 31 50 8 2 

Inst_Index:9716 	 City_Num:50 	 Concorde:0.064217 	 MCTS:6.421653 Improve:0.000000 	 Time:5.00 Seconds
Solution: 1 8 25 28 26 36 34 19 32 43 9 47 49 40 16 10 38 44 3 15 24 20 27 30 48 4 33 7 13 39 5 21 23 18 14 35 11 29 37 12 41 22 45 50 6 46 31 42 2 17 

Inst_Index:9717 	 City_Num:50 	 Concorde:0.054128 	 MCTS:5.409599 Improve:0.003172 	 Time:5.00 Seconds
Solution: 1 31 28 5 44 36 2 38 24 20 18 12 34 11 15 39 50 45 48 9 42 22 3 41 21 30 35 29 32 40 37 43 7 33 23 17 13 47 6 27 10 14 49 8 46 26 19 4 25 16 

Inst_Index:9718 	 City_Num:50 	 Concorde:0.061476 	 MCTS:6.147605 Improve:0.000000 	 Time:5.00 Seconds
Solution: 1 48 12 28 32 43 36 16 47 34 39 17 11 19 35 33 41 25 22 5 9 18 7 40 14 42 6 26 23 2 10 31 15 44 21 29 24 37 3 45 49 38 4 13 20 27 30 46 8 50 

Inst_Index:9719 	 City_Num:50 	 Concorde:0.055795 	 MCTS:5.579076 Improve:0.000397 	 Time:5.00 Seconds
Solution: 1 28 21 44 4 15 16 6 3 34 7 26 12 25 17 49 30 46 13 42 39 32 18 27 36 23 45 9 48 5 10 29 14 50 22 43 31 11 37 24 38 19 40 35 20 41 33 8 2 47 

Inst_Index:9720 	 City_Num:50 	 Concorde:0.056606 	 MCTS:5.660553 Improve:-0.000000 	 Time:5.00 Seconds
Solution: 1 18 40 21 9 34 23 20 22 17 3 29 27 8 28 41 31 35 48 44 49 15 12 5 10 39 7 24 45 26 38 47 19 30 33 11 37 6 50 4 46 16 14 13 43 32 42 25 36 2 

Inst_Index:9721 	 City_Num:50 	 Concorde:0.057733 	 MCTS:5.773251 Improve:-0.000000 	 Time:5.00 Seconds
Solution: 1 2 24 28 3 44 9 25 39 18 45 23 12 10 8 7 14 40 15 49 48 30 37 50 38 31 46 16 47 11 32 19 21 43 13 42 20 27 29 17 33 41 5 22 4 34 26 36 35 6 

Inst_Index:9722 	 City_Num:50 	 Concorde:0.059333 	 MCTS:5.932644 Improve:0.000666 	 Time:5.00 Seconds
Solution: 1 32 49 34 46 35 14 39 8 18 33 47 5 40 31 26 37 25 48 41 17 42 23 3 29 21 44 22 24 45 28 7 2 12 9 19 36 11 27 30 13 4 38 10 16 6 50 20 15 43 

Inst_Index:9723 	 City_Num:50 	 Concorde:0.053958 	 MCTS:5.395822 Improve:0.000000 	 Time:5.00 Seconds
Solution: 1 42 28 45 16 25 13 26 23 22 46 27 40 39 7 10 18 41 11 17 32 6 49 30 38 44 36 3 9 4 21 29 19 24 2 31 37 50 15 35 47 14 33 5 8 20 48 43 12 34 

Inst_Index:9724 	 City_Num:50 	 Concorde:0.052438 	 MCTS:5.243803 Improve:0.000000 	 Time:5.00 Seconds
Solution: 1 13 3 42 25 27 39 8 16 9 43 38 21 31 2 10 17 20 36 34 35 41 30 50 45 24 28 15 48 4 29 23 37 22 12 46 6 5 33 7 18 14 11 26 47 40 49 19 44 32 

Inst_Index:9725 	 City_Num:50 	 Concorde:0.056419 	 MCTS:5.640046 Improve:0.001836 	 Time:5.00 Seconds
Solution: 1 4 7 25 34 18 37 24 48 20 32 38 33 6 49 22 12 9 13 36 45 27 8 15 10 30 3 39 40 50 14 29 26 17 43 2 19 47 46 16 44 11 35 21 42 41 28 31 5 23 

Inst_Index:9726 	 City_Num:50 	 Concorde:0.059520 	 MCTS:5.952035 Improve:0.000000 	 Time:5.00 Seconds
Solution: 1 26 47 11 49 8 4 48 34 46 43 41 30 45 33 13 38 16 18 36 5 25 21 19 10 32 35 50 44 17 22 28 23 2 24 42 9 3 12 40 14 7 15 6 29 39 20 31 27 37 

Inst_Index:9727 	 City_Num:50 	 Concorde:0.055294 	 MCTS:5.529422 Improve:0.000000 	 Time:5.00 Seconds
Solution: 1 49 14 35 34 21 46 24 43 11 28 22 45 10 40 6 5 42 26 16 36 12 18 7 47 32 44 31 15 23 48 4 38 20 39 30 41 25 33 3 9 8 13 2 19 17 50 27 37 29 

Inst_Index:9728 	 City_Num:50 	 Concorde:0.054256 	 MCTS:5.425571 Improve:-0.000000 	 Time:5.00 Seconds
Solution: 1 15 6 27 42 36 9 50 32 22 23 43 40 28 38 46 39 16 4 12 11 48 41 21 20 13 44 30 26 33 2 18 3 17 7 14 5 49 25 10 8 35 19 37 31 29 47 34 24 45 

Inst_Index:9729 	 City_Num:50 	 Concorde:0.056154 	 MCTS:5.611935 Improve:0.003448 	 Time:5.00 Seconds
Solution: 1 31 43 27 24 22 2 12 25 9 46 10 45 49 41 37 26 32 33 14 8 30 36 19 48 21 5 16 17 4 35 15 13 50 18 38 40 47 23 28 11 39 7 6 44 42 20 34 29 3 

Inst_Index:9730 	 City_Num:50 	 Concorde:0.056139 	 MCTS:5.612134 Improve:0.001787 	 Time:5.00 Seconds
Solution: 1 15 22 21 19 4 45 5 38 2 27 7 14 23 10 28 37 16 40 46 18 8 44 41 24 17 20 43 29 36 13 42 31 6 9 50 12 48 11 47 39 35 32 26 30 34 25 49 3 33 

Inst_Index:9731 	 City_Num:50 	 Concorde:0.059689 	 MCTS:5.968865 Improve:0.000000 	 Time:5.00 Seconds
Solution: 1 23 50 11 43 49 29 46 27 28 26 17 48 34 40 33 37 24 12 10 14 39 4 36 8 18 45 9 44 47 30 2 21 5 19 41 42 31 13 6 3 22 16 32 38 15 35 20 25 7 

Inst_Index:9732 	 City_Num:50 	 Concorde:0.060682 	 MCTS:6.068167 Improve:-0.000000 	 Time:5.00 Seconds
Solution: 1 23 48 28 26 45 37 41 50 7 20 14 21 18 17 36 38 3 47 6 35 19 32 24 5 49 44 39 4 40 2 34 12 16 42 46 22 30 15 9 33 31 29 13 10 11 25 27 8 43 

Inst_Index:9733 	 City_Num:50 	 Concorde:0.060612 	 MCTS:6.060620 Improve:0.000556 	 Time:5.00 Seconds
Solution: 1 16 45 36 33 10 12 15 26 23 43 3 47 49 27 44 42 19 40 38 13 30 22 29 17 50 11 5 24 14 37 7 2 6 4 28 9 34 48 31 39 41 21 32 18 8 46 20 35 25 

Inst_Index:9734 	 City_Num:50 	 Concorde:0.056004 	 MCTS:5.593551 Improve:0.006868 	 Time:5.00 Seconds
Solution: 1 9 24 32 30 26 41 23 6 14 35 27 4 2 40 8 18 12 17 34 37 28 38 39 47 46 36 31 19 15 7 3 44 21 50 49 45 16 43 29 5 10 33 20 48 11 22 13 25 42 

Inst_Index:9735 	 City_Num:50 	 Concorde:0.058435 	 MCTS:5.843530 Improve:0.000000 	 Time:5.00 Seconds
Solution: 1 17 36 22 50 11 30 7 38 33 44 42 3 4 15 21 26 49 20 25 45 24 13 6 8 9 5 31 32 37 34 10 35 40 12 14 16 28 18 48 39 41 2 23 19 29 47 27 46 43 

Inst_Index:9736 	 City_Num:50 	 Concorde:0.053400 	 MCTS:5.338487 Improve:0.001496 	 Time:5.00 Seconds
Solution: 1 32 29 40 44 14 13 42 6 43 18 26 34 7 50 21 23 47 38 25 3 9 4 27 24 15 8 48 30 11 2 37 49 33 41 28 16 46 20 19 39 5 36 31 17 45 35 10 22 12 

Inst_Index:9737 	 City_Num:50 	 Concorde:0.057795 	 MCTS:5.767884 Improve:0.011642 	 Time:5.00 Seconds
Solution: 1 18 4 12 27 7 5 13 23 33 8 36 10 43 31 20 3 29 46 2 15 32 47 38 50 11 42 22 16 9 41 17 44 34 28 21 25 48 45 24 37 26 19 6 35 39 49 40 14 30 

Inst_Index:9738 	 City_Num:50 	 Concorde:0.055391 	 MCTS:5.539075 Improve:0.000000 	 Time:5.00 Seconds
Solution: 1 35 29 4 34 40 9 24 42 41 10 49 19 7 33 44 17 2 39 14 11 27 20 26 37 23 3 36 48 47 28 8 15 13 18 21 25 50 43 32 46 30 6 12 45 38 22 31 16 5 

Inst_Index:9739 	 City_Num:50 	 Concorde:0.062222 	 MCTS:6.214995 Improve:0.007222 	 Time:5.00 Seconds
Solution: 1 43 34 4 24 35 11 39 20 47 28 27 40 17 15 41 46 49 38 6 37 23 21 45 29 13 30 7 22 18 42 16 26 25 48 44 33 10 19 14 9 12 8 50 2 31 32 36 5 3 

Inst_Index:9740 	 City_Num:50 	 Concorde:0.057118 	 MCTS:5.711643 Improve:0.000156 	 Time:5.00 Seconds
Solution: 1 19 27 29 18 40 24 37 8 50 25 9 23 16 47 31 11 46 15 7 20 2 4 38 17 39 41 13 3 5 14 49 45 21 42 12 6 33 43 28 10 48 44 26 22 36 34 32 35 30 

Inst_Index:9741 	 City_Num:50 	 Concorde:0.059534 	 MCTS:5.953360 Improve:0.000000 	 Time:5.00 Seconds
Solution: 1 4 5 31 49 24 34 25 29 22 50 39 27 48 14 32 38 17 46 10 11 12 9 35 7 45 36 33 47 21 15 28 20 13 8 44 23 40 26 42 41 6 16 37 3 2 18 19 30 43 

Inst_Index:9742 	 City_Num:50 	 Concorde:0.057576 	 MCTS:5.757570 Improve:0.000000 	 Time:5.00 Seconds
Solution: 1 8 29 23 28 15 26 42 2 27 11 6 16 34 24 25 31 21 32 4 44 17 45 50 38 22 20 46 14 47 41 9 10 18 37 48 12 19 33 49 30 3 7 36 35 13 43 5 40 39 

Inst_Index:9743 	 City_Num:50 	 Concorde:0.055528 	 MCTS:5.645563 Improve:-0.092801 	 Time:5.00 Seconds
Solution: 1 34 13 41 16 20 45 48 10 7 21 38 39 47 17 33 30 22 11 46 27 42 24 15 28 50 5 12 2 40 3 37 32 44 36 25 35 9 43 49 8 29 18 6 4 26 31 14 23 19 

Inst_Index:9744 	 City_Num:50 	 Concorde:0.054368 	 MCTS:5.436830 Improve:0.000000 	 Time:5.00 Seconds
Solution: 1 12 16 2 24 39 40 48 42 14 41 20 25 33 10 50 47 13 19 43 44 7 32 11 9 6 15 30 27 49 8 46 5 34 31 45 21 23 37 22 36 35 38 3 29 17 4 28 26 18 

Inst_Index:9745 	 City_Num:50 	 Concorde:0.052322 	 MCTS:5.232160 Improve:-0.000000 	 Time:5.00 Seconds
Solution: 1 5 21 41 10 34 11 30 23 50 28 27 45 17 32 15 38 42 35 16 49 48 33 2 29 31 3 36 12 22 26 13 7 40 6 44 46 24 19 9 20 18 14 47 4 37 25 8 43 39 

Inst_Index:9746 	 City_Num:50 	 Concorde:0.056758 	 MCTS:5.688865 Improve:-0.013031 	 Time:5.00 Seconds
Solution: 1 39 50 49 33 14 8 37 28 17 30 40 35 27 13 24 4 48 41 18 7 10 25 20 31 21 12 36 42 22 16 3 46 29 38 11 15 2 32 44 6 43 5 47 23 34 9 45 26 19 

Inst_Index:9747 	 City_Num:50 	 Concorde:0.058462 	 MCTS:5.846224 Improve:-0.000000 	 Time:5.00 Seconds
Solution: 1 22 26 42 23 33 16 41 46 28 44 35 18 27 8 3 29 48 5 6 12 4 20 15 40 39 30 9 2 11 21 49 50 13 24 17 43 47 14 31 34 38 32 10 36 37 19 25 7 45 

Inst_Index:9748 	 City_Num:50 	 Concorde:0.060379 	 MCTS:6.037869 Improve:0.000000 	 Time:5.00 Seconds
Solution: 1 23 9 24 33 50 40 27 19 20 21 29 43 30 47 3 16 38 6 7 15 17 31 2 5 32 34 18 12 37 14 46 45 4 36 49 41 11 42 13 25 48 10 28 39 26 44 8 35 22 

Inst_Index:9749 	 City_Num:50 	 Concorde:0.058239 	 MCTS:5.823043 Improve:0.000906 	 Time:5.01 Seconds
Solution: 1 37 40 44 30 12 39 35 3 23 24 48 32 33 8 49 19 26 6 14 18 22 4 38 16 15 45 50 7 31 28 46 9 2 20 47 36 27 34 5 17 25 21 10 11 13 29 42 41 43 

Inst_Index:9750 	 City_Num:50 	 Concorde:0.056821 	 MCTS:5.682105 Improve:0.000000 	 Time:5.00 Seconds
Solution: 1 35 19 42 26 29 22 9 39 14 24 30 49 7 16 34 40 41 6 13 38 45 3 44 20 21 12 28 4 18 17 47 8 36 10 33 25 37 48 2 43 31 5 11 50 15 23 32 46 27 

Inst_Index:9751 	 City_Num:50 	 Concorde:0.055911 	 MCTS:5.590003 Improve:0.001145 	 Time:5.00 Seconds
Solution: 1 49 14 25 27 11 15 20 50 31 40 26 19 18 41 45 39 13 22 42 35 46 33 9 7 43 3 38 2 10 24 47 37 34 29 44 21 5 17 8 12 32 23 4 36 30 48 6 28 16 

Inst_Index:9752 	 City_Num:50 	 Concorde:0.056445 	 MCTS:5.644518 Improve:0.000000 	 Time:5.00 Seconds
Solution: 1 34 17 33 3 38 43 50 22 48 14 13 15 9 16 41 42 25 30 26 31 29 49 21 40 7 28 35 20 39 23 47 44 2 36 8 11 24 18 10 19 4 12 5 37 32 6 27 45 46 

Inst_Index:9753 	 City_Num:50 	 Concorde:0.057217 	 MCTS:5.721671 Improve:0.000000 	 Time:5.00 Seconds
Solution: 1 45 12 8 24 4 28 41 42 3 7 21 50 18 43 14 6 23 40 16 34 39 48 20 15 26 2 46 47 32 22 11 13 44 25 38 17 49 9 27 5 35 30 33 29 10 31 37 36 19 

Inst_Index:9754 	 City_Num:50 	 Concorde:0.056136 	 MCTS:5.610362 Improve:0.003275 	 Time:5.00 Seconds
Solution: 1 44 23 29 31 28 13 10 47 25 9 43 45 30 36 42 35 18 11 4 40 2 37 16 33 26 32 34 7 38 6 50 49 46 24 15 3 48 14 20 22 39 12 41 21 19 8 27 17 5 

Inst_Index:9755 	 City_Num:50 	 Concorde:0.054993 	 MCTS:5.498354 Improve:0.000972 	 Time:5.01 Seconds
Solution: 1 3 30 21 39 42 49 26 31 14 32 17 35 5 40 24 38 6 8 23 44 13 47 18 20 43 9 4 33 48 22 34 7 29 46 19 36 50 37 28 41 12 11 16 15 25 45 27 2 10 

Inst_Index:9756 	 City_Num:50 	 Concorde:0.058295 	 MCTS:5.828831 Improve:0.000625 	 Time:5.00 Seconds
Solution: 1 36 50 31 23 33 45 5 28 16 17 35 9 4 40 26 43 30 13 2 47 41 14 37 15 7 11 10 44 6 49 12 42 38 24 32 18 20 34 46 21 27 29 25 3 8 22 39 19 48 

Inst_Index:9757 	 City_Num:50 	 Concorde:0.052881 	 MCTS:5.284896 Improve:0.003189 	 Time:5.00 Seconds
Solution: 1 45 10 26 41 28 43 15 31 29 47 5 16 4 24 37 38 44 30 11 25 40 9 34 3 33 50 42 6 2 49 48 22 7 20 8 35 18 23 39 21 17 32 36 14 27 46 12 19 13 

Inst_Index:9758 	 City_Num:50 	 Concorde:0.055354 	 MCTS:5.535395 Improve:0.000000 	 Time:5.00 Seconds
Solution: 1 24 8 22 36 19 9 39 29 45 32 11 6 38 18 48 26 42 43 41 17 21 20 23 50 12 30 49 5 15 31 16 25 47 4 44 28 13 27 35 40 34 14 33 3 7 10 2 46 37 

Inst_Index:9759 	 City_Num:50 	 Concorde:0.056846 	 MCTS:5.677569 Improve:0.007015 	 Time:5.00 Seconds
Solution: 1 34 45 14 41 18 50 49 3 25 29 11 42 15 28 31 12 9 38 7 17 39 46 19 2 30 47 22 36 13 23 44 35 37 40 32 21 4 8 27 33 48 16 6 26 10 20 5 43 24 

Inst_Index:9760 	 City_Num:50 	 Concorde:0.054029 	 MCTS:5.402899 Improve:0.000000 	 Time:5.00 Seconds
Solution: 1 47 18 16 3 19 30 11 9 49 35 4 24 37 20 41 48 38 36 45 27 17 6 39 44 26 7 33 10 12 14 23 15 46 13 28 8 22 42 29 25 31 50 5 21 34 2 43 40 32 

Inst_Index:9761 	 City_Num:50 	 Concorde:0.060228 	 MCTS:6.022814 Improve:0.000000 	 Time:5.00 Seconds
Solution: 1 49 27 42 31 9 25 12 18 14 19 36 2 40 44 8 10 41 37 17 33 7 43 20 15 39 26 3 50 46 29 34 48 4 16 38 21 6 32 47 28 22 5 24 11 35 13 23 30 45 

Inst_Index:9762 	 City_Num:50 	 Concorde:0.056291 	 MCTS:5.629119 Improve:-0.000000 	 Time:5.00 Seconds
Solution: 1 42 43 6 14 44 2 40 32 36 30 41 47 17 23 28 16 12 18 48 10 37 26 46 15 8 19 31 38 27 34 7 13 49 33 45 5 9 3 20 29 39 4 21 24 22 50 25 35 11 

Inst_Index:9763 	 City_Num:50 	 Concorde:0.052985 	 MCTS:5.298463 Improve:0.000000 	 Time:5.00 Seconds
Solution: 1 15 37 47 49 13 17 39 35 14 28 36 8 34 23 11 26 50 19 31 5 46 2 3 6 38 24 32 21 16 41 18 25 40 12 7 29 45 33 44 27 48 43 4 22 30 42 9 10 20 

Inst_Index:9764 	 City_Num:50 	 Concorde:0.056991 	 MCTS:5.699074 Improve:0.000000 	 Time:5.01 Seconds
Solution: 1 41 22 5 23 49 47 25 7 14 45 16 50 36 18 30 27 4 11 42 46 44 29 8 9 21 3 12 43 20 40 17 34 33 48 38 37 39 35 6 2 13 26 10 15 28 32 31 24 19 

Inst_Index:9765 	 City_Num:50 	 Concorde:0.058946 	 MCTS:5.894613 Improve:0.000000 	 Time:5.00 Seconds
Solution: 1 45 4 19 35 44 8 17 27 29 10 43 23 26 50 40 9 15 47 16 41 7 48 24 36 38 20 3 46 39 21 11 18 14 2 32 31 28 34 6 37 25 5 13 12 22 42 33 49 30 

Inst_Index:9766 	 City_Num:50 	 Concorde:0.057481 	 MCTS:5.748134 Improve:-0.000000 	 Time:5.00 Seconds
Solution: 1 29 28 36 26 2 12 17 22 48 50 6 25 24 34 31 13 49 8 21 3 42 7 45 44 19 46 18 5 33 15 4 14 27 20 39 32 38 37 43 40 47 9 10 30 41 16 11 35 23 

Inst_Index:9767 	 City_Num:50 	 Concorde:0.058842 	 MCTS:5.881383 Improve:0.002844 	 Time:5.00 Seconds
Solution: 1 47 15 4 16 32 40 45 2 22 13 6 39 10 3 23 36 7 44 27 19 20 42 25 8 34 50 43 41 38 30 24 31 9 46 12 29 33 26 48 11 49 28 35 5 18 14 21 37 17 

Inst_Index:9768 	 City_Num:50 	 Concorde:0.054103 	 MCTS:5.410294 Improve:0.000000 	 Time:5.01 Seconds
Solution: 1 29 49 5 11 3 42 20 43 2 31 46 48 28 12 39 41 9 22 14 33 47 16 40 10 50 13 36 7 4 34 6 15 45 32 25 37 35 23 44 26 38 18 27 19 17 24 30 21 8 

Inst_Index:9769 	 City_Num:50 	 Concorde:0.056133 	 MCTS:5.605567 Improve:0.007706 	 Time:5.01 Seconds
Solution: 1 17 12 48 32 45 35 34 16 49 44 4 13 11 38 10 23 20 2 31 21 19 47 14 36 24 29 43 50 5 42 7 46 22 26 41 30 33 8 15 3 28 18 37 6 39 27 40 9 25 

Inst_Index:9770 	 City_Num:50 	 Concorde:0.055009 	 MCTS:5.510148 Improve:-0.009279 	 Time:5.00 Seconds
Solution: 1 10 13 42 28 12 49 39 15 27 24 21 18 20 17 8 4 32 46 35 11 43 9 6 14 47 48 44 22 25 2 23 34 38 7 30 50 26 33 45 16 5 40 19 29 37 3 31 41 36 

Inst_Index:9771 	 City_Num:50 	 Concorde:0.056853 	 MCTS:5.685282 Improve:0.000000 	 Time:5.00 Seconds
Solution: 1 19 17 5 33 11 49 20 31 29 18 50 35 30 8 6 2 32 44 38 21 10 41 37 3 23 42 24 39 34 28 4 26 16 45 46 43 12 48 40 27 13 47 36 14 15 7 9 25 22 

Inst_Index:9772 	 City_Num:50 	 Concorde:0.052079 	 MCTS:5.207933 Improve:0.000000 	 Time:5.00 Seconds
Solution: 1 8 19 4 25 16 48 45 24 30 14 13 44 18 17 35 49 27 22 33 38 31 42 2 9 21 26 23 29 7 5 43 34 12 36 47 15 40 39 20 37 50 41 3 6 11 28 10 46 32 

Inst_Index:9773 	 City_Num:50 	 Concorde:0.059809 	 MCTS:5.980869 Improve:0.000000 	 Time:5.00 Seconds
Solution: 1 21 18 8 30 24 45 49 41 2 6 22 34 13 7 28 35 25 40 5 47 3 33 36 12 32 29 11 14 15 44 9 23 43 39 27 37 26 19 31 17 42 10 16 50 46 4 38 20 48 

Inst_Index:9774 	 City_Num:50 	 Concorde:0.053571 	 MCTS:5.357117 Improve:0.000000 	 Time:5.00 Seconds
Solution: 1 41 14 46 43 18 13 16 20 47 25 22 44 6 2 38 28 45 15 23 49 7 9 10 17 35 24 21 29 12 37 42 27 31 40 3 4 5 36 19 33 32 50 30 26 48 8 39 34 11 

Inst_Index:9775 	 City_Num:50 	 Concorde:0.057499 	 MCTS:5.747707 Improve:0.002156 	 Time:5.00 Seconds
Solution: 1 23 32 39 45 24 11 17 33 50 12 43 16 7 28 44 41 21 10 20 4 37 34 49 36 48 18 13 30 26 19 46 40 27 8 3 6 14 9 15 38 2 35 29 25 22 47 31 42 5 

Inst_Index:9776 	 City_Num:50 	 Concorde:0.053366 	 MCTS:5.336589 Improve:0.000000 	 Time:5.00 Seconds
Solution: 1 23 15 47 17 5 50 18 46 14 30 9 39 6 12 49 2 21 38 16 34 27 36 4 26 29 20 7 10 31 45 48 22 11 32 3 33 19 35 28 43 41 42 40 37 25 8 13 24 44 

Inst_Index:9777 	 City_Num:50 	 Concorde:0.049301 	 MCTS:4.930108 Improve:0.000000 	 Time:5.00 Seconds
Solution: 1 17 36 5 35 10 31 27 44 2 33 9 13 37 15 46 39 11 3 50 32 7 12 4 30 8 29 23 24 41 21 49 20 22 43 42 6 26 40 47 14 19 48 18 25 34 45 38 28 16 

Inst_Index:9778 	 City_Num:50 	 Concorde:0.055310 	 MCTS:5.530970 Improve:-0.000000 	 Time:5.00 Seconds
Solution: 1 38 7 30 18 41 45 44 47 9 13 15 27 22 3 33 48 39 29 37 42 12 28 23 49 36 16 6 2 35 5 31 50 21 8 40 25 14 26 46 10 11 19 32 43 17 4 20 24 34 

Inst_Index:9779 	 City_Num:50 	 Concorde:0.055909 	 MCTS:5.590851 Improve:0.000000 	 Time:5.00 Seconds
Solution: 1 41 42 11 30 33 8 12 34 40 46 48 14 13 27 45 15 47 43 38 6 24 5 36 3 21 25 32 22 28 44 18 7 10 35 23 16 39 26 2 49 37 20 29 9 50 4 17 19 31 

Inst_Index:9780 	 City_Num:50 	 Concorde:0.055105 	 MCTS:5.506538 Improve:0.003955 	 Time:5.00 Seconds
Solution: 1 17 43 22 30 18 5 46 25 49 47 33 48 9 34 27 16 37 32 31 14 11 41 21 10 28 23 13 7 12 45 29 39 3 20 26 24 8 40 50 6 42 35 4 19 38 36 15 2 44 

Inst_Index:9781 	 City_Num:50 	 Concorde:0.052874 	 MCTS:5.287356 Improve:0.000000 	 Time:5.00 Seconds
Solution: 1 47 23 48 10 12 18 13 31 40 34 35 25 42 50 30 29 5 6 16 38 24 39 33 17 4 46 28 11 27 44 14 32 45 22 41 8 15 9 43 21 2 26 20 49 36 19 7 37 3 

Inst_Index:9782 	 City_Num:50 	 Concorde:0.055668 	 MCTS:5.566786 Improve:0.000000 	 Time:5.00 Seconds
Solution: 1 14 44 16 19 15 22 24 31 2 11 23 4 7 50 34 3 48 25 12 33 38 32 43 10 36 8 35 17 45 49 18 29 6 30 9 37 41 5 28 27 46 21 26 39 13 42 20 47 40 

Inst_Index:9783 	 City_Num:50 	 Concorde:0.055560 	 MCTS:5.556038 Improve:0.000000 	 Time:5.00 Seconds
Solution: 1 45 20 3 10 39 16 5 43 40 44 6 26 50 18 23 32 2 38 24 17 37 9 7 4 15 25 29 8 42 12 27 22 47 49 48 14 28 36 34 33 31 30 21 35 19 11 41 13 46 

Inst_Index:9784 	 City_Num:50 	 Concorde:0.052055 	 MCTS:5.205507 Improve:0.000000 	 Time:5.00 Seconds
Solution: 1 18 32 23 46 50 22 24 11 37 20 41 36 38 4 43 15 2 10 19 13 31 21 42 27 26 48 35 8 49 6 14 3 28 5 34 7 12 25 29 16 45 47 9 33 30 40 39 17 44 

Inst_Index:9785 	 City_Num:50 	 Concorde:0.055855 	 MCTS:5.585482 Improve:0.000000 	 Time:5.00 Seconds
Solution: 1 24 25 43 46 21 30 47 12 11 6 31 26 41 34 29 36 15 17 5 2 37 48 14 13 23 28 49 27 35 3 4 18 50 10 32 19 16 39 8 42 20 38 22 9 33 7 44 40 45 

Inst_Index:9786 	 City_Num:50 	 Concorde:0.057571 	 MCTS:5.757148 Improve:-0.000000 	 Time:5.00 Seconds
Solution: 1 10 17 34 25 5 13 46 7 50 29 43 36 11 31 39 19 32 41 21 6 20 40 4 27 28 15 8 48 9 30 12 23 14 45 33 35 49 16 2 37 42 44 47 22 38 18 26 3 24 

Inst_Index:9787 	 City_Num:50 	 Concorde:0.054116 	 MCTS:5.411619 Improve:0.000000 	 Time:5.00 Seconds
Solution: 1 27 7 23 37 4 15 3 36 47 34 13 5 26 50 22 44 18 32 43 10 49 40 28 21 30 46 11 29 24 31 14 16 12 48 6 39 20 35 45 38 41 42 8 17 19 2 9 33 25 

Inst_Index:9788 	 City_Num:50 	 Concorde:0.055214 	 MCTS:5.515231 Improve:0.006160 	 Time:5.01 Seconds
Solution: 1 14 34 18 37 4 40 2 33 6 45 31 11 47 26 9 28 48 19 16 5 30 42 21 17 22 12 41 27 25 46 35 3 20 7 23 13 29 49 15 32 43 8 36 38 10 39 50 44 24 

Inst_Index:9789 	 City_Num:50 	 Concorde:0.058917 	 MCTS:5.891716 Improve:0.000000 	 Time:5.00 Seconds
Solution: 1 45 3 5 23 38 31 9 8 11 17 13 39 24 6 22 10 29 36 12 21 27 30 44 14 4 26 37 43 40 18 16 7 2 25 15 34 35 33 41 48 20 19 47 46 50 28 32 49 42 

Inst_Index:9790 	 City_Num:50 	 Concorde:0.052255 	 MCTS:5.220539 Improve:0.004984 	 Time:5.00 Seconds
Solution: 1 38 7 35 41 50 4 23 24 20 48 12 31 29 2 49 44 25 3 46 5 43 22 40 15 47 26 34 16 33 36 42 27 37 17 21 32 30 45 28 18 19 10 13 14 11 9 8 39 6 

Inst_Index:9791 	 City_Num:50 	 Concorde:0.053936 	 MCTS:5.393553 Improve:0.000000 	 Time:5.00 Seconds
Solution: 1 20 33 4 2 15 46 13 12 7 22 19 48 50 16 28 49 45 35 36 38 39 21 40 23 8 9 43 24 18 3 17 44 14 34 11 31 27 42 26 10 37 25 6 29 41 5 47 32 30 

Inst_Index:9792 	 City_Num:50 	 Concorde:0.058448 	 MCTS:5.844752 Improve:0.000000 	 Time:5.00 Seconds
Solution: 1 30 8 46 22 36 34 31 6 7 2 5 14 10 28 32 41 9 16 38 23 26 12 44 27 3 50 29 40 24 15 48 19 43 33 17 25 42 45 39 49 18 35 4 20 21 11 47 13 37 

Inst_Index:9793 	 City_Num:50 	 Concorde:0.055236 	 MCTS:5.523599 Improve:0.000000 	 Time:5.00 Seconds
Solution: 1 8 34 24 15 2 45 18 19 11 44 48 29 12 46 22 25 6 26 39 40 47 17 28 10 31 33 36 21 50 42 32 37 35 7 43 5 13 4 14 30 23 27 16 9 41 49 20 38 3 

Inst_Index:9794 	 City_Num:50 	 Concorde:0.057964 	 MCTS:5.781619 Improve:0.014829 	 Time:5.00 Seconds
Solution: 1 25 4 40 11 26 14 3 33 21 45 46 35 43 13 28 18 20 2 23 15 9 24 7 22 38 19 42 37 5 17 16 27 49 36 44 48 10 30 47 50 34 31 8 6 41 39 32 29 12 

Inst_Index:9795 	 City_Num:50 	 Concorde:0.059578 	 MCTS:6.011081 Improve:-0.053327 	 Time:5.00 Seconds
Solution: 1 38 19 37 7 12 16 26 44 32 28 17 33 22 14 46 42 24 35 20 31 27 5 48 10 8 41 39 49 50 11 25 3 13 40 2 43 34 23 9 6 29 18 21 30 36 45 4 15 47 

Inst_Index:9796 	 City_Num:50 	 Concorde:0.053766 	 MCTS:5.375037 Improve:0.001595 	 Time:5.00 Seconds
Solution: 1 38 45 49 37 11 7 42 29 40 30 43 13 46 6 10 20 47 9 48 33 4 14 32 15 3 34 24 23 2 19 22 12 36 16 18 27 50 35 17 25 31 5 21 41 44 8 39 28 26 

Inst_Index:9797 	 City_Num:50 	 Concorde:0.056108 	 MCTS:5.610820 Improve:0.000000 	 Time:5.00 Seconds
Solution: 1 6 33 16 3 40 30 49 10 24 42 39 21 13 20 4 23 29 44 9 47 45 37 28 32 11 35 25 2 34 14 12 7 38 18 48 36 17 46 15 50 8 27 5 41 26 19 22 43 31 

Inst_Index:9798 	 City_Num:50 	 Concorde:0.056333 	 MCTS:5.633286 Improve:0.000000 	 Time:5.00 Seconds
Solution: 1 3 5 50 37 22 15 30 49 26 32 10 14 21 33 40 2 19 29 34 36 31 41 48 8 28 47 4 24 38 20 43 27 16 18 44 39 13 7 9 42 17 12 46 45 6 25 35 23 11 

Inst_Index:9799 	 City_Num:50 	 Concorde:0.053378 	 MCTS:5.337764 Improve:-0.000000 	 Time:5.00 Seconds
Solution: 1 3 5 14 15 23 17 40 26 43 22 12 19 21 9 25 7 11 4 10 50 16 18 35 8 29 46 42 41 47 49 44 2 28 38 39 33 6 30 45 48 37 31 24 32 27 20 36 13 34 

Inst_Index:9800 	 City_Num:50 	 Concorde:0.056858 	 MCTS:5.685766 Improve:0.000000 	 Time:5.00 Seconds
Solution: 1 38 41 45 9 49 34 46 23 6 29 44 39 40 35 48 43 25 10 42 47 31 19 5 13 15 22 26 14 8 12 27 2 7 16 4 37 21 18 50 33 20 32 11 30 28 17 36 24 3 

Inst_Index:9801 	 City_Num:50 	 Concorde:0.056208 	 MCTS:5.620839 Improve:0.000000 	 Time:5.00 Seconds
Solution: 1 30 42 39 15 32 44 17 25 6 35 49 10 5 45 18 48 2 28 23 41 24 38 34 26 14 12 20 3 11 4 36 8 40 9 31 21 47 13 50 29 46 19 33 7 27 37 22 16 43 

Inst_Index:9802 	 City_Num:50 	 Concorde:0.056110 	 MCTS:5.611019 Improve:-0.000000 	 Time:5.00 Seconds
Solution: 1 10 23 13 11 6 46 2 9 49 19 45 43 3 4 40 20 31 18 16 27 22 42 41 7 5 44 50 39 14 26 8 36 47 34 48 35 12 29 15 32 28 17 21 38 25 30 24 37 33 

Inst_Index:9803 	 City_Num:50 	 Concorde:0.058770 	 MCTS:5.877006 Improve:0.000000 	 Time:5.00 Seconds
Solution: 1 23 31 8 35 27 7 5 11 41 13 46 17 50 30 24 14 26 49 21 40 15 28 45 33 4 16 39 10 38 12 29 47 9 32 6 20 36 34 44 22 19 3 37 48 2 25 42 43 18 

Inst_Index:9804 	 City_Num:50 	 Concorde:0.057407 	 MCTS:5.740690 Improve:-0.000000 	 Time:5.00 Seconds
Solution: 1 25 27 26 32 30 8 33 2 31 34 24 18 47 37 36 22 17 23 38 40 29 11 10 39 15 16 44 42 49 12 43 48 28 20 9 41 7 4 5 3 46 50 19 45 6 21 13 14 35 

Inst_Index:9805 	 City_Num:50 	 Concorde:0.056274 	 MCTS:5.622191 Improve:0.005212 	 Time:5.00 Seconds
Solution: 1 17 37 30 12 29 9 3 16 4 26 48 20 11 45 13 6 47 44 39 25 7 19 5 15 46 34 28 21 38 23 27 35 33 10 36 40 32 2 14 50 42 43 22 49 41 18 24 31 8 

Inst_Index:9806 	 City_Num:50 	 Concorde:0.055001 	 MCTS:5.500133 Improve:0.000000 	 Time:5.00 Seconds
Solution: 1 11 28 36 8 13 6 50 31 39 49 9 26 43 3 33 46 12 48 25 42 2 45 22 29 23 35 15 10 47 21 4 24 44 38 27 40 34 19 14 32 16 7 18 41 20 5 37 17 30 

Inst_Index:9807 	 City_Num:50 	 Concorde:0.053578 	 MCTS:5.357818 Improve:0.000000 	 Time:5.00 Seconds
Solution: 1 45 32 26 43 38 3 23 49 30 36 22 21 27 31 15 20 16 10 39 35 46 34 28 29 25 4 5 47 11 18 40 8 14 24 50 13 42 9 17 48 41 2 33 44 19 12 6 7 37 

Inst_Index:9808 	 City_Num:50 	 Concorde:0.055562 	 MCTS:5.556188 Improve:0.000000 	 Time:5.00 Seconds
Solution: 1 28 20 10 16 27 38 12 18 44 21 17 15 29 31 34 3 50 48 45 33 4 32 11 8 46 47 23 24 30 40 36 43 25 9 39 13 26 7 49 6 42 14 41 37 2 19 35 5 22 

Inst_Index:9809 	 City_Num:50 	 Concorde:0.058540 	 MCTS:5.853961 Improve:0.000000 	 Time:5.00 Seconds
Solution: 1 19 35 39 44 47 33 22 4 11 5 3 6 45 24 43 17 34 15 50 23 20 18 30 27 13 21 40 8 14 10 28 46 26 36 9 25 12 31 32 7 16 38 29 2 37 42 49 41 48 

Inst_Index:9810 	 City_Num:50 	 Concorde:0.056087 	 MCTS:5.602564 Improve:0.006144 	 Time:5.01 Seconds
Solution: 1 16 49 44 39 5 31 33 32 17 19 23 18 7 46 40 13 22 8 37 2 41 11 50 30 35 42 25 48 45 43 9 24 47 38 10 21 15 28 27 36 3 29 26 20 14 4 6 12 34 

Inst_Index:9811 	 City_Num:50 	 Concorde:0.058220 	 MCTS:5.820964 Improve:0.001033 	 Time:5.00 Seconds
Solution: 1 22 42 20 16 43 17 7 48 25 41 6 44 39 31 28 38 36 26 30 10 45 5 8 29 47 23 37 50 13 35 46 21 18 15 3 40 34 32 4 11 14 9 33 24 19 27 12 2 49 

Inst_Index:9812 	 City_Num:50 	 Concorde:0.056272 	 MCTS:5.623681 Improve:0.003510 	 Time:5.00 Seconds
Solution: 1 48 24 35 44 33 18 12 15 19 29 23 25 32 36 42 50 43 38 8 2 5 13 4 14 3 39 31 9 7 47 40 10 34 20 46 26 30 45 17 49 22 28 16 21 6 37 41 11 27 

Inst_Index:9813 	 City_Num:50 	 Concorde:0.055482 	 MCTS:5.548249 Improve:0.000000 	 Time:5.00 Seconds
Solution: 1 17 21 42 16 20 10 7 38 11 8 36 3 27 35 31 37 9 25 26 34 23 45 15 5 19 4 12 46 48 32 49 28 47 43 29 2 14 6 50 40 18 44 22 39 13 24 33 30 41 

Inst_Index:9814 	 City_Num:50 	 Concorde:0.058936 	 MCTS:5.893639 Improve:-0.000000 	 Time:5.00 Seconds
Solution: 1 41 17 11 35 30 3 40 43 42 22 18 44 19 13 2 34 46 32 4 21 6 20 48 47 25 8 45 23 29 27 24 50 36 28 5 38 31 12 16 49 39 9 14 7 26 37 33 10 15 

Inst_Index:9815 	 City_Num:50 	 Concorde:0.056547 	 MCTS:5.648520 Improve:0.006187 	 Time:5.00 Seconds
Solution: 1 36 25 2 7 30 28 5 11 39 34 45 46 15 6 24 19 10 12 35 21 42 18 13 49 48 20 40 43 32 4 14 26 17 9 8 38 31 16 44 23 41 29 50 37 22 33 3 47 27 

Inst_Index:9816 	 City_Num:50 	 Concorde:0.054372 	 MCTS:5.437233 Improve:0.000000 	 Time:5.00 Seconds
Solution: 1 22 39 41 46 6 27 29 47 10 13 24 31 30 9 25 12 44 35 45 48 5 50 17 28 40 4 49 26 3 2 18 38 7 33 21 20 34 15 8 19 23 37 16 14 36 32 42 43 11 

Inst_Index:9817 	 City_Num:50 	 Concorde:0.054960 	 MCTS:5.495957 Improve:0.000000 	 Time:5.00 Seconds
Solution: 1 47 28 17 38 8 22 36 13 26 39 46 10 34 9 41 18 45 42 7 20 32 43 27 30 44 40 31 16 35 19 24 2 33 12 14 37 11 4 21 5 6 25 15 48 29 3 49 50 23 

Inst_Index:9818 	 City_Num:50 	 Concorde:0.059928 	 MCTS:5.992847 Improve:-0.000000 	 Time:5.00 Seconds
Solution: 1 18 24 30 39 3 12 11 32 5 31 19 50 8 7 14 25 4 41 15 20 49 29 47 44 2 16 28 22 38 17 37 45 42 33 36 26 40 10 9 35 48 21 46 34 27 43 23 6 13 

Inst_Index:9819 	 City_Num:50 	 Concorde:0.054740 	 MCTS:5.471247 Improve:0.002752 	 Time:5.00 Seconds
Solution: 1 48 32 2 30 43 24 42 14 10 29 7 44 35 34 18 5 27 16 6 11 50 40 8 20 47 12 33 39 46 4 17 22 21 19 37 9 36 41 3 28 25 45 23 49 31 13 15 38 26 

Inst_Index:9820 	 City_Num:50 	 Concorde:0.056506 	 MCTS:5.650610 Improve:0.000000 	 Time:5.01 Seconds
Solution: 1 18 3 16 24 22 8 47 32 45 35 11 20 12 29 9 49 50 40 37 42 44 46 25 33 38 41 27 23 19 13 34 39 15 26 2 6 10 7 14 4 43 5 21 28 36 17 30 48 31 

Inst_Index:9821 	 City_Num:50 	 Concorde:0.059764 	 MCTS:5.976392 Improve:0.000000 	 Time:5.00 Seconds
Solution: 1 40 44 17 12 50 27 19 32 49 13 33 26 20 18 35 46 45 37 2 22 34 24 31 5 7 28 38 8 36 15 23 30 9 42 14 39 11 3 16 25 48 4 47 29 6 21 10 43 41 

Inst_Index:9822 	 City_Num:50 	 Concorde:0.060505 	 MCTS:6.048404 Improve:0.002098 	 Time:5.00 Seconds
Solution: 1 2 14 20 37 38 4 12 35 45 18 40 13 16 23 47 9 30 19 6 17 33 7 26 44 11 48 36 21 29 15 43 46 49 10 39 31 34 22 3 42 27 24 28 8 50 25 41 32 5 

Inst_Index:9823 	 City_Num:50 	 Concorde:0.058001 	 MCTS:5.797070 Improve:0.003041 	 Time:5.00 Seconds
Solution: 1 17 15 40 29 13 35 26 20 48 4 21 45 42 16 47 43 50 27 49 19 22 37 41 46 38 2 14 10 44 18 25 8 5 36 32 28 11 31 12 30 33 24 7 34 9 39 3 6 23 

Inst_Index:9824 	 City_Num:50 	 Concorde:0.058084 	 MCTS:5.808442 Improve:-0.000000 	 Time:5.00 Seconds
Solution: 1 18 15 49 19 32 46 29 17 37 16 30 9 25 7 8 23 42 45 38 11 2 48 22 41 43 31 12 34 4 27 13 5 14 10 20 26 39 50 21 36 3 33 28 47 40 24 6 44 35 

Inst_Index:9825 	 City_Num:50 	 Concorde:0.059937 	 MCTS:5.993341 Improve:0.000310 	 Time:5.00 Seconds
Solution: 1 31 20 34 45 3 44 11 8 23 14 36 29 32 24 49 39 27 2 41 43 25 33 19 17 26 35 5 13 40 37 18 22 48 16 38 15 21 12 6 30 42 4 47 28 50 7 9 46 10 

Inst_Index:9826 	 City_Num:50 	 Concorde:0.055973 	 MCTS:5.596934 Improve:0.000345 	 Time:5.00 Seconds
Solution: 1 42 4 8 28 49 40 44 26 13 12 11 15 24 29 48 16 37 20 36 3 14 7 31 2 25 22 18 27 23 50 19 34 41 32 33 38 6 30 35 46 45 5 10 9 21 17 43 39 47 

Inst_Index:9827 	 City_Num:50 	 Concorde:0.055411 	 MCTS:5.541117 Improve:-0.000000 	 Time:5.00 Seconds
Solution: 1 7 28 8 5 14 21 19 22 23 13 35 2 24 32 18 11 50 31 48 44 26 9 10 36 40 33 3 6 15 45 34 20 41 49 42 30 17 16 47 38 46 25 29 4 27 39 37 43 12 

Inst_Index:9828 	 City_Num:50 	 Concorde:0.060461 	 MCTS:6.046095 Improve:0.000000 	 Time:5.00 Seconds
Solution: 1 41 42 25 44 5 15 6 31 49 3 8 9 36 10 21 39 27 11 13 23 33 29 48 20 28 2 17 34 18 40 32 38 26 46 24 47 16 45 12 37 35 22 4 50 43 30 7 19 14 

Inst_Index:9829 	 City_Num:50 	 Concorde:0.060605 	 MCTS:6.060068 Improve:0.000413 	 Time:5.00 Seconds
Solution: 1 45 34 27 38 6 25 16 46 8 29 49 30 48 14 28 33 26 31 4 19 50 13 47 3 40 7 35 15 9 5 18 41 11 37 21 42 39 20 10 43 36 2 23 44 24 17 32 22 12 

Inst_Index:9830 	 City_Num:50 	 Concorde:0.055404 	 MCTS:5.539164 Improve:0.001229 	 Time:5.00 Seconds
Solution: 1 45 24 5 32 47 18 36 15 13 3 42 48 16 34 37 27 8 29 43 23 38 14 49 22 31 25 50 9 21 2 39 44 41 40 26 7 35 12 33 30 6 10 11 4 46 28 17 20 19 

Inst_Index:9831 	 City_Num:50 	 Concorde:0.056797 	 MCTS:5.679737 Improve:0.000000 	 Time:5.00 Seconds
Solution: 1 28 38 5 22 40 16 19 45 11 42 37 32 23 48 6 18 17 30 47 46 14 21 27 39 49 41 36 8 34 26 31 25 44 50 7 13 33 4 35 20 10 12 9 43 15 29 24 3 2 

Inst_Index:9832 	 City_Num:50 	 Concorde:0.056406 	 MCTS:5.632757 Improve:0.007823 	 Time:5.00 Seconds
Solution: 1 28 24 26 4 27 32 20 39 23 43 44 21 49 12 33 30 16 11 38 34 15 48 25 22 8 40 3 35 42 50 37 14 10 9 13 36 31 7 18 47 19 46 45 5 29 17 41 6 2 

Inst_Index:9833 	 City_Num:50 	 Concorde:0.055411 	 MCTS:5.541070 Improve:0.000000 	 Time:5.00 Seconds
Solution: 1 46 34 3 4 5 49 16 45 7 50 8 6 24 14 47 22 25 28 23 38 48 2 20 32 18 43 33 41 13 39 10 9 30 12 44 29 36 11 21 35 37 17 40 26 27 15 19 42 31 

Inst_Index:9834 	 City_Num:50 	 Concorde:0.061610 	 MCTS:6.152323 Improve:0.008680 	 Time:5.00 Seconds
Solution: 1 9 11 16 50 8 29 4 19 33 37 35 34 25 24 47 18 5 14 7 10 48 21 30 31 13 17 23 45 38 39 46 36 44 27 32 6 26 28 42 15 43 41 40 3 49 20 12 22 2 

Inst_Index:9835 	 City_Num:50 	 Concorde:0.062352 	 MCTS:6.235229 Improve:0.000000 	 Time:5.00 Seconds
Solution: 1 20 27 32 44 8 4 39 47 38 6 5 40 46 13 11 37 18 45 2 28 43 16 34 29 23 26 12 19 17 9 41 30 42 31 35 7 15 36 33 24 22 25 49 14 10 50 3 21 48 

Inst_Index:9836 	 City_Num:50 	 Concorde:0.057009 	 MCTS:5.700859 Improve:0.000000 	 Time:5.00 Seconds
Solution: 1 40 30 4 38 17 44 24 7 32 18 22 20 28 21 27 13 15 42 9 23 29 31 5 34 49 41 8 50 11 25 35 37 43 45 2 14 16 39 12 47 6 33 26 48 46 36 3 19 10 

Inst_Index:9837 	 City_Num:50 	 Concorde:0.052991 	 MCTS:5.298384 Improve:0.000738 	 Time:5.00 Seconds
Solution: 1 24 11 48 41 35 33 36 3 22 42 6 39 4 14 21 17 20 2 40 13 45 32 27 49 34 9 26 10 37 46 18 38 23 5 25 31 8 7 15 16 44 50 47 29 19 30 43 12 28 

Inst_Index:9838 	 City_Num:50 	 Concorde:0.054656 	 MCTS:5.465595 Improve:-0.000000 	 Time:5.00 Seconds
Solution: 1 21 36 20 24 46 47 15 30 16 3 4 29 39 8 45 11 7 2 38 33 19 49 17 25 41 18 42 9 23 32 12 10 48 31 43 27 5 37 22 6 14 35 13 44 26 34 40 28 50 

Inst_Index:9839 	 City_Num:50 	 Concorde:0.060752 	 MCTS:6.075161 Improve:-0.000000 	 Time:5.00 Seconds
Solution: 1 41 22 18 10 30 6 44 17 39 32 21 46 16 29 31 24 43 27 47 45 26 25 11 3 42 8 48 13 4 9 28 7 37 49 12 50 19 34 20 36 38 35 15 14 5 40 2 33 23 

Inst_Index:9840 	 City_Num:50 	 Concorde:0.054704 	 MCTS:5.470399 Improve:-0.000000 	 Time:5.00 Seconds
Solution: 1 38 4 13 15 12 30 25 33 3 5 29 43 36 21 49 17 20 44 39 35 11 23 8 6 31 41 10 26 46 16 7 22 28 14 47 2 42 48 27 18 40 45 32 9 50 34 24 37 19 

Inst_Index:9841 	 City_Num:50 	 Concorde:0.060084 	 MCTS:6.006910 Improve:0.001516 	 Time:5.00 Seconds
Solution: 1 34 14 20 19 29 8 31 43 40 32 9 46 44 48 6 41 33 38 3 28 47 30 4 18 25 50 23 35 10 39 11 26 37 21 17 22 49 45 15 13 7 24 36 16 27 12 2 5 42 

Inst_Index:9842 	 City_Num:50 	 Concorde:0.058101 	 MCTS:5.810066 Improve:0.000000 	 Time:5.00 Seconds
Solution: 1 8 22 3 47 40 19 2 34 37 44 15 49 12 25 29 5 30 31 10 48 41 38 13 9 6 20 28 45 43 23 11 36 4 33 7 32 27 26 18 21 39 17 24 46 14 16 50 42 35 

Inst_Index:9843 	 City_Num:50 	 Concorde:0.056071 	 MCTS:5.605810 Improve:0.001274 	 Time:5.00 Seconds
Solution: 1 45 17 47 29 23 49 13 34 30 28 22 50 8 31 18 41 9 6 36 26 3 2 33 15 19 16 5 20 12 11 21 39 48 27 44 4 42 37 32 14 10 46 40 24 7 38 25 43 35 

Inst_Index:9844 	 City_Num:50 	 Concorde:0.053101 	 MCTS:5.310100 Improve:-0.000000 	 Time:5.00 Seconds
Solution: 1 37 28 19 24 14 2 33 40 45 12 13 23 26 30 25 16 49 27 4 22 39 34 48 38 3 17 10 44 31 47 20 50 21 8 6 5 15 41 36 42 29 43 11 18 32 7 9 46 35 

Inst_Index:9845 	 City_Num:50 	 Concorde:0.056875 	 MCTS:5.684403 Improve:0.003128 	 Time:5.00 Seconds
Solution: 1 8 16 24 19 46 45 44 32 27 29 6 12 11 14 48 33 37 50 39 3 15 38 18 41 30 26 25 5 47 36 17 20 28 34 13 4 49 40 2 23 35 10 43 9 22 31 42 7 21 

Inst_Index:9846 	 City_Num:50 	 Concorde:0.059392 	 MCTS:5.939069 Improve:0.000104 	 Time:5.00 Seconds
Solution: 1 42 50 23 38 32 9 15 48 4 6 24 11 17 5 16 20 49 36 10 40 12 31 3 13 27 33 39 47 41 7 8 46 35 26 34 37 25 28 2 44 30 45 22 29 19 14 21 43 18 

Inst_Index:9847 	 City_Num:50 	 Concorde:0.057230 	 MCTS:5.712794 Improve:0.010226 	 Time:5.00 Seconds
Solution: 1 12 46 7 40 43 14 30 10 2 27 25 9 11 33 23 49 26 50 35 41 44 17 21 32 8 31 48 20 5 22 47 37 4 29 45 34 42 18 28 38 3 39 36 15 19 24 6 13 16 

Inst_Index:9848 	 City_Num:50 	 Concorde:0.057813 	 MCTS:5.781344 Improve:-0.000000 	 Time:5.01 Seconds
Solution: 1 42 33 9 26 47 25 10 21 17 41 3 22 39 24 40 46 13 18 19 8 11 20 32 7 16 45 30 27 36 23 31 14 4 50 49 34 44 43 37 35 2 12 38 29 15 5 28 6 48 

Inst_Index:9849 	 City_Num:50 	 Concorde:0.055692 	 MCTS:5.569221 Improve:-0.000000 	 Time:5.00 Seconds
Solution: 1 40 42 34 37 17 43 3 16 22 19 20 15 25 28 32 8 12 45 26 6 21 18 27 36 44 48 29 2 9 4 7 46 5 50 38 24 31 14 41 39 49 30 23 10 33 35 13 11 47 

Inst_Index:9850 	 City_Num:50 	 Concorde:0.054204 	 MCTS:5.419805 Improve:0.000604 	 Time:5.00 Seconds
Solution: 1 2 20 46 47 49 8 23 43 42 37 31 48 3 9 50 26 22 5 29 38 39 12 6 24 15 4 7 25 40 45 41 44 10 35 27 33 30 34 11 13 32 14 28 17 21 16 18 19 36 

Inst_Index:9851 	 City_Num:50 	 Concorde:0.056171 	 MCTS:5.617082 Improve:-0.000000 	 Time:5.00 Seconds
Solution: 1 26 12 34 6 23 13 10 16 46 3 4 42 36 9 28 27 19 44 20 29 38 37 14 33 25 5 18 22 11 2 49 39 41 8 47 30 40 17 7 45 32 31 35 21 15 48 43 24 50 

Inst_Index:9852 	 City_Num:50 	 Concorde:0.050995 	 MCTS:5.099494 Improve:0.000000 	 Time:5.00 Seconds
Solution: 1 4 23 30 46 41 36 2 10 21 38 28 11 34 22 6 50 3 29 15 7 20 49 43 19 32 42 37 9 33 40 45 48 13 12 27 47 25 35 5 17 24 26 18 14 31 16 39 44 8 

Inst_Index:9853 	 City_Num:50 	 Concorde:0.054723 	 MCTS:5.468733 Improve:0.003609 	 Time:5.00 Seconds
Solution: 1 15 14 11 13 10 8 38 29 5 39 36 37 6 30 7 32 31 18 40 46 50 24 23 42 4 45 25 21 22 43 49 20 28 2 47 16 17 19 48 41 44 27 33 26 35 34 9 3 12 

Inst_Index:9854 	 City_Num:50 	 Concorde:0.056253 	 MCTS:5.625348 Improve:0.000000 	 Time:5.00 Seconds
Solution: 1 21 2 46 44 20 26 45 8 22 17 27 6 40 50 9 47 11 5 4 23 32 7 15 13 14 3 48 37 36 43 18 49 31 35 28 41 34 33 30 12 39 10 38 25 29 24 19 42 16 

Inst_Index:9855 	 City_Num:50 	 Concorde:0.057310 	 MCTS:5.727983 Improve:0.003015 	 Time:5.00 Seconds
Solution: 1 27 30 2 24 21 48 5 40 26 13 36 35 7 8 33 22 11 12 50 17 49 20 14 31 28 4 42 34 47 10 39 38 45 29 3 37 41 15 44 43 25 16 32 23 6 19 9 18 46 

Inst_Index:9856 	 City_Num:50 	 Concorde:0.052792 	 MCTS:5.276617 Improve:0.002608 	 Time:5.00 Seconds
Solution: 1 35 43 9 8 17 13 4 2 42 7 31 28 22 5 20 50 33 12 19 49 25 26 39 15 44 38 48 29 18 47 46 16 37 14 27 30 32 21 41 11 34 23 3 40 6 24 45 10 36 

Inst_Index:9857 	 City_Num:50 	 Concorde:0.053631 	 MCTS:5.359726 Improve:0.003328 	 Time:5.00 Seconds
Solution: 1 44 24 4 25 32 5 34 2 38 40 27 37 45 46 8 21 33 17 35 48 28 16 15 22 49 7 41 6 42 14 30 43 18 23 47 20 31 12 10 39 9 13 26 11 50 29 3 19 36 

Inst_Index:9858 	 City_Num:50 	 Concorde:0.056444 	 MCTS:5.644440 Improve:-0.000000 	 Time:5.00 Seconds
Solution: 1 48 30 35 22 15 9 32 44 23 6 21 17 13 46 14 3 20 24 33 12 8 47 26 27 34 7 31 40 49 29 43 2 28 38 16 39 45 25 50 18 41 36 42 4 11 5 37 10 19 

Inst_Index:9859 	 City_Num:50 	 Concorde:0.055291 	 MCTS:5.525851 Improve:0.003224 	 Time:5.00 Seconds
Solution: 1 8 15 21 12 6 34 49 33 30 4 41 45 19 43 10 5 47 29 27 23 22 24 36 9 18 42 35 38 16 50 7 46 39 25 20 31 37 3 40 17 14 44 32 11 48 28 2 13 26 

Inst_Index:9860 	 City_Num:50 	 Concorde:0.056303 	 MCTS:5.630255 Improve:0.000000 	 Time:5.00 Seconds
Solution: 1 27 43 10 40 21 41 32 42 5 7 38 16 20 3 48 17 6 44 37 47 25 12 15 18 34 9 11 13 29 50 4 19 2 22 24 36 30 14 26 49 45 28 23 31 35 46 8 33 39 

Inst_Index:9861 	 City_Num:50 	 Concorde:0.056122 	 MCTS:5.612159 Improve:-0.000000 	 Time:5.00 Seconds
Solution: 1 5 25 24 28 6 45 39 46 18 41 36 26 10 20 43 35 23 27 47 15 13 2 44 4 33 37 42 38 31 34 48 11 40 8 17 21 14 29 12 3 7 22 49 30 9 32 16 50 19 

Inst_Index:9862 	 City_Num:50 	 Concorde:0.054160 	 MCTS:5.415995 Improve:-0.000000 	 Time:5.00 Seconds
Solution: 1 35 5 4 8 36 43 24 28 2 40 19 30 15 34 39 18 13 7 23 31 37 10 9 21 22 12 27 11 48 26 38 29 50 46 14 25 16 42 6 41 49 32 3 33 45 44 47 17 20 

Inst_Index:9863 	 City_Num:50 	 Concorde:0.060993 	 MCTS:6.099318 Improve:0.000000 	 Time:5.00 Seconds
Solution: 1 31 47 3 30 6 25 41 13 43 42 46 38 44 37 39 24 45 35 34 14 7 4 9 20 50 15 49 33 28 22 17 27 16 26 19 18 29 23 8 5 2 12 21 32 36 10 48 11 40 

Inst_Index:9864 	 City_Num:50 	 Concorde:0.055831 	 MCTS:5.569082 Improve:0.014001 	 Time:5.00 Seconds
Solution: 1 14 35 18 37 26 16 13 12 19 24 42 10 36 43 50 8 20 49 4 9 3 2 45 47 29 34 30 17 28 40 39 33 23 25 22 32 46 27 48 5 7 15 31 44 11 38 21 41 6 

Inst_Index:9865 	 City_Num:50 	 Concorde:0.055646 	 MCTS:5.558262 Improve:0.006321 	 Time:5.00 Seconds
Solution: 1 38 27 37 4 12 17 16 9 28 22 6 7 21 13 47 49 42 32 41 31 45 24 34 14 26 25 15 39 43 29 19 33 35 46 3 11 10 20 48 40 50 44 36 8 30 23 5 18 2 

Inst_Index:9866 	 City_Num:50 	 Concorde:0.054957 	 MCTS:5.494563 Improve:0.001105 	 Time:5.00 Seconds
Solution: 1 18 9 2 42 45 5 50 39 40 33 25 36 17 15 49 7 19 48 26 47 3 38 46 44 22 27 34 11 43 37 14 8 13 12 21 10 16 31 23 28 4 30 6 24 20 41 35 32 29 

Inst_Index:9867 	 City_Num:50 	 Concorde:0.058715 	 MCTS:5.871472 Improve:0.000000 	 Time:5.00 Seconds
Solution: 1 15 18 13 9 33 30 32 43 22 10 37 34 45 39 7 31 49 46 5 23 50 2 24 8 28 14 11 25 44 48 26 41 4 3 20 17 38 12 35 40 19 27 42 36 6 47 16 29 21 

Inst_Index:9868 	 City_Num:50 	 Concorde:0.060384 	 MCTS:6.037627 Improve:0.000804 	 Time:5.00 Seconds
Solution: 1 44 39 6 36 18 38 37 35 40 31 46 23 29 27 47 17 30 26 34 15 24 8 25 5 7 33 3 9 32 2 21 41 50 45 49 14 11 12 19 22 10 16 28 20 42 43 48 13 4 

Inst_Index:9869 	 City_Num:50 	 Concorde:0.055627 	 MCTS:5.558746 Improve:0.003948 	 Time:5.00 Seconds
Solution: 1 23 2 14 41 21 8 10 45 47 26 38 7 33 43 32 22 35 27 17 50 19 46 3 42 31 13 18 48 44 20 15 39 25 24 29 16 12 6 11 40 36 49 5 4 28 9 37 30 34 

Inst_Index:9870 	 City_Num:50 	 Concorde:0.058783 	 MCTS:5.878306 Improve:0.000000 	 Time:5.00 Seconds
Solution: 1 35 27 40 32 34 19 5 3 25 37 4 42 36 18 16 30 2 31 49 43 38 12 39 11 45 26 24 22 41 14 6 9 10 8 28 29 15 50 21 17 13 44 46 23 48 47 33 7 20 

Inst_Index:9871 	 City_Num:50 	 Concorde:0.058442 	 MCTS:5.840685 Improve:0.003557 	 Time:5.00 Seconds
Solution: 1 34 16 17 27 36 7 25 20 46 43 38 32 24 18 8 49 3 30 35 50 26 2 11 41 31 22 45 47 12 9 19 28 44 37 48 5 39 29 14 23 15 13 40 21 33 42 10 6 4 

Inst_Index:9872 	 City_Num:50 	 Concorde:0.063833 	 MCTS:6.383329 Improve:0.000000 	 Time:5.01 Seconds
Solution: 1 39 45 6 30 8 2 11 20 24 48 14 4 29 26 19 17 9 36 35 47 5 12 18 27 3 44 25 28 49 38 50 32 40 15 34 16 46 10 37 23 43 22 13 42 7 31 21 33 41 

Inst_Index:9873 	 City_Num:50 	 Concorde:0.056966 	 MCTS:5.696634 Improve:0.000000 	 Time:5.00 Seconds
Solution: 1 7 10 46 8 2 38 3 33 30 11 43 22 21 34 28 35 39 25 50 48 6 14 37 42 41 44 49 18 16 47 36 17 26 29 20 15 24 13 12 32 31 27 5 23 9 40 19 4 45 

Inst_Index:9874 	 City_Num:50 	 Concorde:0.057402 	 MCTS:5.740196 Improve:0.000000 	 Time:5.00 Seconds
Solution: 1 41 21 17 35 28 9 15 24 36 11 27 40 31 6 49 45 22 37 10 8 14 34 33 46 19 4 29 25 47 7 16 23 20 50 5 38 48 18 26 32 43 13 39 42 44 30 12 2 3 

Inst_Index:9875 	 City_Num:50 	 Concorde:0.059917 	 MCTS:5.991650 Improve:0.000000 	 Time:5.00 Seconds
Solution: 1 17 7 5 15 28 2 38 50 26 14 40 4 43 49 18 16 24 42 35 8 9 32 6 19 22 46 45 37 31 41 30 48 39 36 10 25 34 20 23 47 33 44 27 3 21 12 11 29 13 

Inst_Index:9876 	 City_Num:50 	 Concorde:0.060981 	 MCTS:6.098109 Improve:-0.000000 	 Time:5.00 Seconds
Solution: 1 30 34 37 5 38 17 27 22 28 44 36 24 43 40 7 35 48 32 29 8 25 14 18 49 2 47 45 42 6 39 4 16 21 23 13 46 33 9 11 19 3 41 12 20 10 50 31 26 15 

Inst_Index:9877 	 City_Num:50 	 Concorde:0.056229 	 MCTS:5.621974 Improve:0.000912 	 Time:5.00 Seconds
Solution: 1 11 3 40 41 46 19 20 39 50 17 6 28 49 33 48 35 32 14 31 16 43 27 37 9 42 7 23 2 24 44 36 45 34 29 5 22 10 12 38 8 30 4 18 47 15 26 25 21 13 

Inst_Index:9878 	 City_Num:50 	 Concorde:0.059808 	 MCTS:5.980837 Improve:-0.000000 	 Time:5.00 Seconds
Solution: 1 14 10 43 49 32 17 47 3 4 44 33 18 29 24 46 42 11 27 37 41 20 2 21 31 8 50 5 22 6 40 23 35 48 36 25 34 28 45 26 30 39 38 7 19 15 9 12 16 13 

Inst_Index:9879 	 City_Num:50 	 Concorde:0.052581 	 MCTS:5.258149 Improve:0.000000 	 Time:5.00 Seconds
Solution: 1 27 33 14 44 17 8 20 10 48 37 45 43 34 35 2 28 29 16 21 22 19 49 30 40 39 25 24 42 7 26 18 23 9 50 6 47 46 31 38 36 13 5 11 41 15 32 12 3 4 

Inst_Index:9880 	 City_Num:50 	 Concorde:0.056530 	 MCTS:5.652153 Improve:0.000843 	 Time:5.00 Seconds
Solution: 1 28 7 32 11 21 49 5 13 40 37 24 22 38 12 18 2 20 43 36 31 39 41 25 17 46 45 9 35 4 47 6 23 30 10 26 19 8 48 33 42 15 34 27 50 3 14 16 29 44 

Inst_Index:9881 	 City_Num:50 	 Concorde:0.057858 	 MCTS:5.785787 Improve:-0.000000 	 Time:5.00 Seconds
Solution: 1 16 39 22 3 14 40 20 50 38 29 41 42 5 6 7 43 46 23 15 19 27 34 12 33 2 10 25 8 47 37 44 21 24 9 11 13 18 49 28 30 36 31 48 35 26 32 45 17 4 

Inst_Index:9882 	 City_Num:50 	 Concorde:0.057867 	 MCTS:5.786695 Improve:-0.000000 	 Time:5.00 Seconds
Solution: 1 3 25 20 5 6 28 35 26 10 16 46 29 7 36 44 34 37 40 32 13 47 18 24 42 12 27 19 21 15 39 41 33 38 31 45 23 2 8 49 17 14 30 9 22 50 43 48 11 4 

Inst_Index:9883 	 City_Num:50 	 Concorde:0.053709 	 MCTS:5.369676 Improve:0.001218 	 Time:5.01 Seconds
Solution: 1 12 44 31 15 23 22 46 10 4 20 33 13 50 9 26 17 5 11 3 43 24 41 39 49 40 42 8 37 30 14 27 36 18 38 32 29 48 21 16 6 2 34 35 45 28 47 25 7 19 

Inst_Index:9884 	 City_Num:50 	 Concorde:0.058010 	 MCTS:5.800977 Improve:0.000000 	 Time:5.00 Seconds
Solution: 1 43 48 10 20 3 15 21 5 2 40 7 41 37 28 45 31 42 17 36 50 8 35 11 33 29 44 24 27 38 13 18 19 46 16 23 49 14 30 4 26 6 47 9 25 39 22 34 12 32 

Inst_Index:9885 	 City_Num:50 	 Concorde:0.061409 	 MCTS:6.140851 Improve:0.000000 	 Time:5.00 Seconds
Solution: 1 18 35 22 33 6 14 42 23 49 5 37 46 40 39 48 21 43 44 32 15 4 36 7 30 45 13 19 24 29 31 27 28 25 12 11 34 3 41 17 2 20 16 38 9 50 10 26 8 47 

Inst_Index:9886 	 City_Num:50 	 Concorde:0.055597 	 MCTS:5.559683 Improve:0.000000 	 Time:5.00 Seconds
Solution: 1 21 23 50 9 28 18 12 3 26 41 8 31 30 36 6 14 7 33 46 11 25 16 29 35 5 40 37 43 45 19 20 27 2 39 10 24 49 38 42 44 32 13 48 4 17 34 15 47 22 

Inst_Index:9887 	 City_Num:50 	 Concorde:0.049967 	 MCTS:4.996669 Improve:0.000000 	 Time:5.00 Seconds
Solution: 1 18 38 26 36 3 20 22 39 33 32 23 19 40 43 50 45 49 29 37 4 28 14 13 17 24 35 27 34 12 25 30 31 6 46 7 10 8 9 5 16 47 2 11 44 42 15 21 41 48 

Inst_Index:9888 	 City_Num:50 	 Concorde:0.057886 	 MCTS:5.788547 Improve:0.000084 	 Time:5.00 Seconds
Solution: 1 13 14 3 39 33 47 12 20 34 49 15 9 45 7 37 28 40 24 29 16 30 27 10 38 35 21 19 50 48 44 36 11 18 17 46 42 22 32 4 25 31 5 43 8 26 41 23 2 6 

Inst_Index:9889 	 City_Num:50 	 Concorde:0.060074 	 MCTS:6.004241 Improve:0.003136 	 Time:5.00 Seconds
Solution: 1 20 6 24 4 33 40 3 34 49 13 44 18 41 36 30 17 39 9 43 15 38 27 48 19 22 8 42 14 11 32 21 37 50 2 45 35 26 23 28 16 10 31 5 7 46 47 25 29 12 

Inst_Index:9890 	 City_Num:50 	 Concorde:0.055162 	 MCTS:5.516187 Improve:0.000000 	 Time:5.00 Seconds
Solution: 1 18 33 26 12 49 44 14 16 30 3 4 17 31 11 22 29 25 2 21 5 15 32 8 7 41 19 24 42 43 50 10 13 46 47 38 23 37 39 6 34 40 20 36 9 45 27 35 48 28 

Inst_Index:9891 	 City_Num:50 	 Concorde:0.057689 	 MCTS:5.768886 Improve:0.000000 	 Time:5.00 Seconds
Solution: 1 45 2 36 27 15 49 21 43 24 40 16 47 9 17 44 14 37 22 46 39 18 11 50 7 19 38 10 5 31 34 29 26 4 30 35 32 28 13 33 23 8 48 41 12 42 20 25 6 3 

Inst_Index:9892 	 City_Num:50 	 Concorde:0.054574 	 MCTS:5.457356 Improve:0.000000 	 Time:5.00 Seconds
Solution: 1 46 41 21 35 24 27 39 50 33 29 22 11 25 28 17 20 43 9 48 42 49 7 3 34 15 44 8 2 12 31 14 23 40 18 5 10 38 6 16 37 13 4 36 32 26 45 30 19 47 

Inst_Index:9893 	 City_Num:50 	 Concorde:0.057666 	 MCTS:5.759840 Improve:0.006751 	 Time:5.00 Seconds
Solution: 1 42 18 19 32 9 35 37 26 34 16 4 3 45 47 8 50 46 21 7 14 41 29 30 15 10 11 17 33 40 36 28 23 49 48 5 6 44 38 25 20 39 31 13 22 12 43 27 24 2 

Inst_Index:9894 	 City_Num:50 	 Concorde:0.057752 	 MCTS:5.775215 Improve:-0.000000 	 Time:5.00 Seconds
Solution: 1 6 19 30 32 24 47 40 21 46 14 28 8 5 39 26 23 2 3 35 27 15 20 10 33 11 9 37 41 17 38 34 48 25 50 16 31 7 22 43 18 45 4 29 36 13 42 44 12 49 

Inst_Index:9895 	 City_Num:50 	 Concorde:0.051601 	 MCTS:5.155249 Improve:0.004852 	 Time:5.00 Seconds
Solution: 1 15 17 18 44 43 23 24 50 34 20 42 32 45 28 8 48 40 36 11 25 5 16 39 41 19 4 2 38 6 13 21 37 22 47 10 27 12 31 29 26 30 9 7 33 3 46 35 49 14 

Inst_Index:9896 	 City_Num:50 	 Concorde:0.056081 	 MCTS:5.608109 Improve:0.000000 	 Time:5.00 Seconds
Solution: 1 18 31 11 8 33 39 32 15 24 16 4 26 35 10 13 42 41 9 34 37 22 43 7 47 17 29 50 19 49 3 12 36 40 21 23 46 44 20 5 2 38 45 25 48 14 27 28 30 6 

Inst_Index:9897 	 City_Num:50 	 Concorde:0.056189 	 MCTS:5.618897 Improve:0.000000 	 Time:5.00 Seconds
Solution: 1 31 41 47 50 18 36 29 27 8 39 32 30 19 35 25 21 4 26 7 11 48 34 12 45 37 13 44 24 33 22 42 40 49 43 5 9 15 14 6 16 46 17 3 10 23 20 28 38 2 

Inst_Index:9898 	 City_Num:50 	 Concorde:0.048407 	 MCTS:4.838944 Improve:0.001758 	 Time:5.00 Seconds
Solution: 1 12 43 6 18 7 9 13 41 48 20 45 46 33 37 4 3 49 24 31 17 28 34 14 26 32 38 35 42 16 44 40 39 19 10 27 15 30 8 21 29 22 47 2 23 50 25 5 36 11 

Inst_Index:9899 	 City_Num:50 	 Concorde:0.059926 	 MCTS:5.992636 Improve:0.000000 	 Time:5.00 Seconds
Solution: 1 34 8 13 17 15 35 19 28 41 44 39 45 20 30 14 33 12 26 3 48 50 29 38 5 9 11 47 7 6 16 36 21 42 49 43 2 18 22 27 25 23 24 46 4 10 40 31 32 37 

Inst_Index:9900 	 City_Num:50 	 Concorde:0.054940 	 MCTS:5.493970 Improve:-0.000000 	 Time:5.00 Seconds
Solution: 1 26 18 49 12 40 33 22 21 41 39 15 13 2 27 3 48 42 14 10 30 19 9 23 37 50 8 31 38 4 43 6 47 5 17 25 32 24 36 29 11 35 16 7 44 34 46 45 28 20 

Inst_Index:9901 	 City_Num:50 	 Concorde:0.061821 	 MCTS:6.181304 Improve:0.000791 	 Time:5.00 Seconds
Solution: 1 30 14 25 33 36 17 7 41 18 34 40 44 21 27 9 39 15 38 23 5 42 20 22 4 16 32 26 19 48 11 24 2 13 29 50 49 35 47 6 28 8 12 46 31 45 43 3 37 10 

Inst_Index:9902 	 City_Num:50 	 Concorde:0.059643 	 MCTS:5.964321 Improve:-0.000000 	 Time:5.00 Seconds
Solution: 1 20 9 21 23 8 14 33 38 28 31 13 40 11 6 25 44 35 37 18 27 26 3 46 22 10 43 15 42 29 4 2 50 19 7 30 48 41 34 17 12 39 45 49 24 32 36 16 5 47 

Inst_Index:9903 	 City_Num:50 	 Concorde:0.057943 	 MCTS:5.794347 Improve:-0.000000 	 Time:5.00 Seconds
Solution: 1 42 28 19 34 38 10 6 14 36 27 24 21 7 39 40 22 32 43 47 45 50 44 30 2 49 26 33 15 41 37 17 12 23 35 13 4 46 29 25 18 16 20 8 9 5 11 48 31 3 

Inst_Index:9904 	 City_Num:50 	 Concorde:0.058245 	 MCTS:5.822659 Improve:0.001852 	 Time:5.00 Seconds
Solution: 1 8 11 9 34 35 20 44 32 14 21 22 16 48 37 36 3 17 12 45 7 15 4 18 28 33 23 13 19 2 25 38 31 46 40 27 47 39 41 50 5 6 49 42 30 29 24 10 26 43 

Inst_Index:9905 	 City_Num:50 	 Concorde:0.056707 	 MCTS:5.670723 Improve:-0.000000 	 Time:5.00 Seconds
Solution: 1 15 28 36 39 3 46 30 20 18 14 9 23 47 32 16 8 26 7 17 24 4 49 44 29 2 5 45 6 13 48 50 22 19 31 27 41 38 43 35 21 42 40 11 25 34 10 12 37 33 

Inst_Index:9906 	 City_Num:50 	 Concorde:0.059244 	 MCTS:5.924448 Improve:0.000000 	 Time:5.00 Seconds
Solution: 1 34 26 8 14 2 16 18 40 46 3 49 42 31 47 30 32 11 20 39 25 6 19 28 10 50 48 27 23 43 33 5 35 9 44 21 41 38 12 45 22 36 15 17 4 37 7 13 24 29 

Inst_Index:9907 	 City_Num:50 	 Concorde:0.060422 	 MCTS:6.042205 Improve:0.000000 	 Time:5.01 Seconds
Solution: 1 3 48 47 20 25 44 14 12 5 17 16 31 11 30 18 32 19 21 6 28 34 8 43 26 50 15 24 13 9 23 27 38 10 33 37 40 42 36 29 41 49 46 39 22 7 2 45 35 4 

Inst_Index:9908 	 City_Num:50 	 Concorde:0.057252 	 MCTS:5.725204 Improve:0.000000 	 Time:5.00 Seconds
Solution: 1 3 44 50 14 30 34 27 48 33 39 19 9 29 8 7 12 45 32 41 18 5 46 38 49 10 4 31 22 26 23 13 37 35 16 17 25 42 28 21 43 11 2 20 6 47 36 15 24 40 

Inst_Index:9909 	 City_Num:50 	 Concorde:0.052960 	 MCTS:5.294849 Improve:0.001135 	 Time:5.00 Seconds
Solution: 1 2 42 16 20 4 40 35 32 8 3 24 36 37 38 28 18 29 12 47 17 34 10 30 7 13 25 49 14 6 44 9 5 26 27 41 31 46 39 33 43 50 19 22 15 23 48 21 11 45 

Inst_Index:9910 	 City_Num:50 	 Concorde:0.052792 	 MCTS:5.276999 Improve:0.002247 	 Time:5.00 Seconds
Solution: 1 48 31 45 16 28 30 23 22 7 21 13 9 41 15 25 44 19 46 26 12 43 34 5 4 39 35 6 2 27 11 49 10 36 40 47 37 3 29 33 38 24 8 14 42 18 20 32 50 17 

Inst_Index:9911 	 City_Num:50 	 Concorde:0.057388 	 MCTS:5.738796 Improve:-0.000000 	 Time:5.00 Seconds
Solution: 1 48 5 36 13 28 19 42 8 43 44 9 29 26 49 37 15 21 25 27 24 3 22 23 34 31 39 32 12 20 46 16 50 30 41 14 47 18 33 17 7 4 6 2 35 11 40 38 45 10 

Inst_Index:9912 	 City_Num:50 	 Concorde:0.055649 	 MCTS:5.563030 Improve:0.001893 	 Time:5.00 Seconds
Solution: 1 18 44 49 29 22 21 4 32 15 41 31 46 33 3 11 30 2 13 26 23 10 6 48 9 24 50 16 5 43 25 17 28 7 8 45 19 47 20 14 37 36 38 39 42 40 35 27 12 34 

Inst_Index:9913 	 City_Num:50 	 Concorde:0.059595 	 MCTS:5.959486 Improve:0.000000 	 Time:5.00 Seconds
Solution: 1 36 44 31 16 21 30 45 47 15 19 23 13 14 27 29 33 41 3 34 42 6 46 9 10 25 7 37 22 4 32 35 8 17 28 43 50 11 5 2 38 20 48 39 40 26 24 49 12 18 

Inst_Index:9914 	 City_Num:50 	 Concorde:0.056640 	 MCTS:5.660499 Improve:0.003476 	 Time:5.00 Seconds
Solution: 1 27 21 39 45 46 30 17 18 33 31 42 14 36 11 38 26 12 2 43 8 29 9 6 28 15 44 32 4 16 25 49 19 22 47 23 3 48 24 7 20 5 10 34 41 50 35 37 13 40 

Inst_Index:9915 	 City_Num:50 	 Concorde:0.056060 	 MCTS:5.605967 Improve:-0.000000 	 Time:5.00 Seconds
Solution: 1 14 49 35 8 10 21 16 4 31 25 13 28 36 7 38 11 37 29 18 41 50 43 34 32 24 47 2 20 30 6 26 9 39 46 17 33 15 19 42 23 12 40 27 3 5 48 22 45 44 

Inst_Index:9916 	 City_Num:50 	 Concorde:0.053364 	 MCTS:5.336410 Improve:0.000000 	 Time:5.00 Seconds
Solution: 1 50 41 40 36 39 25 8 47 19 23 17 32 13 30 20 12 45 10 22 44 49 15 33 11 16 43 42 5 35 27 48 24 29 46 28 18 38 9 3 31 2 21 26 4 6 34 14 37 7 

Inst_Index:9917 	 City_Num:50 	 Concorde:0.056711 	 MCTS:5.671121 Improve:-0.000000 	 Time:5.00 Seconds
Solution: 1 44 11 26 40 38 32 34 46 30 5 33 9 3 2 49 25 43 6 21 12 39 7 31 35 48 22 27 42 17 16 4 8 19 47 23 15 14 50 41 36 45 28 24 20 13 29 18 37 10 

Inst_Index:9918 	 City_Num:50 	 Concorde:0.058121 	 MCTS:5.812129 Improve:0.000000 	 Time:5.00 Seconds
Solution: 1 16 29 12 13 34 25 7 11 10 47 43 8 19 36 23 5 14 35 2 38 46 40 20 3 48 45 17 18 44 32 21 27 22 15 42 6 28 30 4 49 37 39 33 26 41 50 9 24 31 

Inst_Index:9919 	 City_Num:50 	 Concorde:0.061105 	 MCTS:6.110474 Improve:0.000000 	 Time:5.00 Seconds
Solution: 1 30 17 31 5 42 44 11 22 24 39 46 50 9 36 8 10 47 49 27 21 48 40 35 13 34 2 28 19 14 6 33 4 7 37 23 29 32 18 16 45 15 41 3 12 26 43 25 38 20 

Inst_Index:9920 	 City_Num:50 	 Concorde:0.057805 	 MCTS:5.780501 Improve:0.000000 	 Time:5.00 Seconds
Solution: 1 15 36 11 14 38 30 7 48 13 18 50 25 21 35 26 47 40 39 19 28 16 6 17 42 12 3 31 4 29 5 34 44 9 23 27 2 22 32 33 10 49 37 41 46 24 45 20 43 8 

Inst_Index:9921 	 City_Num:50 	 Concorde:0.062178 	 MCTS:6.217847 Improve:0.000000 	 Time:5.00 Seconds
Solution: 1 13 44 40 29 19 23 42 28 14 18 25 45 17 35 24 2 39 11 27 48 5 4 38 30 15 21 16 20 41 46 10 8 49 12 22 3 50 32 47 33 6 26 7 34 9 43 31 37 36 

Inst_Index:9922 	 City_Num:50 	 Concorde:0.054529 	 MCTS:5.452934 Improve:-0.000000 	 Time:5.00 Seconds
Solution: 1 21 11 10 12 18 41 32 19 47 7 13 4 14 22 15 31 38 2 44 33 28 42 34 23 17 9 16 6 48 36 46 40 24 25 43 37 45 27 39 35 29 50 3 5 8 49 26 20 30 

Inst_Index:9923 	 City_Num:50 	 Concorde:0.055197 	 MCTS:5.519671 Improve:0.000000 	 Time:5.00 Seconds
Solution: 1 6 37 8 47 3 21 39 50 18 48 35 14 36 40 15 13 38 25 10 27 7 45 16 23 9 28 5 20 4 42 46 32 12 17 29 22 31 43 30 41 26 44 33 24 34 49 2 11 19 

Inst_Index:9924 	 City_Num:50 	 Concorde:0.058560 	 MCTS:5.855404 Improve:0.000549 	 Time:5.00 Seconds
Solution: 1 5 37 3 26 14 22 47 6 23 32 2 45 8 46 25 34 27 24 33 21 15 40 49 9 20 50 13 7 41 4 35 30 12 42 31 29 38 39 36 10 17 28 18 19 48 43 16 11 44 

Inst_Index:9925 	 City_Num:50 	 Concorde:0.053145 	 MCTS:5.314490 Improve:0.000000 	 Time:5.00 Seconds
Solution: 1 40 21 34 38 18 12 44 3 9 29 25 5 20 35 2 49 43 22 31 13 50 19 24 8 45 15 33 48 46 16 7 42 27 30 39 23 4 36 6 26 14 37 41 17 11 47 10 28 32 

Inst_Index:9926 	 City_Num:50 	 Concorde:0.056617 	 MCTS:5.661720 Improve:-0.000000 	 Time:5.01 Seconds
Solution: 1 42 21 19 36 9 24 7 50 3 31 2 48 39 10 6 32 20 12 37 41 25 26 34 15 49 5 22 23 45 18 11 16 8 13 44 29 46 33 40 4 35 38 28 17 14 43 47 27 30 

Inst_Index:9927 	 City_Num:50 	 Concorde:0.054299 	 MCTS:5.422756 Improve:0.007139 	 Time:5.00 Seconds
Solution: 1 31 13 19 35 38 25 18 49 10 40 50 33 17 32 9 41 12 6 47 16 45 21 42 14 48 22 8 26 23 3 39 20 46 29 11 36 27 5 34 37 44 2 4 15 28 7 24 30 43 

Inst_Index:9928 	 City_Num:50 	 Concorde:0.057210 	 MCTS:5.720964 Improve:0.000000 	 Time:5.00 Seconds
Solution: 1 33 31 44 19 14 16 21 12 4 28 38 30 35 24 10 5 32 13 43 49 22 2 8 27 46 48 15 29 26 18 34 6 39 7 50 11 37 23 45 9 42 20 36 3 41 17 40 25 47 

Inst_Index:9929 	 City_Num:50 	 Concorde:0.052550 	 MCTS:5.255021 Improve:-0.000000 	 Time:5.00 Seconds
Solution: 1 49 2 48 6 46 4 26 18 16 44 28 50 39 5 10 38 30 47 42 29 8 14 19 13 40 20 33 17 31 25 7 43 37 22 32 27 11 41 12 3 9 34 21 36 23 35 15 24 45 

Inst_Index:9930 	 City_Num:50 	 Concorde:0.053993 	 MCTS:5.399262 Improve:-0.000000 	 Time:5.00 Seconds
Solution: 1 35 5 38 33 26 32 41 10 21 15 31 45 17 16 13 14 50 48 39 43 40 19 18 34 47 36 2 23 28 6 7 30 37 4 25 44 11 3 20 22 46 27 42 9 8 12 29 49 24 

Inst_Index:9931 	 City_Num:50 	 Concorde:0.054678 	 MCTS:5.467812 Improve:0.000000 	 Time:5.00 Seconds
Solution: 1 47 41 29 40 7 44 39 23 49 4 31 10 18 6 25 32 43 46 24 2 35 37 28 38 48 5 30 11 17 3 27 13 34 33 16 20 9 45 26 50 12 36 19 14 8 15 42 21 22 

Inst_Index:9932 	 City_Num:50 	 Concorde:0.057279 	 MCTS:5.727908 Improve:0.000000 	 Time:5.01 Seconds
Solution: 1 18 40 35 6 12 48 31 15 14 27 38 5 25 34 43 24 49 36 42 39 41 26 46 19 45 11 7 29 47 37 3 21 30 8 32 16 17 20 23 10 33 9 44 2 4 28 50 13 22 

Inst_Index:9933 	 City_Num:50 	 Concorde:0.057557 	 MCTS:5.755667 Improve:0.000000 	 Time:5.00 Seconds
Solution: 1 38 6 24 42 45 10 22 12 26 43 21 32 15 17 30 41 9 14 8 7 39 27 4 44 34 19 20 5 16 29 3 31 23 35 48 36 46 40 33 11 47 25 18 13 37 2 49 50 28 

Inst_Index:9934 	 City_Num:50 	 Concorde:0.056711 	 MCTS:5.665934 Improve:0.005210 	 Time:5.00 Seconds
Solution: 1 4 24 7 41 40 45 27 19 46 38 26 21 37 23 35 30 34 39 18 16 28 8 50 36 12 42 11 31 25 15 20 2 13 49 44 14 47 22 10 6 5 43 48 17 3 32 33 29 9 

Inst_Index:9935 	 City_Num:50 	 Concorde:0.054768 	 MCTS:5.476833 Improve:0.000000 	 Time:5.00 Seconds
Solution: 1 24 14 6 5 46 40 17 48 37 27 2 35 21 4 43 47 12 19 32 44 50 23 33 13 39 7 30 38 45 11 29 16 8 20 26 41 18 25 10 31 15 3 22 34 36 42 49 28 9 

Inst_Index:9936 	 City_Num:50 	 Concorde:0.056042 	 MCTS:5.604241 Improve:0.000000 	 Time:5.01 Seconds
Solution: 1 6 9 10 35 8 33 24 22 4 31 43 11 39 48 34 46 47 28 18 38 32 37 41 7 29 2 13 19 42 16 21 45 12 36 49 5 14 40 3 23 30 27 26 20 50 25 15 44 17 

Inst_Index:9937 	 City_Num:50 	 Concorde:0.055394 	 MCTS:5.539372 Improve:0.000000 	 Time:5.00 Seconds
Solution: 1 15 46 44 29 5 39 18 19 6 3 20 45 8 50 31 41 48 24 27 49 22 25 40 32 28 2 42 26 4 21 17 47 13 23 7 33 35 30 12 36 34 38 43 37 9 14 10 16 11 

Inst_Index:9938 	 City_Num:50 	 Concorde:0.056321 	 MCTS:5.632053 Improve:0.000000 	 Time:5.01 Seconds
Solution: 1 28 11 35 5 10 19 12 38 36 14 34 48 41 30 17 9 16 24 22 8 13 23 31 37 15 29 26 27 18 4 47 40 3 39 45 49 43 6 33 42 46 20 50 7 32 44 25 2 21 

Inst_Index:9939 	 City_Num:50 	 Concorde:0.054963 	 MCTS:5.496347 Improve:0.000000 	 Time:5.00 Seconds
Solution: 1 44 14 13 20 6 33 46 50 36 7 8 48 11 39 41 49 26 29 9 37 35 28 21 40 17 15 38 34 43 27 31 2 5 4 45 18 12 30 24 3 32 10 19 23 25 22 16 47 42 

Inst_Index:9940 	 City_Num:50 	 Concorde:0.056560 	 MCTS:5.656030 Improve:-0.000000 	 Time:5.00 Seconds
Solution: 1 34 49 35 21 40 8 15 44 45 33 25 9 47 27 37 19 11 20 10 32 13 50 46 14 3 5 39 4 24 23 31 48 7 22 42 38 16 12 43 6 30 2 18 29 26 17 36 28 41 

Inst_Index:9941 	 City_Num:50 	 Concorde:0.051746 	 MCTS:5.172743 Improve:0.001875 	 Time:5.00 Seconds
Solution: 1 45 20 35 31 41 5 49 42 2 26 21 33 11 48 46 38 15 25 47 8 23 28 13 6 12 7 18 22 14 9 37 32 3 16 30 40 43 10 50 27 4 17 24 36 44 39 29 19 34 

Inst_Index:9942 	 City_Num:50 	 Concorde:0.058682 	 MCTS:5.868159 Improve:0.000000 	 Time:5.01 Seconds
Solution: 1 17 25 50 21 41 34 28 6 33 42 3 30 23 19 13 2 32 36 49 4 5 10 31 47 39 45 48 11 22 14 8 12 26 7 29 43 18 20 27 35 44 15 40 24 46 16 38 37 9 

Inst_Index:9943 	 City_Num:50 	 Concorde:0.055617 	 MCTS:5.561698 Improve:-0.000000 	 Time:5.00 Seconds
Solution: 1 31 36 4 50 2 34 20 37 24 41 15 39 45 32 33 48 26 25 42 22 21 10 18 8 17 23 27 30 35 28 16 9 5 47 19 40 14 3 44 12 46 6 38 11 29 49 7 43 13 

Inst_Index:9944 	 City_Num:50 	 Concorde:0.055988 	 MCTS:5.598584 Improve:0.000173 	 Time:5.01 Seconds
Solution: 1 46 28 45 2 7 29 23 18 15 34 27 43 14 32 47 44 22 13 31 30 4 35 26 41 48 42 17 21 40 6 12 38 9 10 50 25 36 16 37 49 20 24 33 19 39 3 8 5 11 

Inst_Index:9945 	 City_Num:50 	 Concorde:0.055232 	 MCTS:5.523203 Improve:-0.000000 	 Time:5.00 Seconds
Solution: 1 16 41 43 47 31 3 4 5 13 12 17 30 15 46 8 34 21 50 25 42 45 32 6 40 26 35 7 48 36 37 11 27 28 9 2 10 38 20 22 19 44 14 24 18 29 49 33 23 39 

Inst_Index:9946 	 City_Num:50 	 Concorde:0.055278 	 MCTS:5.527782 Improve:-0.000000 	 Time:5.00 Seconds
Solution: 1 41 45 10 5 33 27 8 23 13 39 37 14 44 3 48 43 31 7 20 22 38 2 25 29 32 24 50 47 34 12 40 19 16 35 11 28 17 26 6 30 36 18 49 46 21 42 15 4 9 

Inst_Index:9947 	 City_Num:50 	 Concorde:0.055478 	 MCTS:5.547770 Improve:0.000000 	 Time:5.01 Seconds
Solution: 1 38 17 4 16 14 9 32 19 45 47 13 49 41 30 11 48 20 37 8 50 29 39 2 33 6 46 10 31 7 21 40 15 18 25 26 44 43 24 28 27 42 5 23 22 34 36 3 12 35 

Inst_Index:9948 	 City_Num:50 	 Concorde:0.054920 	 MCTS:5.492030 Improve:0.000000 	 Time:5.00 Seconds
Solution: 1 7 14 21 36 39 30 32 11 8 12 41 48 19 33 27 24 4 23 47 6 16 50 38 45 49 5 35 3 25 22 31 28 17 46 20 42 43 34 29 13 9 37 40 26 15 10 2 18 44 

Inst_Index:9949 	 City_Num:50 	 Concorde:0.058030 	 MCTS:5.803042 Improve:0.000000 	 Time:5.01 Seconds
Solution: 1 5 10 29 30 22 26 9 50 21 41 28 14 42 44 48 20 33 4 27 43 31 47 16 17 3 25 7 23 39 8 49 34 36 35 38 40 13 6 2 15 32 19 37 18 46 24 12 11 45 

Inst_Index:9950 	 City_Num:50 	 Concorde:0.057209 	 MCTS:5.720864 Improve:-0.000000 	 Time:5.00 Seconds
Solution: 1 41 21 19 44 33 36 16 18 23 20 6 5 25 12 29 2 45 40 24 28 46 35 48 9 27 4 37 47 50 7 31 8 22 43 42 13 38 39 34 3 11 49 10 26 17 30 14 15 32 

Inst_Index:9951 	 City_Num:50 	 Concorde:0.053454 	 MCTS:5.344366 Improve:0.001030 	 Time:5.00 Seconds
Solution: 1 4 6 32 25 16 43 36 2 44 20 38 39 42 41 34 48 3 19 45 28 46 26 29 35 24 27 13 23 49 22 47 5 7 8 14 17 31 33 9 21 12 10 11 40 37 15 18 50 30 

Inst_Index:9952 	 City_Num:50 	 Concorde:0.061678 	 MCTS:6.167809 Improve:0.000000 	 Time:5.01 Seconds
Solution: 1 2 48 13 23 43 24 12 31 44 19 25 50 32 46 39 47 45 29 22 4 16 6 21 28 20 5 27 36 7 18 38 49 30 9 41 11 40 17 8 15 3 26 37 33 14 34 10 42 35 

Inst_Index:9953 	 City_Num:50 	 Concorde:0.053562 	 MCTS:5.356221 Improve:0.000000 	 Time:5.00 Seconds
Solution: 1 23 42 12 32 48 38 27 37 49 14 20 47 28 45 6 5 9 18 24 36 30 15 41 16 40 11 17 46 26 25 34 22 35 21 19 33 50 31 39 7 3 29 2 13 44 4 10 8 43 

Inst_Index:9954 	 City_Num:50 	 Concorde:0.059321 	 MCTS:5.926844 Improve:0.005231 	 Time:5.00 Seconds
Solution: 1 35 2 42 32 5 41 17 8 50 19 25 43 22 20 24 39 9 4 26 6 15 29 34 36 49 33 16 13 30 31 40 11 47 48 21 44 28 7 23 18 37 27 38 12 14 10 45 3 46 

Inst_Index:9955 	 City_Num:50 	 Concorde:0.062620 	 MCTS:6.262034 Improve:-0.000000 	 Time:5.01 Seconds
Solution: 1 12 38 41 48 40 9 45 25 35 23 10 36 8 46 15 20 39 7 37 17 49 50 2 21 34 19 42 24 30 29 14 22 6 18 33 26 3 5 28 27 47 44 31 43 16 13 32 4 11 

Inst_Index:9956 	 City_Num:50 	 Concorde:0.056404 	 MCTS:5.636418 Improve:0.003960 	 Time:5.00 Seconds
Solution: 1 14 23 9 40 34 33 7 46 44 6 29 15 45 50 18 47 8 49 12 20 3 16 4 36 5 42 30 13 19 35 25 39 28 38 48 11 10 41 24 2 43 17 32 27 37 31 22 26 21 

Inst_Index:9957 	 City_Num:50 	 Concorde:0.057184 	 MCTS:5.718431 Improve:0.000000 	 Time:5.00 Seconds
Solution: 1 10 19 47 50 32 26 30 25 33 3 23 36 29 22 42 2 35 21 37 15 18 34 17 27 5 20 40 39 9 49 12 45 16 7 24 31 11 38 48 8 6 4 46 13 41 28 43 14 44 

Inst_Index:9958 	 City_Num:50 	 Concorde:0.055617 	 MCTS:5.561650 Improve:-0.000000 	 Time:5.00 Seconds
Solution: 1 24 12 45 3 13 22 4 42 19 33 6 23 37 17 5 9 46 40 25 44 8 34 16 14 41 32 30 28 18 7 38 15 47 20 50 43 49 26 21 31 35 11 39 36 29 10 48 27 2 

Inst_Index:9959 	 City_Num:50 	 Concorde:0.060465 	 MCTS:6.036536 Improve:0.009981 	 Time:5.00 Seconds
Solution: 1 45 29 3 34 23 32 25 20 13 38 22 11 26 9 35 21 33 17 42 40 48 18 36 15 41 30 7 50 16 28 6 14 2 19 10 24 12 46 31 4 27 49 39 37 8 5 43 44 47 

Inst_Index:9960 	 City_Num:50 	 Concorde:0.055519 	 MCTS:5.551934 Improve:0.000000 	 Time:5.02 Seconds
Solution: 1 38 20 25 8 11 24 18 49 30 35 12 39 7 14 23 19 6 42 16 46 31 28 3 17 2 5 15 47 4 27 40 26 33 22 45 50 21 37 9 13 29 44 32 10 48 43 34 36 41 

Inst_Index:9961 	 City_Num:50 	 Concorde:0.053450 	 MCTS:5.345014 Improve:0.000000 	 Time:5.00 Seconds
Solution: 1 24 34 4 50 32 40 38 44 30 47 39 45 36 11 27 35 6 14 9 15 13 25 5 46 17 20 21 10 7 12 33 49 26 23 22 16 37 2 18 3 43 48 31 28 8 41 29 42 19 

Inst_Index:9962 	 City_Num:50 	 Concorde:0.060868 	 MCTS:6.086785 Improve:-0.000000 	 Time:5.00 Seconds
Solution: 1 30 43 42 17 48 35 34 23 29 46 9 25 4 26 49 44 24 12 20 21 45 11 10 41 2 37 15 5 7 27 6 13 36 33 22 14 28 19 18 16 31 8 38 50 3 32 39 47 40 

Inst_Index:9963 	 City_Num:50 	 Concorde:0.058301 	 MCTS:5.830114 Improve:-0.000000 	 Time:5.00 Seconds
Solution: 1 43 8 38 41 37 4 17 20 25 50 14 11 40 5 22 48 15 28 9 6 49 35 2 30 13 3 42 39 47 18 26 24 31 29 19 27 21 44 36 10 46 23 34 33 45 16 32 7 12 

Inst_Index:9964 	 City_Num:50 	 Concorde:0.058783 	 MCTS:5.878287 Improve:-0.000000 	 Time:5.01 Seconds
Solution: 1 16 29 40 25 26 42 35 9 20 33 7 2 19 46 6 4 48 21 18 17 45 28 14 32 15 50 34 39 31 36 27 11 8 10 5 44 23 3 41 22 30 12 43 37 24 49 38 13 47 

Inst_Index:9965 	 City_Num:50 	 Concorde:0.058297 	 MCTS:5.829709 Improve:0.000000 	 Time:5.00 Seconds
Solution: 1 9 46 23 48 32 18 20 16 15 28 8 37 25 42 45 13 17 2 34 29 4 43 19 40 3 21 49 11 14 24 6 12 31 7 38 44 50 22 47 41 36 5 30 39 26 27 33 35 10 

Inst_Index:9966 	 City_Num:50 	 Concorde:0.059391 	 MCTS:5.939054 Improve:-0.000000 	 Time:5.00 Seconds
Solution: 1 19 23 35 4 45 17 49 9 25 8 36 43 12 15 47 41 3 44 22 2 7 39 48 14 20 38 31 46 33 32 42 28 34 6 5 21 29 40 16 30 26 24 37 10 18 27 11 13 50 

Inst_Index:9967 	 City_Num:50 	 Concorde:0.060213 	 MCTS:6.027484 Improve:-0.006234 	 Time:5.00 Seconds
Solution: 1 20 12 34 45 36 41 40 8 5 17 39 16 42 3 24 22 18 29 49 25 13 21 32 50 44 43 48 33 23 37 2 27 28 47 7 31 14 26 46 4 35 30 19 15 11 9 10 6 38 

Inst_Index:9968 	 City_Num:50 	 Concorde:0.054541 	 MCTS:5.454133 Improve:0.000000 	 Time:5.00 Seconds
Solution: 1 6 38 11 12 43 5 2 44 19 42 14 30 8 9 34 18 22 23 48 47 46 13 27 24 29 49 31 16 15 25 28 36 4 7 41 50 3 17 32 37 33 20 35 39 21 40 45 26 10 

Inst_Index:9969 	 City_Num:50 	 Concorde:0.058161 	 MCTS:5.816081 Improve:0.000000 	 Time:5.00 Seconds
Solution: 1 15 47 45 18 36 21 43 19 9 4 23 44 41 46 32 33 34 20 3 5 14 30 31 8 48 6 28 12 29 13 49 42 11 50 26 38 16 40 17 22 39 10 24 37 2 27 35 25 7 

Inst_Index:9970 	 City_Num:50 	 Concorde:0.058999 	 MCTS:5.896107 Improve:0.003771 	 Time:5.00 Seconds
Solution: 1 16 36 48 41 37 47 25 30 10 40 34 39 49 19 50 20 8 6 17 38 9 12 33 24 13 15 32 5 18 2 35 42 11 29 45 4 43 28 23 46 7 31 14 27 3 22 21 44 26 

Inst_Index:9971 	 City_Num:50 	 Concorde:0.058216 	 MCTS:5.818378 Improve:0.003256 	 Time:5.00 Seconds
Solution: 1 19 27 45 15 36 17 6 40 16 42 12 44 24 2 39 25 10 49 37 9 38 8 34 18 23 13 21 5 35 4 33 11 30 50 20 29 26 43 22 7 32 41 28 14 47 3 48 31 46 

Inst_Index:9972 	 City_Num:50 	 Concorde:0.058877 	 MCTS:5.881931 Improve:0.005736 	 Time:5.02 Seconds
Solution: 1 22 24 34 18 3 15 35 36 45 13 37 5 31 48 7 33 4 14 46 44 47 39 21 11 2 26 17 23 49 50 43 38 12 19 20 27 16 29 41 6 32 9 10 30 42 40 28 25 8 

Inst_Index:9973 	 City_Num:50 	 Concorde:0.061141 	 MCTS:6.114131 Improve:-0.000000 	 Time:5.02 Seconds
Solution: 1 12 31 24 33 48 23 11 36 17 29 4 3 28 27 35 26 45 16 30 8 20 5 50 9 46 43 13 22 32 19 25 6 18 34 10 40 49 15 21 47 7 14 38 42 44 39 2 41 37 

Inst_Index:9974 	 City_Num:50 	 Concorde:0.054797 	 MCTS:5.478879 Improve:0.000812 	 Time:5.00 Seconds
Solution: 1 46 15 24 14 20 5 33 19 11 9 27 31 2 41 40 47 7 32 17 22 12 3 29 48 45 21 4 16 35 36 6 38 26 39 49 23 8 44 25 18 34 43 10 50 37 30 42 13 28 

Inst_Index:9975 	 City_Num:50 	 Concorde:0.056852 	 MCTS:5.674978 Improve:0.010255 	 Time:5.00 Seconds
Solution: 1 44 19 29 15 34 37 18 5 47 50 16 12 40 3 41 45 31 7 33 9 4 36 38 26 13 17 48 25 30 20 46 39 43 21 24 42 35 49 6 10 2 32 23 22 28 14 27 8 11 

Inst_Index:9976 	 City_Num:50 	 Concorde:0.056892 	 MCTS:5.689188 Improve:0.000000 	 Time:5.00 Seconds
Solution: 1 9 37 17 50 10 16 6 25 32 39 22 40 30 5 44 48 2 7 46 19 41 45 21 15 12 3 35 27 8 28 13 23 42 11 36 20 14 24 29 38 49 26 43 4 47 18 31 33 34 

Inst_Index:9977 	 City_Num:50 	 Concorde:0.058786 	 MCTS:5.878567 Improve:0.000000 	 Time:5.00 Seconds
Solution: 1 35 47 27 13 17 32 26 4 38 9 23 36 41 33 46 31 14 50 40 15 2 29 25 5 24 37 10 43 16 11 19 8 28 44 45 18 3 30 6 12 42 39 49 20 7 21 48 34 22 

Inst_Index:9978 	 City_Num:50 	 Concorde:0.056660 	 MCTS:5.662463 Improve:0.003559 	 Time:5.00 Seconds
Solution: 1 18 27 22 50 40 41 37 8 6 15 47 10 14 35 42 32 33 31 45 46 17 23 25 3 2 24 28 29 26 9 7 12 16 21 49 19 36 39 20 11 4 48 5 38 43 13 44 30 34 

Inst_Index:9979 	 City_Num:50 	 Concorde:0.060952 	 MCTS:6.095154 Improve:-0.000000 	 Time:5.00 Seconds
Solution: 1 3 48 47 12 4 29 15 34 38 31 7 32 8 36 28 50 10 2 21 27 37 18 41 6 9 23 16 26 24 30 35 42 20 40 44 46 49 45 17 5 43 33 39 22 13 11 25 14 19 

Inst_Index:9980 	 City_Num:50 	 Concorde:0.055485 	 MCTS:5.548305 Improve:0.000241 	 Time:5.00 Seconds
Solution: 1 29 46 15 11 35 34 36 33 37 7 50 39 18 32 49 23 45 6 2 48 30 9 10 25 26 17 5 13 42 4 22 47 41 43 3 38 28 24 16 21 20 12 27 8 14 31 40 44 19 

Inst_Index:9981 	 City_Num:50 	 Concorde:0.056509 	 MCTS:5.650414 Improve:0.000534 	 Time:5.01 Seconds
Solution: 1 29 8 3 11 26 27 43 45 6 5 40 14 18 9 36 49 48 38 7 30 37 13 32 23 39 19 34 12 28 50 2 31 41 21 33 16 15 20 25 4 35 42 44 47 24 46 22 10 17 

Inst_Index:9982 	 City_Num:50 	 Concorde:0.055447 	 MCTS:5.544744 Improve:-0.000000 	 Time:5.00 Seconds
Solution: 1 4 49 32 2 20 31 12 37 35 3 47 42 39 11 46 40 41 28 17 8 6 25 23 29 34 21 16 50 43 30 22 48 19 13 38 27 15 14 26 45 18 44 10 33 24 5 36 9 7 

Inst_Index:9983 	 City_Num:50 	 Concorde:0.055546 	 MCTS:5.554482 Improve:0.000123 	 Time:5.00 Seconds
Solution: 1 15 45 36 21 29 40 34 24 46 39 11 10 23 47 49 50 6 5 16 30 22 18 48 9 8 37 27 32 41 35 38 17 19 14 42 2 13 43 3 20 4 28 44 12 25 7 31 26 33 

Inst_Index:9984 	 City_Num:50 	 Concorde:0.057160 	 MCTS:5.716011 Improve:0.000000 	 Time:5.00 Seconds
Solution: 1 8 3 35 26 41 30 20 42 29 15 43 17 50 49 44 22 46 16 4 37 33 13 31 32 18 14 2 19 38 21 47 5 11 12 25 39 40 28 23 7 36 10 34 9 48 27 6 24 45 

Inst_Index:9985 	 City_Num:50 	 Concorde:0.057242 	 MCTS:5.717303 Improve:0.006848 	 Time:5.00 Seconds
Solution: 1 28 5 26 8 2 22 19 49 20 16 10 14 31 29 7 40 27 47 36 46 15 4 45 34 6 18 37 25 44 9 17 24 30 50 12 33 42 48 11 35 38 39 21 23 13 32 43 3 41 

Inst_Index:9986 	 City_Num:50 	 Concorde:0.055298 	 MCTS:5.528421 Improve:0.001427 	 Time:5.01 Seconds
Solution: 1 44 50 8 41 20 39 3 28 10 47 4 26 42 48 7 19 18 35 29 45 24 9 34 32 31 40 17 15 14 11 23 43 5 36 27 25 21 12 6 22 49 16 33 13 38 30 37 46 2 

Inst_Index:9987 	 City_Num:50 	 Concorde:0.056273 	 MCTS:5.626315 Improve:0.001001 	 Time:5.01 Seconds
Solution: 1 15 24 46 10 6 39 20 13 18 4 9 22 50 34 7 8 36 3 47 43 42 41 45 26 11 25 17 12 31 30 33 35 28 37 44 14 2 48 5 32 19 38 27 40 23 29 49 16 21 

Inst_Index:9988 	 City_Num:50 	 Concorde:0.056910 	 MCTS:5.691041 Improve:0.000000 	 Time:5.00 Seconds
Solution: 1 33 15 37 49 3 20 28 43 13 10 14 41 19 27 32 23 45 5 18 29 35 38 2 26 31 4 48 6 21 42 36 50 30 8 34 9 47 24 22 39 44 17 46 12 25 16 40 7 11 

Inst_Index:9989 	 City_Num:50 	 Concorde:0.057886 	 MCTS:5.788597 Improve:0.000000 	 Time:5.00 Seconds
Solution: 1 4 19 24 40 35 7 3 42 44 32 39 30 5 37 29 6 21 11 9 10 22 20 36 43 13 15 31 16 17 33 38 34 50 23 12 8 45 47 41 48 27 46 49 2 18 28 14 25 26 

Inst_Index:9990 	 City_Num:50 	 Concorde:0.057260 	 MCTS:5.725977 Improve:0.000000 	 Time:5.00 Seconds
Solution: 1 32 47 25 3 4 33 19 7 27 42 40 41 31 43 9 18 39 34 24 38 5 8 20 28 14 49 44 22 12 46 26 37 30 48 29 35 10 36 45 16 23 13 6 17 15 50 11 2 21 

Inst_Index:9991 	 City_Num:50 	 Concorde:0.058423 	 MCTS:5.840276 Improve:0.002049 	 Time:5.00 Seconds
Solution: 1 24 45 35 22 13 46 11 3 48 29 4 32 12 37 27 6 23 31 14 33 16 5 36 2 49 28 43 19 18 40 39 42 9 41 38 17 25 10 8 50 15 26 44 47 7 30 20 34 21 

Inst_Index:9992 	 City_Num:50 	 Concorde:0.055741 	 MCTS:5.574132 Improve:0.000000 	 Time:5.00 Seconds
Solution: 1 39 2 28 50 38 31 41 37 22 21 32 46 8 23 36 25 24 48 47 35 43 3 20 18 30 34 33 5 26 44 42 13 6 40 4 9 17 14 16 7 15 45 10 27 19 11 12 49 29 

Inst_Index:9993 	 City_Num:50 	 Concorde:0.058629 	 MCTS:5.862552 Improve:0.000307 	 Time:5.01 Seconds
Solution: 1 5 15 10 12 25 48 32 27 41 26 47 19 42 49 39 31 50 3 17 37 43 6 24 22 18 33 45 16 28 21 2 4 23 7 8 9 34 38 14 46 40 11 20 36 44 35 29 30 13 

Inst_Index:9994 	 City_Num:50 	 Concorde:0.060193 	 MCTS:6.019336 Improve:0.000000 	 Time:5.00 Seconds
Solution: 1 38 16 12 42 33 3 26 48 6 44 5 50 22 29 25 37 4 23 7 11 14 43 21 8 49 28 31 2 27 45 18 9 46 34 17 41 35 36 19 20 13 24 39 32 10 30 40 47 15 

Inst_Index:9995 	 City_Num:50 	 Concorde:0.055721 	 MCTS:5.572125 Improve:0.000000 	 Time:5.00 Seconds
Solution: 1 23 37 26 4 48 43 25 10 47 18 17 13 50 34 5 20 21 35 3 40 45 42 8 49 7 39 6 11 15 12 41 24 31 44 36 2 19 30 14 16 33 22 29 9 38 32 46 28 27 

Inst_Index:9996 	 City_Num:50 	 Concorde:0.054739 	 MCTS:5.473893 Improve:0.000000 	 Time:5.00 Seconds
Solution: 1 28 15 20 19 41 18 37 12 26 50 35 3 39 4 21 42 40 24 38 8 30 47 34 17 22 13 5 25 32 9 16 6 14 10 27 33 7 46 29 49 48 36 44 43 23 11 31 45 2 

Inst_Index:9997 	 City_Num:50 	 Concorde:0.059074 	 MCTS:5.907380 Improve:-0.000000 	 Time:5.00 Seconds
Solution: 1 29 49 35 7 11 40 15 5 8 39 16 3 48 45 27 4 30 38 19 13 6 37 34 44 36 2 47 43 18 31 22 24 21 10 9 17 32 20 28 12 26 42 46 14 25 23 41 33 50 

Inst_Index:9998 	 City_Num:50 	 Concorde:0.056627 	 MCTS:5.662706 Improve:0.000000 	 Time:5.02 Seconds
Solution: 1 28 14 21 19 47 50 10 44 5 45 38 11 18 48 13 7 20 46 23 27 9 4 35 36 33 12 41 29 34 26 15 3 37 43 22 30 6 2 32 16 17 24 42 25 40 8 39 31 49 

Inst_Index:9999 	 City_Num:50 	 Concorde:0.059558 	 MCTS:5.955850 Improve:0.000000 	 Time:5.00 Seconds
Solution: 1 3 32 9 7 14 5 37 34 20 27 13 47 10 2 12 29 48 4 24 31 17 28 15 26 42 16 21 49 23 11 35 6 22 38 25 50 40 33 46 44 18 30 36 43 8 39 41 45 19 

Inst_Index:10000 	 City_Num:50 	 Concorde:0.052403 	 MCTS:5.240267 Improve:-0.000000 	 Time:5.01 Seconds
Solution: 1 30 21 40 27 41 15 39 18 4 36 33 34 16 38 11 13 2 23 6 20 35 3 14 24 7 29 22 37 46 32 43 9 17 31 45 50 49 10 19 28 47 48 8 5 26 44 12 42 25 


Avg_Concorde_Distance: 5.676693 Avg_MCTS_Distance: 5.676202 Avg_Gap: -0.000087 Total_Time: 1485.93 Seconds 
 Beat_Best_Known_Times: 97 Match_Best_Known_Times: 195 Miss_Best_Known_Times: 5 
