the mean of prob-rank is 2.061224489795918
the number of false negetive edges is 0
the number of probability greater than 0 is 8.42/edge
TYPE: Probability
DIMENSIOn: 50
 0.000000 0.118524 0.000000 0.000000 0.000000 0.000000 0.000000 0.000000 0.000000 0.000000 0.000000 0.000000 0.000000 0.000000 0.000000 0.000000 0.000000 0.000000 0.000000 0.389814 0.000000 0.000000 0.000000 0.000000 0.000000 0.000000 0.000000 0.000000 0.000000 0.000000 0.101856 0.000000 0.000000 0.000000 0.000000 0.000000 0.000000 0.000000 0.000000 0.000000 0.389806 0.000000 0.000000 0.000000 0.000000 0.000000 0.000000 0.000000 0.000000 0.000000
 0.065989 0.000000 0.000000 0.000000 0.000000 0.000000 0.000000 0.000000 0.000475 0.000000 0.000000 0.216275 0.006212 0.000000 0.000000 0.069231 0.000000 0.000000 0.000000 0.005879 0.000000 0.000000 0.000000 0.073955 0.000000 0.032083 0.000000 0.058606 0.146061 0.000000 0.049601 0.000000 0.003672 0.000000 0.000000 0.000000 0.000000 0.054413 0.000000 0.018010 0.001295 0.000000 0.000000 0.000000 0.000000 0.024432 0.000000 0.173466 0.000346 0.000000
 0.000000 0.000000 0.000000 0.000000 0.000000 0.003861 0.042444 0.000000 0.000000 0.000000 0.000000 0.000000 0.000000 0.000000 0.000000 0.000000 0.196081 0.000000 0.263476 0.000000 0.000000 0.074027 0.000000 0.000000 0.133558 0.000000 0.000000 0.000000 0.000000 0.000000 0.000000 0.012056 0.000000 0.001964 0.000000 0.000000 0.000000 0.000000 0.000000 0.000000 0.000000 0.000000 0.097718 0.073268 0.000000 0.000000 0.101548 0.000000 0.000000 0.000000
 0.000000 0.000000 0.000000 0.000000 0.037731 0.000000 0.000000 0.000000 0.000000 0.000000 0.000000 0.120765 0.118294 0.000000 0.000000 0.000000 0.000000 0.000000 0.000000 0.000000 0.235798 0.000000 0.000000 0.000000 0.000000 0.241529 0.000000 0.000000 0.000000 0.000000 0.000000 0.000000 0.000000 0.000000 0.000000 0.000000 0.000000 0.000000 0.241529 0.000000 0.000000 0.000000 0.004353 0.000000 0.000000 0.000000 0.000000 0.000000 0.000000 0.000000
 0.000000 0.000000 0.000000 0.049462 0.000000 0.000000 0.000000 0.000000 0.000000 0.000000 0.000000 0.000000 0.000000 0.000000 0.000000 0.000000 0.000000 0.000000 0.000000 0.000000 0.312083 0.000000 0.000000 0.000000 0.000000 0.164625 0.000000 0.000000 0.000000 0.000000 0.000000 0.000000 0.000000 0.202584 0.000000 0.189284 0.000000 0.000000 0.070079 0.000000 0.000000 0.000000 0.000000 0.000000 0.000000 0.001507 0.000000 0.000000 0.010377 0.000000
 0.000000 0.000000 0.003518 0.000000 0.000000 0.000000 0.155726 0.000000 0.000000 0.000000 0.000000 0.000000 0.000000 0.000000 0.089031 0.000000 0.000000 0.000000 0.170371 0.000000 0.000000 0.258308 0.000000 0.000000 0.083331 0.000000 0.000000 0.000000 0.000000 0.114485 0.000000 0.005406 0.000000 0.000000 0.000000 0.000000 0.000000 0.000000 0.000000 0.000000 0.000000 0.000000 0.000000 0.066371 0.000000 0.053453 0.000000 0.000000 0.000000 0.000000
 0.000000 0.000000 0.035413 0.000000 0.000000 0.142603 0.000000 0.000000 0.000000 0.000000 0.000000 0.000000 0.000000 0.078015 0.000000 0.000000 0.000000 0.000000 0.000889 0.000000 0.057790 0.171294 0.000000 0.000000 0.000000 0.000000 0.000000 0.000000 0.000000 0.009938 0.000000 0.000000 0.000000 0.002175 0.000000 0.000000 0.000000 0.000000 0.000000 0.085382 0.000000 0.000000 0.000000 0.000000 0.000000 0.243982 0.000000 0.000000 0.172519 0.000000
 0.000000 0.000000 0.000000 0.000000 0.000000 0.000000 0.000000 0.000000 0.000000 0.148454 0.000000 0.000000 0.000000 0.000000 0.098914 0.000000 0.000000 0.000000 0.000000 0.000000 0.000000 0.000000 0.098909 0.222372 0.000000 0.000000 0.000000 0.000000 0.000000 0.000000 0.000000 0.000000 0.000000 0.000000 0.060616 0.000000 0.296743 0.000000 0.000000 0.000001 0.000000 0.000000 0.000000 0.000000 0.073992 0.000000 0.000000 0.000000 0.000000 0.000000
 0.000000 0.000598 0.000000 0.000000 0.000000 0.000000 0.000000 0.000000 0.000000 0.000000 0.136542 0.000001 0.000000 0.039217 0.000000 0.045957 0.000000 0.000000 0.000000 0.000027 0.000000 0.000000 0.273421 0.114330 0.000000 0.000000 0.003466 0.031962 0.045829 0.000000 0.000000 0.000000 0.271916 0.000000 0.000000 0.000000 0.000000 0.000000 0.000000 0.000178 0.036349 0.000000 0.000000 0.000000 0.000000 0.000205 0.000000 0.000000 0.000000 0.000000
 0.000000 0.000000 0.000000 0.000000 0.000000 0.000000 0.000000 0.221551 0.000000 0.000000 0.000000 0.000000 0.000000 0.000000 0.000000 0.000000 0.000000 0.000000 0.000000 0.000000 0.000000 0.000000 0.000000 0.000000 0.000000 0.000000 0.000000 0.000000 0.000000 0.000000 0.000000 0.000000 0.000000 0.000000 0.203295 0.000000 0.000000 0.000000 0.000000 0.000000 0.000000 0.264683 0.000000 0.000000 0.295238 0.000000 0.000000 0.000000 0.000000 0.015233
 0.000000 0.000000 0.000000 0.000000 0.000000 0.000000 0.000000 0.000000 0.177482 0.000000 0.000000 0.000000 0.000000 0.000000 0.000000 0.114570 0.000000 0.000000 0.000000 0.000000 0.000000 0.000000 0.000000 0.000000 0.000000 0.000000 0.354887 0.013135 0.095598 0.000000 0.000000 0.000000 0.244327 0.000000 0.000000 0.000000 0.000000 0.000000 0.000000 0.000000 0.000000 0.000000 0.000000 0.000000 0.000000 0.000000 0.000000 0.000000 0.000000 0.000000
 0.000000 0.283383 0.000000 0.142187 0.000000 0.000000 0.000000 0.000000 0.000001 0.000000 0.000000 0.000000 0.000000 0.000000 0.000000 0.008295 0.000000 0.000000 0.000000 0.000761 0.000000 0.000000 0.000000 0.000163 0.000000 0.020419 0.000000 0.094751 0.016770 0.000000 0.263425 0.000000 0.000121 0.000000 0.000000 0.000000 0.000000 0.098185 0.000000 0.005181 0.000000 0.000000 0.000000 0.000000 0.000000 0.006854 0.000000 0.059227 0.000277 0.000000
 0.000000 0.007658 0.000000 0.131038 0.000000 0.000000 0.000000 0.000000 0.000000 0.000000 0.000000 0.000000 0.000000 0.000000 0.000000 0.000000 0.000000 0.000000 0.000000 0.000000 0.198096 0.000000 0.000000 0.000000 0.000000 0.000000 0.000000 0.000000 0.000000 0.000000 0.091561 0.000000 0.000000 0.000000 0.000000 0.000000 0.000000 0.089064 0.267550 0.000000 0.000000 0.000000 0.000000 0.000000 0.000000 0.000000 0.000000 0.000000 0.215033 0.000000
 0.000000 0.000000 0.000000 0.000000 0.000000 0.000000 0.106953 0.000000 0.048094 0.000000 0.000000 0.000000 0.000000 0.000000 0.000000 0.000000 0.000000 0.000000 0.000000 0.002488 0.000000 0.000000 0.000000 0.064788 0.000000 0.000000 0.000000 0.000848 0.000000 0.190348 0.000000 0.000000 0.000000 0.000000 0.000000 0.000000 0.000000 0.000000 0.000000 0.323792 0.000019 0.000000 0.000000 0.000000 0.000000 0.262670 0.000000 0.000000 0.000000 0.000000
 0.000000 0.000000 0.000000 0.000000 0.000000 0.125000 0.000000 0.124999 0.000000 0.000000 0.000000 0.000000 0.000000 0.000000 0.000000 0.000000 0.000000 0.375000 0.000000 0.000000 0.000000 0.000000 0.000000 0.000000 0.000000 0.000000 0.000000 0.000000 0.000000 0.000000 0.000000 0.000000 0.000000 0.000000 0.000000 0.000000 0.000000 0.000000 0.000000 0.000000 0.000000 0.000000 0.000000 0.375000 0.000000 0.000000 0.000000 0.000000 0.000000 0.000000
 0.000000 0.093234 0.000000 0.000000 0.000000 0.000000 0.000000 0.000000 0.049127 0.000000 0.094221 0.008526 0.000000 0.000000 0.000000 0.000000 0.000000 0.000000 0.000000 0.000000 0.000000 0.000000 0.000000 0.000000 0.000000 0.000000 0.254372 0.016001 0.225053 0.000000 0.000000 0.000000 0.000526 0.000000 0.000000 0.000000 0.000000 0.000000 0.000000 0.000000 0.258940 0.000000 0.000000 0.000000 0.000000 0.000000 0.000000 0.000000 0.000000 0.000000
 0.000000 0.000000 0.206261 0.000000 0.000000 0.000000 0.000000 0.000000 0.000000 0.000000 0.000000 0.000000 0.000000 0.000000 0.000000 0.000000 0.000000 0.000000 0.077089 0.000000 0.000000 0.000000 0.000000 0.000000 0.002381 0.000000 0.000000 0.000000 0.000000 0.000000 0.000000 0.204725 0.000000 0.149019 0.000000 0.000000 0.000000 0.000000 0.000000 0.000000 0.000000 0.000000 0.000000 0.052154 0.000000 0.000000 0.308372 0.000000 0.000000 0.000000
 0.000000 0.000000 0.000000 0.000000 0.000000 0.000000 0.000000 0.000000 0.000000 0.000000 0.000000 0.000000 0.000000 0.000000 0.346924 0.000000 0.000000 0.000000 0.000000 0.000000 0.000000 0.000000 0.000000 0.000000 0.000000 0.000000 0.000000 0.000000 0.000000 0.000000 0.000000 0.000000 0.000000 0.000000 0.228106 0.000000 0.000000 0.000000 0.000000 0.000000 0.000000 0.078046 0.000000 0.000000 0.000000 0.000000 0.000000 0.000000 0.000000 0.346924
 0.000000 0.000000 0.277102 0.000000 0.000000 0.196663 0.001121 0.000000 0.000000 0.000000 0.000000 0.000000 0.000000 0.000000 0.000000 0.000000 0.077074 0.000000 0.000000 0.000000 0.000000 0.288071 0.000000 0.000000 0.112716 0.000000 0.000000 0.000000 0.000000 0.000000 0.000000 0.023605 0.000000 0.000000 0.000000 0.000000 0.000000 0.000000 0.000000 0.000000 0.000000 0.000000 0.000000 0.023649 0.000000 0.000000 0.000000 0.000000 0.000000 0.000000
 0.369335 0.010005 0.000000 0.000000 0.000000 0.000000 0.000000 0.000000 0.000037 0.000000 0.000000 0.000989 0.000000 0.002740 0.000000 0.000000 0.000000 0.000000 0.000000 0.000000 0.000000 0.000000 0.000000 0.000000 0.000000 0.123111 0.000000 0.000000 0.000000 0.000000 0.005698 0.000000 0.000000 0.000026 0.000000 0.000000 0.000000 0.369335 0.000000 0.000000 0.118722 0.000000 0.000000 0.000000 0.000000 0.000000 0.000000 0.000000 0.000001 0.000000
 0.000000 0.000000 0.000000 0.171089 0.172736 0.000000 0.041407 0.000000 0.000000 0.000000 0.000000 0.000000 0.129754 0.000000 0.000000 0.000000 0.000000 0.000000 0.000000 0.000000 0.000000 0.000000 0.000000 0.000000 0.000000 0.078134 0.000000 0.000000 0.000000 0.000000 0.000307 0.000000 0.000000 0.040086 0.000000 0.084661 0.000000 0.008319 0.164279 0.000000 0.000000 0.000000 0.000000 0.000000 0.000000 0.007787 0.006797 0.000000 0.094644 0.000000
 0.000000 0.000000 0.088470 0.000000 0.000000 0.338823 0.245363 0.000000 0.000000 0.000000 0.000000 0.000000 0.000000 0.000000 0.000000 0.000000 0.000000 0.000000 0.327345 0.000000 0.000000 0.000000 0.000000 0.000000 0.000000 0.000000 0.000000 0.000000 0.000000 0.000000 0.000000 0.000000 0.000000 0.000000 0.000000 0.000000 0.000000 0.000000 0.000000 0.000000 0.000000 0.000000 0.000000 0.000000 0.000000 0.000000 0.000000 0.000000 0.000000 0.000000
 0.000000 0.000000 0.000000 0.000000 0.000000 0.000000 0.000000 0.142850 0.428575 0.000000 0.000000 0.000000 0.000000 0.000000 0.000000 0.000000 0.000000 0.000000 0.000000 0.000000 0.000000 0.000000 0.000000 0.000000 0.000000 0.000000 0.000000 0.000000 0.000000 0.000000 0.000000 0.000000 0.000000 0.000000 0.000000 0.000000 0.000000 0.000000 0.000000 0.000000 0.000000 0.000000 0.000000 0.000000 0.428575 0.000000 0.000000 0.000000 0.000000 0.000000
 0.000000 0.080047 0.000000 0.000000 0.000000 0.000000 0.000000 0.176033 0.098226 0.000000 0.000000 0.000134 0.000000 0.045388 0.000000 0.000000 0.000000 0.000000 0.000000 0.000000 0.000000 0.000000 0.000000 0.000000 0.000000 0.000000 0.000000 0.225052 0.003708 0.000000 0.000001 0.000000 0.061871 0.000000 0.000000 0.000000 0.000000 0.000000 0.000000 0.183181 0.000000 0.000000 0.000000 0.000000 0.000000 0.008679 0.000000 0.117679 0.000000 0.000000
 0.000000 0.000000 0.172517 0.000000 0.000000 0.118140 0.000000 0.000000 0.000000 0.000000 0.000000 0.000000 0.000000 0.000000 0.000000 0.000000 0.002924 0.000000 0.138437 0.000000 0.000000 0.000000 0.000000 0.000000 0.000000 0.000000 0.000000 0.000000 0.000000 0.000000 0.000000 0.378649 0.000000 0.000000 0.000000 0.000000 0.000000 0.000000 0.000000 0.000000 0.000000 0.000000 0.000000 0.189334 0.000000 0.000000 0.000000 0.000000 0.000000 0.000000
 0.000000 0.037785 0.000000 0.255606 0.132901 0.000000 0.000000 0.000000 0.000000 0.000000 0.000000 0.018354 0.000000 0.000000 0.000000 0.000000 0.000000 0.000000 0.000000 0.085202 0.113962 0.000000 0.000000 0.000000 0.000000 0.000000 0.000000 0.000000 0.000042 0.000000 0.078846 0.000000 0.000000 0.019889 0.000000 0.000000 0.000000 0.255606 0.000000 0.000000 0.000000 0.000000 0.000000 0.000000 0.000000 0.000000 0.000000 0.000000 0.001806 0.000000
 0.000000 0.000000 0.000000 0.000000 0.000000 0.000000 0.000000 0.000000 0.004930 0.000000 0.388420 0.000000 0.000000 0.000000 0.000000 0.338534 0.000000 0.000000 0.000000 0.000000 0.000000 0.000000 0.000000 0.000000 0.000000 0.000000 0.000000 0.000000 0.000000 0.000000 0.000000 0.000000 0.000000 0.000000 0.000000 0.000000 0.000000 0.000000 0.000000 0.000000 0.268115 0.000000 0.000000 0.000000 0.000000 0.000000 0.000000 0.000000 0.000000 0.000000
 0.000000 0.071769 0.000000 0.000000 0.000000 0.000000 0.000000 0.000000 0.031069 0.000000 0.009823 0.088555 0.000000 0.000672 0.000000 0.014550 0.000000 0.000000 0.000000 0.000000 0.000000 0.000000 0.000000 0.254628 0.000000 0.000000 0.000000 0.000000 0.134198 0.000000 0.000001 0.000000 0.163135 0.000000 0.000000 0.000000 0.000000 0.000000 0.000000 0.091409 0.000000 0.000000 0.000000 0.000000 0.000000 0.008648 0.000000 0.131543 0.000000 0.000000
 0.000000 0.202526 0.000000 0.000000 0.000000 0.000000 0.000000 0.000000 0.050440 0.000000 0.080946 0.017746 0.000000 0.000000 0.000000 0.231715 0.000000 0.000000 0.000000 0.000000 0.000000 0.000000 0.000000 0.004750 0.000000 0.000049 0.000000 0.151947 0.000000 0.000000 0.000000 0.000000 0.228159 0.000000 0.000000 0.000000 0.000000 0.000000 0.000000 0.009968 0.012197 0.000000 0.000000 0.000000 0.000000 0.009555 0.000000 0.000000 0.000000 0.000000
 0.000000 0.000000 0.000000 0.000000 0.000000 0.140997 0.013365 0.000000 0.000000 0.000000 0.000000 0.000000 0.000000 0.186737 0.000000 0.000000 0.000000 0.000000 0.000000 0.000000 0.000000 0.000000 0.000000 0.000000 0.000000 0.000000 0.000000 0.000000 0.000000 0.000000 0.000000 0.000000 0.000000 0.000000 0.222724 0.000000 0.000000 0.000000 0.000000 0.046975 0.000000 0.000000 0.000000 0.129257 0.000000 0.259944 0.000000 0.000000 0.000000 0.000000
 0.069427 0.060724 0.000000 0.000000 0.000000 0.000000 0.000000 0.000000 0.000000 0.000000 0.000000 0.246132 0.090929 0.000000 0.000000 0.000000 0.000000 0.000000 0.000000 0.004100 0.000465 0.000000 0.000000 0.000001 0.000000 0.081961 0.000000 0.000001 0.000000 0.000000 0.000000 0.000000 0.000000 0.000000 0.000000 0.000528 0.000000 0.112281 0.000000 0.004864 0.000000 0.000000 0.000000 0.000000 0.000000 0.002987 0.000000 0.070276 0.255325 0.000000
 0.000000 0.000000 0.013972 0.000000 0.000000 0.006877 0.000000 0.000000 0.000000 0.000000 0.000000 0.000000 0.000000 0.000000 0.000000 0.000000 0.225553 0.000000 0.026011 0.000000 0.000000 0.000000 0.000000 0.000000 0.339729 0.000000 0.000000 0.000000 0.000000 0.000000 0.000000 0.000000 0.000000 0.000000 0.000000 0.000000 0.000000 0.000000 0.000000 0.000000 0.000000 0.000000 0.000000 0.271788 0.000000 0.000000 0.116070 0.000000 0.000000 0.000000
 0.000000 0.004716 0.000000 0.000000 0.000000 0.000000 0.000000 0.000000 0.277205 0.000000 0.191624 0.000119 0.000000 0.000000 0.000000 0.000502 0.000000 0.000000 0.000000 0.000000 0.000000 0.000000 0.000000 0.073416 0.000000 0.000000 0.000000 0.171091 0.211334 0.000000 0.000000 0.000000 0.000000 0.000000 0.000000 0.000000 0.000000 0.000000 0.000000 0.000000 0.000000 0.000000 0.000000 0.000000 0.000389 0.000000 0.000000 0.069604 0.000000 0.000000
 0.000000 0.000000 0.001917 0.000000 0.183089 0.000000 0.002545 0.000000 0.000000 0.000000 0.000000 0.000000 0.000000 0.000000 0.000000 0.000000 0.138280 0.000000 0.000000 0.000020 0.065453 0.000000 0.000000 0.000000 0.000000 0.022266 0.000000 0.000000 0.000000 0.000000 0.000000 0.000000 0.000000 0.000000 0.000000 0.286128 0.000000 0.000000 0.000000 0.000000 0.000000 0.000000 0.286151 0.000000 0.000000 0.012120 0.000000 0.000000 0.002030 0.000000
 0.000000 0.000000 0.000000 0.000000 0.000000 0.000000 0.000000 0.076137 0.000000 0.171103 0.000000 0.000000 0.000000 0.000000 0.000000 0.000000 0.000000 0.245075 0.000000 0.000000 0.000000 0.000000 0.000000 0.000000 0.000000 0.000000 0.000000 0.000000 0.000000 0.252368 0.000000 0.000000 0.000000 0.000000 0.000000 0.000000 0.000000 0.000000 0.000000 0.000000 0.000000 0.155513 0.000000 0.007765 0.000000 0.000000 0.000000 0.000000 0.000000 0.092039
 0.000000 0.000000 0.000000 0.000000 0.219186 0.000000 0.000000 0.000000 0.000000 0.000000 0.000000 0.000000 0.000000 0.000000 0.000000 0.000000 0.000000 0.000000 0.000000 0.000000 0.177122 0.000000 0.000000 0.000000 0.000000 0.000000 0.000000 0.000000 0.000000 0.000000 0.000728 0.000000 0.000000 0.366610 0.000000 0.000000 0.000000 0.000000 0.000000 0.000000 0.000000 0.000000 0.000000 0.000000 0.000000 0.083785 0.000000 0.000000 0.152569 0.000000
 0.000000 0.000000 0.000000 0.000000 0.000000 0.000000 0.000000 0.500001 0.000000 0.000000 0.000000 0.000000 0.000000 0.000000 0.000000 0.000000 0.000000 0.000000 0.000000 0.000000 0.000000 0.000000 0.000000 0.000000 0.000000 0.000000 0.000000 0.000000 0.000000 0.000000 0.000000 0.000000 0.000000 0.000000 0.000000 0.000000 0.000000 0.000000 0.000000 0.000000 0.000000 0.000000 0.000000 0.000000 0.499999 0.000000 0.000000 0.000000 0.000000 0.000000
 0.000000 0.073763 0.000000 0.000000 0.000000 0.000000 0.000000 0.000000 0.000000 0.000000 0.000000 0.101582 0.097939 0.000000 0.000000 0.000000 0.000000 0.000000 0.000000 0.294212 0.013967 0.000000 0.000000 0.000000 0.000000 0.294211 0.000000 0.000000 0.000000 0.000000 0.124327 0.000000 0.000000 0.000000 0.000000 0.000000 0.000000 0.000000 0.000000 0.000000 0.000000 0.000000 0.000000 0.000000 0.000000 0.000000 0.000000 0.000000 0.000000 0.000000
 0.000000 0.000000 0.000000 0.273318 0.060494 0.000000 0.000000 0.000000 0.000000 0.000000 0.000000 0.000000 0.273318 0.000000 0.000000 0.000000 0.000000 0.000000 0.000000 0.000000 0.256212 0.000000 0.000000 0.000000 0.000000 0.000000 0.000000 0.000000 0.000000 0.000000 0.000000 0.000000 0.000000 0.000000 0.000000 0.000000 0.000000 0.000000 0.000000 0.000000 0.000000 0.000000 0.000000 0.000000 0.000000 0.000000 0.000000 0.000000 0.136659 0.000000
 0.000000 0.022883 0.000000 0.000000 0.000000 0.000000 0.096263 0.000001 0.000180 0.000000 0.000000 0.005024 0.000000 0.266283 0.000000 0.000000 0.000000 0.000000 0.000000 0.000000 0.000000 0.000000 0.000000 0.215034 0.000000 0.000000 0.000000 0.094840 0.009134 0.039379 0.005048 0.000000 0.000000 0.000000 0.000000 0.000000 0.000000 0.000000 0.000000 0.000000 0.000000 0.000000 0.000000 0.000000 0.000000 0.040788 0.000000 0.127765 0.077377 0.000000
 0.324021 0.001933 0.000000 0.000000 0.000000 0.000000 0.000000 0.000000 0.043077 0.000000 0.000000 0.000000 0.000000 0.000018 0.000000 0.287067 0.000000 0.000000 0.000000 0.104158 0.000000 0.000000 0.000000 0.000000 0.000000 0.000000 0.223343 0.000000 0.013133 0.000000 0.000000 0.000000 0.000000 0.000000 0.000000 0.000000 0.000000 0.000000 0.000000 0.000000 0.003250 0.000000 0.000000 0.000000 0.000000 0.000000 0.000000 0.000000 0.000000 0.000000
 0.000000 0.000000 0.000000 0.000000 0.000000 0.000000 0.000000 0.000000 0.000000 0.240043 0.000000 0.000000 0.000000 0.000000 0.000000 0.000000 0.000000 0.090354 0.000000 0.000000 0.000000 0.000000 0.000000 0.000000 0.000000 0.000000 0.000000 0.000000 0.000000 0.000000 0.000000 0.000000 0.000000 0.000000 0.167570 0.000000 0.000000 0.000000 0.000000 0.000000 0.000000 0.000000 0.000000 0.000000 0.100405 0.000000 0.000000 0.000000 0.000000 0.401630
 0.000000 0.000000 0.117074 0.006331 0.000000 0.000000 0.000000 0.000000 0.000000 0.000000 0.000000 0.000000 0.000000 0.000000 0.000000 0.000000 0.000000 0.000000 0.000000 0.000000 0.000000 0.000000 0.000000 0.000000 0.000000 0.000000 0.000000 0.000000 0.000000 0.000000 0.000000 0.000000 0.000000 0.351222 0.000000 0.000000 0.000000 0.000000 0.000000 0.000000 0.000000 0.000000 0.000000 0.000000 0.000000 0.000000 0.351222 0.000000 0.174151 0.000000
 0.000000 0.000000 0.072276 0.000000 0.000000 0.071861 0.000000 0.000000 0.000000 0.000000 0.000000 0.000000 0.000000 0.000000 0.289184 0.000000 0.048909 0.000000 0.022181 0.000000 0.000000 0.000000 0.000000 0.000000 0.144592 0.000000 0.000000 0.000000 0.000000 0.113632 0.000000 0.231340 0.000000 0.000000 0.006024 0.000000 0.000000 0.000000 0.000000 0.000000 0.000000 0.000000 0.000000 0.000000 0.000000 0.000000 0.000000 0.000000 0.000000 0.000000
 0.000000 0.000000 0.000000 0.000000 0.000000 0.000000 0.000000 0.078723 0.000000 0.210478 0.000000 0.000000 0.000000 0.000000 0.000000 0.000000 0.000000 0.000000 0.000000 0.000000 0.000000 0.000000 0.315717 0.000000 0.000000 0.000000 0.000000 0.000000 0.000000 0.000000 0.000000 0.000000 0.000441 0.000000 0.000000 0.000000 0.315716 0.000000 0.000000 0.000000 0.000000 0.078927 0.000000 0.000000 0.000000 0.000000 0.000000 0.000000 0.000000 0.000000
 0.000000 0.031426 0.000000 0.000000 0.001329 0.055868 0.278472 0.000000 0.000210 0.000000 0.000000 0.006728 0.000000 0.218686 0.000000 0.000000 0.000000 0.000000 0.000000 0.000000 0.012405 0.000000 0.000000 0.010315 0.000000 0.000000 0.000000 0.009084 0.008864 0.220601 0.003138 0.000000 0.000000 0.011824 0.000000 0.063795 0.000000 0.000000 0.000000 0.041292 0.000000 0.000000 0.000000 0.000000 0.000000 0.000000 0.000000 0.000000 0.025962 0.000000
 0.000000 0.000000 0.127034 0.000000 0.000000 0.000000 0.000000 0.000000 0.000000 0.000000 0.000000 0.000000 0.000000 0.000000 0.000000 0.000000 0.366727 0.000000 0.000000 0.000000 0.014224 0.000000 0.000000 0.000000 0.000000 0.000000 0.000000 0.000000 0.000000 0.000000 0.000000 0.125288 0.000000 0.000000 0.000000 0.000000 0.000000 0.000000 0.000000 0.000000 0.000000 0.000000 0.366727 0.000000 0.000000 0.000000 0.000000 0.000000 0.000000 0.000000
 0.000000 0.247375 0.000000 0.000000 0.000000 0.000000 0.000000 0.000000 0.000000 0.000000 0.000000 0.064460 0.000000 0.000000 0.000000 0.000000 0.000000 0.000000 0.000000 0.000000 0.000000 0.000000 0.000000 0.155048 0.000000 0.000000 0.000000 0.153184 0.000000 0.000000 0.081860 0.000000 0.077286 0.000000 0.000000 0.000000 0.000000 0.000000 0.000000 0.143402 0.000000 0.000000 0.000000 0.000000 0.000000 0.000000 0.000000 0.000000 0.077386 0.000000
 0.000000 0.000313 0.000000 0.000000 0.006432 0.000000 0.138436 0.000000 0.000000 0.000000 0.000000 0.000191 0.157740 0.000000 0.000000 0.000000 0.000000 0.000000 0.000000 0.000000 0.105994 0.000000 0.000000 0.000000 0.000000 0.001386 0.000000 0.000000 0.000000 0.000000 0.188597 0.000000 0.000000 0.001392 0.000000 0.081671 0.000000 0.000000 0.098132 0.055072 0.000000 0.000000 0.097316 0.000000 0.000000 0.018252 0.000000 0.049073 0.000000 0.000000
 0.000000 0.000000 0.000000 0.000000 0.000000 0.000000 0.000000 0.000000 0.000000 0.015077 0.000000 0.000000 0.000000 0.000000 0.000000 0.000000 0.000000 0.438341 0.000000 0.000000 0.000000 0.000000 0.000000 0.000000 0.000000 0.000000 0.000000 0.000000 0.000000 0.000000 0.000000 0.000000 0.000000 0.000000 0.108240 0.000000 0.000000 0.000000 0.000000 0.000000 0.000000 0.438341 0.000000 0.000000 0.000000 0.000000 0.000000 0.000000 0.000000 0.000000
