Number_of_Instances_In_Current_Batch: 17

Inst_Index:1 	 City_Num:200 	 Concorde:0.107966 	 MCTS:10.842185 Improve:-0.045626 	 Time:20.14 Seconds
Solution: 1 69 153 39 113 59 170 108 21 93 136 115 155 122 73 135 127 30 198 6 199 84 71 125 183 186 75 51 12 112 182 111 173 17 190 165 149 67 98 110 89 116 131 18 191 104 172 145 22 99 72 64 157 158 70 114 200 187 34 43 58 37 14 103 35 95 96 46 86 10 178 143 129 168 134 196 32 138 85 44 171 78 132 9 146 177 148 193 42 180 137 66 144 87 54 13 169 11 120 163 81 156 162 117 45 79 63 195 102 80 105 197 176 159 194 166 130 101 41 52 124 19 185 36 140 90 2 192 147 142 161 150 97 119 60 92 7 65 184 160 48 55 25 74 106 94 188 141 23 88 154 151 4 109 123 152 83 91 61 40 82 179 62 107 49 8 133 31 28 175 57 15 47 53 24 56 50 33 189 76 27 164 128 118 181 100 68 77 139 126 26 29 121 38 5 174 167 3 16 20 

Inst_Index:2 	 City_Num:200 	 Concorde:0.103151 	 MCTS:10.322246 Improve:-0.007191 	 Time:20.07 Seconds
Solution: 1 99 25 37 51 149 7 50 148 54 71 189 11 92 29 68 152 30 72 114 58 194 9 173 47 91 111 8 163 38 169 61 129 136 62 160 79 151 59 179 4 31 49 5 171 2 166 168 23 123 78 139 94 126 45 183 140 187 95 188 93 103 42 170 200 34 48 128 60 105 80 172 165 57 73 118 55 19 89 39 14 102 35 12 119 121 150 174 27 112 104 100 84 86 175 124 69 87 199 44 185 107 127 147 52 146 36 97 75 159 196 191 40 41 120 190 28 115 96 198 76 156 16 17 64 164 101 130 6 106 15 81 83 143 195 90 117 22 158 24 82 144 63 66 33 13 110 43 153 113 32 141 18 197 125 135 138 56 161 53 131 186 137 88 142 180 74 184 133 20 132 182 98 109 167 26 176 116 178 65 177 85 21 67 162 157 46 122 77 134 181 70 155 145 108 192 3 10 193 154 

Inst_Index:3 	 City_Num:200 	 Concorde:0.107451 	 MCTS:10.817691 Improve:-0.072604 	 Time:20.10 Seconds
Solution: 1 75 117 122 53 83 67 169 63 133 86 155 141 193 159 154 76 115 147 64 146 12 119 152 134 168 38 191 95 106 176 114 161 58 59 135 120 178 52 181 41 42 97 28 48 164 88 40 157 170 139 151 128 199 18 130 7 148 94 138 5 173 91 72 26 84 200 160 14 85 68 47 32 142 186 96 144 149 61 77 143 69 15 100 192 82 60 11 175 165 195 35 102 167 24 111 19 162 51 109 6 136 196 131 33 113 179 78 43 107 145 105 8 89 126 187 180 66 166 56 87 129 197 190 98 73 50 30 22 163 123 81 65 20 4 55 132 10 2 39 46 71 182 140 45 103 158 80 74 79 9 3 13 198 101 21 177 110 188 153 16 104 29 92 124 172 36 189 23 57 62 49 37 184 174 150 183 121 118 171 112 156 54 108 17 194 99 34 125 90 70 185 27 116 93 137 31 44 127 25 

Inst_Index:4 	 City_Num:200 	 Concorde:0.107482 	 MCTS:10.742135 Improve:0.006032 	 Time:20.04 Seconds
Solution: 1 14 121 178 116 17 87 49 113 29 55 142 68 38 90 23 126 169 173 88 145 30 180 71 86 123 139 107 140 31 25 135 101 137 97 6 4 181 125 184 187 188 133 65 174 190 18 74 62 152 80 112 11 13 106 45 170 76 9 163 109 75 132 51 53 147 12 156 198 118 89 158 67 108 83 175 131 48 26 136 199 20 72 105 182 77 69 16 8 195 153 176 168 33 59 99 134 129 61 141 39 194 27 41 130 138 177 115 73 192 143 81 151 124 15 7 50 179 148 24 40 82 60 35 66 117 154 54 164 91 149 19 104 171 95 58 100 37 78 22 5 94 183 146 110 84 2 103 160 122 96 57 186 167 191 46 114 28 64 127 193 36 165 47 21 44 155 56 196 162 32 159 166 102 150 144 92 43 197 172 185 128 157 52 42 34 120 10 63 161 189 98 79 85 70 93 3 200 119 111 

Inst_Index:5 	 City_Num:200 	 Concorde:0.106839 	 MCTS:10.710800 Improve:-0.026878 	 Time:20.03 Seconds
Solution: 1 74 61 175 173 38 147 44 88 179 107 57 194 149 24 70 130 134 136 29 118 73 165 14 77 10 58 157 140 111 174 50 158 176 31 16 129 47 200 191 69 48 104 115 172 155 63 51 197 79 152 11 127 72 131 99 83 34 154 87 23 119 56 4 42 15 30 198 148 65 8 128 76 64 101 146 52 139 35 106 36 177 96 195 13 190 103 26 9 166 189 71 18 46 75 192 182 82 32 196 169 141 98 39 159 92 199 186 150 121 33 94 90 45 163 108 7 144 133 161 116 17 143 97 43 95 112 105 53 49 162 66 125 19 181 78 102 180 188 151 120 113 171 81 93 59 20 114 183 84 6 117 135 3 21 126 164 137 178 153 145 80 25 124 68 54 167 156 12 160 2 27 110 55 37 132 184 138 170 123 5 89 22 86 40 168 60 91 187 109 85 193 62 67 142 185 122 100 41 28 

Inst_Index:6 	 City_Num:200 	 Concorde:0.106712 	 MCTS:10.695808 Improve:-0.024582 	 Time:20.16 Seconds
Solution: 1 6 54 17 152 80 162 166 68 3 36 46 70 7 59 32 173 128 42 132 45 144 110 76 198 2 164 52 43 195 196 200 104 126 142 106 16 175 4 98 8 94 113 37 13 182 193 24 135 23 119 69 185 138 124 121 31 73 72 77 130 9 41 199 118 172 71 84 30 148 25 186 192 67 137 64 5 102 87 26 105 176 60 163 116 165 55 88 169 79 65 120 20 22 40 91 100 171 48 114 127 194 18 93 136 170 29 47 146 99 117 123 179 35 51 49 115 122 14 145 90 34 161 157 82 149 190 12 101 95 85 147 66 133 159 19 183 33 174 151 150 89 197 78 10 111 81 139 156 140 74 153 44 134 154 129 108 50 167 103 188 75 178 184 61 15 143 38 97 177 92 191 21 86 83 141 168 187 125 158 11 39 62 131 58 180 63 56 181 155 28 107 57 109 160 112 27 53 96 189 

Inst_Index:7 	 City_Num:200 	 Concorde:0.106589 	 MCTS:10.653478 Improve:0.005453 	 Time:20.09 Seconds
Solution: 1 80 26 63 98 167 41 181 57 128 157 58 188 17 141 82 91 127 22 20 72 66 56 31 126 59 187 179 105 145 23 55 9 125 68 108 76 172 110 104 99 67 16 123 107 164 77 175 96 81 45 5 115 24 131 50 28 62 48 93 199 153 136 38 39 97 177 138 124 195 190 88 155 197 64 158 13 78 149 94 70 189 8 135 92 148 132 112 14 118 191 168 151 171 111 29 95 40 27 46 85 183 150 74 182 3 137 147 11 32 103 194 146 170 79 15 159 196 133 113 53 4 198 43 100 161 144 166 87 160 169 116 21 60 37 12 152 89 109 52 129 140 185 178 173 121 186 119 117 90 75 162 163 142 130 34 180 33 30 51 84 165 83 114 47 200 86 61 139 101 2 122 44 69 192 6 102 174 154 65 19 184 18 73 176 71 36 193 25 134 42 143 10 35 106 7 120 156 49 54 

Inst_Index:8 	 City_Num:200 	 Concorde:0.105575 	 MCTS:10.568773 Improve:-0.011294 	 Time:20.00 Seconds
Solution: 1 13 12 59 175 68 180 120 155 127 29 152 169 102 139 79 194 94 154 101 178 43 190 83 51 143 7 61 105 170 140 87 148 129 158 145 50 35 39 92 57 56 48 130 113 41 90 193 81 93 187 124 162 172 38 82 40 142 46 103 37 173 168 128 182 166 106 99 183 80 4 5 21 108 176 49 134 121 85 75 110 16 131 167 104 135 179 36 160 20 67 185 136 115 6 188 15 153 163 27 76 66 71 165 197 32 156 77 116 144 122 164 65 195 73 88 191 25 55 150 189 63 171 44 17 8 98 114 109 3 123 58 30 125 149 159 118 64 133 184 45 72 97 28 141 161 84 138 117 119 33 100 18 31 24 42 11 52 157 95 107 126 26 132 192 19 69 22 199 112 198 86 146 54 177 47 186 196 10 9 91 62 111 70 181 53 78 74 137 60 151 34 174 14 2 89 147 23 200 96 

Inst_Index:9 	 City_Num:200 	 Concorde:0.107886 	 MCTS:10.827767 Improve:-0.039149 	 Time:20.03 Seconds
Solution: 1 124 196 34 137 117 173 155 62 167 116 48 22 19 128 101 168 71 132 44 113 96 184 152 106 39 93 2 17 105 180 142 63 31 40 114 166 84 6 138 42 140 123 139 69 95 134 141 153 38 72 126 164 179 20 135 158 162 52 83 108 64 156 36 165 11 59 125 76 102 26 92 56 7 159 130 21 186 74 88 57 65 53 172 60 177 111 143 87 119 61 8 190 3 54 75 145 94 154 161 189 115 78 28 12 182 187 33 86 37 98 9 157 97 198 25 32 169 191 195 194 200 100 120 109 122 144 129 16 55 183 91 15 68 43 174 23 82 67 73 66 160 175 51 45 149 50 131 49 18 185 110 85 58 27 24 170 181 197 107 81 41 121 80 10 133 79 70 163 188 46 5 35 103 176 148 47 171 136 13 112 146 4 30 192 147 178 104 99 199 14 90 89 127 77 150 29 118 193 151 

Inst_Index:10 	 City_Num:200 	 Concorde:0.108036 	 MCTS:10.791771 Improve:0.011846 	 Time:20.07 Seconds
Solution: 1 84 71 142 95 169 121 108 132 63 11 25 58 4 97 5 38 29 163 15 6 170 185 153 26 144 192 19 57 85 3 172 151 47 139 174 143 68 198 187 149 37 48 98 52 60 73 197 9 173 104 28 17 101 72 34 199 40 112 94 8 13 152 109 134 160 56 120 135 167 16 166 92 147 157 182 136 81 156 99 23 122 49 76 61 176 96 10 168 150 12 42 146 65 125 20 183 131 87 194 67 45 2 140 88 158 82 118 181 148 33 130 89 193 30 165 41 138 50 114 155 55 127 188 115 145 80 159 62 189 74 126 111 161 78 124 129 119 110 133 32 83 113 51 191 106 44 21 175 178 70 36 105 154 69 179 103 77 200 102 24 93 75 190 171 22 123 117 66 39 162 18 27 184 91 196 43 31 86 53 116 46 59 180 79 164 186 128 137 7 107 90 100 141 35 177 14 64 195 54 

Inst_Index:11 	 City_Num:200 	 Concorde:0.109103 	 MCTS:10.934820 Improve:-0.024493 	 Time:20.05 Seconds
Solution: 1 172 158 62 5 109 12 18 24 190 83 111 32 39 70 134 59 88 106 131 94 64 98 155 135 6 14 198 9 7 29 188 55 170 125 121 146 193 75 90 136 112 95 3 8 10 104 132 103 26 54 120 22 137 45 160 48 73 100 189 63 124 51 47 141 34 91 133 44 46 159 130 15 143 110 23 76 173 144 89 185 41 167 168 139 38 196 71 35 107 56 163 84 162 177 11 105 115 80 113 30 57 31 16 186 183 179 128 194 153 119 151 65 118 4 20 165 150 200 97 2 101 67 78 178 180 68 126 40 149 49 138 182 92 195 58 86 157 43 169 72 108 166 69 79 53 50 116 37 175 77 42 191 140 148 129 184 52 17 197 81 27 176 192 161 171 164 147 25 99 60 85 33 181 114 87 36 154 19 174 145 187 28 74 61 142 13 96 156 93 152 21 117 123 102 122 66 127 82 199 

Inst_Index:12 	 City_Num:200 	 Concorde:0.109661 	 MCTS:11.017332 Improve:-0.051187 	 Time:20.17 Seconds
Solution: 1 137 46 92 16 97 61 63 72 171 127 182 125 30 114 157 145 173 34 186 47 140 53 18 52 4 120 123 89 161 71 138 9 162 40 146 26 172 58 160 149 184 10 60 19 131 8 176 32 189 153 59 190 66 124 178 96 136 144 43 35 199 133 197 129 22 115 65 191 74 81 159 78 193 42 101 24 121 45 119 152 196 135 168 15 73 62 183 158 38 11 90 139 128 20 167 105 154 67 14 44 198 185 194 147 110 200 169 91 27 187 36 12 49 25 170 130 41 84 94 7 55 113 5 70 143 23 28 155 179 192 111 156 83 86 116 77 134 79 39 102 108 50 177 109 87 95 117 31 29 151 57 100 33 175 88 107 118 142 181 188 6 163 69 51 17 3 112 122 37 103 164 132 150 174 148 98 54 48 2 106 166 82 75 76 141 195 80 104 13 93 180 85 165 64 21 68 56 99 126 

Inst_Index:13 	 City_Num:200 	 Concorde:0.103443 	 MCTS:10.411927 Improve:-0.067586 	 Time:20.03 Seconds
Solution: 1 193 83 126 151 9 86 130 109 129 44 23 162 115 157 16 198 134 28 179 147 113 191 49 196 140 189 121 3 30 100 106 148 128 66 78 32 52 132 108 104 97 6 183 31 89 99 15 19 88 170 21 64 195 13 67 84 164 119 172 2 137 166 200 143 174 138 163 186 111 185 156 123 110 55 159 10 90 33 154 93 92 190 144 187 85 68 81 54 165 25 146 5 135 24 53 40 139 91 120 175 27 82 14 58 47 73 161 168 43 61 46 178 60 107 98 65 133 76 173 57 197 155 22 79 41 62 160 59 112 63 70 105 36 72 7 136 102 39 176 34 17 56 117 50 194 26 118 69 29 192 95 149 75 71 42 51 125 171 131 80 141 188 167 158 12 48 74 18 94 116 182 87 101 45 150 124 38 35 184 77 127 177 153 145 103 20 169 199 152 122 142 114 96 11 37 180 181 8 4 

Inst_Index:14 	 City_Num:200 	 Concorde:0.107940 	 MCTS:10.789271 Improve:0.004691 	 Time:20.08 Seconds
Solution: 1 10 33 133 17 151 100 180 92 134 60 136 8 124 147 25 189 30 145 61 51 45 32 28 39 107 156 63 59 173 131 176 108 26 103 137 190 31 44 54 192 96 48 112 111 62 24 90 113 50 70 159 93 181 46 178 6 106 36 152 127 12 68 171 7 20 77 34 42 47 21 157 129 185 170 82 16 79 149 89 110 193 128 18 148 188 138 186 121 19 23 13 114 40 140 9 174 73 126 158 187 141 135 29 74 198 101 85 80 91 142 120 146 22 49 37 86 154 179 84 162 194 104 197 67 109 99 57 191 150 200 160 199 125 130 132 119 75 169 15 117 64 78 94 95 153 164 38 163 88 122 161 72 5 184 55 83 167 58 143 183 155 98 115 35 175 69 116 97 144 172 105 195 27 87 102 177 81 76 165 168 182 123 41 118 3 66 14 71 166 53 4 43 196 52 56 2 65 139 11 

Inst_Index:15 	 City_Num:200 	 Concorde:0.108764 	 MCTS:10.913143 Improve:-0.036719 	 Time:20.01 Seconds
Solution: 1 100 140 75 114 172 106 136 15 129 105 163 150 160 24 53 135 93 10 148 92 8 104 169 41 110 29 175 126 16 141 94 6 133 142 176 171 102 52 153 156 27 74 111 26 71 84 90 67 73 165 112 85 101 173 138 69 139 61 194 42 30 196 103 124 146 87 35 115 38 47 3 200 109 7 32 199 180 113 76 88 55 179 70 48 17 127 122 56 86 121 117 155 161 49 98 119 95 77 197 189 158 79 170 80 40 14 184 58 131 72 13 33 31 12 51 123 144 174 9 159 65 198 19 195 97 81 43 45 4 177 107 23 96 167 62 157 118 36 162 181 168 34 147 152 37 68 25 78 44 130 2 164 134 193 132 60 192 178 66 89 20 151 187 59 22 21 186 54 182 149 125 116 143 50 82 166 185 46 137 183 11 128 99 91 28 191 190 18 154 145 39 64 188 57 83 5 63 108 120 

Inst_Index:16 	 City_Num:200 	 Concorde:0.107660 	 MCTS:10.787482 Improve:-0.021522 	 Time:20.08 Seconds
Solution: 1 70 20 123 163 48 187 103 82 62 2 77 126 21 188 63 136 200 101 7 5 131 89 52 142 43 79 72 16 175 75 83 47 24 160 61 33 12 181 108 171 93 15 92 134 3 197 117 106 155 162 105 161 69 35 128 139 17 60 180 34 157 36 190 19 182 169 195 146 76 174 59 118 85 125 73 183 90 164 8 95 129 102 23 67 122 116 185 191 130 194 113 30 100 56 44 80 172 74 143 65 68 50 14 156 28 189 45 112 135 98 29 114 54 64 151 78 167 176 179 148 32 107 144 184 6 49 37 154 140 55 94 58 111 199 46 51 132 81 41 120 145 178 86 170 11 141 13 150 127 147 84 42 166 38 18 27 25 196 115 110 192 104 159 133 96 149 158 71 9 186 66 99 198 177 40 165 88 124 152 53 153 39 26 4 22 109 173 31 168 138 97 119 193 137 10 121 87 91 57 

Inst_Index:17 	 City_Num:200 	 Concorde:0.104841 	 MCTS:10.482585 Improve:0.001536 	 Time:20.14 Seconds
Solution: 1 176 93 32 79 90 35 36 104 125 61 13 66 106 151 68 48 108 26 197 187 3 162 135 119 134 29 98 189 38 53 76 171 9 25 180 103 56 40 154 170 91 15 160 132 130 110 148 5 146 117 62 128 50 179 87 70 89 138 88 127 82 69 199 85 152 161 191 123 150 182 19 67 6 41 7 34 43 137 113 126 178 97 23 198 167 177 31 136 71 86 94 14 96 109 24 102 42 18 183 194 188 156 159 30 4 145 186 72 140 78 55 77 155 52 196 164 17 141 101 2 100 49 131 163 51 12 92 157 133 158 149 95 124 37 75 11 21 172 33 169 27 83 54 143 173 181 39 22 59 115 114 144 121 44 165 147 195 99 120 16 190 139 80 122 153 28 200 73 58 107 63 81 47 10 192 112 116 64 118 185 111 174 175 45 184 74 57 105 60 20 46 166 84 168 142 8 193 65 129 


Avg_Concorde_Distance: 10.700585 Avg_MCTS_Distance: 10.724071 Avg_Gap: 0.002192 Total_Time: 341.34 Seconds 
 Beat_Best_Known_Times: 5 Match_Best_Known_Times: 0 Miss_Best_Known_Times: 12 
