Number_of_Instances_In_Current_Batch: 17

Inst_Index:18 	 City_Num:200 	 Concorde:0.108465 	 MCTS:10.879192 Improve:-0.032673 	 Time:20.01 Seconds
Solution: 1 21 151 94 101 30 159 17 23 6 182 57 56 22 165 124 63 70 183 135 16 96 109 2 37 42 149 91 47 92 161 170 113 68 66 104 158 82 51 7 15 164 156 62 32 119 87 64 38 177 81 116 3 146 114 36 28 72 176 155 160 171 58 50 167 73 137 175 39 98 187 166 84 127 33 43 86 169 143 41 122 107 31 59 152 136 13 83 123 153 69 108 10 147 132 27 99 195 150 190 48 78 157 18 196 45 5 191 200 53 54 129 133 179 55 85 128 44 80 26 172 131 100 25 173 186 29 103 148 180 185 125 144 118 110 178 163 77 197 142 11 121 8 60 4 115 75 140 34 189 162 9 112 188 120 192 138 194 74 79 40 168 90 102 65 130 20 35 52 67 141 61 181 193 24 97 126 145 88 95 76 199 134 12 184 89 93 46 71 111 105 106 14 19 154 49 139 117 174 198 

Inst_Index:19 	 City_Num:200 	 Concorde:0.105294 	 MCTS:10.524013 Improve:0.005350 	 Time:20.04 Seconds
Solution: 1 106 124 114 67 60 150 51 33 91 181 178 61 18 149 129 131 76 156 133 103 122 190 200 66 98 113 53 96 72 83 165 17 158 130 107 196 146 50 115 152 111 86 42 128 161 23 136 77 195 52 168 127 193 194 198 46 185 78 74 99 94 192 79 105 162 141 118 6 57 174 9 179 28 70 40 188 175 126 135 90 34 26 153 160 7 183 134 48 58 55 123 147 38 88 93 25 85 104 36 32 62 20 31 157 121 154 2 63 37 13 87 144 21 47 3 187 100 14 92 148 80 142 172 140 112 169 22 138 197 163 171 75 39 151 81 8 199 69 159 12 44 5 19 191 173 182 16 49 166 54 71 10 68 184 41 108 15 145 65 125 143 119 180 56 139 189 30 186 43 73 102 176 120 4 109 59 117 177 167 29 110 132 137 116 45 64 35 82 101 95 89 164 27 155 84 24 170 11 97 

Inst_Index:20 	 City_Num:200 	 Concorde:0.106152 	 MCTS:10.612233 Improve:0.002928 	 Time:20.06 Seconds
Solution: 1 84 65 191 14 144 186 146 11 123 149 113 95 150 10 39 90 74 44 117 129 156 107 38 24 159 88 135 72 121 177 173 41 111 188 37 162 55 116 3 148 4 119 94 54 16 181 12 115 53 34 36 15 193 29 178 199 69 77 106 154 66 30 101 62 170 76 158 143 2 20 139 67 183 56 109 174 195 105 68 160 140 19 110 182 49 128 64 7 145 78 45 28 131 151 8 31 118 35 179 80 171 86 120 196 79 194 167 42 132 17 114 187 40 197 13 190 100 83 6 103 48 33 22 97 184 18 126 104 168 70 163 73 137 58 71 52 192 124 43 142 85 172 99 130 134 166 185 136 47 112 57 60 147 175 125 82 9 200 127 153 180 122 26 96 165 75 92 46 189 32 98 27 93 81 152 63 21 141 133 169 87 102 157 164 59 5 108 155 91 51 138 89 176 25 61 23 50 161 198 

Inst_Index:21 	 City_Num:200 	 Concorde:0.106249 	 MCTS:10.659287 Improve:-0.034352 	 Time:20.18 Seconds
Solution: 1 27 93 110 97 143 160 125 136 60 107 108 191 185 11 195 121 33 81 75 152 5 4 197 78 74 52 57 21 15 159 103 122 7 90 26 157 133 123 3 113 106 83 135 88 53 73 164 80 147 49 54 55 22 192 40 94 144 172 41 9 151 124 171 82 51 188 39 36 24 145 163 20 89 148 34 166 126 46 92 150 18 99 153 181 173 105 156 31 186 183 128 115 193 161 13 154 8 141 129 45 190 180 61 96 66 155 84 71 199 137 29 198 146 112 37 175 44 189 177 116 98 120 79 63 196 100 117 142 109 67 10 86 179 132 168 19 176 77 48 56 140 28 2 47 170 111 167 114 85 16 149 102 158 194 6 14 184 58 76 165 130 101 104 42 23 12 65 69 50 182 35 25 43 131 32 87 187 169 17 118 64 139 138 95 162 119 72 70 178 174 127 91 62 68 134 59 38 200 30 

Inst_Index:22 	 City_Num:200 	 Concorde:0.109552 	 MCTS:10.975848 Improve:-0.020671 	 Time:20.13 Seconds
Solution: 1 95 178 55 80 198 18 120 38 22 118 188 73 160 146 165 48 49 97 69 174 27 25 139 36 84 87 186 24 179 182 173 136 127 33 106 79 164 134 35 53 75 150 159 151 189 93 155 11 82 152 190 193 109 58 91 130 107 133 47 64 104 28 195 115 94 197 122 76 40 126 129 30 68 175 83 199 153 66 15 90 158 185 117 187 56 141 88 74 105 180 17 99 161 183 37 145 72 61 114 125 138 149 191 89 81 46 148 103 78 192 154 101 176 156 8 52 32 19 184 194 85 113 166 128 132 196 60 167 123 4 57 26 31 14 5 2 112 45 42 59 163 50 168 13 71 16 86 116 142 6 102 20 43 3 111 10 171 119 121 44 157 65 54 162 135 63 67 7 144 29 92 169 34 23 39 9 70 21 12 77 41 181 200 147 108 140 110 131 98 96 137 177 124 143 51 100 62 170 172 

Inst_Index:23 	 City_Num:200 	 Concorde:0.109212 	 MCTS:10.964290 Improve:-0.043103 	 Time:20.06 Seconds
Solution: 1 162 39 168 78 6 26 191 101 134 166 196 93 175 14 37 121 189 76 27 149 110 169 152 28 151 138 13 115 118 15 87 25 185 22 119 7 50 160 183 177 85 54 111 127 104 178 72 51 135 109 158 82 95 86 140 49 29 136 133 68 176 2 47 41 143 66 67 79 159 186 122 161 157 132 32 154 102 16 123 172 116 190 90 198 128 129 75 153 126 59 46 112 58 141 3 139 5 71 65 187 9 57 180 30 55 33 36 181 40 100 53 42 98 167 150 81 125 80 69 103 11 131 12 170 34 52 114 56 24 184 77 8 106 31 193 92 48 64 179 163 63 88 35 113 199 117 148 84 137 91 182 45 108 142 73 195 120 192 194 18 173 62 130 97 124 164 146 155 99 19 17 20 4 188 70 156 44 43 83 105 60 74 144 10 23 96 171 94 200 174 21 165 145 107 61 89 147 38 197 

Inst_Index:24 	 City_Num:200 	 Concorde:0.106637 	 MCTS:10.666135 Improve:-0.002482 	 Time:20.05 Seconds
Solution: 1 35 65 21 114 73 165 99 92 64 18 53 142 72 160 188 22 47 70 24 117 4 27 56 116 8 74 17 103 167 45 80 146 44 157 164 46 57 162 100 85 2 115 107 109 50 7 193 135 66 163 19 144 136 126 106 104 89 166 36 96 12 125 58 190 131 15 90 118 16 43 11 156 172 150 39 59 84 127 139 31 121 55 52 138 95 123 134 183 13 124 199 195 10 14 161 86 130 111 94 198 181 186 173 40 63 176 54 48 197 184 68 61 108 196 112 177 187 120 141 26 98 30 149 151 105 128 38 147 75 77 3 145 28 170 83 33 49 152 20 154 69 137 25 101 119 32 185 129 179 169 88 140 78 67 113 174 153 76 34 51 178 60 93 91 71 171 37 41 155 189 158 97 133 81 168 159 110 132 87 102 42 200 192 5 29 148 122 6 182 9 62 180 191 82 79 23 143 175 194 

Inst_Index:25 	 City_Num:200 	 Concorde:0.112672 	 MCTS:11.321204 Improve:-0.054052 	 Time:20.00 Seconds
Solution: 1 53 19 167 143 179 59 17 173 195 169 48 177 123 63 190 75 99 83 18 51 7 20 102 145 198 70 189 71 11 93 79 106 128 141 187 199 61 115 127 175 36 45 181 122 26 172 4 72 183 65 152 112 49 186 41 180 9 97 108 134 194 3 146 142 150 23 95 67 119 104 81 132 129 12 125 103 33 39 200 54 34 77 46 138 121 107 24 182 69 111 133 113 130 42 184 98 44 27 161 156 170 191 28 162 101 40 16 120 136 52 76 165 166 131 90 168 140 85 37 6 15 105 10 13 149 68 25 153 178 21 154 80 193 62 47 155 57 197 66 30 64 159 56 43 124 38 87 78 109 164 94 91 157 147 117 100 188 92 118 192 139 35 126 110 73 116 163 137 185 196 8 160 86 88 55 171 151 60 29 22 174 144 84 74 82 50 114 135 58 31 96 2 14 5 176 89 32 158 148 

Inst_Index:26 	 City_Num:200 	 Concorde:0.110624 	 MCTS:11.067306 Improve:-0.004885 	 Time:20.02 Seconds
Solution: 1 33 195 19 43 198 26 114 9 8 111 142 85 154 73 188 30 141 112 117 182 70 157 80 146 4 170 130 65 132 10 120 106 140 151 68 104 14 5 156 122 192 185 137 176 131 71 66 172 92 15 133 160 158 113 173 58 81 46 183 165 166 118 116 119 48 54 22 187 180 191 13 135 87 199 152 59 105 3 190 47 115 161 153 186 55 75 159 196 174 145 134 79 98 99 83 179 169 34 50 52 60 44 11 107 103 77 148 29 24 138 56 74 49 20 181 36 69 78 128 63 102 144 150 97 16 86 18 35 100 171 21 27 184 127 178 6 94 175 136 193 139 42 129 162 168 37 95 126 89 67 197 155 41 61 2 147 200 108 45 12 149 17 194 125 88 189 93 164 91 51 38 31 123 177 40 57 167 7 25 143 163 121 90 32 53 76 39 109 23 101 96 110 62 72 124 28 64 84 82 

Inst_Index:27 	 City_Num:200 	 Concorde:0.108148 	 MCTS:10.862357 Improve:-0.047593 	 Time:20.07 Seconds
Solution: 1 173 18 34 125 114 90 164 40 168 61 78 54 101 146 12 87 151 31 115 22 91 11 149 21 83 182 62 145 13 183 143 79 77 10 27 25 103 157 113 121 139 196 51 155 120 4 131 92 159 30 190 33 134 156 158 165 23 110 69 132 2 179 142 70 130 88 118 122 96 58 124 104 187 64 53 193 35 29 36 89 93 50 80 16 180 175 150 126 84 123 141 57 198 42 191 117 63 82 184 6 171 200 73 116 105 192 127 111 8 135 197 108 161 106 37 20 28 162 86 47 138 194 60 3 15 140 19 5 119 7 166 128 44 55 137 94 136 112 85 167 152 95 56 185 46 177 129 160 66 75 9 43 170 81 97 163 195 99 38 188 169 14 154 41 199 49 148 76 174 176 144 189 72 32 74 26 172 153 67 45 68 98 100 17 109 147 71 107 39 102 65 181 52 178 186 59 133 24 48 

Inst_Index:28 	 City_Num:200 	 Concorde:0.111007 	 MCTS:11.123985 Improve:-0.023312 	 Time:20.18 Seconds
Solution: 1 55 164 166 101 95 134 78 156 19 169 180 150 72 121 25 191 75 109 31 137 162 126 131 178 47 20 38 132 39 84 77 62 83 33 79 3 136 36 197 11 42 194 151 125 71 6 29 88 200 198 22 49 90 128 187 129 66 159 163 85 176 140 10 70 182 113 17 16 115 57 103 146 179 158 53 160 193 92 172 127 82 73 13 170 12 192 67 65 120 91 116 155 139 34 107 184 59 63 174 145 86 14 96 143 123 81 102 41 190 24 43 130 175 80 181 89 149 99 185 56 93 48 147 105 68 189 110 60 15 100 161 32 118 111 7 69 138 94 108 35 154 196 188 58 87 8 97 122 171 148 9 186 165 124 76 37 153 46 135 64 133 52 61 199 2 98 44 21 117 195 74 119 114 51 152 26 5 27 168 104 50 141 54 177 183 167 4 23 112 142 45 30 157 144 28 40 106 18 173 

Inst_Index:29 	 City_Num:200 	 Concorde:0.110991 	 MCTS:11.173159 Improve:-0.074030 	 Time:20.00 Seconds
Solution: 1 104 24 44 129 133 180 53 101 14 21 59 161 16 34 126 184 158 164 110 148 91 176 9 108 146 160 115 25 159 40 41 193 11 28 50 60 123 143 147 78 175 19 191 7 58 165 137 32 96 100 64 47 118 62 75 196 52 141 200 84 76 46 169 38 120 71 179 49 188 30 155 6 92 33 134 154 186 107 150 3 15 166 102 22 77 145 187 74 65 170 57 26 177 116 73 72 89 66 138 181 36 153 139 20 162 197 199 171 174 2 173 31 128 156 80 132 103 149 117 135 167 42 192 144 163 23 88 63 87 70 124 90 182 125 119 61 112 79 13 105 83 183 82 37 189 168 172 151 195 27 94 17 54 10 194 43 122 136 97 152 178 12 56 29 48 39 157 85 69 93 95 113 114 190 140 51 55 131 111 121 130 5 4 142 35 109 45 99 198 67 81 86 8 98 68 127 185 106 18 

Inst_Index:30 	 City_Num:200 	 Concorde:0.108950 	 MCTS:10.953974 Improve:-0.058952 	 Time:20.10 Seconds
Solution: 1 154 123 148 121 75 168 87 68 107 2 71 153 144 27 143 47 17 162 30 136 45 91 76 191 31 59 50 73 135 145 118 147 19 150 119 181 80 34 157 43 159 10 101 194 185 161 146 92 140 60 112 165 192 63 5 99 41 15 188 167 49 69 198 11 127 113 175 86 22 88 6 66 40 46 129 38 37 116 77 139 195 55 83 74 52 78 4 155 149 53 89 9 35 84 186 187 156 137 102 20 57 196 200 134 128 42 189 97 54 90 23 172 178 13 131 111 141 158 110 133 64 28 16 48 70 193 138 56 179 173 124 130 58 108 14 82 176 190 152 21 103 163 171 117 184 115 39 109 93 62 169 177 170 100 12 51 32 199 25 132 164 174 7 114 65 126 182 81 26 106 120 98 61 104 36 29 166 125 197 67 79 94 33 18 122 8 96 44 24 3 142 180 151 85 72 105 160 183 95 

Inst_Index:31 	 City_Num:200 	 Concorde:0.108045 	 MCTS:10.847024 Improve:-0.042567 	 Time:20.12 Seconds
Solution: 1 56 168 77 69 127 18 178 71 191 140 99 147 120 80 52 32 129 109 124 27 21 75 65 55 175 151 24 103 98 17 44 195 23 185 6 118 179 54 188 7 62 67 15 86 50 199 113 144 2 183 135 193 57 138 137 29 104 8 96 68 92 60 19 100 177 155 143 58 16 196 37 46 187 5 106 111 42 90 26 20 30 84 78 25 182 134 141 126 198 131 49 59 148 105 190 93 171 139 88 115 169 35 38 163 125 43 66 112 33 63 94 4 130 45 61 110 79 36 197 22 64 9 173 150 89 174 117 108 14 176 28 186 101 149 83 159 189 114 153 154 200 132 192 180 128 122 102 156 162 3 121 152 91 74 13 107 158 41 116 12 97 53 51 119 31 181 87 136 48 146 10 145 11 39 133 40 161 172 170 194 34 73 72 95 160 85 81 82 167 165 47 164 166 157 70 123 76 142 184 

Inst_Index:32 	 City_Num:200 	 Concorde:0.105393 	 MCTS:10.588044 Improve:-0.048753 	 Time:20.03 Seconds
Solution: 1 23 7 142 75 153 11 32 8 129 119 152 136 177 137 30 183 77 180 128 110 22 91 55 156 115 130 81 187 68 98 97 196 99 85 163 39 178 154 35 96 56 126 73 46 103 116 102 193 92 123 60 198 155 58 83 47 109 147 195 168 174 82 134 51 49 117 94 197 42 24 84 133 14 192 15 76 159 165 41 175 19 61 36 52 80 125 71 12 79 169 150 40 44 74 146 141 104 171 70 57 65 87 161 184 90 107 45 186 105 2 27 194 149 166 122 135 118 176 43 148 151 13 173 100 62 33 34 182 190 145 48 124 38 59 172 72 140 20 95 157 189 26 112 21 88 139 181 69 106 113 10 53 144 164 3 16 131 167 17 185 127 50 162 4 121 114 5 63 54 138 200 108 67 6 160 170 78 86 179 29 28 143 37 191 64 199 132 111 120 158 9 93 31 66 18 89 25 101 188 

Inst_Index:33 	 City_Num:200 	 Concorde:0.108296 	 MCTS:10.806284 Improve:0.023325 	 Time:20.06 Seconds
Solution: 1 144 146 100 3 157 149 123 153 182 97 68 18 75 35 139 90 47 161 85 154 174 11 172 72 102 121 193 165 42 29 7 53 34 70 93 177 86 169 106 199 50 147 109 167 155 73 194 145 105 137 87 59 116 117 192 51 128 148 196 81 48 176 25 63 125 188 183 163 110 136 84 56 26 113 21 103 36 187 27 12 200 82 142 122 69 124 112 80 40 91 127 28 135 160 62 179 162 38 198 164 31 180 14 15 61 104 45 141 32 77 44 88 92 67 6 23 170 10 39 108 138 60 2 76 171 64 134 186 37 41 173 107 71 99 43 49 19 131 46 120 143 140 74 83 55 13 66 96 24 30 58 98 33 156 130 119 150 118 8 126 185 94 57 4 152 95 79 111 89 197 54 166 132 159 158 5 190 168 191 184 16 52 175 9 189 114 22 181 65 151 115 101 133 20 178 78 17 129 195 

Inst_Index:34 	 City_Num:200 	 Concorde:0.108312 	 MCTS:10.833060 Improve:-0.001866 	 Time:20.00 Seconds
Solution: 1 53 131 87 164 142 120 200 129 10 90 99 112 133 166 180 88 28 20 127 192 67 159 107 44 36 4 79 117 154 13 187 83 183 169 143 26 137 158 179 71 52 41 125 35 177 116 89 168 22 31 97 66 100 64 19 65 189 144 104 75 93 167 39 181 138 147 108 74 30 80 62 101 153 70 49 55 157 170 82 155 2 76 128 69 110 63 84 56 191 21 141 6 161 14 188 12 151 78 25 184 173 114 15 156 171 111 77 118 122 18 37 47 135 23 160 198 199 145 163 58 186 162 148 121 175 106 134 85 178 61 119 150 94 139 124 126 42 197 8 196 185 95 34 5 57 96 48 9 16 103 149 195 29 33 27 73 172 190 146 40 109 152 115 51 182 60 132 43 105 54 59 165 86 17 194 98 123 50 81 46 7 113 91 136 3 102 38 11 174 24 130 140 92 45 68 176 72 32 193 


Avg_Concorde_Distance: 10.847042 Avg_MCTS_Distance: 10.873965 Avg_Gap: 0.002467 Total_Time: 341.14 Seconds 
 Beat_Best_Known_Times: 3 Match_Best_Known_Times: 0 Miss_Best_Known_Times: 14 
