Number_of_Instances_In_Current_Batch: 9

Inst_Index:120 	 City_Num:200 	 Concorde:0.103551 	 MCTS:10.391824 Improve:-0.036765 	 Time:20.11 Seconds
Solution: 1 64 140 12 69 77 39 44 167 34 128 111 99 116 127 172 58 150 30 129 165 194 16 91 119 193 53 182 41 157 143 200 75 154 115 147 92 162 176 132 15 24 9 186 159 197 86 52 59 89 65 192 23 98 103 171 72 108 151 85 48 188 73 62 100 21 160 146 57 54 74 113 195 163 31 199 6 11 139 130 173 70 83 166 90 158 49 28 120 122 67 8 66 101 174 175 155 141 76 46 22 179 114 78 93 135 2 177 152 153 109 47 124 180 136 169 29 84 117 68 148 138 97 79 33 187 81 3 14 80 26 133 7 60 161 121 107 170 134 189 38 35 144 137 105 4 106 178 5 18 50 102 20 61 168 45 40 118 126 123 183 10 51 185 96 32 125 94 110 37 145 36 71 42 27 88 95 82 191 112 17 181 25 63 19 184 87 196 13 56 104 149 55 198 131 142 164 43 156 190 

Inst_Index:121 	 City_Num:200 	 Concorde:0.108597 	 MCTS:10.905692 Improve:-0.045959 	 Time:20.13 Seconds
Solution: 1 40 192 99 78 153 136 130 113 105 3 86 149 32 100 200 167 128 169 103 47 34 65 62 185 114 88 183 131 48 63 56 14 27 24 102 57 11 15 155 162 92 145 121 163 82 33 26 21 98 108 20 22 132 146 36 59 184 164 172 19 127 187 180 147 84 6 198 134 28 186 81 58 139 38 71 110 52 30 160 7 49 178 142 125 94 165 190 116 67 90 182 54 141 18 117 53 50 171 69 140 5 157 91 152 179 83 156 16 106 151 177 126 193 154 10 31 173 93 174 95 124 60 148 150 45 75 199 77 4 46 25 44 66 129 191 104 76 64 70 8 119 181 168 51 107 13 115 87 73 29 72 112 158 79 35 195 96 188 133 120 144 118 97 138 68 23 61 111 170 2 43 80 74 9 135 85 161 176 122 196 159 41 89 39 109 143 101 189 194 123 12 197 55 175 137 166 37 42 17 

Inst_Index:122 	 City_Num:200 	 Concorde:0.108923 	 MCTS:10.958697 Improve:-0.066415 	 Time:20.05 Seconds
Solution: 1 13 199 75 167 63 101 141 163 88 190 72 90 22 156 77 183 131 189 177 178 144 114 187 194 175 159 2 20 179 185 85 174 160 8 138 126 12 64 56 66 73 200 149 37 130 91 25 137 181 123 50 168 111 113 110 148 143 27 23 106 62 46 98 135 182 19 161 155 40 96 102 49 68 166 4 7 172 152 31 74 133 47 43 134 10 44 186 21 26 154 48 79 104 118 14 139 84 164 78 97 92 55 24 11 70 17 83 124 151 128 67 132 71 15 33 173 197 117 170 105 125 180 184 35 196 129 61 81 193 51 119 65 57 162 176 52 80 29 120 59 86 158 30 153 60 94 122 145 93 38 112 192 109 150 28 87 147 53 195 42 3 18 107 89 103 100 54 5 58 198 142 39 6 95 82 115 36 191 69 188 169 108 116 171 140 127 34 121 165 157 99 32 76 45 16 9 41 146 136 

Inst_Index:123 	 City_Num:200 	 Concorde:0.103825 	 MCTS:10.409260 Improve:-0.026787 	 Time:20.14 Seconds
Solution: 1 2 64 8 166 93 138 110 199 46 72 31 99 91 13 113 102 195 135 132 175 80 30 164 34 176 107 59 60 173 3 96 49 38 167 182 123 131 92 193 4 180 190 124 15 67 53 74 42 149 81 151 28 200 118 165 117 21 9 155 66 161 32 194 36 58 150 98 125 45 17 106 189 83 70 119 128 126 160 169 12 129 16 101 78 14 48 37 97 19 22 114 112 40 89 43 33 54 100 73 10 88 27 127 192 76 5 121 177 144 147 69 188 6 136 148 24 44 41 142 7 29 85 198 178 11 105 133 103 77 51 153 168 186 179 134 35 130 171 86 18 197 55 63 158 90 20 163 191 159 141 139 62 79 68 23 181 87 108 185 104 47 94 140 137 174 156 56 39 71 187 152 61 26 84 170 143 146 183 65 120 172 122 157 82 154 52 116 145 57 115 109 50 196 25 75 111 162 184 95 

Inst_Index:124 	 City_Num:200 	 Concorde:0.106435 	 MCTS:10.631533 Improve:0.011969 	 Time:20.01 Seconds
Solution: 1 21 100 160 165 114 16 47 200 139 184 52 137 181 157 93 80 43 163 134 194 19 145 6 81 33 121 122 142 162 63 132 103 158 118 179 31 92 18 188 155 170 166 152 116 110 140 89 13 127 129 97 86 175 156 128 189 148 34 85 76 130 39 176 197 172 113 66 109 167 171 149 107 65 199 105 4 168 62 77 17 70 138 73 53 54 25 24 115 177 135 23 112 59 186 94 147 173 57 7 96 79 44 191 198 26 136 11 71 35 55 75 196 29 40 119 133 190 174 185 123 90 58 3 32 88 87 42 164 98 153 195 83 182 143 20 146 12 82 64 151 78 60 45 41 68 38 48 28 126 51 50 84 99 30 154 120 95 161 169 9 106 61 102 124 91 178 131 69 117 74 49 193 10 37 125 141 8 22 104 144 183 36 72 108 150 2 14 159 67 192 180 5 187 56 101 15 111 27 46 

Inst_Index:125 	 City_Num:200 	 Concorde:0.111141 	 MCTS:11.141078 Improve:-0.026950 	 Time:20.07 Seconds
Solution: 1 8 134 175 121 99 38 19 52 180 74 36 85 4 172 116 177 23 62 17 136 57 26 135 84 197 92 10 168 158 47 179 194 9 65 140 32 187 186 181 82 34 118 141 39 147 41 55 102 60 48 76 127 69 122 21 43 103 123 18 78 22 150 117 56 97 72 12 189 191 153 35 149 124 80 119 14 70 148 67 33 188 155 89 93 176 50 178 198 83 142 144 107 95 161 128 2 28 7 174 5 115 114 61 24 167 137 193 30 173 20 145 25 68 164 129 185 79 101 87 108 90 40 3 59 42 58 184 81 49 29 15 143 156 182 77 104 37 73 86 146 157 106 100 195 160 159 120 31 51 96 138 196 163 53 171 151 111 166 88 46 139 154 192 75 199 131 130 183 125 91 54 63 13 16 110 94 105 66 71 44 109 126 27 170 98 112 162 200 113 132 64 11 169 45 165 133 6 190 152 

Inst_Index:126 	 City_Num:200 	 Concorde:0.105037 	 MCTS:10.509396 Improve:-0.005698 	 Time:20.06 Seconds
Solution: 1 159 32 12 20 23 73 17 75 30 34 38 170 185 15 18 106 62 137 77 87 164 174 70 118 43 144 55 58 5 155 31 163 130 65 94 103 194 180 88 39 128 192 56 100 146 10 45 190 37 93 51 36 112 71 67 95 169 142 3 27 72 158 160 61 108 179 111 33 157 129 187 150 191 101 176 57 50 98 107 14 78 40 113 153 28 81 152 166 19 97 193 11 151 172 199 141 89 104 120 145 66 114 4 184 68 16 25 198 143 125 195 86 24 119 173 124 168 183 46 178 131 91 85 156 165 42 162 26 79 48 21 60 154 200 84 177 196 53 116 99 83 69 105 59 44 167 135 197 35 41 117 115 139 29 182 6 82 64 181 138 90 136 22 74 47 52 140 2 148 188 126 96 49 147 133 122 175 110 9 76 80 149 132 109 7 54 92 186 63 127 13 134 123 102 121 161 8 189 171 

Inst_Index:127 	 City_Num:200 	 Concorde:0.108789 	 MCTS:10.904776 Improve:-0.025861 	 Time:20.03 Seconds
Solution: 1 132 38 86 154 149 197 111 110 29 169 170 49 54 189 12 31 83 71 100 129 50 134 102 80 19 27 106 87 15 58 32 152 153 21 74 198 130 79 145 171 182 34 20 194 114 123 26 146 151 92 96 16 60 187 174 181 162 167 62 184 115 94 9 177 98 103 95 90 161 156 3 36 178 196 199 46 56 173 195 188 65 57 119 55 84 136 180 127 68 42 101 107 97 22 48 45 82 61 118 30 7 117 104 78 124 23 91 109 112 141 8 37 24 85 72 128 93 135 176 120 11 157 77 10 4 190 143 131 59 13 150 140 43 70 66 89 172 33 73 147 164 2 64 183 133 28 193 99 125 158 137 67 52 179 185 17 41 44 126 5 40 51 138 155 18 75 160 165 191 144 139 88 35 47 159 168 142 148 69 108 81 76 105 175 200 121 116 53 113 186 14 39 163 192 122 166 25 63 6 

Inst_Index:128 	 City_Num:200 	 Concorde:0.108673 	 MCTS:10.906760 Improve:-0.039455 	 Time:20.16 Seconds
Solution: 1 109 196 125 120 164 96 100 165 173 53 183 138 19 82 116 121 118 144 161 26 140 3 189 108 85 136 150 61 90 105 68 40 166 29 41 21 175 200 153 113 186 77 158 184 157 146 170 139 22 46 123 124 38 143 114 18 55 73 8 128 181 97 110 92 191 174 134 14 101 99 43 9 27 79 28 151 171 178 33 74 180 112 16 48 50 36 182 34 70 198 15 111 23 172 59 6 132 176 192 10 83 137 190 98 159 195 93 135 54 57 193 122 148 155 37 129 168 20 58 42 187 154 62 51 72 169 152 104 7 89 31 84 177 142 86 75 91 194 95 185 67 107 119 115 88 156 103 149 133 64 131 11 147 197 162 24 76 12 47 179 188 71 17 106 13 117 199 102 65 163 2 63 167 32 94 60 87 4 127 5 130 145 45 30 141 81 160 56 69 78 52 35 44 80 25 49 66 39 126 


Avg_Concorde_Distance: 10.721899 Avg_MCTS_Distance: 10.751002 Avg_Gap: 0.002701 Total_Time: 180.79 Seconds 
 Beat_Best_Known_Times: 1 Match_Best_Known_Times: 0 Miss_Best_Known_Times: 8 
