50
 0.000000 0.098582 0.000000 0.000000 0.000000 0.000000 0.000000 0.000000 0.000008 0.000000 0.000000 0.096283 0.000000 0.000000 0.000000 0.072383 0.000000 0.000000 0.000000 0.288835 0.000000 0.000000 0.000000 0.000000 0.000000 0.000000 0.000000 0.000000 0.000003 0.000000 0.010887 0.000000 0.000000 0.000000 0.000000 0.000000 0.000000 0.144418 0.000000 0.000000 0.288590 0.000000 0.000000 0.000000 0.000000 0.000000 0.000000 0.000000 0.000011 0.000000
 0.086844 0.000019 0.000000 0.015530 0.000000 0.000000 0.000111 0.000000 0.002988 0.000000 0.038264 0.254232 0.000000 0.000005 0.000000 0.004424 0.000000 0.000000 0.000000 0.000002 0.000000 0.000000 0.000000 0.034728 0.000000 0.000000 0.000000 0.067210 0.171021 0.000000 0.083397 0.000000 0.063670 0.000000 0.000000 0.000000 0.000000 0.000000 0.000000 0.002325 0.000001 0.000000 0.000000 0.000000 0.000000 0.000000 0.000000 0.169599 0.005629 0.000000
 0.000000 0.000000 0.000000 0.000000 0.000000 0.000176 0.002652 0.000000 0.000000 0.000000 0.000000 0.000000 0.000000 0.000000 0.000000 0.000000 0.240695 0.000000 0.401445 0.000000 0.000000 0.080335 0.000000 0.000000 0.114077 0.000000 0.000000 0.000000 0.000000 0.000000 0.000000 0.160620 0.000000 0.000000 0.000000 0.000000 0.000000 0.000000 0.000000 0.000000 0.000000 0.000000 0.000000 0.000000 0.000000 0.000000 0.000000 0.000000 0.000000 0.000000
 0.000000 0.019001 0.000000 0.000000 0.197672 0.000000 0.000000 0.000000 0.000000 0.000000 0.000000 0.000020 0.042696 0.000000 0.000000 0.000000 0.000000 0.000000 0.000000 0.071761 0.004332 0.000000 0.000000 0.000000 0.000000 0.305656 0.000000 0.000000 0.000000 0.000000 0.034452 0.000000 0.000000 0.000000 0.000000 0.028583 0.000000 0.000000 0.295829 0.000000 0.000000 0.000000 0.000000 0.000000 0.000000 0.000000 0.000000 0.000000 0.000000 0.000000
 0.000000 0.000000 0.000000 0.209442 0.000000 0.000000 0.000000 0.000000 0.000000 0.000000 0.000000 0.000000 0.000000 0.000000 0.000000 0.000000 0.000000 0.000000 0.000000 0.000000 0.325156 0.000000 0.000000 0.000000 0.000000 0.000000 0.000000 0.000000 0.000000 0.000000 0.000000 0.000000 0.000000 0.000000 0.000000 0.321010 0.000000 0.000000 0.144391 0.000000 0.000000 0.000000 0.000000 0.000000 0.000000 0.000000 0.000000 0.000000 0.000000 0.000000
 0.000000 0.000000 0.000147 0.000000 0.000000 0.000000 0.101982 0.000000 0.000000 0.000000 0.000000 0.000000 0.000000 0.066974 0.000000 0.000000 0.000000 0.000000 0.265983 0.000000 0.000000 0.334163 0.000000 0.000000 0.215160 0.000000 0.000000 0.000000 0.000000 0.014717 0.000000 0.000007 0.000000 0.000000 0.000000 0.000000 0.000000 0.000000 0.000000 0.000000 0.000000 0.000000 0.000000 0.000000 0.000000 0.000868 0.000000 0.000000 0.000000 0.000000
 0.000000 0.000113 0.001702 0.000000 0.000000 0.078469 0.000000 0.000000 0.000000 0.000000 0.000000 0.000001 0.000106 0.067601 0.000000 0.000000 0.000000 0.000000 0.000000 0.000000 0.000000 0.183737 0.000000 0.000079 0.000000 0.000000 0.000000 0.001970 0.000000 0.000002 0.043141 0.000000 0.000000 0.000000 0.000000 0.055213 0.000000 0.000000 0.001901 0.053628 0.000000 0.000000 0.000000 0.000000 0.000000 0.254798 0.000000 0.000000 0.257539 0.000000
 0.000000 0.000000 0.000000 0.000000 0.000000 0.000000 0.000000 0.000000 0.003833 0.095684 0.000000 0.000000 0.000000 0.251472 0.000000 0.000000 0.000000 0.000000 0.000000 0.000000 0.000000 0.000000 0.000000 0.242019 0.000000 0.000000 0.000000 0.000000 0.000000 0.000000 0.000000 0.000000 0.000232 0.000000 0.000002 0.000000 0.406757 0.000000 0.000000 0.000000 0.000000 0.000000 0.000000 0.000000 0.000000 0.000000 0.000000 0.000000 0.000000 0.000000
 0.000008 0.003376 0.000000 0.000000 0.000000 0.000000 0.000000 0.002708 0.000000 0.000000 0.016019 0.000584 0.000000 0.017722 0.000000 0.030547 0.000000 0.000000 0.000000 0.000000 0.000000 0.000000 0.287512 0.096648 0.000000 0.000000 0.000000 0.000166 0.141931 0.000000 0.000024 0.000000 0.287246 0.000000 0.000000 0.000000 0.095788 0.000000 0.000000 0.000005 0.019714 0.000000 0.000000 0.000000 0.000000 0.000000 0.000000 0.000000 0.000000 0.000000
 0.000000 0.000000 0.000000 0.000000 0.000000 0.000000 0.000000 0.082337 0.000000 0.000000 0.000000 0.000000 0.000000 0.069429 0.000000 0.000000 0.000000 0.000000 0.000000 0.000000 0.000000 0.000000 0.000000 0.000000 0.000000 0.000000 0.000000 0.000000 0.000000 0.000000 0.000000 0.000000 0.000000 0.000000 0.087544 0.000000 0.147876 0.000000 0.000000 0.000000 0.000000 0.262635 0.000000 0.000000 0.350179 0.000000 0.000000 0.000000 0.000000 0.000000
 0.000000 0.047466 0.000000 0.000000 0.000000 0.000000 0.000000 0.000000 0.017586 0.000000 0.000000 0.000000 0.000000 0.000000 0.000000 0.233856 0.000000 0.000000 0.000000 0.000000 0.000000 0.000000 0.000000 0.000000 0.000000 0.000000 0.315630 0.021699 0.092585 0.000000 0.000000 0.000000 0.271179 0.000000 0.000000 0.000000 0.000000 0.000000 0.000000 0.000000 0.000000 0.000000 0.000000 0.000000 0.000000 0.000000 0.000000 0.000000 0.000000 0.000000
 0.118975 0.356613 0.000000 0.000023 0.000000 0.000000 0.000002 0.000000 0.000726 0.000000 0.000000 0.000000 0.004112 0.000000 0.000000 0.019719 0.000000 0.000000 0.000000 0.000000 0.000000 0.000000 0.000000 0.012959 0.000000 0.000000 0.000000 0.000498 0.131063 0.000000 0.354418 0.000000 0.000000 0.000000 0.000000 0.000000 0.000000 0.000000 0.000000 0.000001 0.000000 0.000000 0.000000 0.000000 0.000000 0.000000 0.000000 0.000890 0.000000 0.000000
 0.000000 0.000000 0.000000 0.048192 0.000000 0.000000 0.000144 0.000000 0.000000 0.000000 0.000000 0.004048 0.000000 0.000000 0.000000 0.000000 0.000000 0.000000 0.000000 0.000000 0.000000 0.000000 0.000000 0.000000 0.000000 0.114935 0.000000 0.000000 0.000000 0.000000 0.169290 0.000000 0.000000 0.000000 0.000000 0.000000 0.000000 0.112866 0.287163 0.000000 0.000000 0.000000 0.000000 0.000000 0.000000 0.000000 0.000000 0.000000 0.263363 0.000000
 0.000000 0.000005 0.000000 0.000000 0.000000 0.050118 0.065745 0.154852 0.015446 0.049683 0.000000 0.000000 0.000000 0.000000 0.000000 0.000000 0.000000 0.000000 0.000000 0.000000 0.000000 0.000000 0.000000 0.054039 0.000000 0.000000 0.000000 0.000013 0.000000 0.140568 0.004765 0.000000 0.000000 0.000000 0.003351 0.000000 0.004426 0.000000 0.000000 0.250358 0.000000 0.006014 0.000000 0.000000 0.000000 0.137891 0.000000 0.062647 0.000079 0.000000
 0.000000 0.000000 0.000000 0.000000 0.000000 0.000000 0.000000 0.000000 0.000000 0.000000 0.000000 0.000000 0.000000 0.000000 0.000000 0.000000 0.000000 0.313495 0.000000 0.000000 0.000000 0.000000 0.000000 0.000000 0.004022 0.000000 0.000000 0.000000 0.000000 0.000119 0.000000 0.000000 0.000000 0.000000 0.208756 0.000000 0.000000 0.000000 0.000000 0.000000 0.000000 0.003371 0.000000 0.313490 0.000000 0.000000 0.000000 0.000000 0.000000 0.156747
 0.071482 0.004959 0.000000 0.000000 0.000000 0.000000 0.000000 0.000000 0.030306 0.000000 0.211338 0.015759 0.000000 0.000000 0.000000 0.000000 0.000000 0.000000 0.000000 0.000000 0.000000 0.000000 0.000000 0.000000 0.000000 0.000000 0.120495 0.000000 0.273820 0.000000 0.001670 0.000000 0.000000 0.000000 0.000000 0.000000 0.000000 0.000000 0.000000 0.000000 0.270173 0.000000 0.000000 0.000000 0.000000 0.000000 0.000000 0.000000 0.000000 0.000000
 0.000000 0.000000 0.240701 0.000000 0.000000 0.000000 0.000000 0.000000 0.000000 0.000000 0.000000 0.000000 0.000000 0.000000 0.000000 0.000000 0.000000 0.000000 0.000000 0.000000 0.000000 0.000000 0.000000 0.000000 0.000000 0.000000 0.000000 0.000000 0.000000 0.000000 0.000000 0.223945 0.000000 0.000000 0.000000 0.000000 0.000000 0.000000 0.000000 0.000000 0.000000 0.000000 0.000000 0.133838 0.000000 0.000000 0.401515 0.000000 0.000000 0.000000
 0.000000 0.000000 0.000000 0.000000 0.000000 0.000000 0.000000 0.000000 0.000000 0.000000 0.000000 0.000000 0.000000 0.000000 0.333334 0.000000 0.000000 0.000000 0.000000 0.000000 0.000000 0.000000 0.000000 0.000000 0.000000 0.000000 0.000000 0.000000 0.000000 0.000000 0.000000 0.000000 0.000000 0.000000 0.166667 0.000000 0.000000 0.000000 0.000000 0.000000 0.000000 0.166667 0.000000 0.000000 0.000000 0.000000 0.000000 0.000000 0.000000 0.333332
 0.000000 0.000000 0.353966 0.000000 0.000000 0.281193 0.000000 0.000000 0.000000 0.000000 0.000000 0.000000 0.000000 0.000000 0.000000 0.000000 0.000000 0.000000 0.000000 0.000000 0.000000 0.275952 0.000000 0.000000 0.088889 0.000000 0.000000 0.000000 0.000000 0.000000 0.000000 0.000000 0.000000 0.000000 0.000000 0.000000 0.000000 0.000000 0.000000 0.000000 0.000000 0.000000 0.000000 0.000000 0.000000 0.000000 0.000000 0.000000 0.000000 0.000000
 0.346962 0.000003 0.000000 0.079980 0.000000 0.000000 0.000000 0.000000 0.000000 0.000000 0.000000 0.000000 0.000000 0.000000 0.000000 0.000000 0.000000 0.000000 0.000000 0.000000 0.000000 0.000000 0.000000 0.000000 0.000000 0.226082 0.000000 0.000000 0.000007 0.000000 0.000000 0.000000 0.000000 0.000000 0.000000 0.000000 0.000000 0.346962 0.000004 0.000000 0.000000 0.000000 0.000000 0.000000 0.000000 0.000000 0.000000 0.000000 0.000000 0.000000
 0.000000 0.000000 0.000000 0.005218 0.369648 0.000000 0.000000 0.000000 0.000000 0.000000 0.000000 0.000000 0.000000 0.000000 0.000000 0.000000 0.000000 0.000000 0.000000 0.000000 0.000000 0.000000 0.000000 0.000000 0.000000 0.000000 0.000000 0.000000 0.000000 0.000000 0.002212 0.000000 0.000000 0.000000 0.000000 0.277615 0.000000 0.000000 0.345307 0.000000 0.000000 0.000000 0.000000 0.000000 0.000000 0.000000 0.000000 0.000000 0.000000 0.000000
 0.000000 0.000000 0.074362 0.000000 0.000000 0.370868 0.265022 0.000000 0.000000 0.000000 0.000000 0.000000 0.000000 0.000000 0.000000 0.000000 0.000000 0.000000 0.289697 0.000000 0.000000 0.000000 0.000000 0.000000 0.000052 0.000000 0.000000 0.000000 0.000000 0.000000 0.000000 0.000000 0.000000 0.000000 0.000000 0.000000 0.000000 0.000000 0.000000 0.000000 0.000000 0.000000 0.000000 0.000000 0.000000 0.000000 0.000000 0.000000 0.000000 0.000000
 0.000000 0.000000 0.000000 0.000000 0.000000 0.000000 0.000000 0.000000 0.362485 0.000000 0.000000 0.000000 0.000000 0.000000 0.000000 0.000000 0.000000 0.000000 0.000000 0.000000 0.000000 0.000000 0.000000 0.000815 0.000000 0.000000 0.000000 0.004366 0.000000 0.000000 0.000000 0.000000 0.000011 0.000000 0.000000 0.000000 0.269836 0.000000 0.000000 0.000000 0.000000 0.000000 0.000000 0.000000 0.362485 0.000000 0.000000 0.000000 0.000000 0.000000
 0.000000 0.031302 0.000000 0.000000 0.000000 0.000000 0.000070 0.136395 0.077094 0.000000 0.000000 0.008327 0.000000 0.049457 0.000000 0.000000 0.000000 0.000000 0.000000 0.000000 0.000000 0.000000 0.000516 0.000000 0.000000 0.000000 0.000000 0.229284 0.011246 0.000000 0.032204 0.000000 0.051744 0.000000 0.000001 0.000000 0.030909 0.000000 0.000000 0.224013 0.000000 0.000000 0.000000 0.000000 0.040949 0.000000 0.000000 0.076447 0.000042 0.000000
 0.000000 0.000000 0.093251 0.000000 0.000000 0.210880 0.000000 0.000000 0.000000 0.000000 0.000000 0.000000 0.000000 0.000000 0.004211 0.000000 0.000000 0.000000 0.082408 0.000000 0.000000 0.000046 0.000000 0.000000 0.000000 0.000000 0.000000 0.000000 0.000000 0.130757 0.000000 0.328188 0.000000 0.000000 0.000000 0.000000 0.000000 0.000000 0.000000 0.000000 0.000000 0.000000 0.000000 0.150258 0.000000 0.000000 0.000000 0.000000 0.000000 0.000000
 0.000000 0.000000 0.000000 0.318214 0.000000 0.000000 0.000000 0.000000 0.000000 0.000000 0.000000 0.000000 0.106011 0.000000 0.000000 0.000000 0.000000 0.000000 0.000000 0.211181 0.000000 0.000000 0.000000 0.000000 0.000000 0.000000 0.000000 0.000000 0.000000 0.000000 0.000288 0.000000 0.000000 0.000000 0.000000 0.000000 0.000000 0.298244 0.066063 0.000000 0.000000 0.000000 0.000000 0.000000 0.000000 0.000000 0.000000 0.000000 0.000000 0.000000
 0.000000 0.000000 0.000000 0.000000 0.000000 0.000000 0.000000 0.000000 0.000000 0.000000 0.414347 0.000000 0.000000 0.000000 0.000000 0.175035 0.000000 0.000000 0.000000 0.000000 0.000000 0.000000 0.000000 0.000000 0.000000 0.000000 0.000000 0.000000 0.000000 0.000000 0.000000 0.000000 0.000000 0.000000 0.000000 0.000000 0.000000 0.000000 0.000000 0.000000 0.410618 0.000000 0.000000 0.000000 0.000000 0.000000 0.000000 0.000000 0.000000 0.000000
 0.000000 0.087571 0.000000 0.000000 0.000000 0.000000 0.002535 0.000000 0.000191 0.000000 0.022792 0.000463 0.000000 0.000017 0.000000 0.000000 0.000000 0.000000 0.000000 0.000000 0.000000 0.000000 0.003994 0.331443 0.000000 0.000000 0.000000 0.000000 0.009406 0.000000 0.063518 0.000000 0.223210 0.000000 0.000000 0.000000 0.000003 0.000000 0.000000 0.005491 0.000000 0.000000 0.000000 0.000000 0.000000 0.000000 0.000000 0.248644 0.000722 0.000000
 0.000003 0.209696 0.000000 0.000000 0.000000 0.000000 0.000000 0.000000 0.154012 0.000000 0.091515 0.114565 0.000000 0.000000 0.000000 0.299494 0.000000 0.000000 0.000000 0.000006 0.000000 0.000000 0.000000 0.015298 0.000000 0.000000 0.000000 0.008851 0.000000 0.000000 0.002641 0.000000 0.103913 0.000000 0.000000 0.000000 0.000000 0.000000 0.000000 0.000005 0.000001 0.000000 0.000000 0.000000 0.000000 0.000000 0.000000 0.000000 0.000000 0.000000
 0.000000 0.000000 0.000000 0.000000 0.000000 0.014693 0.000003 0.000000 0.000000 0.000000 0.000000 0.000000 0.000000 0.187535 0.000126 0.000000 0.000000 0.000000 0.000000 0.000000 0.000000 0.000000 0.000000 0.000000 0.133191 0.000000 0.000000 0.000000 0.000000 0.000000 0.000000 0.000000 0.000000 0.000000 0.267426 0.000000 0.000000 0.000000 0.000000 0.000004 0.000000 0.000000 0.000000 0.222762 0.000000 0.170473 0.000000 0.000000 0.000000 0.003788
 0.008719 0.075816 0.000000 0.025600 0.000000 0.000000 0.038730 0.000000 0.000019 0.000000 0.000000 0.229698 0.111446 0.004398 0.000000 0.001354 0.000000 0.000000 0.000000 0.000000 0.001364 0.000000 0.000000 0.032481 0.000000 0.000205 0.000000 0.044318 0.001958 0.000000 0.000000 0.000000 0.000000 0.000000 0.000000 0.000000 0.000000 0.000014 0.001403 0.017692 0.000000 0.000000 0.000000 0.000000 0.000000 0.000000 0.000000 0.173478 0.231306 0.000000
 0.000000 0.000000 0.135273 0.000000 0.000000 0.000008 0.000000 0.000000 0.000000 0.000000 0.000000 0.000000 0.000000 0.000000 0.000000 0.000000 0.188601 0.000000 0.000000 0.000000 0.000000 0.000000 0.000000 0.000000 0.338124 0.000000 0.000000 0.000000 0.000000 0.000000 0.000000 0.000000 0.000000 0.000000 0.000000 0.000000 0.000000 0.000000 0.000000 0.000000 0.000000 0.000000 0.000000 0.337995 0.000000 0.000000 0.000000 0.000000 0.000000 0.000000
 0.000000 0.069529 0.000000 0.000000 0.000000 0.000000 0.000000 0.000158 0.277602 0.000000 0.238727 0.000000 0.000000 0.000000 0.000000 0.000000 0.000000 0.000000 0.000000 0.000000 0.000000 0.000000 0.000008 0.062691 0.000000 0.000000 0.000000 0.187077 0.092547 0.000000 0.000000 0.000000 0.000000 0.000000 0.000000 0.000000 0.000000 0.000000 0.000000 0.069444 0.000000 0.000000 0.000000 0.000000 0.002217 0.000000 0.000000 0.000000 0.000000 0.000000
 0.000000 0.000000 0.000000 0.000000 0.000000 0.000000 0.000000 0.000000 0.000000 0.000000 0.000000 0.000000 0.000000 0.000000 0.000000 0.000000 0.000000 0.000000 0.000000 0.000000 0.000000 0.000000 0.000000 0.000000 0.000000 0.000000 0.000000 0.000000 0.000000 0.000000 0.000000 0.000000 0.000000 0.000000 0.000000 0.400000 0.000000 0.000000 0.000000 0.000000 0.000000 0.000000 0.400000 0.000000 0.000000 0.000000 0.200000 0.000000 0.000000 0.000000
 0.000000 0.000000 0.000000 0.000000 0.000000 0.000000 0.000000 0.000001 0.000000 0.081065 0.000000 0.000000 0.000000 0.004337 0.215926 0.000000 0.000000 0.162131 0.000000 0.000000 0.000000 0.000000 0.000000 0.000002 0.000000 0.000000 0.000000 0.000000 0.000000 0.259381 0.000000 0.000000 0.000000 0.000000 0.000000 0.000000 0.000000 0.000000 0.000000 0.000000 0.000000 0.167557 0.000000 0.000000 0.001662 0.000000 0.000000 0.000000 0.000000 0.107939
 0.000000 0.000000 0.000000 0.022222 0.235550 0.000000 0.051863 0.000000 0.000000 0.000000 0.000000 0.000000 0.000000 0.000000 0.000000 0.000000 0.000000 0.000000 0.000000 0.000000 0.179188 0.000000 0.000000 0.000000 0.000000 0.000000 0.000000 0.000000 0.000000 0.000000 0.000000 0.000000 0.000000 0.242031 0.000000 0.000000 0.000000 0.000000 0.027114 0.000000 0.000000 0.000000 0.121015 0.000000 0.000000 0.000000 0.060508 0.000000 0.060508 0.000000
 0.000000 0.000000 0.000000 0.000000 0.000000 0.000000 0.000000 0.300941 0.100308 0.127142 0.000000 0.000000 0.000000 0.005317 0.000000 0.000000 0.000000 0.000000 0.000000 0.000000 0.000000 0.000000 0.224125 0.040577 0.000000 0.000000 0.000000 0.000003 0.000000 0.000000 0.000000 0.000000 0.000000 0.000000 0.000000 0.000000 0.000000 0.000000 0.000000 0.000000 0.000000 0.050023 0.000000 0.000000 0.147427 0.000000 0.000000 0.000000 0.000000 0.004137
 0.182382 0.000000 0.000000 0.000000 0.000000 0.000000 0.000000 0.000000 0.000000 0.000000 0.000000 0.000000 0.117166 0.000000 0.000000 0.000000 0.000000 0.000000 0.000000 0.364762 0.000000 0.000000 0.000000 0.000000 0.000000 0.335668 0.000000 0.000000 0.000000 0.000000 0.000022 0.000000 0.000000 0.000000 0.000000 0.000000 0.000000 0.000000 0.000000 0.000000 0.000000 0.000000 0.000000 0.000000 0.000000 0.000000 0.000000 0.000000 0.000000 0.000000
 0.000000 0.000000 0.000000 0.254999 0.117468 0.000000 0.001979 0.000000 0.000000 0.000000 0.000000 0.000000 0.219302 0.000000 0.000000 0.000000 0.000000 0.000000 0.000000 0.000003 0.247109 0.000000 0.000000 0.000000 0.000000 0.054698 0.000000 0.000000 0.000000 0.000000 0.001628 0.000000 0.000000 0.000000 0.000000 0.030062 0.000000 0.000000 0.000000 0.000000 0.000000 0.000000 0.000000 0.000000 0.000000 0.000000 0.000000 0.000000 0.072753 0.000000
 0.000000 0.002721 0.000000 0.000000 0.000000 0.000000 0.061985 0.000000 0.000005 0.000000 0.000000 0.000001 0.000000 0.297542 0.000000 0.000000 0.000000 0.000000 0.000000 0.000000 0.000000 0.000000 0.000000 0.290897 0.000000 0.000000 0.000000 0.004933 0.000005 0.000003 0.022778 0.000000 0.074431 0.000000 0.000000 0.000000 0.000000 0.000000 0.000000 0.000000 0.000000 0.000000 0.000000 0.000000 0.000000 0.160537 0.000000 0.074454 0.009707 0.000000
 0.332395 0.000001 0.000000 0.000000 0.000000 0.000000 0.000000 0.000000 0.022811 0.000000 0.000000 0.000000 0.000000 0.000000 0.000000 0.315108 0.000000 0.000000 0.000000 0.000000 0.000000 0.000000 0.000000 0.000000 0.000000 0.000000 0.329684 0.000000 0.000001 0.000000 0.000000 0.000000 0.000000 0.000000 0.000000 0.000000 0.000000 0.000000 0.000000 0.000000 0.000000 0.000000 0.000000 0.000000 0.000000 0.000000 0.000000 0.000000 0.000000 0.000000
 0.000000 0.000000 0.000000 0.000000 0.000000 0.000000 0.000000 0.000000 0.000000 0.227241 0.000000 0.000000 0.000000 0.007272 0.003258 0.000000 0.000000 0.151494 0.000000 0.000000 0.000000 0.000000 0.000000 0.000000 0.000000 0.000000 0.000000 0.000000 0.000000 0.000000 0.000000 0.000000 0.000000 0.000000 0.156564 0.000000 0.050340 0.000000 0.000000 0.000000 0.000000 0.000000 0.000000 0.000000 0.100844 0.000000 0.000000 0.000000 0.000000 0.302987
 0.000000 0.000000 0.000000 0.000000 0.000000 0.000000 0.000000 0.000000 0.000000 0.000000 0.000000 0.000000 0.000000 0.000000 0.000000 0.000000 0.000000 0.000000 0.000000 0.000000 0.000000 0.000000 0.000000 0.000000 0.000000 0.000000 0.000000 0.000000 0.000000 0.000000 0.000000 0.000000 0.000000 0.400000 0.000000 0.199999 0.000000 0.000000 0.000000 0.000000 0.000000 0.000000 0.000000 0.000000 0.000000 0.000000 0.400000 0.000000 0.000000 0.000000
 0.000000 0.000000 0.000000 0.000000 0.000000 0.000000 0.000000 0.000000 0.000000 0.000000 0.000000 0.000000 0.000000 0.000000 0.289263 0.000000 0.096423 0.000000 0.000000 0.000000 0.000000 0.000000 0.000000 0.000000 0.132431 0.000000 0.000000 0.000000 0.000000 0.192744 0.000000 0.289139 0.000000 0.000000 0.000000 0.000000 0.000000 0.000000 0.000000 0.000000 0.000000 0.000000 0.000000 0.000000 0.000000 0.000000 0.000000 0.000000 0.000000 0.000000
 0.000000 0.000000 0.000000 0.000000 0.000000 0.000000 0.000000 0.000000 0.000000 0.331768 0.000000 0.000000 0.000000 0.000000 0.000000 0.000000 0.000000 0.000000 0.000000 0.000000 0.000000 0.000000 0.331768 0.059237 0.000000 0.000000 0.000000 0.000000 0.000000 0.000000 0.000000 0.000000 0.002647 0.000000 0.001701 0.000000 0.162455 0.000000 0.000000 0.000000 0.000000 0.110423 0.000000 0.000000 0.000000 0.000000 0.000000 0.000000 0.000000 0.000000
 0.000000 0.000000 0.000000 0.000000 0.000000 0.001001 0.381703 0.000000 0.000000 0.000000 0.000000 0.000000 0.000000 0.212401 0.000000 0.000000 0.000000 0.000000 0.000000 0.000000 0.000000 0.000000 0.000000 0.000000 0.000000 0.000000 0.000000 0.000000 0.000000 0.196825 0.000000 0.000000 0.000000 0.000000 0.000000 0.000000 0.000000 0.000000 0.000000 0.208070 0.000000 0.000000 0.000000 0.000000 0.000000 0.000000 0.000000 0.000000 0.000000 0.000000
 0.000000 0.000000 0.000000 0.000000 0.000000 0.000000 0.000000 0.000000 0.000000 0.000000 0.000000 0.000000 0.000000 0.000000 0.000000 0.000000 0.363636 0.000000 0.000000 0.000000 0.000000 0.000000 0.000000 0.000000 0.000000 0.000000 0.000000 0.000000 0.000000 0.000000 0.000000 0.000000 0.000000 0.181818 0.000000 0.090909 0.000000 0.000000 0.000000 0.000000 0.000000 0.000000 0.363636 0.000000 0.000000 0.000000 0.000000 0.000000 0.000000 0.000000
 0.000000 0.204513 0.000000 0.000000 0.000000 0.000000 0.000000 0.000000 0.000000 0.000000 0.000000 0.000765 0.000000 0.076706 0.000000 0.000000 0.000000 0.000000 0.000000 0.000000 0.000000 0.000000 0.000000 0.102275 0.000000 0.000000 0.000000 0.230117 0.000000 0.000000 0.230109 0.000000 0.000000 0.000000 0.000000 0.000000 0.000000 0.000000 0.000000 0.076706 0.000000 0.000000 0.000000 0.000000 0.000000 0.000000 0.000000 0.000000 0.078808 0.000000
 0.000010 0.006172 0.000000 0.000000 0.000000 0.000000 0.278852 0.000000 0.000000 0.000000 0.000000 0.000000 0.209105 0.000088 0.000000 0.000000 0.000000 0.000000 0.000000 0.000000 0.000000 0.000000 0.000000 0.000051 0.000000 0.000000 0.000000 0.000607 0.000000 0.000000 0.278976 0.000000 0.000000 0.000000 0.000000 0.069747 0.000000 0.000000 0.075639 0.009093 0.000000 0.000000 0.000000 0.000000 0.000000 0.000000 0.000000 0.071658 0.000000 0.000000
 0.000000 0.000000 0.000000 0.000000 0.000000 0.000000 0.000000 0.000000 0.000000 0.000000 0.000000 0.000000 0.000000 0.000000 0.174951 0.000000 0.000000 0.349900 0.000000 0.000000 0.000000 0.000000 0.000000 0.000000 0.000000 0.000000 0.000000 0.000000 0.000000 0.003964 0.000000 0.000000 0.000000 0.000000 0.116474 0.000000 0.004808 0.000000 0.000000 0.000000 0.000000 0.349902 0.000000 0.000000 0.000000 0.000000 0.000000 0.000000 0.000000 0.000000
the mean of prob-rank is 2.0408163265306123
the number of false negetive edges is 0
the number of probability greater than 0 is 8.58/edge
