Number_of_Instances_In_Current_Batch: 313

Inst_Index:4070 	 City_Num:50 	 Concorde:0.051964 	 MCTS:5.196402 Improve:-0.000000 	 Time:5.00 Seconds
Solution: 1 27 29 50 22 8 2 40 3 32 26 9 28 18 4 13 36 33 16 17 30 12 45 20 47 37 34 38 5 11 15 43 23 31 24 49 35 25 19 44 39 10 7 48 6 42 21 41 14 46 

Inst_Index:4071 	 City_Num:50 	 Concorde:0.053898 	 MCTS:5.389207 Improve:0.000639 	 Time:5.00 Seconds
Solution: 1 29 39 26 9 18 16 24 28 34 4 32 50 45 37 22 21 8 46 15 13 11 17 38 25 31 14 23 40 20 2 19 36 47 49 6 30 35 41 42 27 7 12 5 3 33 43 48 44 10 

Inst_Index:4072 	 City_Num:50 	 Concorde:0.055222 	 MCTS:5.517068 Improve:0.005107 	 Time:5.01 Seconds
Solution: 1 6 10 25 24 47 20 18 26 30 21 37 38 34 11 5 9 27 16 3 50 14 12 7 22 15 48 36 32 42 49 13 31 19 23 28 2 33 8 40 44 46 39 45 4 41 43 29 17 35 

Inst_Index:4073 	 City_Num:50 	 Concorde:0.057713 	 MCTS:5.771257 Improve:-0.000000 	 Time:5.01 Seconds
Solution: 1 25 18 12 47 43 14 31 41 7 24 30 26 35 8 36 27 50 3 46 10 40 21 45 28 34 16 17 6 29 49 38 33 13 19 15 39 11 4 5 32 2 23 42 22 20 48 37 9 44 

Inst_Index:4074 	 City_Num:50 	 Concorde:0.057800 	 MCTS:5.780049 Improve:-0.000000 	 Time:5.02 Seconds
Solution: 1 41 45 21 49 38 12 19 10 33 4 20 2 44 48 34 36 35 26 30 17 16 5 31 18 27 47 32 13 29 50 40 37 14 28 46 3 24 6 39 43 22 42 7 15 23 25 11 8 9 

Inst_Index:4075 	 City_Num:50 	 Concorde:0.057234 	 MCTS:5.718041 Improve:0.005366 	 Time:5.01 Seconds
Solution: 1 33 11 41 18 19 49 27 39 9 14 13 4 35 8 45 6 32 25 38 23 26 10 37 44 24 30 22 5 34 28 3 46 48 7 42 12 21 20 29 43 40 2 36 50 17 31 15 47 16 

Inst_Index:4076 	 City_Num:50 	 Concorde:0.057793 	 MCTS:5.779279 Improve:0.000000 	 Time:5.00 Seconds
Solution: 1 37 2 30 42 38 16 46 11 50 44 49 33 26 35 23 19 13 14 18 48 45 6 9 32 40 17 28 39 43 24 34 3 12 29 5 21 4 36 47 25 22 20 31 41 7 8 27 15 10 

Inst_Index:4077 	 City_Num:50 	 Concorde:0.057493 	 MCTS:5.749299 Improve:0.000000 	 Time:5.02 Seconds
Solution: 1 24 40 36 37 22 47 5 25 26 12 8 17 28 34 44 46 18 49 27 7 42 38 4 6 2 10 16 50 21 30 31 14 29 39 23 3 13 32 35 20 11 15 43 19 33 45 48 9 41 

Inst_Index:4078 	 City_Num:50 	 Concorde:0.054176 	 MCTS:5.417589 Improve:0.000000 	 Time:5.02 Seconds
Solution: 1 8 19 50 11 32 26 47 16 46 7 31 24 27 12 4 25 9 3 20 14 28 39 30 45 33 23 10 49 42 18 29 48 6 5 21 13 34 15 35 40 37 22 38 2 41 36 17 43 44 

Inst_Index:4079 	 City_Num:50 	 Concorde:0.061463 	 MCTS:6.146320 Improve:-0.000000 	 Time:5.00 Seconds
Solution: 1 9 32 34 23 17 27 20 42 44 31 30 7 21 33 26 37 10 16 3 47 50 22 35 18 45 2 48 29 13 12 25 28 8 41 14 19 11 6 49 43 46 39 24 38 36 40 4 5 15 

Inst_Index:4080 	 City_Num:50 	 Concorde:0.056938 	 MCTS:5.693821 Improve:0.000000 	 Time:5.00 Seconds
Solution: 1 10 21 29 43 49 5 45 35 30 27 33 6 4 11 20 41 32 47 48 34 44 26 23 46 14 36 42 8 3 2 39 12 31 24 17 50 22 37 19 9 38 18 40 7 15 28 16 25 13 

Inst_Index:4081 	 City_Num:50 	 Concorde:0.057157 	 MCTS:5.715742 Improve:0.000000 	 Time:5.00 Seconds
Solution: 1 33 20 18 16 50 43 48 36 5 11 39 6 32 42 45 35 37 7 19 8 28 27 46 23 47 22 3 2 10 41 38 30 12 14 49 17 29 4 40 25 26 24 21 44 13 9 15 31 34 

Inst_Index:4082 	 City_Num:50 	 Concorde:0.055995 	 MCTS:5.596273 Improve:0.003255 	 Time:5.01 Seconds
Solution: 1 34 9 12 21 48 39 4 31 43 38 8 14 24 46 11 20 40 22 50 19 41 36 25 35 13 3 15 37 16 29 6 32 17 49 5 33 28 26 27 42 23 18 47 30 10 44 7 2 45 

Inst_Index:4083 	 City_Num:50 	 Concorde:0.054846 	 MCTS:5.484598 Improve:-0.000000 	 Time:5.02 Seconds
Solution: 1 38 48 33 41 15 49 3 31 43 35 21 9 24 11 32 39 2 42 13 28 27 14 25 47 30 45 50 6 20 10 36 8 26 44 4 7 12 46 18 17 19 40 23 29 5 34 37 22 16 

Inst_Index:4084 	 City_Num:50 	 Concorde:0.060254 	 MCTS:6.022808 Improve:0.002561 	 Time:5.00 Seconds
Solution: 1 42 19 2 21 11 27 12 48 23 46 17 8 14 25 26 36 44 10 6 43 5 9 35 32 30 39 22 4 40 50 31 16 37 49 33 28 24 41 29 13 34 38 7 45 47 3 20 18 15 

Inst_Index:4085 	 City_Num:50 	 Concorde:0.054069 	 MCTS:5.402032 Improve:0.004901 	 Time:5.01 Seconds
Solution: 1 50 3 22 9 5 14 10 4 42 8 11 2 12 46 30 38 39 21 40 32 27 45 24 44 47 31 20 26 15 49 25 33 29 28 13 19 17 7 35 23 43 6 41 36 18 48 34 16 37 

Inst_Index:4086 	 City_Num:50 	 Concorde:0.057744 	 MCTS:5.765890 Improve:0.008476 	 Time:5.00 Seconds
Solution: 1 4 13 44 30 25 32 23 6 16 33 50 31 5 36 45 18 27 24 39 19 2 20 8 42 12 43 7 37 21 11 47 34 49 3 22 9 26 48 38 14 46 28 17 29 10 35 15 40 41 

Inst_Index:4087 	 City_Num:50 	 Concorde:0.056397 	 MCTS:5.631847 Improve:0.007889 	 Time:5.00 Seconds
Solution: 1 19 8 28 37 39 18 27 38 45 48 10 36 20 32 5 40 31 13 11 2 50 35 43 6 41 26 4 16 23 42 15 22 30 24 34 46 3 9 47 29 33 44 25 21 14 49 17 7 12 

Inst_Index:4088 	 City_Num:50 	 Concorde:0.057347 	 MCTS:5.734709 Improve:-0.000000 	 Time:5.00 Seconds
Solution: 1 32 28 26 14 6 8 21 18 22 49 9 4 20 7 38 19 12 10 42 30 17 40 15 25 16 48 46 5 34 2 31 35 13 50 37 47 29 33 41 44 11 43 45 24 39 36 23 3 27 

Inst_Index:4089 	 City_Num:50 	 Concorde:0.057444 	 MCTS:5.744436 Improve:-0.000000 	 Time:5.00 Seconds
Solution: 1 3 26 10 28 20 37 42 38 12 47 43 29 30 36 35 23 21 18 6 7 48 15 16 44 39 24 25 4 32 19 40 5 45 27 49 11 50 8 34 22 13 2 9 46 14 31 41 33 17 

Inst_Index:4090 	 City_Num:50 	 Concorde:0.063287 	 MCTS:6.319960 Improve:0.008723 	 Time:5.00 Seconds
Solution: 1 30 44 50 22 14 4 18 29 34 13 16 32 5 28 27 40 21 48 17 19 11 20 38 12 15 41 46 25 36 10 3 37 7 26 45 39 43 49 33 6 2 35 31 8 9 24 23 47 42 

Inst_Index:4091 	 City_Num:50 	 Concorde:0.057228 	 MCTS:5.722848 Improve:0.000000 	 Time:5.00 Seconds
Solution: 1 13 3 28 34 39 27 30 38 46 26 19 47 5 8 35 36 25 23 24 43 17 29 32 22 11 18 14 48 33 2 49 9 41 10 37 50 21 45 40 44 6 12 7 20 16 42 31 4 15 

Inst_Index:4092 	 City_Num:50 	 Concorde:0.056550 	 MCTS:5.654996 Improve:0.000000 	 Time:5.00 Seconds
Solution: 1 36 25 16 28 17 8 34 19 6 4 20 45 22 2 29 33 23 12 9 21 46 38 11 42 15 14 37 7 18 13 49 43 35 30 27 39 3 41 24 50 31 32 48 5 47 10 40 26 44 

Inst_Index:4093 	 City_Num:50 	 Concorde:0.058015 	 MCTS:5.801451 Improve:0.000000 	 Time:5.00 Seconds
Solution: 1 37 13 20 43 27 10 8 36 9 3 22 38 35 24 17 50 40 39 49 21 29 7 2 11 44 5 6 47 41 19 18 42 31 28 12 25 46 4 32 45 16 26 23 48 30 14 33 15 34 

Inst_Index:4094 	 City_Num:50 	 Concorde:0.055798 	 MCTS:5.576291 Improve:0.003523 	 Time:5.00 Seconds
Solution: 1 7 39 32 10 11 44 2 15 36 16 19 21 33 41 47 40 35 31 14 25 29 17 30 24 9 13 23 34 28 38 5 22 18 37 4 43 12 6 27 42 20 8 48 46 50 3 26 49 45 

Inst_Index:4095 	 City_Num:50 	 Concorde:0.056229 	 MCTS:5.621634 Improve:0.001291 	 Time:5.00 Seconds
Solution: 1 12 41 48 24 46 6 45 42 10 7 43 15 36 34 27 44 38 19 22 9 47 23 35 21 33 3 8 4 37 20 30 28 11 31 50 25 17 32 29 14 18 13 5 2 16 39 49 40 26 

Inst_Index:4096 	 City_Num:50 	 Concorde:0.056284 	 MCTS:5.628360 Improve:0.000000 	 Time:5.00 Seconds
Solution: 1 35 27 12 38 17 13 11 41 42 43 39 14 31 2 22 48 25 6 36 18 16 7 19 10 21 46 34 20 3 23 28 8 15 49 45 26 9 32 50 30 4 44 5 29 24 40 37 47 33 

Inst_Index:4097 	 City_Num:50 	 Concorde:0.057563 	 MCTS:5.754514 Improve:0.001832 	 Time:5.00 Seconds
Solution: 1 21 7 11 23 18 31 37 50 47 19 3 41 15 36 38 49 16 8 44 20 30 12 43 42 22 40 4 29 13 32 34 14 39 35 24 45 27 2 17 10 5 28 48 25 33 46 6 26 9 

Inst_Index:4098 	 City_Num:50 	 Concorde:0.054134 	 MCTS:5.413410 Improve:0.000000 	 Time:5.01 Seconds
Solution: 1 16 38 25 14 9 18 31 44 24 32 11 45 27 2 48 6 3 22 13 40 35 23 28 19 21 50 12 39 47 26 29 5 42 7 30 36 15 34 43 37 8 33 20 46 49 10 4 41 17 

Inst_Index:4099 	 City_Num:50 	 Concorde:0.060776 	 MCTS:6.077583 Improve:0.000000 	 Time:5.01 Seconds
Solution: 1 13 27 24 48 47 20 41 16 14 30 28 45 19 8 9 7 15 32 46 2 12 25 42 5 34 10 4 49 38 18 33 36 39 17 43 26 31 50 22 21 11 3 6 23 40 35 29 44 37 

Inst_Index:4100 	 City_Num:50 	 Concorde:0.057711 	 MCTS:5.771058 Improve:0.000000 	 Time:5.01 Seconds
Solution: 1 33 47 12 16 15 27 7 20 2 17 19 43 29 21 24 13 6 25 30 5 46 11 31 34 32 35 49 26 48 14 10 45 36 8 28 23 37 38 18 42 3 4 9 22 41 50 40 44 39 

Inst_Index:4101 	 City_Num:50 	 Concorde:0.059454 	 MCTS:5.944030 Improve:0.001365 	 Time:5.00 Seconds
Solution: 1 38 15 25 3 12 28 36 37 44 26 16 31 21 48 2 34 40 46 49 13 50 19 43 35 29 42 23 5 11 8 4 41 20 39 22 32 33 7 18 30 6 45 14 10 9 17 47 27 24 

Inst_Index:4102 	 City_Num:50 	 Concorde:0.057983 	 MCTS:5.809997 Improve:-0.011740 	 Time:5.00 Seconds
Solution: 1 41 50 5 28 11 35 45 18 39 2 40 13 15 30 43 37 6 34 47 14 26 31 3 33 27 38 48 8 25 4 17 9 20 32 49 21 16 22 44 7 12 42 10 46 19 23 24 36 29 

Inst_Index:4103 	 City_Num:50 	 Concorde:0.052771 	 MCTS:5.277061 Improve:0.000000 	 Time:5.00 Seconds
Solution: 1 3 4 8 33 10 29 36 49 26 45 21 6 16 44 41 35 19 34 5 30 20 13 48 31 18 42 38 9 27 28 15 46 12 50 47 17 22 43 39 32 11 25 2 14 7 24 23 37 40 

Inst_Index:4104 	 City_Num:50 	 Concorde:0.057599 	 MCTS:5.756664 Improve:0.003253 	 Time:5.00 Seconds
Solution: 1 48 7 4 30 27 46 18 31 23 35 12 21 45 13 47 29 43 19 24 32 2 20 14 17 8 6 34 9 25 15 41 39 16 26 36 10 33 50 38 40 5 42 11 3 49 44 37 28 22 

Inst_Index:4105 	 City_Num:50 	 Concorde:0.056278 	 MCTS:5.627807 Improve:0.000000 	 Time:5.00 Seconds
Solution: 1 29 37 30 26 9 36 19 31 32 21 8 33 7 11 45 17 28 4 38 47 49 14 12 42 41 39 13 34 16 10 24 22 40 15 6 27 44 18 46 5 50 48 35 3 43 23 2 25 20 

Inst_Index:4106 	 City_Num:50 	 Concorde:0.052094 	 MCTS:5.209391 Improve:-0.000000 	 Time:5.00 Seconds
Solution: 1 4 46 25 30 39 21 41 35 33 16 48 11 14 34 45 3 6 15 36 47 17 24 5 13 26 20 9 18 43 12 29 10 28 7 40 32 19 50 31 23 38 8 44 37 2 27 42 22 49 

Inst_Index:4107 	 City_Num:50 	 Concorde:0.052480 	 MCTS:5.246692 Improve:0.001280 	 Time:5.00 Seconds
Solution: 1 21 9 3 32 19 4 6 39 5 36 34 33 40 18 8 50 25 42 20 27 17 38 30 37 22 44 43 49 35 16 45 11 24 2 46 10 12 14 15 28 41 48 7 47 13 23 26 31 29 

Inst_Index:4108 	 City_Num:50 	 Concorde:0.050714 	 MCTS:5.071443 Improve:-0.000000 	 Time:5.01 Seconds
Solution: 1 28 25 14 16 41 44 31 46 40 43 2 12 27 48 7 11 29 35 42 23 21 39 9 36 50 6 4 10 33 22 17 20 47 18 8 34 45 3 5 30 38 13 24 32 26 19 15 49 37 

Inst_Index:4109 	 City_Num:50 	 Concorde:0.055262 	 MCTS:5.526179 Improve:-0.000000 	 Time:5.01 Seconds
Solution: 1 43 6 39 31 28 27 50 48 45 49 11 25 21 37 40 16 7 38 5 42 13 24 20 46 2 30 19 22 34 12 29 36 33 41 14 23 32 47 8 9 44 10 4 26 15 3 18 35 17 

Inst_Index:4110 	 City_Num:50 	 Concorde:0.059262 	 MCTS:5.919085 Improve:0.007087 	 Time:5.00 Seconds
Solution: 1 45 28 23 12 31 6 17 41 30 33 35 43 34 48 11 40 16 2 5 18 13 10 25 21 38 7 3 27 22 47 14 36 50 8 42 9 39 37 19 29 49 44 15 24 20 26 4 32 46 

Inst_Index:4111 	 City_Num:50 	 Concorde:0.053530 	 MCTS:5.351909 Improve:0.001047 	 Time:5.00 Seconds
Solution: 1 27 20 7 4 37 12 10 46 17 45 40 8 9 44 49 38 29 48 26 43 32 36 15 3 28 31 14 16 33 2 21 22 35 23 42 18 47 6 50 24 34 41 5 19 39 13 30 11 25 

Inst_Index:4112 	 City_Num:50 	 Concorde:0.057988 	 MCTS:5.798833 Improve:-0.000000 	 Time:5.01 Seconds
Solution: 1 34 29 38 18 44 32 35 27 49 42 11 17 22 41 21 26 48 23 3 37 39 14 46 15 16 33 47 9 28 13 20 6 2 24 8 43 25 40 45 50 5 31 10 7 12 30 4 36 19 

Inst_Index:4113 	 City_Num:50 	 Concorde:0.056119 	 MCTS:5.611427 Improve:0.000523 	 Time:5.01 Seconds
Solution: 1 14 4 27 46 11 5 16 47 24 23 7 18 35 10 41 21 36 28 50 12 39 8 33 13 22 48 34 9 15 20 19 45 2 40 25 43 29 49 38 44 32 37 30 31 6 26 42 17 3 

Inst_Index:4114 	 City_Num:50 	 Concorde:0.057405 	 MCTS:5.743226 Improve:-0.002749 	 Time:5.00 Seconds
Solution: 1 36 29 22 33 12 46 49 32 2 48 16 37 26 11 3 45 31 20 27 7 50 14 24 21 18 23 19 4 41 43 8 35 25 6 15 28 34 40 10 39 13 38 47 9 17 42 30 5 44 

Inst_Index:4115 	 City_Num:50 	 Concorde:0.058962 	 MCTS:5.896213 Improve:0.000000 	 Time:5.00 Seconds
Solution: 1 22 34 6 31 47 27 38 48 15 41 19 7 23 20 50 12 5 33 16 29 14 35 46 28 9 18 44 42 3 11 8 39 43 36 45 10 30 37 40 17 2 32 24 49 13 4 21 26 25 

Inst_Index:4116 	 City_Num:50 	 Concorde:0.057800 	 MCTS:5.780006 Improve:0.000000 	 Time:5.00 Seconds
Solution: 1 31 47 21 13 6 48 27 19 2 32 14 49 23 8 5 25 3 28 50 4 16 12 44 17 36 9 7 18 34 35 37 15 22 38 43 26 33 10 45 42 30 29 24 11 20 39 46 41 40 

Inst_Index:4117 	 City_Num:50 	 Concorde:0.058815 	 MCTS:5.881474 Improve:0.000000 	 Time:5.00 Seconds
Solution: 1 37 13 19 38 47 14 10 44 12 49 18 48 36 43 7 9 25 33 42 11 29 16 34 5 40 6 50 32 26 39 20 17 35 22 8 31 27 23 4 21 41 45 28 15 30 46 3 24 2 

Inst_Index:4118 	 City_Num:50 	 Concorde:0.055021 	 MCTS:5.502069 Improve:0.000000 	 Time:5.00 Seconds
Solution: 1 22 43 45 19 8 11 41 46 27 30 2 37 32 15 7 29 34 14 24 16 47 25 12 20 39 35 4 44 50 31 28 33 23 40 5 13 21 3 9 18 36 49 6 42 10 17 48 38 26 

Inst_Index:4119 	 City_Num:50 	 Concorde:0.062435 	 MCTS:6.243464 Improve:0.000000 	 Time:5.02 Seconds
Solution: 1 39 4 42 13 17 35 26 18 33 10 16 49 32 19 43 37 31 7 47 12 21 41 38 11 14 44 36 25 8 40 23 46 29 34 27 15 6 3 22 9 30 45 28 2 50 5 24 48 20 

Inst_Index:4120 	 City_Num:50 	 Concorde:0.051515 	 MCTS:5.151487 Improve:0.000000 	 Time:5.00 Seconds
Solution: 1 25 30 24 36 37 4 13 43 19 8 47 12 18 31 7 9 22 32 38 29 2 50 27 21 20 39 3 35 23 46 10 16 40 28 5 6 45 34 33 17 42 14 15 44 49 11 41 26 48 

Inst_Index:4121 	 City_Num:50 	 Concorde:0.056995 	 MCTS:5.699534 Improve:0.000000 	 Time:5.01 Seconds
Solution: 1 50 43 16 30 14 15 4 46 9 48 34 31 12 23 29 27 37 36 13 10 35 6 47 24 7 42 20 21 5 25 45 44 49 26 33 39 28 8 11 38 32 41 22 3 17 19 18 40 2 

Inst_Index:4122 	 City_Num:50 	 Concorde:0.052921 	 MCTS:5.283990 Improve:0.008119 	 Time:5.00 Seconds
Solution: 1 9 13 16 49 31 35 27 37 11 17 48 50 40 25 43 15 2 45 4 3 10 22 47 8 24 46 12 39 7 32 23 33 30 6 42 44 21 18 34 38 29 20 28 19 26 41 36 5 14 

Inst_Index:4123 	 City_Num:50 	 Concorde:0.055382 	 MCTS:5.538232 Improve:-0.000000 	 Time:5.00 Seconds
Solution: 1 49 47 37 16 14 28 17 26 10 29 36 48 18 19 15 32 27 7 5 35 24 9 31 21 4 38 12 46 39 3 20 25 13 40 34 6 22 30 8 11 41 33 44 42 23 45 50 2 43 

Inst_Index:4124 	 City_Num:50 	 Concorde:0.057333 	 MCTS:5.733256 Improve:-0.000000 	 Time:5.00 Seconds
Solution: 1 31 44 42 23 19 10 4 32 48 30 13 2 47 38 8 14 16 6 43 15 28 40 39 17 7 36 21 3 27 20 24 50 35 37 12 46 26 29 49 5 41 22 34 45 25 9 33 18 11 

Inst_Index:4125 	 City_Num:50 	 Concorde:0.056863 	 MCTS:5.686294 Improve:-0.000000 	 Time:5.00 Seconds
Solution: 1 12 42 3 14 27 39 9 13 25 48 6 20 23 44 4 40 43 2 8 35 10 32 36 29 45 21 5 19 7 31 33 16 50 15 38 28 47 24 34 11 46 49 18 30 26 37 22 41 17 

Inst_Index:4126 	 City_Num:50 	 Concorde:0.059874 	 MCTS:5.987439 Improve:0.000000 	 Time:5.00 Seconds
Solution: 1 15 20 38 36 47 6 23 40 11 45 18 13 26 30 50 3 34 39 7 24 12 35 31 25 43 5 29 32 44 21 33 19 10 9 22 8 14 46 17 27 28 37 16 48 4 42 2 41 49 

Inst_Index:4127 	 City_Num:50 	 Concorde:0.056213 	 MCTS:5.621279 Improve:0.000000 	 Time:5.01 Seconds
Solution: 1 7 47 35 20 2 44 21 36 26 14 37 30 10 24 3 29 45 28 34 43 33 22 48 39 25 8 42 49 16 19 46 38 31 13 40 15 18 50 27 17 23 12 32 11 9 4 6 5 41 

Inst_Index:4128 	 City_Num:50 	 Concorde:0.063506 	 MCTS:6.350589 Improve:0.000000 	 Time:5.01 Seconds
Solution: 1 4 18 41 45 19 29 49 16 21 44 40 9 13 10 8 42 32 36 26 50 43 33 6 3 47 24 2 14 7 31 38 48 15 23 25 37 27 5 12 22 30 11 17 46 20 39 35 28 34 

Inst_Index:4129 	 City_Num:50 	 Concorde:0.055413 	 MCTS:5.541333 Improve:0.000000 	 Time:5.00 Seconds
Solution: 1 20 36 28 39 33 25 14 21 31 15 6 47 10 30 17 46 16 9 42 49 23 41 19 22 13 38 34 40 43 4 24 27 8 7 45 12 18 29 2 35 37 5 11 48 32 50 26 44 3 

Inst_Index:4130 	 City_Num:50 	 Concorde:0.059517 	 MCTS:5.951679 Improve:0.000000 	 Time:5.00 Seconds
Solution: 1 36 7 14 2 30 42 33 13 41 26 3 45 24 48 17 40 9 19 28 10 27 21 34 8 50 6 29 5 22 25 43 44 31 39 15 16 46 11 12 38 4 20 35 37 49 47 32 23 18 

Inst_Index:4131 	 City_Num:50 	 Concorde:0.056218 	 MCTS:5.621820 Improve:0.000000 	 Time:5.00 Seconds
Solution: 1 23 42 20 46 24 9 30 36 13 8 34 15 44 16 19 29 6 10 41 21 38 11 28 40 14 18 33 26 22 31 39 2 7 49 25 47 48 50 45 32 43 37 3 5 17 35 12 27 4 

Inst_Index:4132 	 City_Num:50 	 Concorde:0.052579 	 MCTS:5.257884 Improve:0.000000 	 Time:5.00 Seconds
Solution: 1 32 31 5 8 35 36 14 43 18 12 37 38 10 46 33 9 44 7 42 25 45 3 20 23 11 15 6 26 4 29 2 47 41 50 49 13 27 17 34 30 40 19 21 39 22 48 28 24 16 

Inst_Index:4133 	 City_Num:50 	 Concorde:0.057368 	 MCTS:5.735584 Improve:0.001213 	 Time:5.00 Seconds
Solution: 1 17 4 18 33 10 7 26 2 3 49 9 5 42 34 6 32 31 46 50 40 47 36 22 39 25 43 28 27 29 11 19 15 24 37 20 12 41 13 45 21 23 14 44 8 48 38 35 30 16 

Inst_Index:4134 	 City_Num:50 	 Concorde:0.056621 	 MCTS:5.662138 Improve:-0.000000 	 Time:5.00 Seconds
Solution: 1 5 2 10 35 37 29 15 8 25 34 13 42 39 48 3 4 11 20 23 44 21 12 26 18 45 49 38 27 47 30 41 14 19 28 6 17 40 33 50 24 22 16 31 46 7 43 36 9 32 

Inst_Index:4135 	 City_Num:50 	 Concorde:0.058144 	 MCTS:5.813493 Improve:0.000914 	 Time:5.00 Seconds
Solution: 1 10 8 45 48 18 24 13 23 30 38 3 25 17 47 2 20 19 15 43 35 42 12 6 16 37 7 36 11 31 33 39 27 21 41 46 29 44 49 5 50 4 32 40 9 22 34 26 28 14 

Inst_Index:4136 	 City_Num:50 	 Concorde:0.055092 	 MCTS:5.508378 Improve:0.000785 	 Time:5.00 Seconds
Solution: 1 11 5 24 31 7 33 8 29 46 17 18 45 22 35 14 48 3 15 27 21 4 20 9 42 34 2 30 39 50 44 19 16 10 12 23 13 40 41 28 6 32 36 26 43 37 47 49 38 25 

Inst_Index:4137 	 City_Num:50 	 Concorde:0.054313 	 MCTS:5.431318 Improve:-0.000000 	 Time:5.00 Seconds
Solution: 1 34 10 38 45 47 23 8 7 31 13 24 44 48 37 9 3 32 6 30 43 50 20 12 17 14 39 11 33 29 22 41 28 21 42 27 25 18 26 15 36 19 2 4 49 40 5 46 35 16 

Inst_Index:4138 	 City_Num:50 	 Concorde:0.052454 	 MCTS:5.245378 Improve:0.000000 	 Time:5.00 Seconds
Solution: 1 39 25 31 7 14 20 16 23 19 18 17 11 4 47 15 28 26 29 27 22 41 9 48 38 5 36 10 46 33 3 34 44 45 49 37 35 42 30 12 24 40 43 21 32 6 2 8 50 13 

Inst_Index:4139 	 City_Num:50 	 Concorde:0.058918 	 MCTS:5.891777 Improve:0.000000 	 Time:5.01 Seconds
Solution: 1 13 8 44 24 26 6 30 37 32 46 42 5 50 4 14 40 18 9 25 19 39 7 3 33 16 35 12 28 49 31 15 43 17 23 10 48 22 41 47 34 2 38 21 36 29 27 11 20 45 

Inst_Index:4140 	 City_Num:50 	 Concorde:0.060193 	 MCTS:6.019255 Improve:0.000000 	 Time:5.01 Seconds
Solution: 1 47 15 31 17 16 40 49 48 12 30 45 10 13 18 26 43 3 23 20 29 42 38 44 32 11 24 5 27 14 39 7 36 22 41 25 4 9 46 2 50 19 6 37 33 28 35 8 34 21 

Inst_Index:4141 	 City_Num:50 	 Concorde:0.054913 	 MCTS:5.486172 Improve:0.005177 	 Time:5.00 Seconds
Solution: 1 4 50 32 5 46 10 19 36 39 35 48 29 18 23 28 20 44 45 49 2 8 41 11 40 42 22 31 27 33 9 25 14 26 6 24 15 3 12 47 43 21 13 17 34 37 30 16 38 7 

Inst_Index:4142 	 City_Num:50 	 Concorde:0.059080 	 MCTS:5.908041 Improve:-0.000000 	 Time:5.01 Seconds
Solution: 1 34 33 20 17 41 38 24 50 19 13 31 21 49 36 4 10 14 46 48 27 30 16 7 2 43 32 5 18 8 29 25 42 44 11 3 23 9 15 40 37 45 6 12 26 47 35 22 28 39 

Inst_Index:4143 	 City_Num:50 	 Concorde:0.055483 	 MCTS:5.542473 Improve:0.005777 	 Time:5.00 Seconds
Solution: 1 44 8 19 2 38 46 28 34 47 49 29 23 21 31 25 13 33 10 39 41 7 15 6 27 4 9 50 45 17 20 3 24 36 37 5 32 30 18 16 11 26 43 35 22 14 42 48 40 12 

Inst_Index:4144 	 City_Num:50 	 Concorde:0.058490 	 MCTS:5.849027 Improve:0.000000 	 Time:5.00 Seconds
Solution: 1 19 21 39 26 15 33 42 32 18 12 34 45 31 7 13 46 48 22 36 4 11 49 50 27 14 3 5 37 25 40 41 23 24 10 29 17 43 6 16 9 30 44 2 38 47 8 20 28 35 

Inst_Index:4145 	 City_Num:50 	 Concorde:0.056600 	 MCTS:5.649812 Improve:0.010170 	 Time:5.00 Seconds
Solution: 1 36 38 15 33 13 39 35 48 18 26 12 34 47 14 11 37 3 50 40 20 45 25 49 44 32 17 16 22 7 23 29 41 31 2 43 10 9 30 8 21 24 5 42 28 46 19 27 6 4 

Inst_Index:4146 	 City_Num:50 	 Concorde:0.050042 	 MCTS:5.004204 Improve:0.000000 	 Time:5.00 Seconds
Solution: 1 2 6 15 29 17 41 10 24 14 42 13 9 23 33 47 27 22 4 44 46 3 28 20 26 45 50 34 8 25 21 48 43 31 30 40 7 32 16 39 38 12 11 49 36 19 35 37 18 5 

Inst_Index:4147 	 City_Num:50 	 Concorde:0.058674 	 MCTS:5.866627 Improve:0.000821 	 Time:5.02 Seconds
Solution: 1 14 26 34 20 9 40 33 6 18 4 23 12 45 29 49 16 22 46 39 8 41 37 24 43 25 2 11 17 50 47 3 42 44 15 28 5 31 10 7 35 36 38 13 32 30 21 27 48 19 

Inst_Index:4148 	 City_Num:50 	 Concorde:0.054996 	 MCTS:5.495531 Improve:0.004019 	 Time:5.00 Seconds
Solution: 1 17 22 20 18 6 43 37 42 30 44 50 39 12 23 35 34 3 14 31 32 47 36 9 10 2 15 46 41 19 5 45 7 25 26 16 21 29 8 13 40 4 11 33 38 49 24 28 48 27 

Inst_Index:4149 	 City_Num:50 	 Concorde:0.053498 	 MCTS:5.349766 Improve:0.000000 	 Time:5.00 Seconds
Solution: 1 43 31 17 22 12 50 11 48 29 5 33 26 37 27 21 13 32 24 44 40 35 6 49 7 34 19 15 23 47 4 8 2 38 18 3 41 45 14 10 25 39 30 28 46 36 20 16 42 9 

Inst_Index:4150 	 City_Num:50 	 Concorde:0.053230 	 MCTS:5.322984 Improve:-0.000000 	 Time:5.00 Seconds
Solution: 1 39 34 5 48 40 29 23 19 7 36 2 10 44 28 3 31 6 47 21 33 14 13 43 37 41 17 30 11 25 46 12 45 42 18 4 35 27 26 50 22 38 9 32 20 8 49 24 15 16 

Inst_Index:4151 	 City_Num:50 	 Concorde:0.053418 	 MCTS:5.341780 Improve:0.000000 	 Time:5.00 Seconds
Solution: 1 37 50 49 15 7 40 18 24 26 19 34 2 44 13 11 42 47 23 29 17 43 25 27 6 41 33 31 3 8 32 9 35 38 20 30 4 14 28 22 36 48 45 39 16 21 5 12 46 10 

Inst_Index:4152 	 City_Num:50 	 Concorde:0.055313 	 MCTS:5.530479 Improve:0.000772 	 Time:5.00 Seconds
Solution: 1 4 10 45 38 24 32 30 6 15 7 31 23 39 9 50 3 11 20 42 18 12 49 33 2 37 26 44 17 40 36 16 13 27 25 29 21 41 8 48 5 22 34 28 35 19 46 14 43 47 

Inst_Index:4153 	 City_Num:50 	 Concorde:0.057795 	 MCTS:5.779548 Improve:0.000000 	 Time:5.00 Seconds
Solution: 1 35 29 2 43 38 16 9 21 20 25 13 18 48 31 37 7 28 19 36 15 12 17 41 34 33 27 14 6 24 11 39 8 44 3 40 49 32 10 22 42 46 45 47 26 30 5 50 4 23 

Inst_Index:4154 	 City_Num:50 	 Concorde:0.058744 	 MCTS:5.874373 Improve:0.000000 	 Time:5.00 Seconds
Solution: 1 21 16 18 5 48 27 38 46 28 26 20 47 36 25 45 24 4 3 8 33 12 17 44 41 29 43 35 23 49 37 15 50 40 42 19 31 14 39 22 7 32 13 30 34 2 9 11 6 10 

Inst_Index:4155 	 City_Num:50 	 Concorde:0.053682 	 MCTS:5.368204 Improve:0.000000 	 Time:5.00 Seconds
Solution: 1 8 32 11 15 23 44 12 21 39 17 30 46 27 4 5 3 29 34 38 19 9 37 45 18 50 22 20 47 6 24 26 2 25 40 7 49 33 43 35 14 36 42 28 13 48 31 41 16 10 

Inst_Index:4156 	 City_Num:50 	 Concorde:0.055505 	 MCTS:5.542488 Improve:0.008042 	 Time:5.00 Seconds
Solution: 1 29 17 30 36 49 45 37 20 27 22 12 18 40 25 32 46 47 6 4 39 34 48 28 24 38 19 3 50 13 26 8 44 2 7 11 16 35 9 33 41 15 31 42 14 21 23 43 10 5 

Inst_Index:4157 	 City_Num:50 	 Concorde:0.054524 	 MCTS:5.452413 Improve:0.000000 	 Time:5.00 Seconds
Solution: 1 47 33 32 9 19 18 34 7 17 44 20 15 14 3 26 50 12 43 37 48 2 23 25 24 40 30 28 29 5 27 21 22 46 38 13 49 35 6 36 4 39 41 42 16 8 31 10 45 11 

Inst_Index:4158 	 City_Num:50 	 Concorde:0.052483 	 MCTS:5.244234 Improve:0.004037 	 Time:5.00 Seconds
Solution: 1 49 16 14 23 36 38 7 18 29 27 46 3 44 9 15 34 33 19 22 8 21 31 24 30 17 41 32 25 11 13 12 50 26 48 43 2 47 28 6 4 37 39 5 42 35 40 20 10 45 

Inst_Index:4159 	 City_Num:50 	 Concorde:0.054343 	 MCTS:5.434319 Improve:0.000000 	 Time:5.01 Seconds
Solution: 1 5 20 42 18 14 23 2 33 30 31 7 3 4 35 15 25 36 47 10 19 21 12 32 38 48 22 13 50 46 43 28 6 39 11 27 45 40 9 17 34 26 37 44 8 29 16 24 49 41 

Inst_Index:4160 	 City_Num:50 	 Concorde:0.053491 	 MCTS:5.346156 Improve:0.002973 	 Time:5.00 Seconds
Solution: 1 5 14 10 26 49 13 6 3 24 25 11 30 28 36 42 43 41 22 2 45 7 4 15 27 17 38 12 32 40 47 34 50 21 44 35 23 37 16 9 8 48 20 18 33 19 39 29 31 46 

Inst_Index:4161 	 City_Num:50 	 Concorde:0.058343 	 MCTS:5.834337 Improve:-0.000000 	 Time:5.00 Seconds
Solution: 1 39 24 49 14 50 38 21 2 30 42 18 3 43 7 28 20 26 45 8 11 17 40 4 12 23 16 34 19 29 41 33 35 31 36 47 46 10 37 9 15 6 48 32 13 25 27 44 22 5 

Inst_Index:4162 	 City_Num:50 	 Concorde:0.056971 	 MCTS:5.692641 Improve:0.004487 	 Time:5.00 Seconds
Solution: 1 20 36 38 5 40 24 22 17 49 42 8 28 18 30 50 2 15 10 27 25 13 6 34 11 21 14 26 43 7 3 45 46 41 23 35 19 9 31 33 44 16 12 37 4 39 48 29 32 47 

Inst_Index:4163 	 City_Num:50 	 Concorde:0.059664 	 MCTS:5.966425 Improve:0.000000 	 Time:5.00 Seconds
Solution: 1 36 44 22 10 39 7 4 30 26 38 24 35 34 28 31 18 27 40 17 21 32 14 3 45 42 49 37 9 47 13 46 43 12 19 25 11 50 8 15 6 20 16 5 29 23 41 48 2 33 

Inst_Index:4164 	 City_Num:50 	 Concorde:0.057386 	 MCTS:5.738623 Improve:-0.000000 	 Time:5.00 Seconds
Solution: 1 5 47 30 33 23 15 48 31 18 49 17 3 22 9 38 34 11 16 42 40 10 6 37 20 24 4 19 28 46 7 27 8 13 21 50 36 39 2 43 29 26 44 12 35 14 45 41 25 32 

Inst_Index:4165 	 City_Num:50 	 Concorde:0.052927 	 MCTS:5.289940 Improve:0.002800 	 Time:5.00 Seconds
Solution: 1 44 24 41 16 10 35 23 37 21 26 13 15 34 22 32 19 2 12 6 14 30 8 33 47 36 31 48 46 50 5 39 7 29 49 25 27 40 45 28 9 3 11 4 43 20 42 18 17 38 

Inst_Index:4166 	 City_Num:50 	 Concorde:0.057609 	 MCTS:5.760032 Improve:0.000841 	 Time:5.00 Seconds
Solution: 1 5 37 2 44 42 23 50 14 48 30 19 17 12 43 45 7 22 8 16 38 34 32 35 46 31 49 39 4 28 47 33 20 24 10 41 6 26 13 9 25 3 21 29 15 27 11 40 18 36 

Inst_Index:4167 	 City_Num:50 	 Concorde:0.053538 	 MCTS:5.352382 Improve:0.001450 	 Time:5.00 Seconds
Solution: 1 19 7 33 35 41 16 10 34 20 38 37 40 25 28 15 13 23 27 46 44 2 45 12 4 21 36 18 17 42 24 9 31 29 3 39 22 26 8 14 30 6 48 11 5 49 47 50 32 43 

Inst_Index:4168 	 City_Num:50 	 Concorde:0.053008 	 MCTS:5.298059 Improve:0.002714 	 Time:5.00 Seconds
Solution: 1 49 12 24 10 34 4 23 40 19 45 31 18 5 43 27 6 16 3 47 2 39 30 20 48 37 14 42 7 8 17 21 25 13 35 9 50 36 33 38 32 26 28 15 11 44 41 29 46 22 

Inst_Index:4169 	 City_Num:50 	 Concorde:0.055094 	 MCTS:5.507093 Improve:0.002259 	 Time:5.00 Seconds
Solution: 1 15 4 48 39 46 22 31 33 34 35 30 17 47 42 26 14 12 18 50 28 37 9 24 23 19 27 8 20 29 44 25 11 32 45 5 7 43 41 40 13 2 3 49 10 6 38 21 36 16 

Inst_Index:4170 	 City_Num:50 	 Concorde:0.056046 	 MCTS:5.600865 Improve:0.003729 	 Time:5.00 Seconds
Solution: 1 49 12 32 37 18 17 13 30 15 7 6 42 34 39 11 10 40 22 35 47 23 26 44 45 2 5 29 24 31 38 16 36 8 14 3 25 19 21 48 28 41 27 43 46 20 9 33 4 50 

Inst_Index:4171 	 City_Num:50 	 Concorde:0.056890 	 MCTS:5.688991 Improve:0.000000 	 Time:5.01 Seconds
Solution: 1 42 13 37 6 10 12 11 49 45 5 41 9 15 8 35 22 21 38 39 17 26 20 48 43 4 33 19 31 36 3 29 24 50 47 7 14 28 16 25 34 27 30 32 44 18 40 23 2 46 

Inst_Index:4172 	 City_Num:50 	 Concorde:0.061419 	 MCTS:6.139244 Improve:0.002655 	 Time:5.00 Seconds
Solution: 1 16 50 20 6 24 30 22 10 42 18 40 8 48 29 19 32 25 43 23 14 36 38 21 33 37 47 15 2 31 7 26 27 4 35 13 46 12 3 41 49 44 45 11 34 17 5 39 9 28 

Inst_Index:4173 	 City_Num:50 	 Concorde:0.056057 	 MCTS:5.605716 Improve:0.000000 	 Time:5.00 Seconds
Solution: 1 44 9 2 14 40 12 50 34 3 41 38 37 20 33 10 16 39 42 8 15 28 11 18 19 17 36 49 43 46 32 24 4 7 21 5 27 47 23 26 6 29 45 13 22 25 31 35 48 30 

Inst_Index:4174 	 City_Num:50 	 Concorde:0.059689 	 MCTS:5.968882 Improve:0.000000 	 Time:5.00 Seconds
Solution: 1 3 2 23 37 25 34 11 35 21 36 19 40 22 7 9 26 43 12 20 5 27 41 39 28 49 18 14 48 31 44 46 6 47 13 33 45 15 42 50 10 38 4 24 29 30 16 17 32 8 

Inst_Index:4175 	 City_Num:50 	 Concorde:0.056934 	 MCTS:5.693362 Improve:0.000000 	 Time:5.00 Seconds
Solution: 1 19 40 39 24 9 13 50 3 17 38 47 31 42 32 10 30 46 16 2 43 11 22 27 5 36 12 15 49 28 45 8 33 7 4 35 6 20 25 23 37 44 48 29 18 41 26 34 21 14 

Inst_Index:4176 	 City_Num:50 	 Concorde:0.055319 	 MCTS:5.523666 Improve:0.008225 	 Time:5.01 Seconds
Solution: 1 42 8 41 18 29 38 32 5 39 30 48 36 9 22 23 12 46 10 4 47 15 25 34 6 43 17 49 45 2 26 35 14 11 50 3 21 40 31 37 16 20 24 28 27 19 7 13 44 33 

Inst_Index:4177 	 City_Num:50 	 Concorde:0.059811 	 MCTS:5.981149 Improve:-0.000000 	 Time:5.00 Seconds
Solution: 1 49 23 48 17 29 2 8 11 46 28 38 50 36 3 34 21 25 14 6 41 31 44 16 47 39 30 12 33 5 35 45 27 10 13 4 22 24 40 32 18 19 7 9 20 15 43 26 42 37 

Inst_Index:4178 	 City_Num:50 	 Concorde:0.056636 	 MCTS:5.661407 Improve:0.002179 	 Time:5.01 Seconds
Solution: 1 41 3 50 40 30 15 48 46 28 36 9 8 34 5 18 2 10 16 19 38 39 26 14 49 20 6 25 21 33 35 29 43 13 7 32 23 31 47 45 22 44 12 42 17 11 37 27 24 4 

Inst_Index:4179 	 City_Num:50 	 Concorde:0.057743 	 MCTS:5.772806 Improve:0.001530 	 Time:5.00 Seconds
Solution: 1 19 48 25 32 7 5 11 3 33 8 28 18 4 31 35 20 29 13 43 44 34 47 6 27 2 16 46 22 9 49 26 24 38 30 45 50 40 15 36 17 41 21 12 39 42 37 10 14 23 

Inst_Index:4180 	 City_Num:50 	 Concorde:0.057727 	 MCTS:5.772674 Improve:-0.000000 	 Time:5.00 Seconds
Solution: 1 37 39 10 25 38 48 41 50 26 13 43 17 20 42 7 40 27 18 16 5 46 32 49 19 31 9 34 24 47 23 22 12 4 29 36 14 6 21 35 15 44 11 33 28 45 2 30 8 3 

Inst_Index:4181 	 City_Num:50 	 Concorde:0.059976 	 MCTS:5.997599 Improve:-0.000000 	 Time:5.00 Seconds
Solution: 1 43 6 40 12 11 23 3 42 30 22 21 39 25 37 5 10 29 44 26 49 36 19 33 27 41 34 16 35 24 15 14 28 47 32 31 50 13 7 38 45 48 4 9 2 20 8 46 17 18 

Inst_Index:4182 	 City_Num:50 	 Concorde:0.060702 	 MCTS:6.070249 Improve:-0.000000 	 Time:5.00 Seconds
Solution: 1 25 2 28 26 19 30 34 48 9 45 4 46 16 7 27 44 49 5 23 31 11 20 39 22 17 36 38 41 42 24 50 6 3 47 32 8 35 33 13 18 21 37 43 10 29 14 12 40 15 

Inst_Index:4183 	 City_Num:50 	 Concorde:0.055382 	 MCTS:5.538249 Improve:0.000000 	 Time:5.00 Seconds
Solution: 1 24 25 22 11 49 13 30 45 9 21 32 27 4 16 33 44 14 39 37 47 18 8 2 17 38 7 15 12 36 29 35 40 19 10 23 42 41 28 43 48 5 34 31 50 6 46 20 3 26 

Inst_Index:4184 	 City_Num:50 	 Concorde:0.058851 	 MCTS:5.878433 Improve:0.006677 	 Time:5.00 Seconds
Solution: 1 47 18 9 41 5 33 7 12 36 27 13 22 50 8 49 30 14 17 26 3 20 39 29 42 16 43 31 23 44 10 40 15 2 34 6 45 46 24 48 37 11 21 4 25 19 35 38 32 28 

Inst_Index:4185 	 City_Num:50 	 Concorde:0.053243 	 MCTS:5.324350 Improve:0.000000 	 Time:5.00 Seconds
Solution: 1 17 19 24 29 10 32 39 5 45 21 46 41 23 6 4 3 36 9 28 18 40 48 8 34 16 35 30 49 15 2 31 50 42 47 7 43 20 14 44 12 27 26 38 13 22 33 37 25 11 

Inst_Index:4186 	 City_Num:50 	 Concorde:0.057676 	 MCTS:5.766290 Improve:0.001326 	 Time:5.00 Seconds
Solution: 1 28 44 33 40 43 35 47 24 11 48 2 31 25 18 9 50 15 8 37 32 22 16 42 20 49 7 29 14 23 38 6 45 10 4 36 12 5 17 26 34 21 19 27 13 30 41 3 39 46 

Inst_Index:4187 	 City_Num:50 	 Concorde:0.060189 	 MCTS:6.018916 Improve:0.000000 	 Time:5.00 Seconds
Solution: 1 8 20 28 22 9 14 42 39 13 17 18 7 4 30 38 31 43 37 50 5 26 3 35 27 47 21 10 32 48 49 40 45 33 15 23 24 46 12 11 6 2 44 16 41 29 25 34 19 36 

Inst_Index:4188 	 City_Num:50 	 Concorde:0.061446 	 MCTS:6.144630 Improve:0.000000 	 Time:5.00 Seconds
Solution: 1 49 16 22 42 36 45 5 6 44 18 32 20 41 7 24 8 3 34 4 40 29 26 33 21 17 28 31 25 46 9 27 2 47 15 13 37 23 14 48 38 12 35 39 43 19 10 11 30 50 

Inst_Index:4189 	 City_Num:50 	 Concorde:0.052202 	 MCTS:5.220229 Improve:0.000000 	 Time:5.00 Seconds
Solution: 1 49 24 6 33 44 16 35 45 31 5 41 27 34 46 11 8 30 22 36 47 29 7 48 42 3 20 40 25 39 18 13 23 32 9 38 15 14 43 17 19 10 37 4 50 21 2 26 12 28 

Inst_Index:4190 	 City_Num:50 	 Concorde:0.057222 	 MCTS:5.722193 Improve:-0.000000 	 Time:5.00 Seconds
Solution: 1 49 8 18 17 21 26 4 25 22 30 47 10 27 9 12 2 43 42 46 34 31 15 33 48 37 32 39 13 45 23 20 5 24 7 11 50 41 44 40 3 28 6 16 14 35 19 29 38 36 

Inst_Index:4191 	 City_Num:50 	 Concorde:0.055667 	 MCTS:5.566725 Improve:0.000000 	 Time:5.00 Seconds
Solution: 1 44 3 33 24 5 11 42 46 40 43 28 37 16 15 34 27 12 29 36 48 25 49 17 20 9 45 41 32 22 13 21 26 19 35 47 50 31 6 10 4 38 14 18 39 7 30 23 8 2 

Inst_Index:4192 	 City_Num:50 	 Concorde:0.058729 	 MCTS:5.872851 Improve:0.000000 	 Time:5.00 Seconds
Solution: 1 43 37 13 9 46 40 6 5 2 22 17 14 47 25 3 8 38 33 34 30 21 15 48 23 31 20 24 27 32 26 4 10 18 16 39 42 7 11 28 41 35 44 29 36 19 12 50 49 45 

Inst_Index:4193 	 City_Num:50 	 Concorde:0.056320 	 MCTS:5.631988 Improve:-0.000000 	 Time:5.00 Seconds
Solution: 1 19 11 15 44 21 29 27 30 26 3 36 42 23 37 38 14 24 17 28 50 22 35 31 48 16 47 49 5 40 12 7 33 10 41 4 8 39 34 9 2 20 25 43 18 46 32 6 13 45 

Inst_Index:4194 	 City_Num:50 	 Concorde:0.056884 	 MCTS:5.685331 Improve:0.003111 	 Time:5.00 Seconds
Solution: 1 23 12 18 22 14 50 6 4 42 5 40 46 17 28 25 35 16 2 31 47 39 43 29 7 41 19 27 21 36 11 24 30 48 45 13 8 37 38 15 34 49 3 26 10 33 44 9 32 20 

Inst_Index:4195 	 City_Num:50 	 Concorde:0.058748 	 MCTS:5.874811 Improve:-0.000000 	 Time:5.00 Seconds
Solution: 1 38 3 35 18 17 46 41 26 8 5 13 4 45 25 39 49 48 50 37 23 7 43 19 30 32 6 21 9 42 20 22 40 2 16 44 24 29 33 31 28 14 11 10 12 15 34 27 36 47 

Inst_Index:4196 	 City_Num:50 	 Concorde:0.057505 	 MCTS:5.750475 Improve:0.000000 	 Time:5.00 Seconds
Solution: 1 39 50 23 31 46 21 40 6 9 38 7 22 2 44 45 13 4 30 20 18 33 48 37 19 12 42 47 8 41 43 10 14 11 3 35 5 26 32 17 24 15 27 49 28 29 25 34 36 16 

Inst_Index:4197 	 City_Num:50 	 Concorde:0.058702 	 MCTS:5.868179 Improve:0.002050 	 Time:5.00 Seconds
Solution: 1 16 47 11 44 12 15 35 45 19 29 8 43 27 46 34 33 21 42 20 5 40 41 50 39 25 10 36 22 28 49 23 18 30 26 6 38 4 2 24 14 31 32 48 3 13 17 9 7 37 

Inst_Index:4198 	 City_Num:50 	 Concorde:0.058895 	 MCTS:5.889498 Improve:-0.000000 	 Time:5.00 Seconds
Solution: 1 7 17 14 47 43 27 36 16 21 25 28 8 29 41 5 45 20 32 4 35 19 37 3 18 34 50 30 12 23 6 48 46 39 31 44 49 15 24 38 33 2 42 9 10 11 40 13 26 22 

Inst_Index:4199 	 City_Num:50 	 Concorde:0.054086 	 MCTS:5.408596 Improve:0.000000 	 Time:5.00 Seconds
Solution: 1 28 11 36 34 23 10 40 27 19 31 47 29 14 18 48 9 30 12 21 46 49 3 7 20 15 41 26 43 17 50 8 32 16 22 2 39 5 6 24 13 38 44 42 25 4 37 35 45 33 

Inst_Index:4200 	 City_Num:50 	 Concorde:0.060119 	 MCTS:6.011913 Improve:0.000000 	 Time:5.01 Seconds
Solution: 1 11 15 22 13 9 29 6 4 30 44 10 18 19 35 20 3 5 43 40 27 21 14 17 37 46 23 12 34 39 33 49 48 24 28 16 36 7 41 8 47 38 42 31 25 50 45 26 2 32 

Inst_Index:4201 	 City_Num:50 	 Concorde:0.057926 	 MCTS:5.791246 Improve:0.001396 	 Time:5.00 Seconds
Solution: 1 50 48 20 35 10 45 4 41 23 8 38 24 5 21 19 40 29 2 33 7 15 27 49 36 22 43 30 46 16 17 26 6 44 42 34 39 28 11 12 31 18 13 9 47 14 37 25 3 32 

Inst_Index:4202 	 City_Num:50 	 Concorde:0.057833 	 MCTS:5.783316 Improve:0.000000 	 Time:5.00 Seconds
Solution: 1 41 24 8 27 19 14 6 33 9 11 42 35 16 50 10 48 37 49 18 13 12 28 39 45 38 3 34 22 20 32 25 46 2 15 30 23 44 47 17 40 43 5 26 36 21 4 31 7 29 

Inst_Index:4203 	 City_Num:50 	 Concorde:0.050222 	 MCTS:5.020500 Improve:0.001679 	 Time:5.00 Seconds
Solution: 1 16 3 10 11 7 22 44 39 32 14 9 45 27 23 24 26 18 28 43 17 21 6 25 41 38 20 30 19 46 50 15 29 36 34 37 35 49 40 47 8 5 31 13 33 42 2 12 48 4 

Inst_Index:4204 	 City_Num:50 	 Concorde:0.057524 	 MCTS:5.752436 Improve:-0.000000 	 Time:5.00 Seconds
Solution: 1 14 24 45 19 48 22 15 43 4 18 46 7 9 34 13 49 23 33 39 3 21 8 40 38 31 32 25 12 30 6 42 5 37 10 27 44 26 35 2 50 47 11 16 20 17 28 36 29 41 

Inst_Index:4205 	 City_Num:50 	 Concorde:0.057370 	 MCTS:5.737037 Improve:0.000000 	 Time:5.00 Seconds
Solution: 1 24 32 45 43 21 25 40 34 2 27 26 29 14 50 38 11 9 15 42 3 12 28 23 48 36 4 41 30 16 37 22 5 17 18 47 39 13 10 19 33 49 44 7 46 31 8 20 6 35 

Inst_Index:4206 	 City_Num:50 	 Concorde:0.058958 	 MCTS:5.894936 Improve:0.000872 	 Time:5.00 Seconds
Solution: 1 20 7 41 44 9 16 28 46 6 43 21 33 17 22 38 42 30 12 5 45 10 32 24 27 34 14 29 13 31 2 25 11 39 18 23 36 40 15 19 50 48 3 37 35 4 47 49 8 26 

Inst_Index:4207 	 City_Num:50 	 Concorde:0.054479 	 MCTS:5.447948 Improve:0.000000 	 Time:5.00 Seconds
Solution: 1 25 35 37 15 4 19 49 48 47 36 6 7 8 16 11 50 21 38 32 14 22 28 10 30 43 23 45 27 41 5 29 9 17 24 42 12 34 40 3 39 2 18 26 33 13 31 20 44 46 

Inst_Index:4208 	 City_Num:50 	 Concorde:0.059843 	 MCTS:5.978545 Improve:0.005779 	 Time:5.00 Seconds
Solution: 1 10 30 36 17 22 46 35 4 2 45 32 5 25 11 14 24 47 28 6 34 23 20 15 37 40 48 19 42 3 13 12 50 49 43 8 16 18 33 26 9 27 39 7 21 41 44 29 31 38 

Inst_Index:4209 	 City_Num:50 	 Concorde:0.051761 	 MCTS:5.176123 Improve:0.000000 	 Time:5.00 Seconds
Solution: 1 44 25 11 17 19 32 43 8 26 37 41 40 14 18 50 48 46 47 38 36 12 5 22 34 49 24 15 28 16 4 30 21 31 7 33 35 29 2 9 42 10 13 20 27 3 45 39 6 23 

Inst_Index:4210 	 City_Num:50 	 Concorde:0.056072 	 MCTS:5.607183 Improve:0.000000 	 Time:5.00 Seconds
Solution: 1 2 18 23 29 13 50 6 27 31 32 33 21 46 17 34 9 7 4 39 20 28 38 49 19 37 22 26 44 11 30 12 3 36 43 16 35 45 41 25 40 8 10 42 48 15 47 14 24 5 

Inst_Index:4211 	 City_Num:50 	 Concorde:0.057803 	 MCTS:5.780260 Improve:-0.000000 	 Time:5.00 Seconds
Solution: 1 23 31 28 10 27 41 48 8 12 50 33 34 38 16 37 43 17 49 36 7 2 6 35 11 22 26 19 4 45 29 3 20 39 47 5 14 9 46 25 44 32 42 13 30 18 15 21 40 24 

Inst_Index:4212 	 City_Num:50 	 Concorde:0.054182 	 MCTS:5.418219 Improve:0.000000 	 Time:5.00 Seconds
Solution: 1 25 46 3 35 44 18 2 6 14 32 34 38 45 22 33 48 29 28 8 17 15 9 31 5 40 21 50 37 41 39 23 16 10 36 24 26 43 47 13 20 49 42 19 12 27 4 7 30 11 

Inst_Index:4213 	 City_Num:50 	 Concorde:0.057527 	 MCTS:5.752724 Improve:0.000000 	 Time:5.00 Seconds
Solution: 1 28 37 23 39 20 44 18 15 30 49 7 4 32 24 45 10 6 25 19 12 17 34 42 8 48 3 9 2 47 50 5 43 31 11 36 38 21 22 27 13 40 33 14 46 16 41 35 29 26 

Inst_Index:4214 	 City_Num:50 	 Concorde:0.054867 	 MCTS:5.486654 Improve:-0.000000 	 Time:5.00 Seconds
Solution: 1 38 14 3 27 16 47 50 18 26 2 19 45 20 32 17 5 12 28 22 7 29 39 11 36 41 46 43 10 40 49 37 9 4 6 25 30 23 35 13 21 42 31 34 48 24 44 8 15 33 

Inst_Index:4215 	 City_Num:50 	 Concorde:0.060362 	 MCTS:6.036178 Improve:0.000000 	 Time:5.00 Seconds
Solution: 1 31 33 3 25 43 46 42 36 23 40 45 30 21 38 49 26 50 47 41 17 11 13 9 19 2 27 7 14 35 4 18 28 37 12 39 29 44 5 8 32 10 15 20 6 24 22 48 34 16 

Inst_Index:4216 	 City_Num:50 	 Concorde:0.057742 	 MCTS:5.766136 Improve:0.008055 	 Time:5.01 Seconds
Solution: 1 20 13 14 28 3 18 43 21 6 39 17 36 22 2 47 10 44 4 35 30 46 19 38 8 5 26 23 11 37 31 45 27 42 32 49 25 50 7 34 24 29 16 9 12 15 48 41 40 33 

Inst_Index:4217 	 City_Num:50 	 Concorde:0.055223 	 MCTS:5.522282 Improve:0.000000 	 Time:5.00 Seconds
Solution: 1 41 42 8 24 22 38 44 45 28 48 19 21 33 7 6 9 36 30 46 39 27 11 3 37 34 4 35 13 20 47 43 18 17 15 26 12 10 50 14 40 29 23 32 2 25 49 31 16 5 

Inst_Index:4218 	 City_Num:50 	 Concorde:0.056015 	 MCTS:5.599543 Improve:0.001942 	 Time:5.00 Seconds
Solution: 1 26 17 5 48 27 8 47 3 37 44 39 50 15 18 10 32 43 11 19 40 25 13 21 49 36 7 24 42 33 23 14 38 9 35 20 16 4 46 29 45 31 22 12 2 34 30 41 6 28 

Inst_Index:4219 	 City_Num:50 	 Concorde:0.050348 	 MCTS:5.033868 Improve:0.000959 	 Time:5.00 Seconds
Solution: 1 47 9 16 34 30 45 46 5 27 13 28 10 23 40 18 41 6 32 3 20 42 24 12 35 37 17 49 39 33 7 11 48 31 50 36 8 25 4 19 38 29 2 14 26 21 43 15 44 22 

Inst_Index:4220 	 City_Num:50 	 Concorde:0.057223 	 MCTS:5.720699 Improve:0.001633 	 Time:5.00 Seconds
Solution: 1 15 21 12 19 26 27 11 44 18 49 48 50 20 14 24 16 41 38 22 8 29 30 7 32 28 35 10 36 43 31 37 45 17 39 25 42 3 13 2 6 5 46 40 4 47 34 9 33 23 

Inst_Index:4221 	 City_Num:50 	 Concorde:0.053939 	 MCTS:5.406516 Improve:-0.012569 	 Time:5.00 Seconds
Solution: 1 11 34 42 3 22 31 18 29 15 30 21 16 10 38 46 41 5 33 50 39 13 24 17 37 48 27 7 6 32 19 25 47 43 45 23 36 40 44 49 9 28 35 12 20 4 26 14 8 2 

Inst_Index:4222 	 City_Num:50 	 Concorde:0.059229 	 MCTS:5.922917 Improve:0.000000 	 Time:5.00 Seconds
Solution: 1 23 32 9 49 29 34 2 18 35 10 27 38 21 5 20 6 41 16 8 11 28 40 48 50 47 19 39 36 12 15 45 30 42 13 31 14 7 22 33 17 4 43 46 44 3 37 26 24 25 

Inst_Index:4223 	 City_Num:50 	 Concorde:0.060627 	 MCTS:6.062672 Improve:0.000000 	 Time:5.00 Seconds
Solution: 1 5 17 26 11 18 31 12 16 4 25 43 39 24 46 22 40 28 37 27 47 9 8 15 32 19 36 41 10 14 48 44 3 50 29 2 34 49 7 45 23 13 35 42 38 20 6 33 21 30 

Inst_Index:4224 	 City_Num:50 	 Concorde:0.052765 	 MCTS:5.276490 Improve:0.000000 	 Time:5.00 Seconds
Solution: 1 37 43 11 38 26 34 49 30 31 28 19 9 3 24 5 32 45 14 18 39 35 48 27 46 33 2 17 7 10 36 42 50 16 8 22 41 15 4 13 23 25 20 44 40 29 47 21 6 12 

Inst_Index:4225 	 City_Num:50 	 Concorde:0.052459 	 MCTS:5.241745 Improve:0.004119 	 Time:5.00 Seconds
Solution: 1 2 41 8 43 12 37 20 30 27 7 16 36 17 10 40 31 46 21 42 48 18 44 6 13 47 4 9 23 11 29 25 33 45 49 14 26 50 19 38 24 39 22 35 34 5 28 32 3 15 

Inst_Index:4226 	 City_Num:50 	 Concorde:0.054544 	 MCTS:5.453194 Improve:0.001238 	 Time:5.00 Seconds
Solution: 1 4 32 34 16 33 41 11 5 46 44 20 8 14 48 28 39 23 24 37 15 36 49 18 29 22 19 2 42 3 35 6 43 50 10 26 40 47 25 21 38 12 27 7 31 13 9 17 45 30 

Inst_Index:4227 	 City_Num:50 	 Concorde:0.057610 	 MCTS:5.760964 Improve:-0.000000 	 Time:5.01 Seconds
Solution: 1 7 20 47 16 48 31 5 24 34 42 18 13 37 19 28 10 35 38 11 29 4 36 41 32 44 15 50 12 21 9 23 6 25 27 46 30 49 45 40 3 26 43 14 8 17 39 33 2 22 

Inst_Index:4228 	 City_Num:50 	 Concorde:0.050925 	 MCTS:5.092549 Improve:-0.000000 	 Time:5.01 Seconds
Solution: 1 26 29 40 32 37 13 21 23 42 8 27 15 49 14 39 11 20 17 22 24 5 16 3 50 45 43 4 19 31 44 46 10 9 33 28 2 41 18 30 38 36 47 34 35 12 25 7 48 6 

Inst_Index:4229 	 City_Num:50 	 Concorde:0.058435 	 MCTS:5.843504 Improve:0.000000 	 Time:5.00 Seconds
Solution: 1 45 17 13 16 28 4 10 37 5 34 44 31 32 21 3 20 22 33 8 11 46 2 25 6 7 18 12 23 41 15 35 48 49 30 26 9 50 36 38 24 27 43 42 47 19 40 14 29 39 

Inst_Index:4230 	 City_Num:50 	 Concorde:0.057620 	 MCTS:5.761184 Improve:0.000834 	 Time:5.01 Seconds
Solution: 1 30 16 25 43 34 13 4 14 8 44 17 29 41 42 39 28 26 23 19 37 35 49 11 22 2 50 40 12 3 45 15 47 9 18 36 24 21 10 6 5 38 20 33 48 27 32 7 46 31 

Inst_Index:4231 	 City_Num:50 	 Concorde:0.057799 	 MCTS:5.778972 Improve:0.000907 	 Time:5.01 Seconds
Solution: 1 37 8 4 16 6 25 36 47 42 23 33 38 7 3 40 27 28 24 12 18 31 19 14 17 20 43 13 44 41 39 49 50 34 5 21 45 11 9 46 29 35 15 32 10 26 2 30 22 48 

Inst_Index:4232 	 City_Num:50 	 Concorde:0.057873 	 MCTS:5.787273 Improve:0.000000 	 Time:5.00 Seconds
Solution: 1 17 42 26 8 45 30 7 9 23 14 5 48 6 18 28 27 15 32 43 29 11 3 44 50 10 46 33 37 24 38 41 12 34 40 2 36 49 35 16 4 13 20 47 39 25 19 22 21 31 

Inst_Index:4233 	 City_Num:50 	 Concorde:0.059381 	 MCTS:5.936257 Improve:0.001823 	 Time:5.00 Seconds
Solution: 1 17 38 30 41 5 32 10 22 13 26 11 9 7 18 12 16 3 34 39 14 20 2 50 21 36 45 15 40 8 29 19 23 48 31 27 37 25 49 43 35 24 28 33 47 46 6 44 4 42 

Inst_Index:4234 	 City_Num:50 	 Concorde:0.055894 	 MCTS:5.589433 Improve:0.000000 	 Time:5.00 Seconds
Solution: 1 33 11 50 23 39 47 44 17 2 3 46 31 49 38 13 35 43 5 40 45 7 4 19 34 36 27 28 30 16 12 32 21 14 10 8 48 15 6 37 29 42 20 26 9 22 41 25 24 18 

Inst_Index:4235 	 City_Num:50 	 Concorde:0.055648 	 MCTS:5.564774 Improve:0.000000 	 Time:5.00 Seconds
Solution: 1 38 33 21 42 13 16 4 22 28 3 8 26 25 27 2 41 34 6 45 40 15 36 48 11 46 32 43 10 44 20 7 37 39 12 5 29 24 49 31 50 17 14 47 9 18 19 30 23 35 

Inst_Index:4236 	 City_Num:50 	 Concorde:0.059912 	 MCTS:5.991151 Improve:0.000000 	 Time:5.00 Seconds
Solution: 1 30 43 41 5 39 20 36 24 34 35 2 6 12 3 17 38 4 47 7 18 22 8 44 23 48 13 19 14 31 25 16 29 33 21 42 27 32 9 11 10 46 50 15 40 28 45 49 26 37 

Inst_Index:4237 	 City_Num:50 	 Concorde:0.055187 	 MCTS:5.518748 Improve:0.000000 	 Time:5.00 Seconds
Solution: 1 19 39 8 7 20 33 31 29 46 24 11 41 35 25 22 15 4 10 14 47 13 26 48 6 23 3 2 16 43 9 30 44 12 21 42 18 28 5 40 49 32 37 50 34 17 27 38 45 36 

Inst_Index:4238 	 City_Num:50 	 Concorde:0.060291 	 MCTS:6.029120 Improve:0.000000 	 Time:5.00 Seconds
Solution: 1 46 11 7 28 30 15 26 39 41 19 12 32 45 35 23 9 49 8 34 16 2 50 40 47 38 27 3 4 17 6 42 36 29 18 20 21 5 13 33 44 14 43 10 24 22 37 25 48 31 

Inst_Index:4239 	 City_Num:50 	 Concorde:0.059662 	 MCTS:5.965090 Improve:0.001126 	 Time:5.00 Seconds
Solution: 1 14 35 32 38 6 22 31 37 23 20 39 36 34 24 47 45 49 16 28 2 5 26 44 8 11 33 42 4 25 17 10 21 7 19 18 12 30 41 15 43 27 48 29 13 50 40 9 3 46 

Inst_Index:4240 	 City_Num:50 	 Concorde:0.052096 	 MCTS:5.209597 Improve:0.000000 	 Time:5.00 Seconds
Solution: 1 36 25 35 46 49 14 21 17 8 41 40 47 31 32 20 37 16 18 42 39 13 22 33 23 34 2 29 12 15 43 28 27 38 9 11 45 10 48 24 50 7 30 19 26 3 6 5 4 44 

Inst_Index:4241 	 City_Num:50 	 Concorde:0.056075 	 MCTS:5.607492 Improve:0.000000 	 Time:5.00 Seconds
Solution: 1 9 23 41 19 46 34 24 20 30 15 12 50 13 5 44 39 42 36 21 33 3 7 38 22 28 25 31 14 37 40 43 45 6 47 29 8 4 18 10 49 27 48 26 32 35 2 16 17 11 

Inst_Index:4242 	 City_Num:50 	 Concorde:0.060286 	 MCTS:6.025365 Improve:0.003188 	 Time:5.00 Seconds
Solution: 1 26 48 35 17 34 22 32 50 49 45 7 13 39 40 36 2 12 8 16 42 33 47 18 30 41 5 24 6 23 9 4 19 43 46 28 37 3 31 44 11 27 15 20 29 38 21 14 25 10 

Inst_Index:4243 	 City_Num:50 	 Concorde:0.056758 	 MCTS:5.675846 Improve:0.000000 	 Time:5.00 Seconds
Solution: 1 35 50 21 36 31 23 20 16 33 44 19 14 13 18 43 2 42 37 46 28 4 6 45 47 10 48 22 17 38 7 49 3 27 9 8 26 5 34 29 11 40 12 25 30 41 24 39 15 32 

Inst_Index:4244 	 City_Num:50 	 Concorde:0.056853 	 MCTS:5.685388 Improve:-0.000132 	 Time:5.00 Seconds
Solution: 1 26 17 37 27 24 28 18 9 22 13 45 7 10 49 30 38 35 8 43 15 14 5 21 50 20 36 44 19 48 41 3 6 25 34 23 2 33 12 47 16 42 31 40 39 29 32 4 11 46 

Inst_Index:4245 	 City_Num:50 	 Concorde:0.059336 	 MCTS:5.933585 Improve:0.000000 	 Time:5.01 Seconds
Solution: 1 32 5 31 28 38 11 30 16 7 37 17 20 39 13 22 29 18 26 21 8 35 3 46 48 4 50 25 24 12 47 9 42 15 10 33 49 19 43 41 36 23 6 2 34 45 44 14 40 27 

Inst_Index:4246 	 City_Num:50 	 Concorde:0.058705 	 MCTS:5.870537 Improve:0.000000 	 Time:5.00 Seconds
Solution: 1 14 34 48 49 45 3 39 25 19 5 11 36 50 29 31 28 46 2 32 21 4 38 41 40 17 20 33 23 26 42 7 47 8 12 9 43 24 27 16 13 35 37 44 6 22 10 30 15 18 

Inst_Index:4247 	 City_Num:50 	 Concorde:0.057287 	 MCTS:5.717458 Improve:0.011206 	 Time:5.00 Seconds
Solution: 1 34 14 38 19 28 13 21 23 49 42 2 9 3 33 20 29 30 17 4 37 11 5 6 32 44 10 41 39 26 15 12 40 46 31 47 16 36 48 7 35 22 50 45 18 24 25 27 8 43 

Inst_Index:4248 	 City_Num:50 	 Concorde:0.056046 	 MCTS:5.604619 Improve:0.000000 	 Time:5.00 Seconds
Solution: 1 23 44 4 39 8 24 9 5 30 22 14 25 10 48 17 7 41 40 49 20 11 29 16 6 38 15 50 12 43 18 32 42 36 2 34 27 47 46 26 3 31 37 33 13 21 19 45 35 28 

Inst_Index:4249 	 City_Num:50 	 Concorde:0.058430 	 MCTS:5.843032 Improve:0.000000 	 Time:5.00 Seconds
Solution: 1 48 24 15 20 42 50 45 47 49 36 25 2 7 12 41 38 34 18 43 16 6 40 8 37 9 35 29 39 23 17 13 4 19 10 46 5 30 22 31 27 32 21 28 14 11 44 26 3 33 

Inst_Index:4250 	 City_Num:50 	 Concorde:0.056533 	 MCTS:5.653074 Improve:0.000220 	 Time:5.00 Seconds
Solution: 1 28 17 20 13 22 48 40 47 21 46 6 16 33 36 3 7 45 8 49 31 30 39 19 35 24 37 29 27 12 26 18 23 32 2 5 11 34 25 42 15 10 41 44 14 43 4 50 38 9 

Inst_Index:4251 	 City_Num:50 	 Concorde:0.059361 	 MCTS:5.932080 Improve:0.004038 	 Time:5.00 Seconds
Solution: 1 35 39 14 37 7 34 32 23 25 11 24 5 27 10 44 45 47 19 33 38 50 15 13 43 22 40 36 26 8 41 17 4 16 21 46 28 18 2 49 48 6 3 42 20 31 9 30 12 29 

Inst_Index:4252 	 City_Num:50 	 Concorde:0.058825 	 MCTS:5.882480 Improve:0.000052 	 Time:5.00 Seconds
Solution: 1 8 32 31 10 30 2 34 38 14 23 48 49 21 47 26 24 19 27 39 11 13 40 7 15 50 20 42 9 5 33 18 4 36 6 43 29 44 28 25 35 46 41 17 22 12 37 3 45 16 

Inst_Index:4253 	 City_Num:50 	 Concorde:0.058916 	 MCTS:5.891308 Improve:0.000329 	 Time:5.00 Seconds
Solution: 1 6 41 49 5 23 47 3 33 21 11 4 45 43 36 9 35 10 48 37 12 42 7 46 28 15 24 22 39 13 34 8 31 40 44 32 29 50 38 30 16 27 18 17 14 19 20 2 26 25 

Inst_Index:4254 	 City_Num:50 	 Concorde:0.056438 	 MCTS:5.643833 Improve:0.000000 	 Time:5.01 Seconds
Solution: 1 45 47 21 35 20 31 48 38 13 22 25 43 3 44 36 39 2 34 42 10 41 26 30 6 18 14 5 4 9 49 11 15 24 8 33 50 19 29 16 7 23 40 37 46 12 17 32 28 27 

Inst_Index:4255 	 City_Num:50 	 Concorde:0.060430 	 MCTS:6.043039 Improve:0.000000 	 Time:5.01 Seconds
Solution: 1 47 29 14 11 43 20 6 48 5 42 40 44 36 27 16 7 50 21 18 12 34 35 26 25 13 17 39 41 30 22 37 28 32 10 9 24 3 49 15 33 46 31 23 38 19 4 45 8 2 

Inst_Index:4256 	 City_Num:50 	 Concorde:0.057705 	 MCTS:5.765255 Improve:0.005203 	 Time:5.01 Seconds
Solution: 1 33 4 9 31 48 23 39 10 49 47 20 3 21 11 43 7 45 30 25 37 32 40 34 19 16 5 14 17 46 24 2 36 26 8 18 50 15 13 28 44 6 22 27 12 41 38 35 29 42 

Inst_Index:4257 	 City_Num:50 	 Concorde:0.053479 	 MCTS:5.347908 Improve:-0.000000 	 Time:5.00 Seconds
Solution: 1 9 40 42 2 49 50 22 7 14 3 24 12 30 28 8 34 48 46 32 37 29 17 5 33 6 18 21 20 10 16 35 47 13 39 36 38 26 31 11 43 27 41 25 4 44 19 15 23 45 

Inst_Index:4258 	 City_Num:50 	 Concorde:0.055404 	 MCTS:5.540389 Improve:0.000000 	 Time:5.00 Seconds
Solution: 1 25 31 6 19 38 48 50 17 35 34 26 41 44 16 45 22 2 15 49 46 39 47 30 37 21 8 9 18 14 24 27 36 32 11 33 23 20 40 12 43 42 7 5 3 28 13 29 10 4 

Inst_Index:4259 	 City_Num:50 	 Concorde:0.058560 	 MCTS:5.855962 Improve:-0.000000 	 Time:5.00 Seconds
Solution: 1 29 8 49 47 39 31 35 20 30 7 41 23 42 33 13 40 27 28 5 38 3 6 15 50 25 4 14 2 10 43 32 19 44 22 37 24 46 45 12 11 34 26 16 36 17 48 18 21 9 

Inst_Index:4260 	 City_Num:50 	 Concorde:0.058721 	 MCTS:5.869873 Improve:0.002240 	 Time:5.01 Seconds
Solution: 1 12 38 32 36 33 46 11 34 30 50 4 16 35 22 21 25 44 14 39 41 17 23 45 26 19 5 29 10 47 42 9 24 37 2 8 48 6 49 15 20 27 28 13 7 18 31 3 40 43 

Inst_Index:4261 	 City_Num:50 	 Concorde:0.059697 	 MCTS:5.967083 Improve:0.002665 	 Time:5.00 Seconds
Solution: 1 48 30 41 3 38 20 12 46 26 11 5 10 25 36 2 42 21 43 6 49 16 27 24 4 19 33 44 15 14 23 8 40 18 7 34 28 45 13 22 32 17 29 9 31 50 35 39 47 37 

Inst_Index:4262 	 City_Num:50 	 Concorde:0.057344 	 MCTS:5.733390 Improve:0.001030 	 Time:5.00 Seconds
Solution: 1 6 24 5 21 25 12 22 49 17 19 33 31 27 7 35 10 48 4 18 45 39 29 41 23 16 11 42 20 44 32 43 30 9 40 13 50 47 2 14 28 34 8 36 26 46 3 15 37 38 

Inst_Index:4263 	 City_Num:50 	 Concorde:0.055023 	 MCTS:5.498404 Improve:0.003860 	 Time:5.01 Seconds
Solution: 1 25 17 7 26 38 4 24 2 31 36 49 35 14 5 16 18 33 37 39 34 30 48 15 29 46 44 10 28 32 41 11 23 19 3 22 50 47 20 27 12 40 43 45 8 13 21 6 9 42 

Inst_Index:4264 	 City_Num:50 	 Concorde:0.058867 	 MCTS:5.886717 Improve:-0.000000 	 Time:5.00 Seconds
Solution: 1 12 4 28 43 25 18 32 23 24 36 48 5 38 21 39 27 10 42 35 46 33 44 15 8 49 29 20 22 50 37 13 11 31 9 40 45 6 30 14 7 16 47 41 26 17 34 19 3 2 

Inst_Index:4265 	 City_Num:50 	 Concorde:0.058355 	 MCTS:5.835530 Improve:0.000000 	 Time:5.01 Seconds
Solution: 1 44 30 11 38 23 42 50 31 5 22 10 29 9 34 7 15 16 41 43 28 26 8 39 4 18 32 48 45 13 6 21 25 47 35 19 27 17 33 46 12 36 14 49 20 2 3 24 37 40 

Inst_Index:4266 	 City_Num:50 	 Concorde:0.053790 	 MCTS:5.419363 Improve:-0.040368 	 Time:5.00 Seconds
Solution: 1 3 30 43 9 48 2 24 34 31 17 26 27 19 8 4 11 22 42 15 44 20 49 35 33 45 36 38 25 21 39 32 41 29 7 28 47 50 13 46 40 12 23 10 5 6 37 18 14 16 

Inst_Index:4267 	 City_Num:50 	 Concorde:0.059598 	 MCTS:5.959763 Improve:0.000000 	 Time:5.00 Seconds
Solution: 1 2 17 39 25 30 49 45 46 35 10 41 37 13 6 40 48 24 3 50 14 8 11 29 23 36 33 43 38 18 20 42 12 26 44 31 4 28 15 19 16 47 27 9 7 5 34 32 22 21 

Inst_Index:4268 	 City_Num:50 	 Concorde:0.056885 	 MCTS:5.688499 Improve:0.000000 	 Time:5.00 Seconds
Solution: 1 32 33 29 22 11 7 34 3 26 37 8 10 30 13 5 14 4 9 48 31 45 2 20 50 49 28 39 17 47 19 41 15 27 18 40 35 36 12 38 23 25 16 42 24 44 6 43 21 46 

Inst_Index:4269 	 City_Num:50 	 Concorde:0.059576 	 MCTS:5.957573 Improve:-0.000000 	 Time:5.00 Seconds
Solution: 1 46 44 25 13 5 15 28 14 47 17 37 22 24 12 10 29 11 45 34 23 50 26 41 2 42 36 7 30 32 33 38 39 49 3 27 19 16 4 6 21 43 9 8 18 48 40 31 35 20 

Inst_Index:4270 	 City_Num:50 	 Concorde:0.058733 	 MCTS:5.869289 Improve:0.004056 	 Time:5.00 Seconds
Solution: 1 9 15 28 19 44 2 49 38 22 11 5 37 17 21 6 30 26 4 31 45 32 36 41 8 42 24 27 7 35 34 43 39 3 25 20 14 48 16 33 12 47 23 46 50 40 13 18 29 10 

Inst_Index:4271 	 City_Num:50 	 Concorde:0.054130 	 MCTS:5.412855 Improve:0.000156 	 Time:5.01 Seconds
Solution: 1 44 30 34 28 9 46 50 15 37 42 36 32 35 7 13 23 39 25 31 22 29 18 33 40 11 4 38 24 6 16 41 2 3 49 19 10 47 43 12 45 20 26 27 48 17 14 5 8 21 

Inst_Index:4272 	 City_Num:50 	 Concorde:0.055018 	 MCTS:5.495040 Improve:0.006796 	 Time:5.00 Seconds
Solution: 1 16 22 39 44 18 48 37 6 15 8 34 49 38 13 29 19 23 31 35 36 45 4 14 26 17 47 21 7 28 32 25 5 43 50 12 11 9 10 40 24 30 33 2 27 20 46 42 3 41 

Inst_Index:4273 	 City_Num:50 	 Concorde:0.058656 	 MCTS:5.861501 Improve:0.004145 	 Time:5.00 Seconds
Solution: 1 48 40 34 28 23 30 5 9 37 50 11 45 36 7 8 27 17 10 32 41 2 19 44 15 13 12 47 24 21 35 3 38 25 49 29 6 22 4 20 14 31 39 43 18 46 33 26 16 42 

Inst_Index:4274 	 City_Num:50 	 Concorde:0.058617 	 MCTS:5.861668 Improve:0.000000 	 Time:5.00 Seconds
Solution: 1 45 48 49 28 29 4 16 44 47 10 24 38 14 34 35 46 39 27 30 3 42 25 41 36 21 43 6 32 37 22 17 33 12 13 2 26 18 11 40 19 20 9 7 23 31 15 8 5 50 

Inst_Index:4275 	 City_Num:50 	 Concorde:0.057592 	 MCTS:5.759243 Improve:-0.000000 	 Time:5.00 Seconds
Solution: 1 34 20 23 8 35 21 4 33 43 48 12 45 3 5 11 2 13 19 39 41 18 46 49 36 10 27 9 29 7 26 17 44 40 42 14 32 6 31 28 37 50 38 15 47 22 30 24 16 25 

Inst_Index:4276 	 City_Num:50 	 Concorde:0.055923 	 MCTS:5.592280 Improve:0.000000 	 Time:5.00 Seconds
Solution: 1 43 34 35 36 12 31 47 42 49 32 38 18 45 15 23 39 2 28 9 30 26 25 33 8 21 50 20 24 19 37 17 4 7 6 40 10 41 13 22 27 3 14 11 29 44 46 48 5 16 

Inst_Index:4277 	 City_Num:50 	 Concorde:0.060801 	 MCTS:6.068041 Improve:0.012101 	 Time:5.00 Seconds
Solution: 1 5 32 28 50 3 23 29 27 4 15 16 34 45 37 14 33 20 8 47 43 10 13 26 44 30 24 42 35 12 39 6 22 36 31 38 48 25 7 11 21 18 41 9 40 2 49 17 19 46 

Inst_Index:4278 	 City_Num:50 	 Concorde:0.053434 	 MCTS:5.343393 Improve:0.000000 	 Time:5.00 Seconds
Solution: 1 18 32 26 20 43 44 23 22 31 29 42 7 6 47 28 16 24 46 2 33 34 36 30 21 49 12 25 15 35 3 13 45 14 27 40 9 19 37 17 41 11 39 38 5 50 4 10 8 48 

Inst_Index:4279 	 City_Num:50 	 Concorde:0.058430 	 MCTS:5.843016 Improve:0.000000 	 Time:5.01 Seconds
Solution: 1 37 15 3 13 45 8 39 2 46 36 28 25 27 42 38 23 5 41 34 50 49 22 31 35 18 24 11 21 7 10 43 47 16 29 12 44 30 6 40 33 26 9 4 20 17 48 14 19 32 

Inst_Index:4280 	 City_Num:50 	 Concorde:0.056407 	 MCTS:5.639160 Improve:0.001533 	 Time:5.01 Seconds
Solution: 1 47 22 8 19 46 35 50 33 36 17 11 38 25 32 10 42 29 14 23 9 44 13 3 43 5 34 40 15 21 49 37 27 39 41 18 7 30 45 6 48 2 24 31 16 4 20 12 26 28 

Inst_Index:4281 	 City_Num:50 	 Concorde:0.054596 	 MCTS:5.456299 Improve:0.003328 	 Time:5.00 Seconds
Solution: 1 31 28 8 3 39 20 13 26 9 4 30 14 32 45 48 23 11 40 5 36 2 50 15 33 34 18 42 38 17 7 24 25 29 41 44 10 43 16 35 49 27 47 21 19 22 46 37 6 12 

Inst_Index:4282 	 City_Num:50 	 Concorde:0.057274 	 MCTS:5.727430 Improve:-0.000000 	 Time:5.01 Seconds
Solution: 1 12 32 8 50 31 5 29 23 14 4 11 16 30 18 46 13 47 48 22 15 27 6 24 36 45 2 33 37 9 34 19 41 3 44 38 28 43 35 49 7 25 39 20 42 40 26 10 17 21 

Inst_Index:4283 	 City_Num:50 	 Concorde:0.054050 	 MCTS:5.405001 Improve:-0.000000 	 Time:5.01 Seconds
Solution: 1 48 9 31 23 35 39 37 32 33 12 36 44 8 49 16 47 15 18 26 4 11 38 13 34 40 41 22 5 7 6 27 50 3 30 2 29 20 21 28 25 19 14 42 45 17 10 43 46 24 

Inst_Index:4284 	 City_Num:50 	 Concorde:0.059980 	 MCTS:5.998011 Improve:0.000000 	 Time:5.00 Seconds
Solution: 1 41 25 42 6 14 48 46 11 49 13 35 23 47 17 50 4 29 39 12 21 40 26 28 37 33 2 45 8 30 27 24 3 44 43 38 16 15 22 7 36 32 5 34 20 31 19 10 9 18 

Inst_Index:4285 	 City_Num:50 	 Concorde:0.058121 	 MCTS:5.811476 Improve:0.000584 	 Time:5.03 Seconds
Solution: 1 23 17 5 3 12 25 8 37 46 35 50 6 36 19 9 33 31 15 39 44 21 43 40 28 48 26 41 24 45 11 22 18 29 49 2 34 20 7 13 38 10 14 47 4 32 27 30 16 42 

Inst_Index:4286 	 City_Num:50 	 Concorde:0.056370 	 MCTS:5.636966 Improve:0.000000 	 Time:5.00 Seconds
Solution: 1 35 16 32 13 49 44 38 23 31 11 15 8 36 7 45 27 34 21 40 17 22 3 42 48 5 50 18 29 46 30 39 12 28 26 24 4 10 37 20 47 41 19 43 14 6 33 9 2 25 

Inst_Index:4287 	 City_Num:50 	 Concorde:0.057808 	 MCTS:5.777383 Improve:0.003406 	 Time:5.00 Seconds
Solution: 1 34 43 8 49 5 45 29 31 2 48 18 28 11 30 21 35 16 20 25 23 27 47 13 19 3 41 4 22 33 14 44 17 24 42 46 38 10 7 37 26 40 15 50 39 6 12 32 36 9 

Inst_Index:4288 	 City_Num:50 	 Concorde:0.059960 	 MCTS:5.993702 Improve:0.002331 	 Time:5.00 Seconds
Solution: 1 16 14 17 29 44 19 27 4 9 3 13 28 15 34 8 22 49 35 5 26 37 42 12 24 21 48 38 47 41 2 46 40 10 30 25 31 11 6 20 33 18 32 36 43 39 23 45 50 7 

Inst_Index:4289 	 City_Num:50 	 Concorde:0.058291 	 MCTS:5.823313 Improve:0.005765 	 Time:5.00 Seconds
Solution: 1 30 8 19 15 2 20 49 34 37 39 5 4 44 13 14 11 26 47 35 48 32 31 29 25 17 42 45 40 9 43 38 22 50 12 46 6 7 16 28 36 10 3 21 41 33 27 23 18 24 

Inst_Index:4290 	 City_Num:50 	 Concorde:0.057533 	 MCTS:5.753281 Improve:-0.000000 	 Time:5.00 Seconds
Solution: 1 36 46 11 26 3 25 31 2 15 24 4 43 12 41 5 10 18 27 16 47 8 34 50 32 19 21 48 14 45 17 37 35 42 29 44 39 40 49 6 13 28 9 33 23 38 20 7 30 22 

Inst_Index:4291 	 City_Num:50 	 Concorde:0.051372 	 MCTS:5.133857 Improve:0.003334 	 Time:5.00 Seconds
Solution: 1 18 7 5 27 50 10 32 45 9 23 41 22 4 40 34 16 6 19 31 42 24 48 38 30 17 11 39 44 47 49 15 29 20 35 43 46 37 21 13 8 12 14 26 3 36 28 2 33 25 

Inst_Index:4292 	 City_Num:50 	 Concorde:0.054664 	 MCTS:5.466441 Improve:0.000000 	 Time:5.00 Seconds
Solution: 1 13 8 49 9 40 37 6 4 33 36 21 44 46 39 34 16 7 25 48 50 30 32 41 5 23 22 47 10 18 14 29 20 2 15 42 35 45 27 38 24 3 28 12 43 11 26 19 17 31 

Inst_Index:4293 	 City_Num:50 	 Concorde:0.052353 	 MCTS:5.235287 Improve:0.000000 	 Time:5.00 Seconds
Solution: 1 26 18 14 42 10 37 49 32 39 35 21 43 40 13 46 50 48 17 36 28 31 47 19 20 45 33 23 38 25 6 3 30 29 2 27 15 9 8 41 22 12 5 16 34 4 7 44 11 24 

Inst_Index:4294 	 City_Num:50 	 Concorde:0.058652 	 MCTS:5.865207 Improve:-0.000000 	 Time:5.00 Seconds
Solution: 1 21 16 20 37 4 2 34 18 9 42 12 39 43 6 15 50 11 10 48 29 14 27 22 24 17 5 40 30 33 13 35 3 46 7 32 36 8 47 38 26 23 25 45 44 28 19 41 31 49 

Inst_Index:4295 	 City_Num:50 	 Concorde:0.057294 	 MCTS:5.722420 Improve:0.007014 	 Time:5.01 Seconds
Solution: 1 48 14 7 23 29 5 11 33 42 28 19 20 36 39 9 6 13 16 4 21 26 10 41 38 8 3 17 32 22 50 24 12 30 35 49 37 25 31 40 44 2 27 34 15 43 18 46 47 45 

Inst_Index:4296 	 City_Num:50 	 Concorde:0.056045 	 MCTS:5.604518 Improve:0.000000 	 Time:5.00 Seconds
Solution: 1 36 9 27 22 35 16 8 20 24 12 15 41 6 28 47 46 37 4 45 49 43 7 33 5 13 30 3 18 21 17 23 2 11 39 26 40 29 44 31 19 42 14 38 34 32 10 50 48 25 

Inst_Index:4297 	 City_Num:50 	 Concorde:0.057295 	 MCTS:5.729527 Improve:0.000000 	 Time:5.00 Seconds
Solution: 1 38 20 40 35 33 24 25 48 23 18 14 9 28 39 5 6 3 19 22 2 32 29 10 15 7 31 50 36 11 43 12 26 30 45 42 49 47 16 37 34 21 13 46 17 41 4 44 8 27 

Inst_Index:4298 	 City_Num:50 	 Concorde:0.053290 	 MCTS:5.328973 Improve:0.000000 	 Time:5.00 Seconds
Solution: 1 33 30 37 26 50 4 15 8 47 40 44 34 27 17 23 10 38 21 3 32 29 31 13 39 20 24 25 49 5 41 48 6 14 42 46 7 19 43 35 18 36 45 16 28 2 9 12 22 11 

Inst_Index:4299 	 City_Num:50 	 Concorde:0.057860 	 MCTS:5.785989 Improve:-0.000000 	 Time:5.00 Seconds
Solution: 1 7 8 14 24 25 36 26 13 22 20 42 27 12 15 29 2 5 10 33 37 46 31 39 34 18 30 49 4 11 17 16 6 44 35 19 48 9 45 3 38 28 21 47 23 50 40 32 41 43 

Inst_Index:4300 	 City_Num:50 	 Concorde:0.058607 	 MCTS:5.860717 Improve:0.000000 	 Time:5.01 Seconds
Solution: 1 20 6 43 23 35 11 42 39 41 3 28 24 47 44 33 7 29 48 15 18 38 12 31 8 10 37 30 50 45 14 17 22 19 26 46 40 21 25 32 2 16 4 13 49 9 34 36 27 5 

Inst_Index:4301 	 City_Num:50 	 Concorde:0.058912 	 MCTS:5.889995 Improve:0.001229 	 Time:5.00 Seconds
Solution: 1 11 24 22 36 5 14 43 50 39 16 41 40 44 34 8 12 7 3 9 45 25 33 35 49 28 27 37 30 10 31 4 47 32 48 6 20 2 42 38 29 46 17 21 18 23 26 13 15 19 

Inst_Index:4302 	 City_Num:50 	 Concorde:0.057444 	 MCTS:5.743329 Improve:0.001047 	 Time:5.00 Seconds
Solution: 1 49 47 15 20 44 16 36 5 30 18 34 14 50 46 10 23 13 35 41 40 9 11 43 28 45 2 22 32 48 33 31 29 42 4 38 25 8 24 21 39 3 26 19 17 27 37 7 6 12 

Inst_Index:4303 	 City_Num:50 	 Concorde:0.058493 	 MCTS:5.850146 Improve:-0.000813 	 Time:5.01 Seconds
Solution: 1 17 26 10 35 40 41 28 50 24 9 12 43 22 36 38 30 47 44 5 14 37 16 3 39 20 48 11 33 27 15 34 6 8 31 46 23 29 7 13 49 25 45 4 19 21 42 2 32 18 

Inst_Index:4304 	 City_Num:50 	 Concorde:0.055067 	 MCTS:5.506671 Improve:0.000000 	 Time:5.00 Seconds
Solution: 1 2 36 10 9 38 44 43 15 35 5 49 46 48 20 6 3 41 39 30 50 4 7 23 27 47 17 18 13 40 24 34 21 12 16 28 32 42 22 31 14 11 8 33 25 26 19 29 45 37 

Inst_Index:4305 	 City_Num:50 	 Concorde:0.055909 	 MCTS:5.590905 Improve:-0.000000 	 Time:5.00 Seconds
Solution: 1 43 48 22 20 30 23 9 7 40 26 44 13 4 36 15 21 12 42 5 11 46 27 24 2 18 38 32 31 29 39 3 49 33 45 10 19 6 14 25 8 28 50 41 16 37 47 34 35 17 

Inst_Index:4306 	 City_Num:50 	 Concorde:0.055494 	 MCTS:5.549411 Improve:0.000000 	 Time:5.00 Seconds
Solution: 1 24 47 3 19 9 4 2 29 13 42 18 28 22 30 10 26 44 34 39 46 36 50 23 40 43 41 21 35 38 32 17 25 11 14 45 48 7 16 15 37 33 12 27 49 5 20 6 31 8 

Inst_Index:4307 	 City_Num:50 	 Concorde:0.057349 	 MCTS:5.745451 Improve:-0.010511 	 Time:5.00 Seconds
Solution: 1 28 18 15 9 3 13 17 42 14 50 24 46 29 31 7 32 22 19 36 35 11 44 47 2 12 40 48 27 33 34 30 37 10 20 26 41 38 6 25 8 39 4 43 16 21 45 23 5 49 

Inst_Index:4308 	 City_Num:50 	 Concorde:0.058311 	 MCTS:5.831119 Improve:0.000000 	 Time:5.00 Seconds
Solution: 1 19 18 26 16 21 48 13 20 7 27 40 23 36 38 17 41 28 15 4 30 35 3 32 42 47 39 33 11 12 22 49 5 37 31 46 9 24 44 8 34 6 14 29 10 50 2 25 45 43 

Inst_Index:4309 	 City_Num:50 	 Concorde:0.057640 	 MCTS:5.763280 Improve:0.000742 	 Time:5.00 Seconds
Solution: 1 8 44 10 25 50 41 48 17 14 28 4 40 43 2 26 18 36 5 35 22 34 23 16 38 33 46 24 11 31 7 19 6 39 3 30 37 13 12 15 20 27 42 47 45 49 21 32 9 29 

Inst_Index:4310 	 City_Num:50 	 Concorde:0.057229 	 MCTS:5.722851 Improve:-0.000000 	 Time:5.00 Seconds
Solution: 1 31 45 39 15 30 29 9 11 34 48 47 5 49 28 18 8 3 16 50 7 32 27 23 26 19 35 22 41 43 38 40 44 37 17 20 33 24 4 36 13 6 12 25 2 42 10 14 46 21 

Inst_Index:4311 	 City_Num:50 	 Concorde:0.057885 	 MCTS:5.788550 Improve:-0.000000 	 Time:5.01 Seconds
Solution: 1 34 35 13 17 44 4 48 29 21 14 37 41 5 11 40 19 22 26 18 25 36 47 27 50 46 30 31 12 24 32 43 33 3 9 39 23 28 20 42 8 2 45 49 38 7 16 15 10 6 

Inst_Index:4312 	 City_Num:50 	 Concorde:0.055033 	 MCTS:5.502357 Improve:0.000960 	 Time:5.00 Seconds
Solution: 1 27 22 29 10 33 38 3 25 24 28 30 39 36 47 49 2 18 4 45 15 14 20 7 23 40 37 26 48 35 34 19 13 9 42 43 11 31 46 50 6 5 32 41 44 21 16 12 8 17 

Inst_Index:4313 	 City_Num:50 	 Concorde:0.058207 	 MCTS:5.820689 Improve:0.000000 	 Time:5.01 Seconds
Solution: 1 24 3 38 2 46 14 21 30 48 31 7 44 10 15 22 12 25 37 28 20 5 41 8 49 42 18 34 27 47 26 35 4 40 9 36 13 6 19 39 29 23 50 32 11 33 16 43 45 17 

Inst_Index:4314 	 City_Num:50 	 Concorde:0.055145 	 MCTS:5.513205 Improve:0.001328 	 Time:5.02 Seconds
Solution: 1 2 9 5 20 14 36 45 3 30 24 23 31 25 11 26 43 10 28 41 50 19 21 34 29 15 47 44 6 8 40 7 32 22 35 49 17 37 12 4 13 38 39 42 46 48 27 18 33 16 

Inst_Index:4315 	 City_Num:50 	 Concorde:0.057333 	 MCTS:5.733301 Improve:0.000000 	 Time:5.03 Seconds
Solution: 1 29 6 26 43 23 14 7 46 21 37 35 45 31 30 4 42 27 38 17 19 22 25 11 8 3 10 33 39 24 15 32 49 5 40 50 28 13 18 41 12 20 48 47 36 16 9 44 2 34 

Inst_Index:4316 	 City_Num:50 	 Concorde:0.059625 	 MCTS:5.958598 Improve:0.003942 	 Time:5.01 Seconds
Solution: 1 41 27 23 6 25 46 26 28 44 29 32 37 20 36 16 47 45 22 8 35 13 31 17 21 50 19 30 15 5 40 18 43 38 33 14 48 12 34 7 10 11 49 9 2 3 24 4 39 42 

Inst_Index:4317 	 City_Num:50 	 Concorde:0.057976 	 MCTS:5.789740 Improve:0.007884 	 Time:5.00 Seconds
Solution: 1 11 50 32 33 48 29 40 12 13 18 8 9 45 7 49 31 39 47 28 27 30 10 15 37 24 25 17 14 2 20 4 41 26 23 19 3 44 35 36 43 16 42 34 46 21 6 5 22 38 

Inst_Index:4318 	 City_Num:50 	 Concorde:0.062963 	 MCTS:6.296298 Improve:-0.000000 	 Time:5.00 Seconds
Solution: 1 25 24 48 30 9 40 4 7 45 29 20 23 17 39 19 18 47 49 50 5 22 46 31 27 8 44 21 16 41 33 13 2 10 38 28 34 14 6 15 12 36 43 11 42 26 3 35 37 32 

Inst_Index:4319 	 City_Num:50 	 Concorde:0.054939 	 MCTS:5.493935 Improve:-0.000000 	 Time:5.00 Seconds
Solution: 1 4 13 12 40 17 31 44 32 20 39 2 47 28 34 25 18 50 43 10 36 38 22 35 6 26 27 15 16 46 30 37 11 24 8 49 33 19 41 21 29 42 48 14 7 5 3 23 45 9 

Inst_Index:4320 	 City_Num:50 	 Concorde:0.058790 	 MCTS:5.878959 Improve:0.000000 	 Time:5.02 Seconds
Solution: 1 50 26 36 9 42 5 32 21 19 27 16 6 38 41 44 29 17 46 43 3 14 13 10 40 45 7 20 8 30 25 23 33 2 15 47 18 39 24 37 48 28 11 34 4 31 12 35 22 49 

Inst_Index:4321 	 City_Num:50 	 Concorde:0.055892 	 MCTS:5.587519 Improve:0.001682 	 Time:5.00 Seconds
Solution: 1 43 21 4 24 12 31 8 2 33 5 3 10 26 45 44 16 36 49 17 29 50 42 14 11 46 30 6 15 27 13 32 9 25 20 34 48 28 23 35 38 40 39 41 47 18 19 37 22 7 

Inst_Index:4322 	 City_Num:50 	 Concorde:0.052961 	 MCTS:5.296066 Improve:0.000000 	 Time:5.00 Seconds
Solution: 1 44 17 47 5 38 2 50 14 29 41 46 22 4 30 6 28 13 16 43 20 49 23 24 36 10 19 45 34 27 3 18 9 26 25 15 39 33 32 48 21 12 40 42 31 37 7 11 8 35 

Inst_Index:4323 	 City_Num:50 	 Concorde:0.057428 	 MCTS:5.739734 Improve:0.003104 	 Time:5.00 Seconds
Solution: 1 40 11 27 30 19 46 21 20 45 39 15 14 13 29 7 6 43 50 49 16 36 17 5 28 9 2 37 24 47 25 42 48 34 41 3 38 12 32 31 26 23 33 4 22 35 10 18 8 44 

Inst_Index:4324 	 City_Num:50 	 Concorde:0.058412 	 MCTS:5.841245 Improve:0.000000 	 Time:5.02 Seconds
Solution: 1 14 37 36 10 11 29 24 13 28 30 41 19 7 25 43 33 26 38 42 18 12 45 17 46 2 47 34 31 39 9 23 5 21 16 44 15 22 8 48 49 20 27 3 4 40 50 6 32 35 

Inst_Index:4325 	 City_Num:50 	 Concorde:0.057278 	 MCTS:5.725014 Improve:0.002816 	 Time:5.00 Seconds
Solution: 1 10 4 36 47 29 23 20 21 43 24 22 42 12 17 19 50 34 3 44 49 25 37 33 45 14 31 46 26 30 18 39 8 11 9 6 35 7 48 15 38 16 32 28 5 40 27 2 13 41 

Inst_Index:4326 	 City_Num:50 	 Concorde:0.054784 	 MCTS:5.474069 Improve:0.004287 	 Time:5.00 Seconds
Solution: 1 35 9 17 26 47 18 7 45 15 10 37 27 36 13 3 12 14 25 11 19 24 38 44 33 34 20 23 40 42 21 43 22 41 8 46 39 49 30 6 29 28 4 16 48 2 31 5 32 50 

Inst_Index:4327 	 City_Num:50 	 Concorde:0.056082 	 MCTS:5.608220 Improve:-0.000000 	 Time:5.00 Seconds
Solution: 1 38 14 13 7 11 27 48 22 26 8 40 20 9 39 30 17 5 4 18 46 32 35 25 31 37 45 36 33 12 2 29 41 49 50 21 34 19 43 23 6 42 24 44 10 15 16 28 3 47 

Inst_Index:4328 	 City_Num:50 	 Concorde:0.058957 	 MCTS:5.895731 Improve:0.000000 	 Time:5.01 Seconds
Solution: 1 27 9 46 40 4 23 38 7 35 26 49 48 21 13 28 45 22 47 33 50 12 44 18 39 3 31 14 43 2 17 11 29 36 10 30 5 37 34 16 6 41 20 19 24 25 8 15 32 42 

Inst_Index:4329 	 City_Num:50 	 Concorde:0.055815 	 MCTS:5.581496 Improve:0.000000 	 Time:5.00 Seconds
Solution: 1 43 37 39 42 16 47 30 14 46 11 40 8 27 44 41 34 20 24 10 35 6 29 5 4 15 7 25 26 17 3 38 21 12 49 23 45 13 36 50 32 48 31 33 28 9 2 18 19 22 

Inst_Index:4330 	 City_Num:50 	 Concorde:0.055686 	 MCTS:5.568567 Improve:-0.000000 	 Time:5.00 Seconds
Solution: 1 47 21 40 27 23 26 2 16 18 28 33 11 24 10 14 13 8 46 17 44 30 35 36 43 19 34 50 45 22 20 4 7 25 5 38 41 48 31 39 3 49 29 32 12 6 37 15 9 42 

Inst_Index:4331 	 City_Num:50 	 Concorde:0.053800 	 MCTS:5.380018 Improve:0.000000 	 Time:5.00 Seconds
Solution: 1 10 20 35 7 11 8 24 48 25 26 23 22 33 5 29 6 41 4 36 17 16 2 45 38 42 28 31 50 30 37 19 21 27 15 14 46 49 39 32 3 13 9 47 44 12 43 34 18 40 

Inst_Index:4332 	 City_Num:50 	 Concorde:0.053103 	 MCTS:5.310260 Improve:0.000000 	 Time:5.00 Seconds
Solution: 1 47 12 22 4 28 42 13 9 50 11 25 17 18 6 48 14 39 46 24 36 38 44 2 16 3 10 34 49 5 35 30 33 26 37 31 21 45 23 20 43 27 19 29 32 40 7 15 41 8 

Inst_Index:4333 	 City_Num:50 	 Concorde:0.052248 	 MCTS:5.219305 Improve:0.005543 	 Time:5.00 Seconds
Solution: 1 42 37 35 36 47 8 16 11 43 25 32 27 29 9 50 18 4 40 12 3 31 39 20 44 7 15 21 28 13 41 14 26 2 33 10 22 23 38 34 49 48 5 19 30 6 46 45 24 17 

Inst_Index:4334 	 City_Num:50 	 Concorde:0.059454 	 MCTS:5.945371 Improve:0.000000 	 Time:5.01 Seconds
Solution: 1 24 41 5 43 14 42 19 30 26 23 37 25 2 21 17 12 9 18 16 33 50 28 40 39 10 6 47 7 4 11 20 31 38 15 32 29 35 46 8 3 48 13 44 27 36 34 49 45 22 

Inst_Index:4335 	 City_Num:50 	 Concorde:0.055589 	 MCTS:5.558911 Improve:0.000000 	 Time:5.01 Seconds
Solution: 1 47 17 22 15 21 33 24 35 4 20 16 42 50 30 5 11 41 43 25 14 2 12 10 37 29 7 3 23 13 8 39 28 27 46 48 32 36 44 38 45 6 49 19 26 9 34 18 40 31 

Inst_Index:4336 	 City_Num:50 	 Concorde:0.059104 	 MCTS:5.910356 Improve:-0.000000 	 Time:5.00 Seconds
Solution: 1 7 31 10 39 41 23 32 22 48 46 18 15 36 20 43 34 27 37 33 35 30 42 47 16 49 5 29 19 24 17 12 9 3 40 14 50 26 11 25 13 45 44 6 8 38 28 4 2 21 

Inst_Index:4337 	 City_Num:50 	 Concorde:0.057994 	 MCTS:5.799408 Improve:0.000000 	 Time:5.00 Seconds
Solution: 1 7 17 47 6 23 40 37 20 28 33 32 27 16 3 22 36 2 10 38 18 30 8 5 31 41 29 19 12 39 48 50 44 34 21 35 14 15 9 43 11 26 46 24 49 4 42 45 25 13 

Inst_Index:4338 	 City_Num:50 	 Concorde:0.053387 	 MCTS:5.338682 Improve:0.000000 	 Time:5.00 Seconds
Solution: 1 14 30 50 6 27 46 47 49 34 33 18 39 36 41 13 25 42 9 31 43 19 17 45 26 22 11 5 10 35 38 12 7 4 48 3 32 20 37 23 29 15 8 2 28 24 21 16 40 44 

Inst_Index:4339 	 City_Num:50 	 Concorde:0.058881 	 MCTS:5.888090 Improve:0.000000 	 Time:5.00 Seconds
Solution: 1 50 23 7 2 17 10 48 41 30 39 26 42 22 34 12 29 38 25 47 14 21 24 13 9 28 31 19 3 44 8 18 11 20 32 15 46 43 40 37 16 33 35 6 5 49 27 36 45 4 

Inst_Index:4340 	 City_Num:50 	 Concorde:0.056672 	 MCTS:5.666667 Improve:0.000576 	 Time:5.00 Seconds
Solution: 1 13 38 15 37 10 17 36 20 33 18 29 48 8 6 24 35 12 50 3 14 27 44 11 32 23 31 7 47 22 25 9 39 49 26 46 42 4 21 19 34 45 5 40 28 2 30 16 43 41 

Inst_Index:4341 	 City_Num:50 	 Concorde:0.050949 	 MCTS:5.094850 Improve:0.000000 	 Time:5.00 Seconds
Solution: 1 16 32 4 3 10 17 26 33 27 5 50 47 28 23 48 39 35 42 18 43 21 49 25 13 37 7 22 6 34 19 41 15 8 46 2 20 45 36 12 40 24 30 29 9 31 14 38 11 44 

Inst_Index:4342 	 City_Num:50 	 Concorde:0.057794 	 MCTS:5.766428 Improve:0.012946 	 Time:5.00 Seconds
Solution: 1 20 10 39 3 19 11 12 33 9 30 28 41 48 5 35 45 15 13 6 7 25 24 18 17 29 42 37 40 26 36 27 43 31 44 4 16 22 8 47 14 34 50 38 2 46 49 32 21 23 

Inst_Index:4343 	 City_Num:50 	 Concorde:0.057167 	 MCTS:5.716655 Improve:0.000000 	 Time:5.00 Seconds
Solution: 1 20 10 40 3 12 43 49 7 32 44 15 50 46 27 31 23 8 41 4 21 39 2 35 37 18 24 13 25 45 38 16 22 29 19 34 17 14 28 9 6 5 47 48 42 30 33 26 36 11 

Inst_Index:4344 	 City_Num:50 	 Concorde:0.054799 	 MCTS:5.479865 Improve:-0.000000 	 Time:5.01 Seconds
Solution: 1 12 7 22 30 11 23 43 35 48 20 29 19 18 25 5 36 13 26 42 49 15 17 40 34 27 38 33 32 21 3 45 2 46 50 31 24 10 28 16 9 47 44 8 14 4 37 41 39 6 

Inst_Index:4345 	 City_Num:50 	 Concorde:0.053624 	 MCTS:5.362356 Improve:-0.000000 	 Time:5.01 Seconds
Solution: 1 42 3 45 38 27 16 7 9 43 21 15 49 32 10 41 46 23 4 47 50 17 25 34 37 22 14 30 5 18 20 33 6 29 2 11 48 31 40 35 8 12 28 39 26 13 44 24 19 36 

Inst_Index:4346 	 City_Num:50 	 Concorde:0.056283 	 MCTS:5.628250 Improve:0.000000 	 Time:5.00 Seconds
Solution: 1 5 34 12 46 28 31 39 2 35 36 38 3 25 48 10 13 45 42 18 49 19 8 21 11 50 47 14 15 29 43 33 37 40 27 44 22 6 26 20 17 4 7 9 41 32 23 16 24 30 

Inst_Index:4347 	 City_Num:50 	 Concorde:0.056456 	 MCTS:5.645590 Improve:0.000000 	 Time:5.02 Seconds
Solution: 1 27 7 22 14 18 50 4 35 16 28 5 12 10 47 24 49 8 3 17 26 25 42 13 40 43 37 34 6 21 29 31 38 9 45 44 11 41 32 48 20 39 30 23 15 46 33 2 36 19 

Inst_Index:4348 	 City_Num:50 	 Concorde:0.057075 	 MCTS:5.707542 Improve:0.000000 	 Time:5.00 Seconds
Solution: 1 41 49 15 44 11 36 13 35 19 20 34 21 7 45 29 8 37 28 46 5 23 43 6 27 47 30 2 50 4 22 48 33 39 24 9 42 31 10 25 26 14 17 12 32 16 38 18 3 40 

Inst_Index:4349 	 City_Num:50 	 Concorde:0.053315 	 MCTS:5.330074 Improve:0.001441 	 Time:5.00 Seconds
Solution: 1 37 30 6 47 39 44 28 38 36 3 33 21 24 25 12 31 46 23 49 8 22 13 43 18 26 9 4 50 35 45 19 42 27 17 41 48 11 2 29 16 20 32 40 34 5 14 10 15 7 

Inst_Index:4350 	 City_Num:50 	 Concorde:0.056471 	 MCTS:5.647080 Improve:0.000000 	 Time:5.00 Seconds
Solution: 1 7 49 50 13 46 28 38 25 35 12 19 36 6 14 18 29 10 26 27 23 32 15 21 40 24 31 42 2 45 33 34 16 8 44 41 3 5 48 9 20 37 11 4 39 47 22 30 17 43 

Inst_Index:4351 	 City_Num:50 	 Concorde:0.057352 	 MCTS:5.735173 Improve:0.000000 	 Time:5.00 Seconds
Solution: 1 40 28 16 29 3 37 20 48 44 36 47 9 46 33 24 4 34 14 15 21 19 25 7 12 35 18 11 31 32 45 50 27 5 6 17 13 49 8 22 41 43 30 38 23 2 39 26 42 10 

Inst_Index:4352 	 City_Num:50 	 Concorde:0.056044 	 MCTS:5.597369 Improve:0.006997 	 Time:5.00 Seconds
Solution: 1 48 24 6 18 9 20 16 50 47 21 11 43 15 30 13 3 32 40 5 29 7 26 39 22 41 25 31 37 36 8 46 10 17 44 4 14 23 38 2 12 27 35 19 49 34 33 28 45 42 

Inst_Index:4353 	 City_Num:50 	 Concorde:0.057700 	 MCTS:5.769974 Improve:-0.000000 	 Time:5.01 Seconds
Solution: 1 8 36 7 46 9 31 3 21 45 16 15 22 32 39 34 20 38 25 11 41 2 28 6 29 14 17 37 18 24 43 19 10 5 27 26 35 40 13 33 49 44 47 4 48 12 42 30 50 23 

Inst_Index:4354 	 City_Num:50 	 Concorde:0.057155 	 MCTS:5.713529 Improve:0.002019 	 Time:5.00 Seconds
Solution: 1 41 19 13 46 5 24 39 34 31 40 10 9 50 33 22 11 12 28 47 30 48 26 14 38 6 45 44 37 20 4 32 36 29 16 21 2 43 25 8 42 17 27 23 35 7 15 49 18 3 

Inst_Index:4355 	 City_Num:50 	 Concorde:0.055672 	 MCTS:5.567197 Improve:0.000000 	 Time:5.01 Seconds
Solution: 1 19 20 18 17 46 33 40 14 24 43 10 8 27 11 37 45 34 29 22 39 6 16 28 2 36 21 23 35 42 32 44 47 13 3 50 49 12 38 26 9 31 15 5 30 25 4 41 48 7 

Inst_Index:4356 	 City_Num:50 	 Concorde:0.056284 	 MCTS:5.628390 Improve:-0.000000 	 Time:5.02 Seconds
Solution: 1 44 38 9 48 28 37 5 17 40 10 11 12 25 16 47 36 29 23 22 35 8 4 46 20 41 21 27 32 19 7 34 26 49 15 6 31 45 39 33 3 13 2 43 50 24 30 14 42 18 

Inst_Index:4357 	 City_Num:50 	 Concorde:0.059407 	 MCTS:5.935167 Improve:0.005486 	 Time:5.00 Seconds
Solution: 1 9 32 5 39 45 12 14 16 27 13 44 50 40 19 25 46 22 37 23 35 33 26 11 2 28 10 20 36 4 18 29 21 30 31 47 6 8 43 24 49 17 41 7 42 15 38 48 3 34 

Inst_Index:4358 	 City_Num:50 	 Concorde:0.051190 	 MCTS:5.118752 Improve:0.000272 	 Time:5.00 Seconds
Solution: 1 46 16 40 39 43 33 32 3 5 27 23 45 48 36 37 2 17 18 42 7 44 35 4 8 41 9 10 31 14 11 34 28 50 6 19 15 29 21 20 13 25 24 30 49 38 47 26 12 22 

Inst_Index:4359 	 City_Num:50 	 Concorde:0.059313 	 MCTS:5.931261 Improve:-0.000000 	 Time:5.01 Seconds
Solution: 1 45 26 31 33 19 18 43 3 10 36 4 46 8 16 27 39 14 38 21 13 49 44 34 48 20 23 7 6 9 22 25 30 15 35 41 37 12 24 42 40 32 50 11 17 2 47 29 5 28 

Inst_Index:4360 	 City_Num:50 	 Concorde:0.058119 	 MCTS:5.811884 Improve:-0.000000 	 Time:5.00 Seconds
Solution: 1 28 44 26 43 27 10 46 3 2 41 34 7 15 31 36 33 6 18 20 12 19 13 11 49 38 16 8 24 25 30 40 14 50 21 22 29 48 23 32 5 39 35 17 9 45 37 47 4 42 

Inst_Index:4361 	 City_Num:50 	 Concorde:0.056986 	 MCTS:5.698645 Improve:0.000000 	 Time:5.00 Seconds
Solution: 1 22 37 28 29 16 18 3 10 24 2 6 7 9 19 31 12 11 47 50 33 42 48 46 17 26 13 44 27 32 38 25 41 39 4 30 35 40 23 15 45 20 49 36 34 14 5 21 8 43 

Inst_Index:4362 	 City_Num:50 	 Concorde:0.055935 	 MCTS:5.593472 Improve:-0.000000 	 Time:5.00 Seconds
Solution: 1 27 38 25 46 47 40 20 8 19 41 9 18 28 33 14 17 3 50 4 24 30 44 39 36 6 49 34 22 48 11 21 10 5 12 2 16 37 26 32 35 31 7 29 15 23 42 13 45 43 

Inst_Index:4363 	 City_Num:50 	 Concorde:0.056868 	 MCTS:5.686774 Improve:-0.000000 	 Time:5.01 Seconds
Solution: 1 4 39 34 17 13 42 25 7 2 33 10 21 24 30 49 47 50 22 31 19 35 32 48 20 5 37 15 36 40 26 3 41 14 23 18 8 9 43 6 11 44 45 38 46 12 16 28 29 27 

Inst_Index:4364 	 City_Num:50 	 Concorde:0.061316 	 MCTS:6.131563 Improve:0.000000 	 Time:5.01 Seconds
Solution: 1 19 26 21 20 8 6 9 15 7 33 4 41 30 3 39 31 50 23 37 24 46 18 44 17 5 10 29 16 40 45 35 13 32 42 27 12 11 36 34 49 43 38 25 2 22 14 47 48 28 

Inst_Index:4365 	 City_Num:50 	 Concorde:0.053636 	 MCTS:5.363627 Improve:0.000000 	 Time:5.01 Seconds
Solution: 1 21 20 22 12 34 42 11 8 23 28 15 35 45 32 31 19 9 30 36 38 2 39 14 10 33 44 4 27 7 13 40 43 29 41 47 18 25 17 26 6 46 5 24 16 3 37 50 49 48 

Inst_Index:4366 	 City_Num:50 	 Concorde:0.057543 	 MCTS:5.754304 Improve:-0.000000 	 Time:5.00 Seconds
Solution: 1 17 4 36 41 48 23 40 11 33 44 42 30 6 16 3 26 35 39 21 37 18 31 34 25 22 49 13 24 7 50 43 10 47 19 20 5 29 15 12 14 2 45 27 9 32 38 46 8 28 

Inst_Index:4367 	 City_Num:50 	 Concorde:0.054886 	 MCTS:5.488579 Improve:-0.000000 	 Time:5.00 Seconds
Solution: 1 49 9 4 42 39 33 17 43 20 41 18 5 28 31 35 45 2 44 40 30 26 19 10 47 7 38 37 29 12 23 22 11 21 46 25 3 34 16 15 8 14 6 36 24 48 27 50 13 32 

Inst_Index:4368 	 City_Num:50 	 Concorde:0.058306 	 MCTS:5.830584 Improve:0.000000 	 Time:5.00 Seconds
Solution: 1 50 29 20 31 43 19 47 23 37 24 42 36 13 28 17 49 8 3 22 14 46 4 32 10 48 5 26 27 21 12 33 15 44 25 2 7 34 30 18 40 16 9 35 6 38 45 39 41 11 

Inst_Index:4369 	 City_Num:50 	 Concorde:0.063059 	 MCTS:6.305938 Improve:-0.000000 	 Time:5.00 Seconds
Solution: 1 47 42 39 34 44 3 10 30 40 25 15 19 43 16 14 17 18 20 9 36 2 21 5 29 33 50 6 4 8 12 46 45 38 37 32 27 23 28 7 41 22 11 13 31 35 49 24 48 26 

Inst_Index:4370 	 City_Num:50 	 Concorde:0.055386 	 MCTS:5.538579 Improve:0.000000 	 Time:5.00 Seconds
Solution: 1 16 13 14 19 27 3 21 40 41 5 49 23 17 35 34 10 7 22 50 43 31 30 20 6 37 32 39 24 46 48 47 2 42 12 18 29 4 15 25 36 28 33 11 38 26 9 44 45 8 

Inst_Index:4371 	 City_Num:50 	 Concorde:0.058551 	 MCTS:5.854712 Improve:0.000362 	 Time:5.00 Seconds
Solution: 1 30 38 24 10 7 18 34 49 32 43 35 19 15 9 17 48 14 40 41 12 47 4 21 46 37 13 25 26 6 44 31 16 36 45 50 33 2 23 28 20 3 27 11 5 39 22 42 29 8 

Inst_Index:4372 	 City_Num:50 	 Concorde:0.059996 	 MCTS:5.995968 Improve:0.003646 	 Time:5.00 Seconds
Solution: 1 44 20 15 26 6 19 43 2 18 45 7 42 46 50 16 41 27 32 39 3 17 40 9 24 48 13 33 34 8 37 47 10 5 14 11 28 31 36 21 38 12 49 25 29 35 23 22 4 30 

Inst_Index:4373 	 City_Num:50 	 Concorde:0.057849 	 MCTS:5.784924 Improve:-0.000000 	 Time:5.00 Seconds
Solution: 1 29 7 25 48 16 22 37 47 27 45 24 49 13 36 26 10 15 38 41 3 46 35 6 12 8 18 23 20 14 2 4 40 28 30 31 11 43 50 9 33 5 19 34 21 42 44 32 17 39 

Inst_Index:4374 	 City_Num:50 	 Concorde:0.056613 	 MCTS:5.661313 Improve:-0.000000 	 Time:5.00 Seconds
Solution: 1 33 8 48 13 40 50 5 19 16 32 17 31 18 38 36 9 30 29 46 43 21 4 34 6 49 26 45 42 2 25 14 44 47 27 15 22 37 39 35 28 3 11 12 23 24 10 7 20 41 

Inst_Index:4375 	 City_Num:50 	 Concorde:0.059451 	 MCTS:5.945052 Improve:-0.000000 	 Time:5.00 Seconds
Solution: 1 2 49 22 10 13 25 36 42 41 15 48 45 37 40 18 5 16 19 44 17 24 11 21 9 30 38 23 43 46 4 35 14 34 6 33 12 47 7 29 28 20 39 27 26 31 3 8 32 50 

Inst_Index:4376 	 City_Num:50 	 Concorde:0.054557 	 MCTS:5.455664 Improve:0.000000 	 Time:5.00 Seconds
Solution: 1 25 11 17 22 49 30 37 21 18 44 29 12 8 10 34 32 3 46 6 26 48 14 7 16 28 40 4 47 9 31 38 13 2 41 43 19 42 24 5 20 27 36 15 23 45 35 50 33 39 

Inst_Index:4377 	 City_Num:50 	 Concorde:0.053942 	 MCTS:5.394193 Improve:-0.000000 	 Time:5.00 Seconds
Solution: 1 31 7 2 38 40 48 13 4 50 32 15 36 9 5 49 46 23 44 30 37 42 47 3 25 10 19 29 6 24 45 41 16 14 21 18 8 35 27 39 20 11 26 33 28 34 17 43 22 12 

Inst_Index:4378 	 City_Num:50 	 Concorde:0.053065 	 MCTS:5.306546 Improve:0.000000 	 Time:5.00 Seconds
Solution: 1 38 21 47 36 34 8 12 41 32 17 48 33 26 25 11 40 14 50 31 2 28 43 4 30 49 23 35 5 20 7 6 24 37 13 3 16 18 39 29 44 46 27 15 42 22 9 10 45 19 

Inst_Index:4379 	 City_Num:50 	 Concorde:0.056288 	 MCTS:5.628761 Improve:-0.000000 	 Time:5.00 Seconds
Solution: 1 6 34 36 40 5 33 47 42 43 49 30 45 19 28 20 25 18 31 26 27 4 14 35 38 32 44 17 10 15 22 48 9 50 29 8 24 3 7 13 21 2 16 39 41 12 37 46 11 23 

Inst_Index:4380 	 City_Num:50 	 Concorde:0.052024 	 MCTS:5.202207 Improve:0.000199 	 Time:5.00 Seconds
Solution: 1 20 43 3 44 27 15 21 50 4 49 40 23 13 14 26 18 28 22 8 6 39 37 46 19 33 10 2 24 35 48 47 45 42 25 36 11 38 17 12 32 31 5 34 9 7 30 41 29 16 

Inst_Index:4381 	 City_Num:50 	 Concorde:0.056940 	 MCTS:5.693996 Improve:0.000000 	 Time:5.00 Seconds
Solution: 1 18 24 49 13 4 30 22 50 23 12 46 3 14 19 11 28 42 38 39 45 29 32 21 20 10 7 43 25 34 35 26 27 37 44 47 8 36 17 9 5 6 48 15 16 40 31 41 33 2 

Inst_Index:4382 	 City_Num:50 	 Concorde:0.062094 	 MCTS:6.209372 Improve:0.000000 	 Time:5.00 Seconds
Solution: 1 7 50 31 36 48 17 37 42 24 33 16 14 2 25 27 15 34 21 12 49 28 46 11 10 5 4 8 29 39 40 13 47 19 41 35 9 38 23 20 6 44 43 32 26 45 22 30 18 3 


Avg_Concorde_Distance: 5.674101 Avg_MCTS_Distance: 5.673214 Avg_Gap: -0.000155 Total_Time: 1566.88 Seconds 
 Beat_Best_Known_Times: 106 Match_Best_Known_Times: 200 Miss_Best_Known_Times: 7 
