Number_of_Instances_In_Current_Batch: 313

Inst_Index:7826 	 City_Num:50 	 Concorde:0.058746 	 MCTS:5.874632 Improve:0.000000 	 Time:5.01 Seconds
Solution: 1 30 2 5 27 24 20 26 23 6 10 18 8 48 13 28 21 19 9 31 14 49 35 46 47 45 3 50 37 7 42 12 29 36 43 32 17 11 44 25 40 39 4 33 38 16 41 15 34 22 

Inst_Index:7827 	 City_Num:50 	 Concorde:0.057795 	 MCTS:5.779494 Improve:0.000000 	 Time:5.00 Seconds
Solution: 1 42 9 22 49 30 19 17 46 3 36 32 21 11 37 13 25 24 29 50 5 18 14 41 8 39 35 40 10 7 45 44 48 38 20 16 28 12 33 6 15 34 47 2 27 31 23 26 4 43 

Inst_Index:7828 	 City_Num:50 	 Concorde:0.057112 	 MCTS:5.709667 Improve:0.001498 	 Time:5.00 Seconds
Solution: 1 38 45 31 48 44 40 46 43 8 25 47 24 11 9 29 5 37 27 36 4 35 28 17 12 13 41 16 21 30 3 22 15 42 6 49 26 33 39 2 20 19 50 14 32 10 7 18 34 23 

Inst_Index:7829 	 City_Num:50 	 Concorde:0.054912 	 MCTS:5.491206 Improve:-0.000000 	 Time:5.00 Seconds
Solution: 1 50 9 5 47 7 17 10 3 8 27 41 35 14 29 19 49 36 15 39 12 44 21 23 43 46 33 6 26 11 40 30 25 32 20 2 45 28 22 4 13 38 42 24 48 34 16 31 37 18 

Inst_Index:7830 	 City_Num:50 	 Concorde:0.055839 	 MCTS:5.583865 Improve:-0.000000 	 Time:5.01 Seconds
Solution: 1 40 2 5 12 35 46 10 37 3 26 19 9 14 39 33 32 15 43 27 20 22 41 6 38 11 31 45 50 13 8 48 7 42 29 49 30 4 44 16 18 34 24 36 23 17 25 21 47 28 

Inst_Index:7831 	 City_Num:50 	 Concorde:0.058567 	 MCTS:5.853583 Improve:0.003137 	 Time:5.00 Seconds
Solution: 1 19 8 18 21 50 29 9 44 24 36 37 6 46 12 34 41 31 28 7 33 13 39 23 45 14 35 38 3 22 25 16 20 4 42 11 15 27 48 32 43 5 49 26 2 17 40 47 10 30 

Inst_Index:7832 	 City_Num:50 	 Concorde:0.058366 	 MCTS:5.833771 Improve:0.002822 	 Time:5.00 Seconds
Solution: 1 30 22 34 44 45 33 31 19 48 32 43 20 50 14 2 36 12 28 24 49 35 13 38 11 41 17 37 42 6 9 26 27 4 7 47 23 3 46 29 40 16 8 21 15 10 18 39 5 25 

Inst_Index:7833 	 City_Num:50 	 Concorde:0.054256 	 MCTS:5.425583 Improve:-0.000000 	 Time:5.00 Seconds
Solution: 1 47 15 2 5 35 20 19 33 50 21 10 37 42 39 12 6 41 4 9 28 25 36 38 44 29 14 11 30 8 43 49 27 18 48 26 17 22 24 16 32 3 46 13 23 34 45 31 7 40 

Inst_Index:7834 	 City_Num:50 	 Concorde:0.058925 	 MCTS:5.892463 Improve:0.000000 	 Time:5.01 Seconds
Solution: 1 31 12 5 18 29 14 27 15 39 42 32 49 7 41 9 26 45 10 2 47 38 50 13 28 40 46 22 20 17 35 34 21 48 11 43 6 36 8 30 4 25 19 44 37 23 16 33 24 3 

Inst_Index:7835 	 City_Num:50 	 Concorde:0.061549 	 MCTS:6.154860 Improve:0.000000 	 Time:5.00 Seconds
Solution: 1 6 49 29 27 31 11 35 5 39 2 8 7 22 32 3 4 38 48 30 28 40 34 21 43 16 33 47 15 45 23 25 18 41 17 20 14 19 24 46 37 9 36 10 13 50 26 42 44 12 

Inst_Index:7836 	 City_Num:50 	 Concorde:0.055515 	 MCTS:5.551509 Improve:0.000000 	 Time:5.00 Seconds
Solution: 1 2 45 15 46 50 23 43 12 48 10 8 6 41 29 28 37 9 24 26 35 22 40 16 30 38 5 3 36 7 31 42 32 20 11 25 47 27 14 33 34 39 13 18 44 49 17 21 4 19 

Inst_Index:7837 	 City_Num:50 	 Concorde:0.057161 	 MCTS:5.706648 Improve:0.009435 	 Time:5.00 Seconds
Solution: 1 41 38 10 47 50 43 7 12 28 13 29 3 17 9 14 20 18 33 15 6 4 19 46 25 16 2 48 49 42 22 40 36 21 34 32 23 37 8 26 30 24 5 11 45 31 35 44 27 39 

Inst_Index:7838 	 City_Num:50 	 Concorde:0.051888 	 MCTS:5.188839 Improve:-0.000000 	 Time:5.02 Seconds
Solution: 1 15 36 17 10 26 32 45 22 34 12 13 14 47 42 19 33 38 35 4 24 43 7 18 44 9 11 50 25 2 5 49 37 41 30 28 39 29 16 6 48 8 23 3 31 21 27 20 40 46 

Inst_Index:7839 	 City_Num:50 	 Concorde:0.058332 	 MCTS:5.827913 Improve:0.005298 	 Time:5.00 Seconds
Solution: 1 42 24 25 10 45 8 11 39 47 26 46 4 12 40 14 15 38 32 36 49 48 28 33 3 22 31 6 43 35 29 16 27 21 37 13 5 34 7 23 2 18 41 20 19 44 30 17 50 9 

Inst_Index:7840 	 City_Num:50 	 Concorde:0.057106 	 MCTS:5.710706 Improve:-0.000146 	 Time:5.00 Seconds
Solution: 1 43 19 33 32 6 15 17 50 31 10 2 3 47 29 35 37 46 41 45 24 9 11 42 7 13 21 5 40 18 12 44 25 4 27 39 8 48 22 26 34 30 16 23 49 14 20 38 28 36 

Inst_Index:7841 	 City_Num:50 	 Concorde:0.060187 	 MCTS:6.018730 Improve:-0.000000 	 Time:5.01 Seconds
Solution: 1 6 12 14 13 34 49 46 43 41 8 5 45 26 29 23 33 9 16 40 25 47 19 42 37 15 18 50 39 24 48 10 17 2 11 36 21 32 7 20 4 35 28 22 44 38 31 3 27 30 

Inst_Index:7842 	 City_Num:50 	 Concorde:0.054832 	 MCTS:5.483206 Improve:0.000000 	 Time:5.00 Seconds
Solution: 1 16 23 45 9 14 24 5 41 42 27 21 15 26 3 47 46 40 39 38 6 33 34 7 37 30 10 17 35 36 49 29 4 25 48 22 31 44 20 2 28 19 11 18 43 8 32 12 50 13 

Inst_Index:7843 	 City_Num:50 	 Concorde:0.060878 	 MCTS:6.087829 Improve:0.000000 	 Time:5.00 Seconds
Solution: 1 32 5 9 38 30 41 14 40 7 42 39 11 2 20 37 46 34 13 18 35 22 6 15 3 31 49 24 19 48 12 16 23 43 21 4 45 50 44 36 27 8 33 17 47 10 28 29 26 25 

Inst_Index:7844 	 City_Num:50 	 Concorde:0.061005 	 MCTS:6.100479 Improve:0.000000 	 Time:5.00 Seconds
Solution: 1 46 37 33 16 19 34 31 26 43 18 25 41 38 50 44 7 3 6 36 12 5 49 47 10 42 40 27 30 22 35 28 45 48 11 32 20 9 24 17 2 13 4 8 21 23 14 39 15 29 

Inst_Index:7845 	 City_Num:50 	 Concorde:0.054074 	 MCTS:5.405479 Improve:0.001929 	 Time:5.00 Seconds
Solution: 1 4 50 37 39 38 24 25 17 36 9 15 20 44 46 2 48 35 42 13 32 40 18 19 16 23 21 47 30 14 45 12 41 5 7 3 49 26 31 6 29 33 22 27 10 28 8 43 34 11 

Inst_Index:7846 	 City_Num:50 	 Concorde:0.060542 	 MCTS:6.054204 Improve:0.000000 	 Time:5.01 Seconds
Solution: 1 44 37 18 30 45 42 14 7 38 13 27 8 15 17 4 3 49 31 32 39 50 12 35 34 6 19 22 5 36 25 48 43 10 16 23 9 24 26 21 28 29 41 46 33 11 20 40 47 2 

Inst_Index:7847 	 City_Num:50 	 Concorde:0.057463 	 MCTS:5.744973 Improve:0.001302 	 Time:5.00 Seconds
Solution: 1 41 18 9 38 4 20 23 49 7 47 14 42 39 21 30 40 13 17 25 34 31 24 15 5 3 27 26 46 12 45 28 35 50 8 37 43 44 33 48 2 32 11 36 10 22 16 29 19 6 

Inst_Index:7848 	 City_Num:50 	 Concorde:0.055232 	 MCTS:5.523184 Improve:-0.000000 	 Time:5.00 Seconds
Solution: 1 41 38 47 16 31 19 21 17 33 28 49 23 6 29 22 27 46 9 42 24 7 39 10 15 32 45 13 48 50 25 14 35 37 5 8 43 26 40 2 44 4 34 11 12 3 18 30 20 36 

Inst_Index:7849 	 City_Num:50 	 Concorde:0.059299 	 MCTS:5.929919 Improve:0.000000 	 Time:5.00 Seconds
Solution: 1 27 35 29 18 50 34 3 4 6 9 39 47 33 21 31 14 22 19 5 11 36 2 23 24 8 43 49 44 20 7 17 38 15 25 32 46 48 16 37 12 40 26 45 30 41 13 10 28 42 

Inst_Index:7850 	 City_Num:50 	 Concorde:0.054395 	 MCTS:5.437832 Improve:0.001696 	 Time:5.00 Seconds
Solution: 1 35 11 46 37 41 31 30 33 42 23 15 6 40 8 9 5 20 12 29 25 27 7 4 13 49 26 45 3 17 24 48 44 43 32 16 34 19 18 50 10 14 28 2 38 39 47 22 36 21 

Inst_Index:7851 	 City_Num:50 	 Concorde:0.051463 	 MCTS:5.146255 Improve:0.000000 	 Time:5.00 Seconds
Solution: 1 37 19 29 49 38 6 17 22 42 12 21 39 5 44 9 20 27 15 33 35 4 45 13 14 18 41 26 43 10 24 50 34 40 3 28 30 25 16 31 2 11 32 8 46 7 47 36 23 48 

Inst_Index:7852 	 City_Num:50 	 Concorde:0.063199 	 MCTS:6.319948 Improve:0.000000 	 Time:5.00 Seconds
Solution: 1 12 20 45 49 15 22 26 36 50 25 34 10 18 42 9 4 2 7 31 27 43 3 47 21 35 44 28 13 11 48 46 17 8 32 14 16 40 30 33 39 24 19 23 5 38 29 6 37 41 

Inst_Index:7853 	 City_Num:50 	 Concorde:0.060474 	 MCTS:6.046919 Improve:0.000469 	 Time:5.00 Seconds
Solution: 1 42 34 40 14 41 28 3 12 50 19 48 30 47 32 2 17 38 45 6 7 35 13 18 8 31 37 46 15 22 26 27 25 29 36 16 44 39 24 43 21 23 11 49 10 20 4 9 33 5 

Inst_Index:7854 	 City_Num:50 	 Concorde:0.061212 	 MCTS:6.115752 Improve:0.005439 	 Time:5.00 Seconds
Solution: 1 43 34 23 15 12 41 3 32 44 42 26 25 38 36 19 50 20 28 21 33 10 48 37 46 13 27 9 22 29 35 7 5 4 2 39 17 40 49 6 45 31 16 18 30 24 47 14 8 11 

Inst_Index:7855 	 City_Num:50 	 Concorde:0.060887 	 MCTS:6.083087 Improve:0.005606 	 Time:5.00 Seconds
Solution: 1 8 37 44 50 17 5 35 39 42 43 36 41 12 28 21 19 25 45 15 26 16 48 14 40 33 10 11 2 32 18 22 23 30 4 9 49 24 13 38 27 3 20 47 34 31 46 7 29 6 

Inst_Index:7856 	 City_Num:50 	 Concorde:0.056650 	 MCTS:5.664089 Improve:0.000944 	 Time:5.00 Seconds
Solution: 1 42 17 6 45 20 37 41 38 15 50 29 40 14 5 22 49 21 18 39 30 9 23 2 7 48 3 12 16 4 46 35 19 24 25 10 43 28 36 34 32 11 13 44 8 27 31 26 47 33 

Inst_Index:7857 	 City_Num:50 	 Concorde:0.059918 	 MCTS:5.991275 Improve:0.000539 	 Time:5.00 Seconds
Solution: 1 20 3 36 26 39 12 27 22 5 49 35 24 30 8 38 28 50 2 33 32 9 13 29 47 6 23 48 7 18 43 14 41 19 25 37 34 44 42 17 46 10 16 15 11 45 31 4 21 40 

Inst_Index:7858 	 City_Num:50 	 Concorde:0.056309 	 MCTS:5.630892 Improve:0.000000 	 Time:5.00 Seconds
Solution: 1 10 34 40 41 5 19 27 15 31 3 25 9 14 36 18 43 29 20 4 16 21 38 8 12 50 17 35 7 37 39 46 48 30 26 11 45 33 42 2 6 28 13 49 32 44 24 23 22 47 

Inst_Index:7859 	 City_Num:50 	 Concorde:0.053064 	 MCTS:5.300436 Improve:0.005937 	 Time:5.00 Seconds
Solution: 1 7 18 22 41 32 36 49 24 9 45 5 40 17 13 46 38 50 8 39 11 31 48 3 28 12 29 47 23 42 19 43 30 4 34 15 33 6 26 27 14 21 2 10 37 25 20 35 16 44 

Inst_Index:7860 	 City_Num:50 	 Concorde:0.055249 	 MCTS:5.524860 Improve:-0.000000 	 Time:5.00 Seconds
Solution: 1 25 37 12 26 17 47 28 4 10 15 44 43 21 19 36 8 39 16 23 7 6 32 13 11 14 22 30 33 2 27 49 45 48 9 46 29 24 3 35 38 40 5 31 42 20 34 41 18 50 

Inst_Index:7861 	 City_Num:50 	 Concorde:0.054362 	 MCTS:5.429288 Improve:0.006862 	 Time:5.00 Seconds
Solution: 1 42 9 11 10 26 5 44 29 19 17 16 3 34 39 35 21 46 24 28 18 38 20 36 40 50 12 14 7 25 41 33 48 43 13 32 4 27 8 2 15 6 49 30 45 31 37 22 23 47 

Inst_Index:7862 	 City_Num:50 	 Concorde:0.059090 	 MCTS:5.916908 Improve:-0.007901 	 Time:5.00 Seconds
Solution: 1 35 15 10 42 16 18 25 8 28 7 33 40 37 27 14 11 31 23 9 4 24 17 32 49 13 36 20 44 48 41 29 46 19 34 22 2 39 30 21 47 43 3 6 38 5 45 12 26 50 

Inst_Index:7863 	 City_Num:50 	 Concorde:0.049676 	 MCTS:4.967645 Improve:0.000000 	 Time:5.00 Seconds
Solution: 1 17 39 46 36 24 8 50 10 13 47 44 16 20 19 15 9 23 18 26 48 45 40 49 41 33 21 31 42 14 25 2 11 43 6 35 30 5 34 7 3 38 22 4 32 27 37 28 12 29 

Inst_Index:7864 	 City_Num:50 	 Concorde:0.056756 	 MCTS:5.672014 Improve:0.003573 	 Time:5.00 Seconds
Solution: 1 29 38 11 44 30 24 43 37 10 49 50 12 42 33 6 22 31 15 28 23 8 45 36 2 41 35 34 27 18 25 39 48 7 19 17 20 5 47 13 16 21 26 40 32 3 4 9 46 14 

Inst_Index:7865 	 City_Num:50 	 Concorde:0.054348 	 MCTS:5.432058 Improve:0.002705 	 Time:5.00 Seconds
Solution: 1 20 12 39 11 17 7 32 44 49 13 5 47 27 33 34 36 23 10 4 42 9 18 24 31 48 22 26 41 35 16 2 45 21 46 3 29 37 50 8 38 15 40 6 14 28 25 30 19 43 

Inst_Index:7866 	 City_Num:50 	 Concorde:0.055896 	 MCTS:5.589586 Improve:-0.000000 	 Time:5.00 Seconds
Solution: 1 11 31 14 43 29 46 2 45 38 23 37 17 27 50 10 34 32 33 42 49 25 18 16 21 44 8 39 3 13 47 41 22 5 9 19 35 28 30 40 20 24 6 15 4 36 26 48 12 7 

Inst_Index:7867 	 City_Num:50 	 Concorde:0.058488 	 MCTS:5.845967 Improve:0.002855 	 Time:5.00 Seconds
Solution: 1 45 11 31 20 26 14 29 18 7 27 9 19 35 32 22 6 33 36 49 41 21 12 40 46 15 3 8 5 34 42 30 39 17 25 48 43 16 47 10 2 13 24 50 44 28 38 37 4 23 

Inst_Index:7868 	 City_Num:50 	 Concorde:0.061591 	 MCTS:6.157164 Improve:0.001889 	 Time:5.01 Seconds
Solution: 1 40 7 9 44 21 34 26 15 29 24 28 14 10 12 25 5 49 35 46 45 20 50 8 41 4 6 23 42 22 18 2 13 47 27 37 17 43 3 31 16 38 19 39 11 30 33 32 48 36 

Inst_Index:7869 	 City_Num:50 	 Concorde:0.058246 	 MCTS:5.823531 Improve:0.001104 	 Time:5.00 Seconds
Solution: 1 33 24 16 42 48 46 43 3 6 10 26 13 47 12 19 45 39 30 34 21 38 2 36 31 17 32 50 9 7 14 35 20 25 29 5 40 4 41 23 22 49 28 37 15 11 27 44 8 18 

Inst_Index:7870 	 City_Num:50 	 Concorde:0.060758 	 MCTS:6.073040 Improve:0.002762 	 Time:5.00 Seconds
Solution: 1 6 26 2 29 44 3 47 5 24 21 7 13 49 15 20 22 25 40 41 39 35 10 34 30 37 33 14 31 50 42 48 38 8 45 17 27 36 16 46 11 9 23 18 19 12 28 43 32 4 

Inst_Index:7871 	 City_Num:50 	 Concorde:0.051783 	 MCTS:5.178283 Improve:0.000000 	 Time:5.01 Seconds
Solution: 1 47 34 18 37 14 22 45 40 24 50 48 13 42 28 38 4 41 20 31 27 12 10 11 3 30 17 32 43 29 7 39 49 16 15 35 25 33 19 6 9 8 36 5 46 21 26 2 23 44 

Inst_Index:7872 	 City_Num:50 	 Concorde:0.059889 	 MCTS:5.985486 Improve:0.003384 	 Time:5.00 Seconds
Solution: 1 30 10 14 42 48 2 44 25 20 12 5 49 35 41 34 28 4 19 32 31 39 18 11 23 21 15 38 7 6 9 8 37 26 46 29 40 33 27 43 13 22 3 24 16 45 47 50 36 17 

Inst_Index:7873 	 City_Num:50 	 Concorde:0.057777 	 MCTS:5.777721 Improve:-0.000000 	 Time:5.00 Seconds
Solution: 1 49 20 7 41 32 18 13 24 28 15 21 37 23 5 39 25 22 38 26 27 34 19 50 29 4 40 9 17 35 36 8 42 44 30 14 43 2 47 11 12 6 10 33 31 3 16 45 46 48 

Inst_Index:7874 	 City_Num:50 	 Concorde:0.055925 	 MCTS:5.592516 Improve:-0.000000 	 Time:5.00 Seconds
Solution: 1 29 12 16 6 43 44 42 19 41 24 27 2 11 4 30 14 15 10 47 31 46 45 7 26 37 3 8 32 49 48 5 39 13 23 28 18 33 21 38 35 40 9 34 22 50 17 20 36 25 

Inst_Index:7875 	 City_Num:50 	 Concorde:0.054944 	 MCTS:5.493952 Improve:0.000474 	 Time:5.00 Seconds
Solution: 1 27 31 30 36 28 16 40 22 24 17 12 14 50 32 9 47 5 26 49 2 6 15 44 34 13 48 41 20 46 45 18 33 19 38 3 39 8 23 42 10 29 11 43 4 21 37 25 7 35 

Inst_Index:7876 	 City_Num:50 	 Concorde:0.060888 	 MCTS:6.087794 Improve:0.001055 	 Time:5.01 Seconds
Solution: 1 23 11 38 42 45 44 33 48 36 27 29 10 20 21 31 50 17 43 47 8 49 35 15 6 46 37 7 4 22 13 40 32 28 41 19 14 24 34 26 25 9 39 2 30 5 18 16 12 3 

Inst_Index:7877 	 City_Num:50 	 Concorde:0.054703 	 MCTS:5.467643 Improve:0.002676 	 Time:5.00 Seconds
Solution: 1 23 4 12 5 7 28 39 3 41 24 31 29 49 19 48 43 36 8 15 13 50 38 42 26 25 18 37 2 27 16 22 11 35 40 33 34 10 46 20 30 14 32 21 44 6 9 17 45 47 

Inst_Index:7878 	 City_Num:50 	 Concorde:0.054097 	 MCTS:5.404495 Improve:0.005157 	 Time:5.00 Seconds
Solution: 1 35 15 4 36 44 25 40 50 22 37 27 45 31 24 38 5 48 39 14 3 46 28 12 10 34 49 20 26 17 47 8 33 43 13 42 41 32 16 19 7 18 9 21 29 30 2 11 23 6 

Inst_Index:7879 	 City_Num:50 	 Concorde:0.057394 	 MCTS:5.736161 Improve:0.003209 	 Time:5.00 Seconds
Solution: 1 2 25 10 15 6 29 27 8 18 19 30 46 20 49 38 5 24 50 43 48 47 21 3 16 40 4 44 31 26 13 39 7 41 36 42 34 14 32 28 22 17 9 23 37 12 33 11 45 35 

Inst_Index:7880 	 City_Num:50 	 Concorde:0.058865 	 MCTS:5.885254 Improve:0.001280 	 Time:5.01 Seconds
Solution: 1 23 18 4 11 36 48 46 43 41 16 50 7 25 13 20 5 28 34 24 29 49 3 37 30 21 6 33 40 19 9 32 39 26 14 10 38 47 2 35 42 17 31 8 12 44 15 22 27 45 

Inst_Index:7881 	 City_Num:50 	 Concorde:0.058313 	 MCTS:5.831261 Improve:-0.000000 	 Time:5.00 Seconds
Solution: 1 49 13 25 44 21 17 45 14 41 12 8 3 9 29 48 46 37 27 50 19 39 35 26 11 16 36 30 38 23 40 18 4 2 6 34 47 10 33 43 20 5 28 15 31 7 32 22 24 42 

Inst_Index:7882 	 City_Num:50 	 Concorde:0.058052 	 MCTS:5.804088 Improve:0.001139 	 Time:5.00 Seconds
Solution: 1 31 9 25 48 18 3 10 36 19 47 2 40 26 23 34 22 16 39 15 30 45 5 17 35 32 8 46 13 28 44 50 37 38 14 12 29 33 49 11 20 6 43 21 24 4 42 27 7 41 

Inst_Index:7883 	 City_Num:50 	 Concorde:0.054348 	 MCTS:5.432627 Improve:0.002168 	 Time:5.00 Seconds
Solution: 1 10 2 44 30 11 33 12 9 39 20 40 18 15 45 42 27 46 22 25 36 14 32 3 6 17 26 38 50 19 24 41 28 43 8 31 5 7 16 37 23 4 29 49 48 34 13 35 21 47 

Inst_Index:7884 	 City_Num:50 	 Concorde:0.056684 	 MCTS:5.668386 Improve:0.000000 	 Time:5.02 Seconds
Solution: 1 44 15 18 22 36 10 23 50 19 49 9 20 41 34 26 6 46 31 40 33 11 42 43 16 30 8 5 7 28 27 4 38 21 37 29 14 24 2 48 45 3 32 12 35 39 47 17 25 13 

Inst_Index:7885 	 City_Num:50 	 Concorde:0.057693 	 MCTS:5.769307 Improve:0.000000 	 Time:5.00 Seconds
Solution: 1 43 9 18 31 5 42 8 41 30 28 36 26 17 7 50 21 20 13 10 15 33 45 22 24 44 25 34 27 35 32 39 47 6 4 23 48 29 37 2 14 11 46 3 38 40 12 49 19 16 

Inst_Index:7886 	 City_Num:50 	 Concorde:0.055341 	 MCTS:5.534078 Improve:-0.000000 	 Time:5.02 Seconds
Solution: 1 9 24 48 2 32 3 16 38 45 25 12 36 20 8 33 10 41 6 34 18 13 27 22 39 31 7 40 50 46 43 26 35 4 19 23 28 14 42 30 44 5 15 11 47 49 37 17 29 21 

Inst_Index:7887 	 City_Num:50 	 Concorde:0.061058 	 MCTS:6.105802 Improve:0.000000 	 Time:5.00 Seconds
Solution: 1 11 45 16 28 44 17 30 26 2 33 38 34 47 29 19 50 37 15 9 46 31 35 41 40 43 24 18 32 25 36 13 22 6 23 20 5 12 8 4 42 27 3 7 21 14 10 49 48 39 

Inst_Index:7888 	 City_Num:50 	 Concorde:0.056556 	 MCTS:5.655621 Improve:0.000000 	 Time:5.00 Seconds
Solution: 1 36 19 24 14 5 50 25 10 46 37 7 20 45 35 28 43 18 41 6 49 11 34 44 17 47 30 27 2 13 40 29 23 42 21 12 3 16 32 38 4 8 9 26 48 31 22 15 33 39 

Inst_Index:7889 	 City_Num:50 	 Concorde:0.059107 	 MCTS:5.906172 Improve:0.004538 	 Time:5.00 Seconds
Solution: 1 20 3 27 39 49 6 14 5 45 9 29 8 43 25 33 40 28 10 17 37 23 32 4 30 26 22 2 16 50 19 34 15 12 47 11 48 42 38 41 31 36 13 18 24 46 7 21 35 44 

Inst_Index:7890 	 City_Num:50 	 Concorde:0.058079 	 MCTS:5.805348 Improve:0.002545 	 Time:5.00 Seconds
Solution: 1 22 8 33 49 29 25 15 12 46 7 14 28 40 50 24 20 19 6 18 36 48 3 42 39 5 30 17 38 11 43 16 23 41 13 2 31 9 10 34 47 35 4 21 26 44 45 27 32 37 

Inst_Index:7891 	 City_Num:50 	 Concorde:0.057522 	 MCTS:5.752191 Improve:0.000000 	 Time:5.00 Seconds
Solution: 1 26 29 12 10 25 4 30 49 3 27 20 44 39 35 37 8 7 9 50 21 11 5 6 24 19 14 43 28 15 33 22 42 48 32 46 18 17 13 36 34 40 23 2 47 16 38 31 41 45 

Inst_Index:7892 	 City_Num:50 	 Concorde:0.057475 	 MCTS:5.747547 Improve:-0.000000 	 Time:5.00 Seconds
Solution: 1 5 24 28 22 34 9 41 3 25 30 45 16 37 12 32 29 2 46 14 13 26 40 43 17 39 36 49 6 7 38 42 4 10 33 27 8 11 23 48 50 19 21 47 44 20 35 15 31 18 

Inst_Index:7893 	 City_Num:50 	 Concorde:0.057521 	 MCTS:5.743072 Improve:0.009025 	 Time:5.00 Seconds
Solution: 1 40 38 44 35 39 3 30 34 11 27 47 32 46 13 26 5 49 36 2 29 21 33 45 9 24 18 17 42 14 10 28 15 50 41 20 19 25 7 8 12 16 22 23 37 31 6 4 43 48 

Inst_Index:7894 	 City_Num:50 	 Concorde:0.056015 	 MCTS:5.601545 Improve:0.000000 	 Time:5.00 Seconds
Solution: 1 12 21 41 11 47 50 10 43 2 30 33 16 5 18 49 9 29 25 32 42 24 17 20 13 23 3 26 46 39 19 27 36 45 6 31 4 28 35 37 22 44 15 8 40 38 34 48 7 14 

Inst_Index:7895 	 City_Num:50 	 Concorde:0.051607 	 MCTS:5.160556 Improve:0.000136 	 Time:5.01 Seconds
Solution: 1 36 23 44 17 18 14 49 20 7 21 8 24 30 11 43 45 33 31 13 3 46 50 4 40 16 35 27 26 15 19 12 41 47 38 39 25 22 9 37 10 29 28 42 2 48 5 32 34 6 

Inst_Index:7896 	 City_Num:50 	 Concorde:0.058411 	 MCTS:5.834917 Improve:0.006222 	 Time:5.01 Seconds
Solution: 1 45 32 38 23 10 26 5 9 49 7 46 19 41 29 42 2 15 40 34 3 44 31 16 17 20 30 39 27 21 11 47 8 4 37 18 50 43 6 33 14 22 13 35 25 36 28 48 12 24 

Inst_Index:7897 	 City_Num:50 	 Concorde:0.053141 	 MCTS:5.314101 Improve:0.000000 	 Time:5.00 Seconds
Solution: 1 21 6 14 29 50 31 15 45 23 32 34 48 39 49 41 8 43 5 42 2 38 19 7 4 40 35 10 3 27 24 16 20 33 12 25 28 22 30 36 11 37 18 9 47 13 17 26 44 46 

Inst_Index:7898 	 City_Num:50 	 Concorde:0.056317 	 MCTS:5.630630 Improve:0.001022 	 Time:5.01 Seconds
Solution: 1 33 21 42 19 41 39 7 4 15 24 47 36 27 50 6 29 11 5 25 46 10 44 8 13 37 28 17 16 31 18 14 34 48 40 12 26 3 35 2 22 30 49 9 43 38 20 32 23 45 

Inst_Index:7899 	 City_Num:50 	 Concorde:0.059056 	 MCTS:5.905589 Improve:0.000000 	 Time:5.00 Seconds
Solution: 1 9 32 17 3 44 19 20 40 8 5 34 18 6 49 37 50 13 12 47 7 45 27 42 31 14 11 38 36 30 26 29 22 4 25 41 2 46 15 33 28 43 24 35 39 10 48 21 16 23 

Inst_Index:7900 	 City_Num:50 	 Concorde:0.054927 	 MCTS:5.491113 Improve:0.001581 	 Time:5.00 Seconds
Solution: 1 29 8 13 42 48 34 4 7 32 37 40 6 46 49 25 12 18 22 33 14 41 43 36 47 5 45 16 24 2 23 50 38 10 35 28 11 26 44 19 17 20 3 21 15 30 27 9 31 39 

Inst_Index:7901 	 City_Num:50 	 Concorde:0.054069 	 MCTS:5.404277 Improve:0.002627 	 Time:5.00 Seconds
Solution: 1 35 25 2 45 14 9 15 20 29 23 31 37 49 22 34 13 36 40 50 32 43 3 42 7 33 30 10 24 27 16 11 48 28 8 19 6 17 18 46 39 21 47 41 44 4 26 38 12 5 

Inst_Index:7902 	 City_Num:50 	 Concorde:0.053286 	 MCTS:5.328649 Improve:0.000000 	 Time:5.00 Seconds
Solution: 1 23 46 38 6 26 30 35 24 15 42 34 11 25 29 5 47 10 49 40 43 9 13 19 45 7 16 20 12 33 39 32 36 44 22 4 37 21 31 48 17 27 2 18 50 28 14 41 8 3 

Inst_Index:7903 	 City_Num:50 	 Concorde:0.059286 	 MCTS:5.928597 Improve:-0.000000 	 Time:5.01 Seconds
Solution: 1 30 24 17 44 26 25 13 38 18 45 50 12 22 3 40 7 49 23 2 29 5 39 14 16 41 42 47 27 36 32 11 46 43 48 4 6 28 21 10 15 20 31 19 8 37 33 34 35 9 

Inst_Index:7904 	 City_Num:50 	 Concorde:0.056122 	 MCTS:5.612225 Improve:-0.000000 	 Time:5.01 Seconds
Solution: 1 38 22 25 46 32 37 11 23 13 5 31 14 2 9 7 33 44 40 4 34 10 6 8 24 20 21 39 47 12 28 15 26 43 30 42 50 48 18 41 35 36 45 27 3 16 17 19 29 49 

Inst_Index:7905 	 City_Num:50 	 Concorde:0.058120 	 MCTS:5.809532 Improve:0.002504 	 Time:5.01 Seconds
Solution: 1 25 27 14 38 26 33 4 37 18 24 29 40 39 3 36 31 23 2 13 41 44 15 48 10 47 7 16 34 49 32 42 11 50 9 45 28 30 22 20 8 17 21 12 43 35 6 46 19 5 

Inst_Index:7906 	 City_Num:50 	 Concorde:0.055254 	 MCTS:5.525005 Improve:0.000410 	 Time:5.00 Seconds
Solution: 1 26 20 7 9 23 46 12 49 6 2 42 47 24 39 21 25 44 50 16 3 17 27 38 30 4 36 19 34 14 43 15 48 31 40 8 11 32 33 18 29 37 13 28 41 45 35 10 5 22 

Inst_Index:7907 	 City_Num:50 	 Concorde:0.052632 	 MCTS:5.263214 Improve:0.000000 	 Time:5.00 Seconds
Solution: 1 6 3 26 25 30 38 35 42 14 36 4 32 49 10 7 17 46 15 41 34 12 43 31 47 2 50 28 16 18 9 37 27 11 19 13 40 39 44 45 48 33 21 5 20 23 29 24 8 22 

Inst_Index:7908 	 City_Num:50 	 Concorde:0.053801 	 MCTS:5.380066 Improve:-0.000000 	 Time:5.00 Seconds
Solution: 1 37 15 18 44 12 42 11 30 34 50 40 23 31 26 7 33 16 49 32 28 10 41 3 6 13 39 14 43 17 47 21 4 19 46 24 9 25 20 5 48 27 35 2 36 45 38 8 22 29 

Inst_Index:7909 	 City_Num:50 	 Concorde:0.058304 	 MCTS:5.829550 Improve:0.000881 	 Time:5.00 Seconds
Solution: 1 48 43 20 47 23 34 42 8 50 13 41 12 3 29 39 25 36 40 2 17 7 19 14 26 49 38 44 30 22 16 28 18 9 46 37 24 21 6 45 35 10 4 32 11 31 27 15 33 5 

Inst_Index:7910 	 City_Num:50 	 Concorde:0.060807 	 MCTS:6.080696 Improve:0.000000 	 Time:5.00 Seconds
Solution: 1 18 44 41 16 22 19 15 26 11 38 43 35 37 4 2 7 40 30 46 12 14 6 32 25 9 31 28 42 23 36 45 29 17 21 20 24 48 47 50 10 3 27 49 8 5 34 13 39 33 

Inst_Index:7911 	 City_Num:50 	 Concorde:0.056267 	 MCTS:5.626686 Improve:-0.000000 	 Time:5.00 Seconds
Solution: 1 23 22 14 21 35 6 28 29 15 30 8 42 5 41 33 40 9 19 10 17 47 45 13 38 12 39 16 49 50 37 2 46 32 7 44 48 43 11 3 26 27 18 25 36 4 31 20 34 24 

Inst_Index:7912 	 City_Num:50 	 Concorde:0.059364 	 MCTS:5.932160 Improve:0.004219 	 Time:5.00 Seconds
Solution: 1 45 15 42 21 17 20 38 36 50 41 27 4 25 12 49 5 39 37 29 9 30 2 22 7 14 32 24 43 8 31 40 11 6 44 23 26 33 34 3 18 13 28 10 48 19 16 47 46 35 

Inst_Index:7913 	 City_Num:50 	 Concorde:0.056467 	 MCTS:5.646730 Improve:0.000000 	 Time:5.00 Seconds
Solution: 1 12 48 34 32 25 16 2 19 20 9 5 31 15 29 41 13 47 50 24 23 39 7 45 46 40 22 14 43 21 8 4 35 18 38 17 3 6 33 26 11 49 42 37 36 30 28 44 10 27 

Inst_Index:7914 	 City_Num:50 	 Concorde:0.057179 	 MCTS:5.714072 Improve:0.003877 	 Time:5.00 Seconds
Solution: 1 18 30 41 10 32 11 13 45 8 12 7 2 16 49 40 38 48 50 5 46 29 22 24 28 23 35 33 44 47 25 36 42 14 6 39 9 43 21 3 4 37 27 31 34 17 26 19 20 15 

Inst_Index:7915 	 City_Num:50 	 Concorde:0.058123 	 MCTS:5.812323 Improve:-0.000000 	 Time:5.00 Seconds
Solution: 1 8 13 12 50 48 15 20 10 24 49 19 23 42 47 16 9 37 36 5 46 32 30 34 40 33 43 31 26 29 27 4 11 14 28 2 44 3 25 6 41 17 22 35 21 18 38 39 7 45 

Inst_Index:7916 	 City_Num:50 	 Concorde:0.061480 	 MCTS:6.147070 Improve:0.000978 	 Time:5.00 Seconds
Solution: 1 38 9 21 47 8 12 36 50 27 41 31 46 13 37 11 25 7 26 20 30 35 23 16 39 34 19 3 49 22 4 42 32 43 24 17 14 2 5 44 10 40 18 6 45 48 28 33 29 15 

Inst_Index:7917 	 City_Num:50 	 Concorde:0.058642 	 MCTS:5.864185 Improve:0.000000 	 Time:5.00 Seconds
Solution: 1 47 36 16 32 23 20 6 11 25 30 28 35 27 21 26 33 44 14 2 37 13 39 22 34 31 5 4 19 38 17 10 49 29 15 50 43 40 12 8 18 7 41 42 48 46 9 3 24 45 

Inst_Index:7918 	 City_Num:50 	 Concorde:0.056369 	 MCTS:5.636938 Improve:0.000000 	 Time:5.00 Seconds
Solution: 1 31 25 20 33 24 47 26 16 30 7 41 27 42 39 19 18 46 8 2 5 36 43 49 32 28 44 9 29 37 4 17 48 38 12 23 50 22 35 13 15 21 3 6 45 14 10 34 11 40 

Inst_Index:7919 	 City_Num:50 	 Concorde:0.060932 	 MCTS:6.093215 Improve:-0.000000 	 Time:5.01 Seconds
Solution: 1 6 8 16 42 20 29 35 40 44 2 24 30 39 15 9 11 50 26 23 5 48 7 34 14 12 22 31 33 41 19 13 36 3 37 17 46 4 32 25 43 28 10 47 45 27 18 49 21 38 

Inst_Index:7920 	 City_Num:50 	 Concorde:0.057233 	 MCTS:5.723254 Improve:0.000000 	 Time:5.00 Seconds
Solution: 1 44 32 39 14 6 42 17 12 19 13 34 47 35 9 22 45 20 24 23 21 30 8 5 46 37 38 2 29 33 10 16 48 50 49 11 36 31 15 26 41 18 25 40 43 3 4 27 7 28 

Inst_Index:7921 	 City_Num:50 	 Concorde:0.060438 	 MCTS:6.043750 Improve:0.000000 	 Time:5.00 Seconds
Solution: 1 8 36 46 49 28 2 34 44 15 4 10 24 35 3 5 38 18 21 13 20 17 7 32 26 6 11 16 14 39 33 50 22 40 47 42 31 41 12 19 25 37 43 30 29 27 9 48 23 45 

Inst_Index:7922 	 City_Num:50 	 Concorde:0.053753 	 MCTS:5.375278 Improve:0.000000 	 Time:5.00 Seconds
Solution: 1 32 7 2 38 9 14 6 4 17 20 8 33 46 44 42 13 35 50 10 22 31 19 41 16 30 43 12 36 29 45 34 28 23 24 15 5 39 40 11 26 25 37 47 3 18 48 21 49 27 

Inst_Index:7923 	 City_Num:50 	 Concorde:0.057058 	 MCTS:5.705761 Improve:0.000000 	 Time:5.00 Seconds
Solution: 1 34 11 39 13 20 40 19 30 22 28 14 45 42 49 24 25 23 32 27 15 38 21 3 36 43 6 18 4 2 46 33 48 26 50 37 9 47 29 31 35 8 7 5 44 17 41 16 10 12 

Inst_Index:7924 	 City_Num:50 	 Concorde:0.058787 	 MCTS:5.878663 Improve:-0.000000 	 Time:5.00 Seconds
Solution: 1 33 9 19 40 7 26 45 13 10 47 38 31 34 6 22 50 3 29 36 20 49 16 14 17 28 37 44 25 5 8 12 48 23 46 41 43 11 21 35 18 2 30 24 15 32 42 27 39 4 

Inst_Index:7925 	 City_Num:50 	 Concorde:0.056692 	 MCTS:5.669152 Improve:-0.000000 	 Time:5.00 Seconds
Solution: 1 41 40 5 42 15 14 7 12 38 44 45 6 23 8 36 48 4 11 49 21 18 46 31 50 22 10 19 9 33 13 27 30 17 39 32 16 20 3 37 25 28 29 34 26 47 2 43 24 35 

Inst_Index:7926 	 City_Num:50 	 Concorde:0.059343 	 MCTS:5.934294 Improve:0.000000 	 Time:5.00 Seconds
Solution: 1 11 43 17 8 26 46 34 33 39 16 27 47 21 23 42 12 20 30 28 44 36 2 48 31 4 29 14 13 10 15 3 5 9 50 22 6 32 37 49 24 40 18 25 45 41 7 35 38 19 

Inst_Index:7927 	 City_Num:50 	 Concorde:0.058168 	 MCTS:5.816778 Improve:-0.000000 	 Time:5.00 Seconds
Solution: 1 6 34 11 37 23 15 7 20 17 12 35 36 49 44 31 5 38 27 28 32 9 33 4 8 45 43 42 25 22 14 46 18 10 16 24 26 30 47 48 2 50 40 19 21 13 39 41 3 29 

Inst_Index:7928 	 City_Num:50 	 Concorde:0.056775 	 MCTS:5.701300 Improve:-0.023788 	 Time:5.00 Seconds
Solution: 1 6 48 43 11 31 19 28 47 39 3 35 24 34 44 9 7 26 29 10 40 30 8 36 45 20 14 21 4 18 17 42 37 41 50 16 5 22 38 27 12 23 46 49 25 33 15 32 13 2 

Inst_Index:7929 	 City_Num:50 	 Concorde:0.057405 	 MCTS:5.732592 Improve:0.007906 	 Time:5.00 Seconds
Solution: 1 29 25 27 2 48 43 10 4 3 11 41 49 39 9 31 37 7 44 17 18 50 40 12 21 20 23 19 14 47 6 33 38 42 16 34 30 15 5 46 32 28 13 26 22 35 24 45 36 8 

Inst_Index:7930 	 City_Num:50 	 Concorde:0.055513 	 MCTS:5.551266 Improve:-0.000000 	 Time:5.00 Seconds
Solution: 1 7 32 48 47 30 24 36 37 8 9 41 17 33 20 26 16 31 43 19 35 25 49 5 11 45 39 3 15 44 6 2 29 23 10 42 27 22 38 13 40 4 34 46 12 14 50 18 21 28 

Inst_Index:7931 	 City_Num:50 	 Concorde:0.057715 	 MCTS:5.771479 Improve:-0.000000 	 Time:5.00 Seconds
Solution: 1 37 2 17 4 41 29 40 38 21 31 13 20 32 33 3 47 43 24 36 49 27 46 44 6 22 42 45 30 9 11 25 15 34 19 50 23 26 48 10 14 28 18 39 7 12 16 35 5 8 

Inst_Index:7932 	 City_Num:50 	 Concorde:0.056736 	 MCTS:5.673637 Improve:0.000000 	 Time:5.00 Seconds
Solution: 1 34 35 50 20 5 38 43 28 49 2 14 31 24 13 25 36 40 21 10 41 9 45 26 48 30 27 18 11 12 3 44 37 17 16 6 32 7 42 33 19 8 47 39 46 22 4 29 23 15 

Inst_Index:7933 	 City_Num:50 	 Concorde:0.056021 	 MCTS:5.602088 Improve:0.000000 	 Time:5.00 Seconds
Solution: 1 4 16 24 48 25 35 29 13 12 43 23 31 7 22 36 33 37 8 17 44 21 41 15 32 28 2 45 3 6 39 18 26 30 11 9 20 34 38 50 10 14 49 40 42 5 27 47 46 19 

Inst_Index:7934 	 City_Num:50 	 Concorde:0.058783 	 MCTS:5.877639 Improve:0.000619 	 Time:5.00 Seconds
Solution: 1 16 15 35 8 28 30 38 22 29 3 40 41 48 25 21 39 34 32 26 20 18 33 12 50 49 45 9 43 2 44 23 42 10 19 37 27 46 47 17 31 13 7 14 36 5 11 4 6 24 

Inst_Index:7935 	 City_Num:50 	 Concorde:0.059292 	 MCTS:5.928643 Improve:0.000554 	 Time:5.00 Seconds
Solution: 1 19 20 27 7 49 36 31 45 21 15 34 13 35 26 41 25 33 22 24 12 16 14 47 18 2 44 4 10 3 29 8 43 9 48 5 40 28 6 32 23 39 30 11 42 37 50 17 46 38 

Inst_Index:7936 	 City_Num:50 	 Concorde:0.055322 	 MCTS:5.532210 Improve:-0.000000 	 Time:5.00 Seconds
Solution: 1 14 10 18 28 49 33 23 27 36 30 11 17 13 21 37 35 42 32 15 40 44 22 43 31 50 12 47 34 7 26 45 8 20 3 19 39 25 46 38 6 2 9 4 24 48 16 5 41 29 

Inst_Index:7937 	 City_Num:50 	 Concorde:0.056793 	 MCTS:5.679317 Improve:-0.000000 	 Time:5.00 Seconds
Solution: 1 50 20 27 23 37 17 40 45 12 7 5 8 19 30 38 44 31 2 13 32 42 24 26 46 9 10 25 21 47 41 35 15 6 29 18 28 39 49 34 11 22 4 43 3 16 36 14 33 48 

Inst_Index:7938 	 City_Num:50 	 Concorde:0.055831 	 MCTS:5.583083 Improve:0.000000 	 Time:5.00 Seconds
Solution: 1 41 13 49 4 32 2 23 39 9 10 45 42 7 18 8 12 24 29 20 43 26 21 44 19 15 33 14 34 46 5 17 28 31 27 22 25 37 16 47 48 11 3 36 30 38 50 40 6 35 

Inst_Index:7939 	 City_Num:50 	 Concorde:0.057974 	 MCTS:5.797382 Improve:-0.000000 	 Time:5.00 Seconds
Solution: 1 17 26 7 43 18 33 34 22 11 29 23 4 37 21 39 5 3 6 41 38 42 16 47 14 27 12 13 40 8 28 2 46 48 45 9 32 44 25 19 20 31 50 24 15 10 35 36 49 30 

Inst_Index:7940 	 City_Num:50 	 Concorde:0.056794 	 MCTS:5.679367 Improve:0.000000 	 Time:5.00 Seconds
Solution: 1 47 23 30 36 28 50 38 16 4 12 45 8 20 39 37 25 33 41 17 26 2 9 14 18 10 24 43 44 48 49 27 3 40 22 11 32 46 35 29 7 21 5 6 31 13 42 34 15 19 

Inst_Index:7941 	 City_Num:50 	 Concorde:0.053224 	 MCTS:5.322365 Improve:0.000000 	 Time:5.00 Seconds
Solution: 1 37 7 48 30 39 4 46 40 47 35 11 26 50 23 16 17 9 49 34 38 14 44 15 18 45 31 12 24 2 5 13 43 8 28 22 21 41 6 29 27 36 20 25 19 42 33 3 10 32 

Inst_Index:7942 	 City_Num:50 	 Concorde:0.058770 	 MCTS:5.876998 Improve:0.000000 	 Time:5.00 Seconds
Solution: 1 30 44 4 20 31 25 7 11 14 47 8 34 48 29 32 12 13 28 36 46 24 35 39 3 5 37 38 15 27 21 18 41 26 23 16 42 43 2 40 33 10 45 19 9 50 17 49 22 6 

Inst_Index:7943 	 City_Num:50 	 Concorde:0.057142 	 MCTS:5.714157 Improve:-0.000000 	 Time:5.00 Seconds
Solution: 1 36 41 28 42 27 24 49 11 32 9 30 17 20 50 10 45 34 35 12 8 18 22 21 13 16 25 2 26 33 31 4 14 37 7 46 3 48 15 47 40 44 19 43 5 29 23 38 6 39 

Inst_Index:7944 	 City_Num:50 	 Concorde:0.062518 	 MCTS:6.251850 Improve:-0.000000 	 Time:5.00 Seconds
Solution: 1 50 41 6 43 8 4 23 13 14 22 34 17 2 33 32 24 25 46 21 31 42 26 12 47 28 3 15 29 19 39 11 10 44 40 9 16 37 35 30 49 27 38 36 20 18 48 45 5 7 

Inst_Index:7945 	 City_Num:50 	 Concorde:0.053851 	 MCTS:5.383183 Improve:0.001905 	 Time:5.01 Seconds
Solution: 1 23 47 30 3 34 2 37 35 14 24 4 10 9 49 5 6 18 38 22 41 19 11 21 26 25 29 44 36 50 12 42 28 48 39 45 33 17 46 27 15 40 20 13 31 16 7 43 32 8 

Inst_Index:7946 	 City_Num:50 	 Concorde:0.056633 	 MCTS:5.661397 Improve:0.001951 	 Time:5.00 Seconds
Solution: 1 26 12 40 41 14 8 47 38 39 35 4 45 46 21 22 7 11 30 27 32 23 10 25 33 44 42 9 24 43 48 34 31 20 13 37 3 16 2 49 29 18 17 19 50 6 36 5 15 28 

Inst_Index:7947 	 City_Num:50 	 Concorde:0.053749 	 MCTS:5.373292 Improve:0.001623 	 Time:5.00 Seconds
Solution: 1 13 4 46 49 29 38 2 43 32 20 19 22 7 17 5 27 48 39 44 24 9 6 16 31 41 33 45 25 37 23 21 11 40 14 12 28 34 30 15 35 36 18 42 3 10 47 50 26 8 

Inst_Index:7948 	 City_Num:50 	 Concorde:0.058659 	 MCTS:5.865921 Improve:0.000000 	 Time:5.00 Seconds
Solution: 1 15 45 5 10 38 17 25 31 32 6 44 27 49 8 30 47 29 24 21 16 12 7 18 11 39 20 2 42 48 37 23 41 14 40 46 36 34 4 28 26 35 13 22 19 43 3 50 9 33 

Inst_Index:7949 	 City_Num:50 	 Concorde:0.053264 	 MCTS:5.326358 Improve:-0.000000 	 Time:5.01 Seconds
Solution: 1 35 26 6 25 44 48 2 21 20 8 15 13 12 32 9 38 46 45 37 40 10 24 19 17 33 18 7 34 27 22 14 41 4 49 28 50 29 16 39 36 30 42 11 3 43 47 23 5 31 

Inst_Index:7950 	 City_Num:50 	 Concorde:0.057988 	 MCTS:5.798908 Improve:-0.000074 	 Time:5.00 Seconds
Solution: 1 23 34 39 49 2 33 5 3 20 19 32 31 14 50 29 9 40 27 25 7 30 21 38 42 17 47 4 16 48 8 45 10 6 24 18 12 35 37 43 13 44 11 28 26 46 41 36 15 22 

Inst_Index:7951 	 City_Num:50 	 Concorde:0.056111 	 MCTS:5.610663 Improve:0.000433 	 Time:5.01 Seconds
Solution: 1 46 24 7 14 32 45 4 25 37 23 11 43 21 22 48 33 29 19 44 18 30 40 6 49 26 5 34 39 17 15 47 36 42 8 50 13 31 16 41 3 10 12 38 20 28 35 27 9 2 

Inst_Index:7952 	 City_Num:50 	 Concorde:0.056444 	 MCTS:5.644353 Improve:0.000000 	 Time:5.00 Seconds
Solution: 1 16 4 3 7 30 12 25 44 49 42 20 38 33 41 39 46 47 29 18 21 36 26 27 23 45 37 22 31 8 40 10 9 34 2 11 50 35 32 19 15 5 13 43 28 24 6 17 14 48 

Inst_Index:7953 	 City_Num:50 	 Concorde:0.055443 	 MCTS:5.544349 Improve:0.000000 	 Time:5.00 Seconds
Solution: 1 28 38 24 50 26 9 31 11 32 12 43 34 29 4 47 7 21 18 20 8 10 2 22 13 16 14 42 45 41 30 17 15 19 40 37 33 23 36 5 46 6 49 27 39 25 48 35 44 3 

Inst_Index:7954 	 City_Num:50 	 Concorde:0.058769 	 MCTS:5.876883 Improve:0.000000 	 Time:5.02 Seconds
Solution: 1 34 7 35 11 38 13 45 31 4 32 44 46 21 15 36 20 22 39 43 37 5 8 50 19 26 27 10 3 33 14 9 40 25 48 24 49 6 23 12 42 18 17 47 30 2 28 29 41 16 

Inst_Index:7955 	 City_Num:50 	 Concorde:0.057818 	 MCTS:5.781845 Improve:0.000000 	 Time:5.00 Seconds
Solution: 1 12 30 8 9 47 25 19 41 21 20 2 45 18 10 28 15 27 29 39 42 31 36 26 3 50 43 23 16 38 49 37 5 34 4 44 24 13 7 48 14 32 40 17 6 11 33 22 46 35 

Inst_Index:7956 	 City_Num:50 	 Concorde:0.059896 	 MCTS:5.989569 Improve:0.000000 	 Time:5.00 Seconds
Solution: 1 7 23 45 15 19 2 4 28 17 25 30 38 8 41 50 5 16 33 20 6 32 18 49 27 29 36 12 39 13 22 3 35 9 46 31 14 44 48 42 24 21 10 37 34 26 43 11 47 40 

Inst_Index:7957 	 City_Num:50 	 Concorde:0.056098 	 MCTS:5.609820 Improve:-0.000000 	 Time:5.01 Seconds
Solution: 1 12 3 4 38 17 27 33 19 23 13 35 25 7 30 44 16 6 22 40 29 41 2 5 8 10 11 31 9 49 24 34 26 14 42 28 37 32 20 43 50 36 47 39 48 21 18 45 46 15 

Inst_Index:7958 	 City_Num:50 	 Concorde:0.054161 	 MCTS:5.415683 Improve:0.000463 	 Time:5.01 Seconds
Solution: 1 27 31 19 35 32 28 11 46 6 41 16 4 48 8 37 26 43 5 2 20 15 44 50 36 39 23 7 21 45 10 14 17 25 24 49 22 42 33 29 47 34 40 18 12 30 38 9 3 13 

Inst_Index:7959 	 City_Num:50 	 Concorde:0.059354 	 MCTS:5.934550 Improve:0.000866 	 Time:5.00 Seconds
Solution: 1 4 19 48 3 18 14 11 28 12 32 17 38 20 24 41 37 34 22 10 46 13 16 8 35 47 23 44 9 43 39 33 27 7 29 45 42 6 2 40 26 50 15 49 21 36 5 25 30 31 

Inst_Index:7960 	 City_Num:50 	 Concorde:0.059008 	 MCTS:5.900825 Improve:0.000000 	 Time:5.00 Seconds
Solution: 1 27 4 24 47 23 8 21 39 33 20 31 46 48 29 18 32 30 50 45 42 5 3 9 37 43 49 7 38 34 11 14 22 10 17 2 36 25 44 19 16 41 26 40 12 28 6 35 15 13 

Inst_Index:7961 	 City_Num:50 	 Concorde:0.061482 	 MCTS:6.144482 Improve:0.003731 	 Time:5.00 Seconds
Solution: 1 33 10 4 43 42 12 18 11 29 40 47 13 49 14 46 9 31 50 16 24 20 37 39 19 32 21 35 23 27 30 48 2 34 8 5 26 6 41 44 25 38 3 36 17 22 7 28 45 15 

Inst_Index:7962 	 City_Num:50 	 Concorde:0.059132 	 MCTS:5.913212 Improve:0.000000 	 Time:5.00 Seconds
Solution: 1 30 24 18 43 7 6 42 50 32 8 2 40 11 41 9 27 31 4 17 38 29 36 13 44 21 10 14 48 47 16 46 12 20 3 19 33 28 22 37 34 5 23 26 25 39 45 35 49 15 

Inst_Index:7963 	 City_Num:50 	 Concorde:0.057500 	 MCTS:5.748084 Improve:0.001926 	 Time:5.01 Seconds
Solution: 1 37 9 6 46 19 7 43 16 49 10 26 23 33 35 14 34 12 22 21 45 42 25 2 13 47 32 20 24 41 40 38 5 8 30 18 28 36 48 17 50 29 15 3 31 4 44 11 27 39 

Inst_Index:7964 	 City_Num:50 	 Concorde:0.059111 	 MCTS:5.911145 Improve:0.000000 	 Time:5.00 Seconds
Solution: 1 24 31 23 35 4 3 40 29 14 22 28 26 9 20 19 15 48 34 49 8 27 21 30 47 36 18 12 17 43 41 42 11 7 2 38 37 46 50 13 5 10 44 6 33 32 45 39 16 25 

Inst_Index:7965 	 City_Num:50 	 Concorde:0.057116 	 MCTS:5.711606 Improve:0.000000 	 Time:5.00 Seconds
Solution: 1 8 42 14 34 31 23 21 46 17 25 15 3 48 18 28 24 27 5 29 41 7 50 11 19 40 36 26 9 33 13 44 30 16 20 35 4 47 43 37 45 6 22 32 49 39 2 12 10 38 

Inst_Index:7966 	 City_Num:50 	 Concorde:0.058157 	 MCTS:5.815712 Improve:0.000000 	 Time:5.01 Seconds
Solution: 1 44 18 50 34 30 11 33 19 2 26 39 4 27 40 3 42 22 49 16 25 32 6 15 38 8 23 5 36 10 21 37 47 28 14 46 43 41 9 17 48 13 7 20 31 45 12 35 29 24 

Inst_Index:7967 	 City_Num:50 	 Concorde:0.058743 	 MCTS:5.874304 Improve:-0.000000 	 Time:5.00 Seconds
Solution: 1 11 35 32 17 25 20 49 30 29 8 36 19 44 18 27 34 14 26 45 43 10 15 16 23 31 3 38 2 4 50 46 21 28 13 5 39 42 7 47 48 41 37 12 33 9 40 6 24 22 

Inst_Index:7968 	 City_Num:50 	 Concorde:0.056171 	 MCTS:5.617070 Improve:-0.000000 	 Time:5.00 Seconds
Solution: 1 25 40 38 6 42 11 12 47 9 30 34 21 35 27 49 36 4 32 8 13 33 20 22 46 5 43 45 16 41 17 18 31 26 37 39 28 15 7 2 29 50 10 3 14 23 24 48 19 44 

Inst_Index:7969 	 City_Num:50 	 Concorde:0.058231 	 MCTS:5.814257 Improve:0.008811 	 Time:5.01 Seconds
Solution: 1 9 37 26 33 39 25 7 5 2 8 31 18 3 6 42 44 13 21 14 38 24 45 22 40 28 36 49 19 48 17 20 34 4 27 10 32 50 46 43 35 15 30 23 47 12 29 11 41 16 

Inst_Index:7970 	 City_Num:50 	 Concorde:0.057459 	 MCTS:5.735296 Improve:0.010599 	 Time:5.00 Seconds
Solution: 1 19 45 36 32 17 48 9 5 11 8 25 7 35 30 6 43 37 18 4 16 40 3 20 28 39 10 44 12 46 23 24 47 21 42 41 29 26 49 22 2 13 33 50 27 31 14 38 15 34 

Inst_Index:7971 	 City_Num:50 	 Concorde:0.054417 	 MCTS:5.441745 Improve:-0.000000 	 Time:5.00 Seconds
Solution: 1 6 11 38 32 34 29 17 10 23 12 49 24 39 4 19 5 15 45 26 41 3 22 31 47 16 48 9 35 36 28 21 50 8 20 30 14 18 42 40 2 25 33 46 27 44 43 37 7 13 

Inst_Index:7972 	 City_Num:50 	 Concorde:0.062246 	 MCTS:6.224620 Improve:0.000000 	 Time:5.00 Seconds
Solution: 1 41 45 29 27 22 13 14 17 10 19 26 50 21 42 46 37 39 44 23 2 31 11 49 47 32 48 24 5 35 6 8 33 3 7 28 30 40 43 36 4 34 12 15 18 25 9 20 38 16 

Inst_Index:7973 	 City_Num:50 	 Concorde:0.059259 	 MCTS:5.925893 Improve:0.000000 	 Time:5.01 Seconds
Solution: 1 41 12 20 39 6 46 32 49 27 38 31 48 35 40 7 34 15 25 13 30 36 18 22 4 8 50 2 29 5 44 19 43 47 23 33 3 17 9 21 28 14 24 16 26 45 11 37 42 10 

Inst_Index:7974 	 City_Num:50 	 Concorde:0.057088 	 MCTS:5.708802 Improve:0.000000 	 Time:5.00 Seconds
Solution: 1 45 43 26 11 19 10 41 12 8 9 38 25 48 18 33 6 50 31 22 20 39 17 42 5 24 30 34 44 35 13 36 2 46 32 40 7 47 14 3 49 16 4 28 23 15 27 29 21 37 

Inst_Index:7975 	 City_Num:50 	 Concorde:0.056227 	 MCTS:5.622691 Improve:0.000000 	 Time:5.00 Seconds
Solution: 1 23 46 6 50 35 17 42 33 36 15 19 3 8 30 41 34 47 29 20 28 44 39 14 32 22 7 48 11 21 24 37 13 4 25 40 49 10 38 9 43 45 2 12 31 18 27 5 16 26 

Inst_Index:7976 	 City_Num:50 	 Concorde:0.060311 	 MCTS:6.031140 Improve:-0.000000 	 Time:5.00 Seconds
Solution: 1 12 37 43 35 28 32 6 15 33 17 45 4 13 23 21 22 44 9 38 3 14 48 27 41 11 50 47 29 18 16 2 34 7 26 39 36 5 25 40 42 8 10 19 20 30 46 49 31 24 

Inst_Index:7977 	 City_Num:50 	 Concorde:0.056314 	 MCTS:5.631369 Improve:0.000000 	 Time:5.00 Seconds
Solution: 1 48 12 43 27 2 37 11 32 15 13 18 3 19 16 39 35 44 41 36 25 33 49 8 4 5 7 6 28 24 31 26 42 22 21 50 20 47 34 29 38 17 45 46 9 10 14 23 30 40 

Inst_Index:7978 	 City_Num:50 	 Concorde:0.055622 	 MCTS:5.562204 Improve:-0.000000 	 Time:5.01 Seconds
Solution: 1 13 6 18 32 16 37 7 49 2 28 9 22 19 3 42 44 5 21 20 30 14 17 15 43 48 10 8 11 38 47 24 26 25 34 50 36 45 46 33 35 4 27 12 23 40 29 41 39 31 

Inst_Index:7979 	 City_Num:50 	 Concorde:0.055380 	 MCTS:5.538001 Improve:0.000000 	 Time:5.00 Seconds
Solution: 1 50 11 22 32 21 49 6 7 19 3 34 16 8 10 27 46 9 5 28 40 13 37 2 39 26 47 45 18 36 20 48 12 38 17 14 42 29 30 15 4 33 35 23 24 44 31 43 41 25 

Inst_Index:7980 	 City_Num:50 	 Concorde:0.057100 	 MCTS:5.710038 Improve:-0.000021 	 Time:5.00 Seconds
Solution: 1 25 50 34 2 23 40 28 45 21 33 19 26 13 3 37 27 43 9 8 46 32 29 14 48 35 15 31 20 6 49 22 5 11 12 10 42 38 7 30 39 17 4 47 36 16 41 44 24 18 

Inst_Index:7981 	 City_Num:50 	 Concorde:0.060213 	 MCTS:6.021307 Improve:0.000000 	 Time:5.00 Seconds
Solution: 1 8 20 41 6 46 35 10 39 37 42 27 44 2 31 32 22 40 48 45 5 34 19 13 29 18 49 47 3 24 25 17 7 30 9 14 26 16 12 36 23 28 50 4 11 15 33 21 38 43 

Inst_Index:7982 	 City_Num:50 	 Concorde:0.055350 	 MCTS:5.535034 Improve:0.000000 	 Time:5.00 Seconds
Solution: 1 49 27 28 6 43 4 15 29 35 13 14 16 42 12 33 40 26 8 37 46 47 34 25 11 31 5 7 32 48 22 21 2 45 30 20 9 17 38 39 44 24 18 41 23 19 36 50 3 10 

Inst_Index:7983 	 City_Num:50 	 Concorde:0.055851 	 MCTS:5.583900 Improve:0.001205 	 Time:5.00 Seconds
Solution: 1 14 31 34 44 50 8 49 20 17 42 40 23 41 26 37 30 22 46 3 48 18 13 7 32 29 33 43 45 9 21 2 10 12 35 36 27 25 15 4 38 11 47 5 28 16 24 19 6 39 

Inst_Index:7984 	 City_Num:50 	 Concorde:0.054874 	 MCTS:5.487435 Improve:0.000000 	 Time:5.00 Seconds
Solution: 1 36 22 10 47 45 39 34 2 20 35 44 19 40 30 41 23 12 26 8 50 11 49 28 32 3 27 46 17 13 6 33 15 42 21 14 29 37 7 24 4 18 5 25 31 16 43 9 38 48 

Inst_Index:7985 	 City_Num:50 	 Concorde:0.055922 	 MCTS:5.592174 Improve:0.000000 	 Time:5.00 Seconds
Solution: 1 7 12 23 29 2 31 14 48 33 41 20 43 15 3 4 38 42 39 8 9 44 36 26 35 40 37 13 10 6 28 50 49 24 34 16 17 32 19 46 47 27 21 18 22 11 45 30 25 5 

Inst_Index:7986 	 City_Num:50 	 Concorde:0.056057 	 MCTS:5.605746 Improve:-0.000000 	 Time:5.00 Seconds
Solution: 1 35 47 42 17 26 50 37 48 10 49 40 4 22 27 6 14 21 2 19 13 15 11 29 32 20 28 38 41 8 30 24 25 3 7 18 34 46 44 45 9 39 43 12 33 31 16 23 5 36 

Inst_Index:7987 	 City_Num:50 	 Concorde:0.058796 	 MCTS:5.879603 Improve:0.000000 	 Time:5.00 Seconds
Solution: 1 36 43 15 11 9 7 42 6 12 39 32 23 29 22 10 14 46 33 18 38 45 4 16 21 17 26 49 5 41 48 34 31 25 24 13 35 40 47 3 28 50 19 27 20 37 8 2 30 44 

Inst_Index:7988 	 City_Num:50 	 Concorde:0.057372 	 MCTS:5.733118 Improve:0.004087 	 Time:5.00 Seconds
Solution: 1 26 20 38 5 34 2 30 40 17 46 41 6 50 29 11 33 10 32 42 24 12 22 23 45 49 35 25 16 19 8 43 31 39 47 27 9 37 3 13 15 21 44 28 48 36 7 18 4 14 

Inst_Index:7989 	 City_Num:50 	 Concorde:0.055971 	 MCTS:5.597107 Improve:-0.000000 	 Time:5.00 Seconds
Solution: 1 29 30 25 12 34 5 20 18 50 46 24 36 21 47 2 9 32 14 26 6 42 16 45 48 13 27 8 31 39 35 49 10 4 17 22 38 19 41 15 28 44 11 37 40 33 23 3 43 7 

Inst_Index:7990 	 City_Num:50 	 Concorde:0.055332 	 MCTS:5.531451 Improve:0.001733 	 Time:5.00 Seconds
Solution: 1 41 3 40 23 22 49 21 25 15 46 24 42 29 45 47 30 34 48 32 16 2 35 8 26 39 10 28 9 27 7 11 37 43 17 18 4 36 44 13 19 50 5 20 31 38 12 14 33 6 

Inst_Index:7991 	 City_Num:50 	 Concorde:0.058744 	 MCTS:5.861944 Improve:0.012427 	 Time:5.00 Seconds
Solution: 1 48 4 3 12 16 20 28 17 39 43 2 31 19 41 30 38 32 35 14 33 9 11 13 15 36 7 45 25 34 22 29 8 21 24 47 37 5 40 23 10 46 26 49 50 42 6 27 44 18 

Inst_Index:7992 	 City_Num:50 	 Concorde:0.053327 	 MCTS:5.332750 Improve:0.000000 	 Time:5.00 Seconds
Solution: 1 9 4 24 12 50 2 27 46 16 21 19 6 26 37 29 10 40 22 17 35 18 33 28 42 20 3 49 38 8 15 23 47 30 34 14 48 41 39 45 5 31 25 43 36 32 13 7 11 44 

Inst_Index:7993 	 City_Num:50 	 Concorde:0.058627 	 MCTS:5.862655 Improve:0.000000 	 Time:5.00 Seconds
Solution: 1 25 37 20 10 34 12 2 28 27 13 29 47 11 35 15 6 41 3 36 43 49 9 5 50 40 42 30 44 24 48 31 46 16 19 33 4 38 22 45 7 32 26 8 17 39 14 23 21 18 

Inst_Index:7994 	 City_Num:50 	 Concorde:0.054725 	 MCTS:5.470120 Improve:0.002423 	 Time:5.01 Seconds
Solution: 1 38 50 17 44 13 41 14 29 28 30 46 8 9 5 4 16 12 21 25 49 20 7 11 10 27 48 36 22 45 23 47 35 3 19 39 31 6 32 15 2 34 18 26 37 43 40 24 42 33 

Inst_Index:7995 	 City_Num:50 	 Concorde:0.057628 	 MCTS:5.757850 Improve:0.004924 	 Time:5.00 Seconds
Solution: 1 3 26 10 23 16 48 39 47 38 31 8 37 30 15 34 11 42 27 13 44 24 12 45 41 5 20 21 6 35 9 4 40 32 33 14 28 50 17 18 36 29 25 49 2 46 19 7 22 43 

Inst_Index:7996 	 City_Num:50 	 Concorde:0.059994 	 MCTS:5.999437 Improve:-0.000000 	 Time:5.02 Seconds
Solution: 1 50 28 49 8 43 27 19 23 14 36 5 13 2 26 42 18 15 30 40 29 21 24 22 4 25 12 3 10 39 38 47 6 45 20 16 48 9 33 41 44 17 31 34 46 35 32 11 37 7 

Inst_Index:7997 	 City_Num:50 	 Concorde:0.054947 	 MCTS:5.490434 Improve:0.004221 	 Time:5.00 Seconds
Solution: 1 31 18 4 24 44 36 8 47 46 41 40 29 12 23 17 30 49 16 7 2 25 45 35 14 32 13 19 15 21 10 11 6 22 9 26 34 37 43 50 28 38 48 27 20 39 3 42 5 33 

Inst_Index:7998 	 City_Num:50 	 Concorde:0.053943 	 MCTS:5.394298 Improve:0.000000 	 Time:5.00 Seconds
Solution: 1 23 24 11 44 26 33 21 7 41 2 32 14 42 3 39 4 27 9 34 31 49 6 17 29 28 16 47 36 43 38 40 20 30 50 12 15 5 18 25 48 46 19 37 22 13 35 45 8 10 

Inst_Index:7999 	 City_Num:50 	 Concorde:0.055135 	 MCTS:5.513523 Improve:0.000000 	 Time:5.00 Seconds
Solution: 1 14 21 49 24 32 38 8 34 35 13 20 31 12 5 48 42 50 33 15 27 22 19 44 47 7 37 39 2 41 43 6 16 9 23 45 40 29 4 18 25 46 36 3 26 17 11 28 30 10 

Inst_Index:8000 	 City_Num:50 	 Concorde:0.063791 	 MCTS:6.376432 Improve:0.002701 	 Time:5.00 Seconds
Solution: 1 34 17 49 3 12 24 30 10 31 6 36 13 32 21 37 20 11 9 44 8 39 25 48 22 35 43 23 16 40 50 27 45 46 41 5 38 19 14 33 18 26 15 42 29 47 2 4 7 28 

Inst_Index:8001 	 City_Num:50 	 Concorde:0.056246 	 MCTS:5.624598 Improve:0.000000 	 Time:5.00 Seconds
Solution: 1 50 31 26 37 45 39 41 25 21 47 20 33 17 42 14 7 29 16 32 36 24 27 8 44 49 3 22 18 11 9 19 30 2 34 38 6 10 23 13 5 35 12 43 15 48 28 4 46 40 

Inst_Index:8002 	 City_Num:50 	 Concorde:0.059178 	 MCTS:5.917766 Improve:0.000000 	 Time:5.00 Seconds
Solution: 1 28 50 20 26 23 41 34 3 42 6 47 40 38 8 16 15 4 31 43 2 21 29 36 37 27 46 32 12 19 49 33 5 45 18 35 30 25 48 14 11 24 13 10 7 22 39 17 9 44 

Inst_Index:8003 	 City_Num:50 	 Concorde:0.055514 	 MCTS:5.551382 Improve:-0.000000 	 Time:5.00 Seconds
Solution: 1 40 18 2 33 15 6 39 37 21 34 22 50 28 49 25 44 13 5 43 30 8 17 7 24 45 4 12 10 38 29 16 31 23 11 42 35 3 46 27 14 41 19 26 36 32 9 48 20 47 

Inst_Index:8004 	 City_Num:50 	 Concorde:0.057359 	 MCTS:5.735947 Improve:0.000000 	 Time:5.00 Seconds
Solution: 1 28 45 37 3 46 7 27 32 26 2 14 9 34 16 11 20 21 41 5 33 47 38 36 50 17 15 10 29 22 6 39 48 40 25 24 44 13 23 12 19 30 42 18 4 49 35 8 43 31 

Inst_Index:8005 	 City_Num:50 	 Concorde:0.056025 	 MCTS:5.601426 Improve:0.001045 	 Time:5.00 Seconds
Solution: 1 21 27 24 39 25 43 20 41 5 45 17 10 15 38 26 23 8 29 31 35 32 19 12 18 2 4 33 46 14 28 9 30 34 16 48 22 50 11 36 6 37 40 7 13 3 47 42 49 44 

Inst_Index:8006 	 City_Num:50 	 Concorde:0.058762 	 MCTS:5.875053 Improve:0.001176 	 Time:5.00 Seconds
Solution: 1 12 9 13 4 40 34 28 47 46 7 20 36 11 38 43 10 19 18 3 26 17 15 41 44 24 50 25 48 30 16 29 22 31 39 27 37 2 33 21 45 32 49 35 23 5 14 8 42 6 

Inst_Index:8007 	 City_Num:50 	 Concorde:0.054382 	 MCTS:5.433617 Improve:0.004535 	 Time:5.00 Seconds
Solution: 1 44 15 17 11 21 33 40 20 14 9 42 48 49 38 31 41 19 46 24 47 39 29 30 32 25 36 12 13 2 3 28 10 35 4 23 6 27 16 45 5 50 7 43 37 18 22 8 34 26 

Inst_Index:8008 	 City_Num:50 	 Concorde:0.058080 	 MCTS:5.807235 Improve:0.000794 	 Time:5.00 Seconds
Solution: 1 43 8 21 23 45 31 27 47 14 30 3 37 44 22 15 24 39 49 28 11 29 4 18 2 19 34 6 20 12 48 38 33 32 25 17 16 9 46 26 35 42 40 13 5 10 36 7 50 41 

Inst_Index:8009 	 City_Num:50 	 Concorde:0.059388 	 MCTS:5.938847 Improve:-0.000000 	 Time:5.01 Seconds
Solution: 1 26 24 29 12 40 28 31 9 27 10 23 49 13 50 47 38 39 20 7 30 18 32 46 34 44 35 22 2 33 11 14 41 48 19 43 4 21 25 42 15 5 16 3 6 45 37 36 17 8 

Inst_Index:8010 	 City_Num:50 	 Concorde:0.052867 	 MCTS:5.286747 Improve:-0.000000 	 Time:5.00 Seconds
Solution: 1 48 12 22 37 40 5 46 19 49 4 30 21 2 29 44 8 42 47 38 23 33 24 3 36 9 7 35 26 20 11 16 45 41 50 27 43 14 13 32 6 25 39 31 10 15 34 28 18 17 

Inst_Index:8011 	 City_Num:50 	 Concorde:0.060067 	 MCTS:6.006717 Improve:-0.000000 	 Time:5.00 Seconds
Solution: 1 22 45 21 31 26 18 49 23 44 36 17 7 48 4 12 13 40 29 43 42 37 14 24 39 15 34 8 33 38 9 50 6 10 46 41 28 32 30 35 11 5 2 47 19 27 25 20 3 16 

Inst_Index:8012 	 City_Num:50 	 Concorde:0.059122 	 MCTS:5.912197 Improve:-0.000000 	 Time:5.00 Seconds
Solution: 1 40 47 31 27 32 50 41 44 2 17 16 45 39 7 15 36 26 19 22 30 20 18 10 21 42 11 28 37 43 48 25 5 35 34 29 12 49 13 33 38 6 14 8 4 3 23 24 9 46 

Inst_Index:8013 	 City_Num:50 	 Concorde:0.057439 	 MCTS:5.743936 Improve:0.000000 	 Time:5.00 Seconds
Solution: 1 36 28 32 5 25 45 2 18 7 34 31 17 50 29 43 33 48 30 10 19 40 27 23 44 20 49 13 39 12 26 35 46 4 38 9 22 11 3 8 24 21 14 37 41 47 42 15 16 6 

Inst_Index:8014 	 City_Num:50 	 Concorde:0.059013 	 MCTS:5.901251 Improve:0.000000 	 Time:5.01 Seconds
Solution: 1 37 33 47 31 29 19 2 39 14 34 21 9 8 40 45 23 4 50 25 26 17 20 3 5 32 27 48 15 6 10 11 12 30 22 49 44 43 13 42 46 41 38 35 36 7 16 18 28 24 

Inst_Index:8015 	 City_Num:50 	 Concorde:0.053809 	 MCTS:5.380861 Improve:-0.000000 	 Time:5.00 Seconds
Solution: 1 37 50 12 48 14 33 41 11 15 2 42 25 30 7 17 39 19 31 35 13 23 40 6 44 16 32 21 38 29 49 10 8 4 28 36 27 45 18 9 47 3 43 22 46 24 34 20 5 26 

Inst_Index:8016 	 City_Num:50 	 Concorde:0.056348 	 MCTS:5.630864 Improve:0.003896 	 Time:5.00 Seconds
Solution: 1 45 35 5 2 47 32 46 3 48 41 19 29 7 8 33 17 10 23 50 22 25 34 44 16 21 39 49 20 28 31 26 24 14 27 6 11 37 36 9 42 15 4 18 12 38 13 40 30 43 

Inst_Index:8017 	 City_Num:50 	 Concorde:0.055382 	 MCTS:5.534050 Improve:0.004139 	 Time:5.00 Seconds
Solution: 1 9 7 15 29 13 33 42 30 24 36 34 31 10 49 46 2 47 32 16 28 3 41 35 17 23 5 6 26 14 18 43 44 50 45 8 21 22 19 4 11 48 37 27 20 12 25 39 38 40 

Inst_Index:8018 	 City_Num:50 	 Concorde:0.057535 	 MCTS:5.753526 Improve:0.000000 	 Time:5.00 Seconds
Solution: 1 20 6 19 23 47 8 30 14 7 18 45 9 13 48 26 29 38 24 15 21 16 50 36 49 35 5 33 2 31 22 10 34 42 25 43 32 17 44 12 27 11 37 3 39 40 4 41 46 28 

Inst_Index:8019 	 City_Num:50 	 Concorde:0.059532 	 MCTS:5.953246 Improve:-0.000000 	 Time:5.01 Seconds
Solution: 1 11 13 22 40 21 27 38 44 18 30 45 46 24 15 36 29 6 14 48 7 43 4 35 32 19 17 50 42 34 3 20 8 33 10 23 41 28 47 37 31 16 9 25 2 49 12 5 26 39 

Inst_Index:8020 	 City_Num:50 	 Concorde:0.057486 	 MCTS:5.748597 Improve:0.000000 	 Time:5.00 Seconds
Solution: 1 2 3 18 43 30 36 9 38 40 42 24 16 10 48 50 14 44 29 39 26 34 46 35 28 23 32 45 22 8 4 13 31 27 12 25 20 33 19 17 37 5 15 11 6 41 7 21 49 47 

Inst_Index:8021 	 City_Num:50 	 Concorde:0.056854 	 MCTS:5.677496 Improve:0.007951 	 Time:5.00 Seconds
Solution: 1 34 3 35 11 41 43 33 23 44 16 19 28 36 20 5 45 26 49 32 21 14 38 37 27 48 50 13 39 40 6 31 4 42 22 7 25 46 2 30 8 9 17 15 24 29 12 10 18 47 

Inst_Index:8022 	 City_Num:50 	 Concorde:0.053143 	 MCTS:5.314266 Improve:0.000000 	 Time:5.00 Seconds
Solution: 1 5 15 32 13 17 9 48 8 10 2 22 45 30 42 28 31 47 33 37 23 29 12 26 36 49 21 14 50 39 44 11 3 18 4 34 19 43 24 7 25 40 46 41 16 27 20 35 6 38 

Inst_Index:8023 	 City_Num:50 	 Concorde:0.056782 	 MCTS:5.678233 Improve:0.000000 	 Time:5.01 Seconds
Solution: 1 24 28 6 14 12 46 42 33 15 40 48 34 45 29 23 2 8 35 44 38 19 49 41 4 20 11 30 32 36 39 43 26 27 37 31 25 10 16 50 5 9 21 13 18 3 47 22 7 17 

Inst_Index:8024 	 City_Num:50 	 Concorde:0.055162 	 MCTS:5.512547 Improve:0.003616 	 Time:5.00 Seconds
Solution: 1 28 2 35 24 32 45 21 44 9 29 25 6 38 30 5 16 23 7 19 31 42 12 4 22 8 49 17 47 33 14 41 48 11 43 34 50 46 15 18 27 26 20 37 3 39 36 40 10 13 

Inst_Index:8025 	 City_Num:50 	 Concorde:0.050558 	 MCTS:5.055841 Improve:-0.000000 	 Time:5.00 Seconds
Solution: 1 19 21 30 6 40 37 42 3 23 9 34 5 33 10 36 38 39 4 48 46 47 15 25 14 41 7 50 35 2 11 44 13 26 8 24 28 31 27 29 49 45 32 12 22 18 16 20 17 43 

Inst_Index:8026 	 City_Num:50 	 Concorde:0.056751 	 MCTS:5.673624 Improve:0.001514 	 Time:5.00 Seconds
Solution: 1 42 43 25 26 46 34 10 23 7 14 4 19 9 32 38 28 41 16 29 31 45 40 37 36 2 11 27 21 50 35 8 5 33 15 12 39 6 3 22 30 48 44 24 13 47 20 18 49 17 

Inst_Index:8027 	 City_Num:50 	 Concorde:0.052149 	 MCTS:5.214927 Improve:0.000000 	 Time:5.00 Seconds
Solution: 1 10 23 22 39 41 27 17 34 14 46 50 11 19 12 20 25 28 36 40 21 24 29 30 38 47 2 48 44 31 13 6 43 5 42 9 7 35 8 49 18 4 3 33 37 26 15 32 45 16 

Inst_Index:8028 	 City_Num:50 	 Concorde:0.055630 	 MCTS:5.558932 Improve:0.004076 	 Time:5.00 Seconds
Solution: 1 27 37 41 25 10 21 13 42 14 4 38 20 46 33 40 2 30 9 3 24 32 11 43 34 47 44 26 36 29 39 22 18 23 12 17 50 15 16 35 49 5 19 45 6 28 31 48 7 8 

Inst_Index:8029 	 City_Num:50 	 Concorde:0.057493 	 MCTS:5.740575 Improve:0.008733 	 Time:5.00 Seconds
Solution: 1 25 29 30 41 21 6 20 7 16 28 9 49 38 36 17 27 44 2 32 48 12 19 3 47 40 33 8 39 4 22 23 45 46 14 35 11 13 31 34 18 43 37 26 24 42 50 15 5 10 

Inst_Index:8030 	 City_Num:50 	 Concorde:0.055836 	 MCTS:5.580343 Improve:0.003293 	 Time:5.01 Seconds
Solution: 1 46 22 23 39 6 5 14 36 42 10 43 31 18 8 13 50 38 45 37 49 33 17 24 11 40 20 32 48 16 3 4 47 44 25 34 7 21 27 28 9 41 29 2 19 35 30 12 26 15 

Inst_Index:8031 	 City_Num:50 	 Concorde:0.061079 	 MCTS:6.100713 Improve:0.007158 	 Time:5.01 Seconds
Solution: 1 34 45 22 30 42 38 18 40 49 21 46 48 13 20 7 39 3 43 8 26 41 16 11 24 32 36 17 31 2 33 19 47 37 12 28 15 25 50 35 27 29 6 9 44 23 4 5 10 14 

Inst_Index:8032 	 City_Num:50 	 Concorde:0.057129 	 MCTS:5.712886 Improve:0.000000 	 Time:5.00 Seconds
Solution: 1 45 41 39 27 28 32 48 16 43 29 18 17 11 19 21 15 7 20 42 40 9 46 44 22 5 34 33 50 35 4 36 8 3 47 49 23 6 30 2 25 13 31 24 26 38 12 14 10 37 

Inst_Index:8033 	 City_Num:50 	 Concorde:0.058535 	 MCTS:5.853473 Improve:0.000000 	 Time:5.00 Seconds
Solution: 1 35 40 48 11 34 30 20 24 22 17 49 25 13 33 27 21 31 18 26 42 7 5 46 38 8 6 19 2 10 14 47 4 39 16 44 41 50 23 9 32 45 12 37 28 3 36 15 43 29 

Inst_Index:8034 	 City_Num:50 	 Concorde:0.052404 	 MCTS:5.240366 Improve:-0.000000 	 Time:5.00 Seconds
Solution: 1 39 25 21 6 49 11 34 35 12 50 32 45 48 42 37 41 29 16 47 10 23 40 24 15 22 46 17 26 2 31 14 28 36 3 27 5 8 4 9 43 30 33 7 44 18 38 13 19 20 

Inst_Index:8035 	 City_Num:50 	 Concorde:0.055100 	 MCTS:5.503918 Improve:0.006117 	 Time:5.01 Seconds
Solution: 1 36 44 29 12 7 11 13 47 15 35 48 8 10 9 34 37 38 23 19 26 24 16 45 50 39 33 17 18 32 21 14 5 42 3 46 43 30 40 31 49 6 22 20 28 27 2 41 4 25 

Inst_Index:8036 	 City_Num:50 	 Concorde:0.054027 	 MCTS:5.389867 Improve:0.012871 	 Time:5.00 Seconds
Solution: 1 5 17 48 15 26 43 34 33 23 31 44 13 24 47 38 19 21 4 11 8 12 22 6 35 40 14 25 46 3 32 27 39 16 9 37 49 36 45 10 30 28 42 20 41 29 2 18 7 50 

Inst_Index:8037 	 City_Num:50 	 Concorde:0.056729 	 MCTS:5.672933 Improve:-0.000000 	 Time:5.01 Seconds
Solution: 1 46 3 19 13 7 32 43 42 50 22 40 6 10 49 37 39 15 35 25 30 36 47 14 44 28 9 12 29 8 11 20 16 48 23 31 24 21 18 33 34 4 27 17 41 38 2 26 45 5 

Inst_Index:8038 	 City_Num:50 	 Concorde:0.056123 	 MCTS:5.612285 Improve:0.000000 	 Time:5.00 Seconds
Solution: 1 37 43 33 2 6 39 30 34 7 29 13 32 40 27 14 24 21 31 46 36 48 19 8 3 10 5 25 12 44 22 38 50 18 47 26 45 17 42 35 11 15 4 23 49 16 9 20 41 28 

Inst_Index:8039 	 City_Num:50 	 Concorde:0.055700 	 MCTS:5.569963 Improve:-0.000000 	 Time:5.00 Seconds
Solution: 1 10 31 40 13 20 44 2 18 17 3 23 33 22 46 29 38 12 26 45 37 48 9 36 39 42 34 30 5 21 47 27 4 50 19 14 6 7 28 15 32 24 49 25 16 43 35 11 8 41 

Inst_Index:8040 	 City_Num:50 	 Concorde:0.058853 	 MCTS:5.885270 Improve:0.000000 	 Time:5.00 Seconds
Solution: 1 47 43 16 40 42 7 15 28 20 31 49 25 36 29 18 26 38 41 17 5 3 22 12 50 37 30 33 9 13 24 44 6 48 35 21 23 2 46 8 11 45 14 34 39 4 10 27 32 19 

Inst_Index:8041 	 City_Num:50 	 Concorde:0.057525 	 MCTS:5.752505 Improve:-0.000000 	 Time:5.01 Seconds
Solution: 1 11 23 50 26 17 39 37 12 7 30 21 45 36 33 16 43 15 48 18 6 22 8 29 47 25 3 32 9 19 46 10 41 38 49 42 14 31 2 20 27 24 13 44 40 5 34 28 4 35 

Inst_Index:8042 	 City_Num:50 	 Concorde:0.053645 	 MCTS:5.362188 Improve:0.002329 	 Time:5.00 Seconds
Solution: 1 15 12 21 45 28 33 11 38 48 37 36 47 6 49 22 46 2 35 50 4 5 3 44 25 19 27 29 30 42 31 32 9 41 43 14 8 23 20 16 39 10 24 7 26 18 34 17 40 13 

Inst_Index:8043 	 City_Num:50 	 Concorde:0.053039 	 MCTS:5.325372 Improve:-0.021448 	 Time:5.00 Seconds
Solution: 1 14 27 28 8 7 5 35 42 16 12 44 48 45 21 4 11 37 23 6 2 36 40 33 15 49 43 41 46 10 31 30 47 25 50 18 24 9 29 22 19 20 34 3 39 32 13 26 38 17 

Inst_Index:8044 	 City_Num:50 	 Concorde:0.055108 	 MCTS:5.509341 Improve:0.001502 	 Time:5.00 Seconds
Solution: 1 2 7 44 35 38 45 22 4 34 25 6 27 26 39 46 37 30 18 31 20 5 23 42 43 12 3 10 16 15 13 49 33 14 24 28 29 19 9 41 11 21 50 47 36 8 40 32 48 17 

Inst_Index:8045 	 City_Num:50 	 Concorde:0.054864 	 MCTS:5.486418 Improve:0.000000 	 Time:5.00 Seconds
Solution: 1 26 37 29 2 5 13 11 36 3 46 24 22 4 40 50 6 48 43 17 47 19 21 16 41 7 18 30 15 49 35 9 34 45 10 12 32 14 23 44 42 27 39 28 20 31 25 8 33 38 

Inst_Index:8046 	 City_Num:50 	 Concorde:0.056896 	 MCTS:5.689569 Improve:0.000000 	 Time:5.00 Seconds
Solution: 1 5 45 10 17 23 26 39 49 2 14 9 12 15 33 47 20 37 22 16 32 43 48 11 46 38 3 19 35 4 44 13 30 24 18 6 29 8 34 50 42 31 27 36 21 41 7 28 40 25 

Inst_Index:8047 	 City_Num:50 	 Concorde:0.057194 	 MCTS:5.708457 Improve:0.010989 	 Time:5.00 Seconds
Solution: 1 18 8 19 47 21 5 16 11 28 49 22 13 45 33 17 41 15 43 34 27 42 7 2 29 6 46 4 25 26 35 14 37 24 30 23 32 38 20 12 48 31 36 10 50 40 39 44 3 9 

Inst_Index:8048 	 City_Num:50 	 Concorde:0.057734 	 MCTS:5.769782 Improve:0.003621 	 Time:5.00 Seconds
Solution: 1 14 41 16 47 29 32 43 38 8 3 9 11 19 26 12 49 7 44 6 33 2 39 45 20 4 10 35 31 18 28 21 27 46 30 25 23 13 36 37 48 42 24 15 34 50 40 17 22 5 

Inst_Index:8049 	 City_Num:50 	 Concorde:0.058958 	 MCTS:5.894410 Improve:0.001341 	 Time:5.01 Seconds
Solution: 1 27 29 31 3 47 20 33 32 30 25 44 41 10 45 9 36 34 6 49 35 50 11 37 13 5 4 38 28 14 16 42 8 40 43 48 24 22 19 7 15 21 2 18 23 12 17 46 26 39 

Inst_Index:8050 	 City_Num:50 	 Concorde:0.055496 	 MCTS:5.549629 Improve:-0.000000 	 Time:5.00 Seconds
Solution: 1 14 7 34 10 46 35 43 23 40 50 25 31 19 21 44 12 18 16 8 17 37 26 28 29 36 27 13 24 3 20 2 32 15 6 49 4 45 47 5 39 11 41 22 33 38 48 9 42 30 

Inst_Index:8051 	 City_Num:50 	 Concorde:0.058781 	 MCTS:5.878118 Improve:0.000000 	 Time:5.00 Seconds
Solution: 1 29 11 3 40 2 35 17 46 37 28 43 18 13 8 5 9 25 34 20 16 32 50 7 33 31 48 30 27 22 19 10 38 36 6 44 12 45 26 21 4 39 41 23 47 14 49 24 15 42 

Inst_Index:8052 	 City_Num:50 	 Concorde:0.057512 	 MCTS:5.751242 Improve:-0.000000 	 Time:5.00 Seconds
Solution: 1 10 36 41 25 16 19 9 50 4 24 44 43 33 47 32 45 29 3 28 20 39 34 18 8 30 31 22 35 21 14 49 42 7 12 46 2 38 17 40 5 6 26 37 23 15 13 11 27 48 

Inst_Index:8053 	 City_Num:50 	 Concorde:0.055286 	 MCTS:5.528618 Improve:-0.000000 	 Time:5.00 Seconds
Solution: 1 44 27 50 48 6 39 26 21 46 29 5 9 49 4 41 8 3 23 31 47 45 38 28 2 12 40 19 22 7 32 25 11 35 34 20 37 33 13 18 36 30 16 24 17 14 42 10 43 15 

Inst_Index:8054 	 City_Num:50 	 Concorde:0.056049 	 MCTS:5.603405 Improve:0.001519 	 Time:5.00 Seconds
Solution: 1 31 40 8 33 10 23 2 7 11 21 19 27 35 24 29 3 47 6 13 39 32 41 45 34 28 22 46 38 9 44 20 16 26 17 5 12 25 30 48 4 42 18 43 14 50 15 49 37 36 

Inst_Index:8055 	 City_Num:50 	 Concorde:0.053783 	 MCTS:5.378348 Improve:-0.000000 	 Time:5.01 Seconds
Solution: 1 33 9 32 11 43 40 24 8 16 25 2 10 50 29 7 14 27 38 26 30 42 3 48 19 23 31 21 6 39 49 22 46 37 20 45 18 28 41 13 47 35 12 4 5 15 34 17 36 44 

Inst_Index:8056 	 City_Num:50 	 Concorde:0.057434 	 MCTS:5.743440 Improve:0.000000 	 Time:5.00 Seconds
Solution: 1 32 34 26 21 45 19 15 14 4 42 48 36 43 18 6 11 50 20 35 3 24 8 47 17 7 49 33 38 41 46 25 22 30 39 23 29 10 5 27 9 37 2 13 16 12 44 31 28 40 

Inst_Index:8057 	 City_Num:50 	 Concorde:0.052439 	 MCTS:5.243908 Improve:0.000000 	 Time:5.00 Seconds
Solution: 1 45 13 11 22 36 47 32 42 10 29 18 3 17 50 27 35 26 14 28 37 6 4 21 19 9 15 34 23 30 8 24 16 48 25 2 46 43 12 38 39 33 44 41 7 40 49 5 20 31 

Inst_Index:8058 	 City_Num:50 	 Concorde:0.059208 	 MCTS:5.920839 Improve:0.000000 	 Time:5.00 Seconds
Solution: 1 10 37 32 19 31 2 29 38 35 25 11 7 6 34 46 22 12 41 36 42 20 13 21 3 8 14 43 45 27 28 39 47 30 16 4 23 48 5 9 26 40 44 33 24 15 50 18 17 49 

Inst_Index:8059 	 City_Num:50 	 Concorde:0.056982 	 MCTS:5.698219 Improve:-0.000000 	 Time:5.00 Seconds
Solution: 1 3 30 32 48 16 18 2 4 35 11 12 20 7 28 21 37 19 14 29 9 22 33 10 50 13 49 25 42 46 34 17 40 36 43 26 23 31 8 27 24 44 41 47 6 38 45 39 5 15 

Inst_Index:8060 	 City_Num:50 	 Concorde:0.059789 	 MCTS:5.978921 Improve:-0.000000 	 Time:5.00 Seconds
Solution: 1 34 20 15 42 35 32 16 45 39 37 7 3 46 40 47 41 2 27 49 14 30 19 5 44 24 25 26 10 29 11 4 8 9 23 50 31 28 17 48 38 21 18 13 6 33 43 22 36 12 

Inst_Index:8061 	 City_Num:50 	 Concorde:0.057189 	 MCTS:5.718906 Improve:-0.000000 	 Time:5.00 Seconds
Solution: 1 28 37 19 42 43 24 22 29 11 40 13 16 26 36 27 15 33 41 38 9 31 20 6 4 14 10 23 47 25 17 32 44 8 50 3 35 21 39 48 5 49 45 30 18 34 7 2 46 12 

Inst_Index:8062 	 City_Num:50 	 Concorde:0.054645 	 MCTS:5.464535 Improve:0.000000 	 Time:5.01 Seconds
Solution: 1 43 35 38 30 49 28 3 2 17 14 15 4 33 8 39 9 12 48 29 24 36 31 18 41 37 6 19 13 45 47 5 50 32 25 16 10 44 11 23 46 34 7 21 42 26 20 27 22 40 

Inst_Index:8063 	 City_Num:50 	 Concorde:0.055230 	 MCTS:5.522972 Improve:0.000000 	 Time:5.00 Seconds
Solution: 1 28 9 41 10 3 29 27 11 47 15 25 23 43 35 40 12 38 22 24 16 31 17 42 13 30 26 33 46 48 19 2 7 39 20 18 8 5 44 36 34 6 32 37 49 45 14 50 21 4 

Inst_Index:8064 	 City_Num:50 	 Concorde:0.060889 	 MCTS:6.088931 Improve:-0.000000 	 Time:5.00 Seconds
Solution: 1 28 25 31 40 10 23 5 36 20 43 35 15 21 26 38 45 48 2 30 49 44 6 33 50 19 37 27 16 3 7 41 17 11 13 14 46 42 34 12 8 9 29 47 22 24 4 18 32 39 

Inst_Index:8065 	 City_Num:50 	 Concorde:0.057118 	 MCTS:5.711804 Improve:0.000000 	 Time:5.00 Seconds
Solution: 1 9 39 46 17 12 18 35 48 2 21 36 29 49 27 11 16 5 30 47 50 6 37 22 15 7 14 4 24 40 3 28 8 45 33 10 13 34 23 20 25 19 26 31 42 32 41 43 44 38 

Inst_Index:8066 	 City_Num:50 	 Concorde:0.061572 	 MCTS:6.154202 Improve:0.002964 	 Time:5.00 Seconds
Solution: 1 19 39 47 2 17 27 23 8 7 44 48 6 9 38 5 41 31 12 46 11 35 29 45 16 42 15 49 43 3 50 40 22 34 21 26 24 14 37 18 10 20 4 25 30 32 28 36 33 13 

Inst_Index:8067 	 City_Num:50 	 Concorde:0.057209 	 MCTS:5.720868 Improve:0.000000 	 Time:5.00 Seconds
Solution: 1 31 45 26 39 29 28 10 8 15 36 11 21 32 48 42 2 27 43 30 38 33 19 35 22 3 18 5 16 34 47 4 41 46 9 40 7 17 23 6 44 24 13 25 50 12 49 14 20 37 

Inst_Index:8068 	 City_Num:50 	 Concorde:0.056830 	 MCTS:5.682985 Improve:0.000000 	 Time:5.00 Seconds
Solution: 1 17 7 37 44 19 12 49 41 15 24 35 26 5 28 47 25 33 20 30 39 6 36 13 3 50 22 27 45 16 43 2 21 11 29 31 48 4 9 34 14 32 10 40 42 46 23 38 18 8 

Inst_Index:8069 	 City_Num:50 	 Concorde:0.058799 	 MCTS:5.870505 Improve:0.009440 	 Time:5.00 Seconds
Solution: 1 15 29 13 24 31 50 8 37 43 10 48 35 3 26 20 46 4 6 44 33 36 16 7 30 39 25 19 34 5 23 41 42 22 28 2 11 9 21 49 27 17 45 12 14 47 32 38 18 40 

Inst_Index:8070 	 City_Num:50 	 Concorde:0.056438 	 MCTS:5.643813 Improve:0.000000 	 Time:5.00 Seconds
Solution: 1 15 18 28 16 9 17 21 43 31 3 38 35 30 27 33 26 20 6 7 45 44 24 10 14 4 40 25 49 46 19 50 47 42 48 34 37 41 32 23 22 12 29 13 8 36 39 11 5 2 

Inst_Index:8071 	 City_Num:50 	 Concorde:0.062120 	 MCTS:6.211196 Improve:0.000806 	 Time:5.01 Seconds
Solution: 1 16 31 3 10 45 8 7 6 28 34 19 49 30 23 41 44 9 12 20 24 2 25 35 32 21 11 43 15 40 5 42 47 27 39 38 17 29 26 37 22 36 46 18 50 33 4 13 14 48 

Inst_Index:8072 	 City_Num:50 	 Concorde:0.057926 	 MCTS:5.792631 Improve:0.000000 	 Time:5.00 Seconds
Solution: 1 11 49 17 18 29 34 15 10 16 31 47 32 28 36 9 41 7 24 21 22 45 39 27 19 38 8 35 13 4 14 42 44 12 26 25 48 37 33 6 40 43 2 20 5 23 30 46 50 3 

Inst_Index:8073 	 City_Num:50 	 Concorde:0.057395 	 MCTS:5.739373 Improve:0.000121 	 Time:5.00 Seconds
Solution: 1 18 10 23 41 14 37 33 20 3 47 35 44 12 27 11 50 16 9 30 45 22 48 4 46 49 32 40 39 29 21 42 25 24 5 13 6 19 17 2 31 15 36 28 8 26 34 43 38 7 

Inst_Index:8074 	 City_Num:50 	 Concorde:0.051322 	 MCTS:5.132173 Improve:0.000000 	 Time:5.01 Seconds
Solution: 1 24 5 20 18 31 2 15 43 29 28 44 8 13 30 42 48 9 46 25 10 50 3 17 26 16 45 36 4 19 38 22 39 34 33 40 23 21 27 49 47 6 32 7 41 35 11 37 14 12 

Inst_Index:8075 	 City_Num:50 	 Concorde:0.056035 	 MCTS:5.596626 Improve:0.006901 	 Time:5.00 Seconds
Solution: 1 46 36 24 44 42 6 47 11 26 32 8 30 16 21 5 9 31 10 25 15 19 2 43 22 27 12 48 3 40 23 34 39 41 14 38 17 50 35 7 4 33 45 49 13 18 28 20 29 37 

Inst_Index:8076 	 City_Num:50 	 Concorde:0.053501 	 MCTS:5.350089 Improve:0.000000 	 Time:5.01 Seconds
Solution: 1 16 18 31 23 36 4 12 49 40 48 35 6 43 15 25 29 2 11 30 41 14 7 10 38 50 46 22 19 5 37 17 3 27 42 47 44 9 39 28 34 20 24 8 33 21 13 26 32 45 

Inst_Index:8077 	 City_Num:50 	 Concorde:0.058456 	 MCTS:5.845592 Improve:-0.000000 	 Time:5.01 Seconds
Solution: 1 26 9 23 15 30 3 50 21 29 39 7 35 42 28 47 46 6 2 27 48 22 41 43 4 49 24 5 37 16 17 33 12 34 11 40 10 19 31 38 8 36 18 25 32 45 44 20 13 14 

Inst_Index:8078 	 City_Num:50 	 Concorde:0.059100 	 MCTS:5.905659 Improve:0.004381 	 Time:5.00 Seconds
Solution: 1 14 9 37 29 35 41 4 31 46 45 6 48 8 34 44 50 26 20 32 38 7 3 11 30 43 42 23 16 10 36 24 39 27 49 21 19 15 47 25 5 18 13 22 28 33 2 12 40 17 

Inst_Index:8079 	 City_Num:50 	 Concorde:0.058069 	 MCTS:5.806928 Improve:0.000000 	 Time:5.01 Seconds
Solution: 1 35 31 49 8 16 22 34 12 39 44 30 18 47 10 3 41 21 42 32 6 46 7 4 26 43 36 24 50 15 5 25 33 23 17 29 2 37 9 11 19 28 40 45 27 38 20 13 14 48 

Inst_Index:8080 	 City_Num:50 	 Concorde:0.055109 	 MCTS:5.506085 Improve:0.004839 	 Time:5.00 Seconds
Solution: 1 3 13 39 4 17 12 24 42 7 22 15 5 16 45 23 50 28 8 26 47 49 46 37 38 34 25 35 21 9 43 27 36 11 48 30 6 44 2 40 32 18 19 29 33 20 41 31 10 14 

Inst_Index:8081 	 City_Num:50 	 Concorde:0.055843 	 MCTS:5.584256 Improve:-0.000000 	 Time:5.00 Seconds
Solution: 1 46 33 6 35 22 8 17 16 48 30 50 40 20 19 38 45 7 11 49 21 43 29 39 24 2 27 12 10 13 47 26 44 42 36 14 41 32 25 18 34 9 4 37 3 23 31 28 5 15 

Inst_Index:8082 	 City_Num:50 	 Concorde:0.059399 	 MCTS:5.934442 Improve:0.005488 	 Time:5.01 Seconds
Solution: 1 16 36 49 26 31 47 50 21 2 4 42 10 30 20 38 8 39 15 23 3 24 35 14 25 9 46 48 7 28 18 11 13 32 6 33 41 19 44 29 43 17 27 22 37 5 40 45 34 12 

Inst_Index:8083 	 City_Num:50 	 Concorde:0.060365 	 MCTS:6.036546 Improve:0.000000 	 Time:5.01 Seconds
Solution: 1 10 45 8 35 11 5 4 42 23 31 37 47 6 14 43 34 22 15 21 46 26 17 20 38 40 44 19 9 2 7 16 18 39 33 12 13 25 29 27 24 28 3 48 36 30 32 41 50 49 

Inst_Index:8084 	 City_Num:50 	 Concorde:0.057863 	 MCTS:5.780791 Improve:0.005521 	 Time:5.01 Seconds
Solution: 1 30 40 18 32 27 13 6 21 44 43 28 20 29 3 25 35 38 5 9 42 2 7 49 23 16 4 31 36 39 50 8 48 10 26 17 47 15 37 45 34 24 19 11 46 14 12 22 41 33 

Inst_Index:8085 	 City_Num:50 	 Concorde:0.055325 	 MCTS:5.532519 Improve:0.000000 	 Time:5.02 Seconds
Solution: 1 38 25 43 24 26 2 9 3 27 39 8 15 21 19 40 37 14 49 46 28 12 48 6 47 30 34 17 22 10 45 7 29 16 11 42 33 23 20 50 41 32 5 18 35 4 36 44 13 31 

Inst_Index:8086 	 City_Num:50 	 Concorde:0.058743 	 MCTS:5.874335 Improve:-0.000000 	 Time:5.00 Seconds
Solution: 1 14 8 16 4 50 34 47 20 40 43 12 2 19 21 37 45 5 35 32 33 10 27 36 29 46 25 26 13 31 17 7 24 44 23 30 42 15 28 9 49 22 3 41 18 39 11 38 48 6 

Inst_Index:8087 	 City_Num:50 	 Concorde:0.058225 	 MCTS:5.819838 Improve:0.002618 	 Time:5.01 Seconds
Solution: 1 47 38 14 30 18 48 6 17 43 44 20 50 37 33 9 35 13 15 8 49 32 16 34 7 2 36 21 12 41 25 24 42 4 5 3 27 40 29 39 23 28 26 10 11 19 22 31 45 46 

Inst_Index:8088 	 City_Num:50 	 Concorde:0.055720 	 MCTS:5.570382 Improve:0.001635 	 Time:5.00 Seconds
Solution: 1 38 44 43 48 18 33 41 45 26 30 10 12 23 21 47 27 6 35 20 13 36 24 11 22 40 9 31 15 25 19 29 32 49 14 50 28 2 37 8 46 16 4 7 5 39 34 17 3 42 

Inst_Index:8089 	 City_Num:50 	 Concorde:0.055496 	 MCTS:5.549644 Improve:-0.000000 	 Time:5.01 Seconds
Solution: 1 45 25 41 12 15 9 48 21 24 47 22 31 3 10 40 4 29 34 28 32 46 27 18 26 14 6 2 36 50 19 8 49 7 44 13 17 30 35 42 38 39 33 20 11 5 16 43 23 37 

Inst_Index:8090 	 City_Num:50 	 Concorde:0.053431 	 MCTS:5.335541 Improve:0.007577 	 Time:5.00 Seconds
Solution: 1 45 23 18 32 5 11 16 4 44 13 39 9 48 31 17 29 46 27 24 41 20 47 2 38 22 10 28 19 50 42 7 37 3 21 14 36 15 8 34 33 49 12 25 35 6 30 26 43 40 

Inst_Index:8091 	 City_Num:50 	 Concorde:0.057723 	 MCTS:5.772298 Improve:0.000000 	 Time:5.01 Seconds
Solution: 1 16 29 33 26 10 12 44 28 8 7 17 19 50 20 31 41 4 34 38 21 9 3 35 45 30 5 2 42 37 13 49 24 18 22 46 32 48 40 14 15 39 6 47 23 36 43 11 27 25 

Inst_Index:8092 	 City_Num:50 	 Concorde:0.055550 	 MCTS:5.554987 Improve:0.000000 	 Time:5.01 Seconds
Solution: 1 7 37 11 22 29 40 18 39 9 24 50 45 27 30 34 19 28 14 33 38 5 21 42 35 25 46 10 48 47 36 3 2 4 23 13 26 31 17 44 8 32 41 12 43 49 6 16 15 20 

Inst_Index:8093 	 City_Num:50 	 Concorde:0.056662 	 MCTS:5.664626 Improve:0.001581 	 Time:5.01 Seconds
Solution: 1 27 43 11 30 45 39 7 32 24 4 48 8 42 22 20 46 9 12 47 5 13 18 37 49 28 33 44 16 29 23 14 41 10 50 15 36 21 25 17 19 38 6 35 2 3 40 34 26 31 

Inst_Index:8094 	 City_Num:50 	 Concorde:0.056062 	 MCTS:5.606190 Improve:0.000000 	 Time:5.00 Seconds
Solution: 1 16 42 29 32 33 17 34 9 44 47 18 15 20 25 36 3 8 30 4 11 28 35 39 38 19 27 26 41 43 50 49 7 5 48 40 31 46 21 45 24 22 37 6 10 2 14 23 12 13 

Inst_Index:8095 	 City_Num:50 	 Concorde:0.058182 	 MCTS:5.816076 Improve:0.002084 	 Time:5.01 Seconds
Solution: 1 26 2 45 7 40 35 15 5 10 30 21 19 16 37 9 47 20 41 32 4 48 46 34 14 8 50 28 13 29 3 39 24 12 23 31 43 22 6 11 18 36 38 44 25 27 17 33 49 42 

Inst_Index:8096 	 City_Num:50 	 Concorde:0.056702 	 MCTS:5.670192 Improve:0.000000 	 Time:5.00 Seconds
Solution: 1 20 35 36 47 17 9 16 44 39 18 14 19 2 42 5 33 30 40 4 6 31 10 24 46 34 37 43 41 13 49 23 15 8 12 38 11 25 32 28 48 22 45 27 26 29 50 7 21 3 

Inst_Index:8097 	 City_Num:50 	 Concorde:0.059918 	 MCTS:5.991841 Improve:0.000000 	 Time:5.00 Seconds
Solution: 1 49 50 31 2 42 12 13 10 4 24 9 18 40 20 6 25 44 35 34 5 11 7 33 38 16 19 39 26 29 32 43 46 14 37 48 47 21 15 45 41 27 8 28 22 3 23 17 36 30 

Inst_Index:8098 	 City_Num:50 	 Concorde:0.059389 	 MCTS:5.938927 Improve:0.000000 	 Time:5.00 Seconds
Solution: 1 28 29 19 31 16 48 22 24 5 9 18 15 2 14 47 8 36 3 12 32 10 25 34 6 50 27 21 26 23 42 38 11 44 33 49 4 20 39 35 37 43 7 30 17 13 45 41 40 46 

Inst_Index:8099 	 City_Num:50 	 Concorde:0.059008 	 MCTS:5.898381 Improve:0.002460 	 Time:5.01 Seconds
Solution: 1 44 16 6 11 39 17 37 2 33 48 8 45 40 13 10 18 3 28 22 49 30 38 27 5 47 19 36 7 29 12 26 41 9 4 25 23 42 14 34 20 50 46 35 32 43 31 21 24 15 

Inst_Index:8100 	 City_Num:50 	 Concorde:0.057632 	 MCTS:5.763215 Improve:0.000000 	 Time:5.01 Seconds
Solution: 1 10 19 46 4 18 6 11 43 35 42 49 23 38 44 21 45 32 48 2 17 31 33 3 14 37 34 26 50 16 27 15 5 28 41 30 47 36 9 13 40 22 39 25 8 29 24 12 20 7 

Inst_Index:8101 	 City_Num:50 	 Concorde:0.058369 	 MCTS:5.836928 Improve:0.000000 	 Time:5.01 Seconds
Solution: 1 12 28 35 2 21 47 41 34 45 31 36 9 40 17 38 26 16 23 25 18 37 14 32 29 49 3 11 19 24 5 27 48 30 15 50 10 42 43 46 20 7 6 44 33 4 13 39 22 8 

Inst_Index:8102 	 City_Num:50 	 Concorde:0.056514 	 MCTS:5.651367 Improve:0.000000 	 Time:5.01 Seconds
Solution: 1 27 30 34 33 50 44 24 3 6 12 42 8 38 31 19 20 15 25 45 28 32 21 29 36 48 49 4 14 37 7 26 17 35 22 46 2 40 23 11 13 18 9 41 39 47 43 16 10 5 

Inst_Index:8103 	 City_Num:50 	 Concorde:0.055196 	 MCTS:5.538917 Improve:-0.019315 	 Time:5.00 Seconds
Solution: 1 4 7 43 45 8 15 21 27 16 28 11 6 38 40 23 29 24 47 3 30 46 32 26 41 19 42 39 25 14 36 20 12 31 13 17 18 49 50 22 48 10 5 35 33 34 37 44 9 2 

Inst_Index:8104 	 City_Num:50 	 Concorde:0.050872 	 MCTS:5.086176 Improve:0.000998 	 Time:5.00 Seconds
Solution: 1 32 33 3 35 11 14 18 37 25 24 19 16 21 2 27 26 50 41 34 45 20 29 6 7 4 12 39 42 40 43 9 15 46 23 48 47 38 28 5 31 44 22 17 30 10 8 36 49 13 

Inst_Index:8105 	 City_Num:50 	 Concorde:0.054280 	 MCTS:5.428044 Improve:0.000000 	 Time:5.00 Seconds
Solution: 1 15 17 2 42 30 16 26 38 37 23 49 29 43 39 21 4 33 14 6 40 22 46 13 24 44 9 12 31 47 11 48 41 5 8 7 18 45 20 35 27 32 25 10 34 19 50 28 36 3 

Inst_Index:8106 	 City_Num:50 	 Concorde:0.056920 	 MCTS:5.685399 Improve:0.006611 	 Time:5.00 Seconds
Solution: 1 23 15 31 42 35 44 45 50 13 25 29 22 41 11 39 18 34 32 16 27 14 5 30 17 3 20 33 40 24 37 7 21 6 28 46 48 9 47 36 12 43 2 26 4 49 8 19 10 38 

Inst_Index:8107 	 City_Num:50 	 Concorde:0.061419 	 MCTS:6.137123 Improve:0.004751 	 Time:5.00 Seconds
Solution: 1 42 4 9 32 15 38 16 24 7 28 3 2 5 44 50 22 17 30 41 43 36 13 23 25 33 48 12 8 10 49 39 35 31 40 21 11 20 6 29 14 37 47 46 26 45 18 27 34 19 

Inst_Index:8108 	 City_Num:50 	 Concorde:0.055671 	 MCTS:5.565213 Improve:0.001857 	 Time:5.00 Seconds
Solution: 1 27 4 35 18 48 37 5 43 24 36 10 11 2 23 31 49 17 44 29 16 20 47 15 7 45 25 6 40 30 21 22 28 46 33 50 39 14 38 42 13 8 41 19 32 9 34 26 3 12 

Inst_Index:8109 	 City_Num:50 	 Concorde:0.057443 	 MCTS:5.744302 Improve:0.000000 	 Time:5.01 Seconds
Solution: 1 46 29 16 43 15 27 20 11 40 50 14 45 28 2 31 10 8 17 33 19 4 23 21 35 48 44 36 32 39 24 22 38 12 42 41 49 30 9 26 34 7 13 37 5 3 47 6 18 25 

Inst_Index:8110 	 City_Num:50 	 Concorde:0.057452 	 MCTS:5.745175 Improve:-0.000000 	 Time:5.00 Seconds
Solution: 1 13 16 15 28 6 12 22 25 46 21 14 42 20 37 29 41 48 50 40 47 35 10 32 19 7 24 9 26 31 36 17 34 18 45 27 39 33 44 43 5 8 4 30 49 23 3 11 38 2 

Inst_Index:8111 	 City_Num:50 	 Concorde:0.058949 	 MCTS:5.894876 Improve:0.000000 	 Time:5.00 Seconds
Solution: 1 18 40 5 39 44 48 24 10 26 33 31 7 42 29 20 27 45 46 3 38 32 37 22 49 19 13 34 36 8 35 17 28 41 12 16 6 15 30 47 25 9 21 2 14 4 11 23 50 43 

Inst_Index:8112 	 City_Num:50 	 Concorde:0.060801 	 MCTS:6.080089 Improve:-0.000000 	 Time:5.00 Seconds
Solution: 1 28 44 11 24 27 23 7 37 3 38 32 2 49 43 31 10 16 33 39 50 21 35 40 6 12 13 42 46 14 19 48 36 34 17 20 47 4 30 29 22 5 18 45 15 26 9 41 8 25 

Inst_Index:8113 	 City_Num:50 	 Concorde:0.053827 	 MCTS:5.382675 Improve:0.000000 	 Time:5.00 Seconds
Solution: 1 31 3 12 44 41 24 15 9 7 23 34 16 49 22 47 17 40 37 33 26 18 14 28 8 5 25 32 35 21 11 38 29 27 42 50 10 6 2 48 13 19 46 45 36 30 20 39 4 43 

Inst_Index:8114 	 City_Num:50 	 Concorde:0.059349 	 MCTS:5.934882 Improve:0.000000 	 Time:5.00 Seconds
Solution: 1 35 13 11 39 38 24 3 48 8 9 44 25 42 46 41 29 14 2 4 17 26 10 45 43 15 7 6 49 27 16 36 31 28 18 23 34 19 30 32 22 12 40 50 5 47 33 20 37 21 

Inst_Index:8115 	 City_Num:50 	 Concorde:0.056229 	 MCTS:5.620269 Improve:0.002621 	 Time:5.01 Seconds
Solution: 1 38 22 29 35 13 11 20 33 30 40 18 27 32 4 23 19 28 36 2 10 37 7 15 50 49 44 9 41 43 17 34 14 21 16 12 42 31 6 46 3 5 48 8 26 47 25 39 24 45 

Inst_Index:8116 	 City_Num:50 	 Concorde:0.059074 	 MCTS:5.907357 Improve:0.000000 	 Time:5.00 Seconds
Solution: 1 12 5 47 23 49 50 43 25 13 45 3 31 8 7 34 42 18 21 9 26 44 46 30 19 41 14 33 36 32 15 4 6 10 27 16 35 17 40 28 37 29 48 22 39 24 11 20 2 38 

Inst_Index:8117 	 City_Num:50 	 Concorde:0.057720 	 MCTS:5.769202 Improve:0.002832 	 Time:5.00 Seconds
Solution: 1 42 29 33 37 44 49 26 13 15 41 18 16 50 4 17 46 40 12 47 6 34 21 43 2 39 7 38 32 45 24 22 5 36 35 20 28 30 48 31 19 27 23 11 10 8 14 25 9 3 

Inst_Index:8118 	 City_Num:50 	 Concorde:0.056710 	 MCTS:5.701047 Improve:-0.030007 	 Time:5.01 Seconds
Solution: 1 30 16 31 35 27 13 19 41 39 9 26 45 15 47 18 34 29 17 43 49 23 42 25 5 3 46 12 2 40 24 11 20 28 6 4 10 22 7 36 32 8 14 50 37 38 33 48 21 44 

Inst_Index:8119 	 City_Num:50 	 Concorde:0.053582 	 MCTS:5.358222 Improve:0.000000 	 Time:5.01 Seconds
Solution: 1 3 12 21 6 9 42 20 36 40 43 23 45 18 30 29 32 2 35 50 8 46 14 44 7 22 41 15 39 4 31 26 38 34 25 27 5 24 37 11 28 48 33 10 49 47 17 13 19 16 

Inst_Index:8120 	 City_Num:50 	 Concorde:0.058901 	 MCTS:5.890069 Improve:0.000000 	 Time:5.00 Seconds
Solution: 1 35 43 11 46 36 13 44 41 10 37 19 25 31 26 20 8 16 50 38 45 47 30 33 6 21 7 17 40 34 9 39 29 12 14 5 24 15 4 18 22 28 32 27 49 42 23 48 2 3 

Inst_Index:8121 	 City_Num:50 	 Concorde:0.061727 	 MCTS:6.172682 Improve:0.000000 	 Time:5.00 Seconds
Solution: 1 13 39 46 8 2 28 35 38 6 41 21 3 31 18 14 24 42 34 4 16 47 19 36 45 37 50 48 17 12 27 29 15 9 22 5 7 11 10 33 44 30 32 26 49 43 23 40 20 25 

Inst_Index:8122 	 City_Num:50 	 Concorde:0.057631 	 MCTS:5.763147 Improve:0.000000 	 Time:5.01 Seconds
Solution: 1 26 18 31 24 42 44 5 19 9 34 7 49 40 30 6 10 48 4 50 16 37 38 41 43 29 21 36 22 33 13 32 14 23 46 20 28 3 35 12 15 45 8 47 11 17 27 2 25 39 

Inst_Index:8123 	 City_Num:50 	 Concorde:0.059157 	 MCTS:5.911938 Improve:0.003769 	 Time:5.01 Seconds
Solution: 1 23 21 6 7 10 3 43 25 45 5 50 26 33 42 18 27 15 17 9 22 28 14 39 40 41 35 46 44 31 34 32 48 47 49 36 2 24 29 16 19 4 13 38 37 30 11 20 8 12 

Inst_Index:8124 	 City_Num:50 	 Concorde:0.058570 	 MCTS:5.856998 Improve:0.000000 	 Time:5.00 Seconds
Solution: 1 46 19 3 7 41 31 25 45 11 21 32 14 10 33 42 48 50 47 17 29 4 22 16 15 40 23 36 34 6 12 43 44 38 13 37 39 30 2 24 18 28 26 27 49 9 5 35 20 8 

Inst_Index:8125 	 City_Num:50 	 Concorde:0.058322 	 MCTS:5.831729 Improve:0.000443 	 Time:5.00 Seconds
Solution: 1 9 6 24 10 35 22 2 4 42 50 38 3 23 5 47 48 29 31 17 20 43 34 21 16 26 8 11 41 37 7 19 25 30 15 32 40 45 44 46 36 33 13 12 18 28 27 39 14 49 

Inst_Index:8126 	 City_Num:50 	 Concorde:0.057081 	 MCTS:5.708191 Improve:-0.000072 	 Time:5.00 Seconds
Solution: 1 27 41 43 28 24 22 50 30 14 25 8 31 32 9 40 47 37 23 3 36 2 38 13 10 35 5 45 18 33 15 19 34 4 17 7 16 21 11 20 42 26 49 12 46 48 29 44 6 39 

Inst_Index:8127 	 City_Num:50 	 Concorde:0.057804 	 MCTS:5.779770 Improve:0.000646 	 Time:5.00 Seconds
Solution: 1 11 47 24 37 8 42 36 43 35 3 13 31 46 33 32 27 28 17 38 2 41 30 4 50 44 9 16 34 10 14 29 26 19 7 20 6 48 18 40 25 12 45 5 49 39 15 21 23 22 

Inst_Index:8128 	 City_Num:50 	 Concorde:0.058728 	 MCTS:5.869475 Improve:0.003334 	 Time:5.00 Seconds
Solution: 1 47 2 20 16 31 46 33 39 14 8 26 32 41 44 42 49 15 9 29 5 34 3 50 17 4 27 12 38 37 40 11 25 22 13 18 23 45 10 6 30 19 24 21 48 36 43 35 28 7 

Inst_Index:8129 	 City_Num:50 	 Concorde:0.055790 	 MCTS:5.578991 Improve:0.000000 	 Time:5.00 Seconds
Solution: 1 3 26 17 37 14 8 24 40 19 44 34 32 20 2 23 22 13 15 9 38 42 7 33 28 49 4 29 6 5 25 45 21 41 12 48 36 16 50 39 31 27 46 11 18 47 30 35 43 10 

Inst_Index:8130 	 City_Num:50 	 Concorde:0.053406 	 MCTS:5.340590 Improve:0.000000 	 Time:5.00 Seconds
Solution: 1 23 8 49 12 36 16 40 10 37 19 3 31 39 44 4 15 11 29 33 20 13 47 21 24 41 7 46 38 28 2 26 27 30 22 5 42 14 17 18 9 48 43 35 25 34 50 45 6 32 

Inst_Index:8131 	 City_Num:50 	 Concorde:0.059651 	 MCTS:5.965096 Improve:0.000000 	 Time:5.00 Seconds
Solution: 1 10 21 32 39 15 31 50 45 2 36 49 35 19 22 24 28 4 18 41 13 16 26 11 14 9 38 33 25 43 5 27 6 17 12 40 7 44 20 8 46 37 3 29 48 47 42 34 30 23 

Inst_Index:8132 	 City_Num:50 	 Concorde:0.058449 	 MCTS:5.844898 Improve:0.000000 	 Time:5.01 Seconds
Solution: 1 40 46 26 2 19 45 47 37 20 42 43 12 18 36 15 39 49 16 10 30 23 14 33 50 5 25 11 21 3 27 6 28 17 48 7 13 31 29 34 22 24 4 9 44 32 38 8 35 41 

Inst_Index:8133 	 City_Num:50 	 Concorde:0.053663 	 MCTS:5.362609 Improve:0.003673 	 Time:5.00 Seconds
Solution: 1 7 35 5 38 42 24 44 10 22 16 45 48 37 25 3 33 50 11 32 19 30 39 18 9 12 34 49 23 46 21 47 41 27 14 26 43 17 36 13 29 4 8 40 20 6 15 31 2 28 

Inst_Index:8134 	 City_Num:50 	 Concorde:0.053894 	 MCTS:5.389388 Improve:0.000000 	 Time:5.00 Seconds
Solution: 1 25 39 24 29 18 15 10 6 50 12 23 3 4 48 40 11 21 45 2 44 31 36 17 28 33 9 7 19 27 42 22 35 34 47 14 49 20 43 32 30 37 46 8 26 41 5 13 16 38 

Inst_Index:8135 	 City_Num:50 	 Concorde:0.054075 	 MCTS:5.407522 Improve:-0.000000 	 Time:5.00 Seconds
Solution: 1 49 28 26 14 7 8 32 22 45 25 15 21 11 24 30 36 17 23 39 5 40 19 13 33 42 9 27 47 43 3 44 6 31 37 12 18 50 34 4 10 46 35 48 20 2 38 16 29 41 

Inst_Index:8136 	 City_Num:50 	 Concorde:0.058138 	 MCTS:5.813752 Improve:0.000000 	 Time:5.00 Seconds
Solution: 1 33 7 5 42 39 43 31 2 49 17 37 21 40 26 34 16 14 48 18 41 32 10 23 9 28 27 25 24 38 46 36 15 50 8 47 19 29 12 30 20 4 3 45 11 6 22 35 44 13 

Inst_Index:8137 	 City_Num:50 	 Concorde:0.054152 	 MCTS:5.410712 Improve:0.004518 	 Time:5.02 Seconds
Solution: 1 2 45 31 29 14 23 36 5 39 49 27 21 46 19 48 33 30 15 9 38 6 34 17 24 22 26 20 12 40 11 25 8 16 42 41 47 43 7 28 37 18 13 10 50 3 44 4 32 35 

Inst_Index:8138 	 City_Num:50 	 Concorde:0.057103 	 MCTS:5.710312 Improve:0.000000 	 Time:5.00 Seconds
Solution: 1 23 12 40 17 15 31 4 25 9 49 7 34 35 38 19 32 20 18 14 24 13 37 42 41 16 39 27 5 2 21 28 33 46 50 45 48 11 10 8 22 30 47 36 3 6 26 43 44 29 


Avg_Concorde_Distance: 5.703740 Avg_MCTS_Distance: 5.702820 Avg_Gap: -0.000160 Total_Time: 1566.84 Seconds 
 Beat_Best_Known_Times: 113 Match_Best_Known_Times: 191 Miss_Best_Known_Times: 9 
