Number_of_Instances_In_Current_Batch: 313

Inst_Index:6887 	 City_Num:50 	 Concorde:0.057898 	 MCTS:5.789755 Improve:0.000000 	 Time:5.01 Seconds
Solution: 1 19 9 22 3 14 36 8 33 15 21 48 32 10 35 42 16 50 18 28 30 4 39 49 24 13 25 41 44 37 47 23 29 46 31 26 34 38 20 45 17 6 40 7 5 2 11 27 43 12 

Inst_Index:6888 	 City_Num:50 	 Concorde:0.056705 	 MCTS:5.670506 Improve:0.000000 	 Time:5.00 Seconds
Solution: 1 36 34 21 5 48 50 24 11 19 6 2 13 25 23 20 30 44 3 12 33 16 8 26 42 27 29 39 15 22 40 49 37 7 35 28 46 18 17 32 45 38 10 43 4 9 14 47 41 31 

Inst_Index:6889 	 City_Num:50 	 Concorde:0.056812 	 MCTS:5.681173 Improve:0.000000 	 Time:5.00 Seconds
Solution: 1 28 49 41 47 35 5 18 24 45 33 23 4 2 50 13 30 19 25 32 14 34 27 43 26 20 48 36 12 44 38 8 29 10 3 22 6 40 11 46 9 17 31 39 16 21 15 7 42 37 

Inst_Index:6890 	 City_Num:50 	 Concorde:0.058538 	 MCTS:5.853788 Improve:0.000000 	 Time:5.01 Seconds
Solution: 1 34 27 23 2 22 12 42 26 37 45 41 18 4 17 21 43 11 32 24 19 39 50 33 3 10 6 46 7 28 15 9 16 38 30 49 5 44 25 48 47 31 20 29 40 35 13 36 8 14 

Inst_Index:6891 	 City_Num:50 	 Concorde:0.060854 	 MCTS:6.085440 Improve:0.000000 	 Time:5.00 Seconds
Solution: 1 41 24 17 37 42 35 47 44 11 21 19 12 49 20 32 33 22 16 15 2 46 28 5 18 13 43 6 39 45 4 8 9 10 27 25 29 26 50 23 7 36 48 31 14 3 34 38 30 40 

Inst_Index:6892 	 City_Num:50 	 Concorde:0.059575 	 MCTS:5.947687 Improve:0.009768 	 Time:5.00 Seconds
Solution: 1 42 26 11 25 12 5 6 3 34 16 40 15 48 35 13 19 4 17 32 10 2 14 28 41 24 29 47 30 49 44 21 46 7 36 23 31 33 43 22 18 37 20 8 9 38 39 50 45 27 

Inst_Index:6893 	 City_Num:50 	 Concorde:0.055970 	 MCTS:5.597014 Improve:0.000000 	 Time:5.00 Seconds
Solution: 1 19 9 27 38 40 32 25 44 7 42 8 39 13 3 41 20 21 12 11 5 33 26 23 36 35 49 2 10 24 6 45 46 34 48 18 50 47 31 4 15 30 14 17 28 37 29 43 22 16 

Inst_Index:6894 	 City_Num:50 	 Concorde:0.058271 	 MCTS:5.827074 Improve:0.000000 	 Time:5.00 Seconds
Solution: 1 22 15 47 40 17 35 30 21 14 2 50 41 5 16 3 11 33 36 23 6 13 20 27 4 42 8 25 49 44 43 10 12 34 32 28 24 37 19 29 39 38 45 46 48 31 9 7 18 26 

Inst_Index:6895 	 City_Num:50 	 Concorde:0.054690 	 MCTS:5.469041 Improve:-0.000000 	 Time:5.00 Seconds
Solution: 1 37 23 3 19 46 34 20 10 32 12 21 36 35 25 27 31 6 40 45 14 11 15 5 42 13 41 47 2 50 38 30 48 43 18 7 39 49 33 16 26 24 22 8 4 28 17 29 9 44 

Inst_Index:6896 	 City_Num:50 	 Concorde:0.057644 	 MCTS:5.763872 Improve:0.000549 	 Time:5.00 Seconds
Solution: 1 39 21 34 8 28 29 41 48 38 40 3 6 12 20 45 9 26 49 46 30 10 33 11 14 2 16 25 44 23 37 42 43 36 47 32 22 24 35 18 17 50 5 19 31 15 13 7 27 4 

Inst_Index:6897 	 City_Num:50 	 Concorde:0.061794 	 MCTS:6.179362 Improve:0.000000 	 Time:5.01 Seconds
Solution: 1 20 9 35 11 5 15 49 32 7 8 36 47 30 17 4 50 28 45 26 25 22 12 19 38 16 34 27 2 40 18 6 44 37 13 39 41 23 24 10 31 42 43 21 14 29 48 46 33 3 

Inst_Index:6898 	 City_Num:50 	 Concorde:0.056576 	 MCTS:5.657594 Improve:0.000000 	 Time:5.00 Seconds
Solution: 1 5 8 36 31 13 15 40 35 22 2 32 10 30 16 25 41 33 17 37 44 47 34 3 20 21 26 11 28 18 6 38 14 50 48 23 19 39 43 29 12 4 42 46 45 27 24 7 49 9 

Inst_Index:6899 	 City_Num:50 	 Concorde:0.056352 	 MCTS:5.635165 Improve:-0.000000 	 Time:5.00 Seconds
Solution: 1 20 19 12 18 11 21 43 26 28 44 14 7 9 30 10 15 38 45 46 6 39 47 8 50 27 35 31 23 33 4 48 3 36 41 29 34 2 42 37 17 24 13 32 40 5 22 16 25 49 

Inst_Index:6900 	 City_Num:50 	 Concorde:0.053452 	 MCTS:5.345196 Improve:0.000000 	 Time:5.00 Seconds
Solution: 1 38 29 16 24 18 15 14 42 19 50 11 43 13 21 6 3 5 12 27 47 2 28 25 32 48 41 7 40 49 4 45 36 44 8 20 26 33 37 22 17 10 23 46 34 31 30 35 39 9 

Inst_Index:6901 	 City_Num:50 	 Concorde:0.060702 	 MCTS:6.070241 Improve:-0.000000 	 Time:5.00 Seconds
Solution: 1 34 11 45 39 3 36 19 43 5 4 23 41 2 38 25 17 12 50 16 44 31 18 8 10 24 20 28 14 6 29 37 26 9 40 46 13 7 27 15 47 22 42 21 35 30 48 49 33 32 

Inst_Index:6902 	 City_Num:50 	 Concorde:0.058779 	 MCTS:5.877856 Improve:0.000000 	 Time:5.01 Seconds
Solution: 1 31 10 45 27 33 24 28 35 17 15 38 22 50 49 36 25 11 7 20 32 3 44 14 46 6 47 29 18 34 26 21 41 40 12 43 19 30 4 16 9 5 37 42 48 8 2 23 39 13 

Inst_Index:6903 	 City_Num:50 	 Concorde:0.059113 	 MCTS:5.911325 Improve:0.000000 	 Time:5.00 Seconds
Solution: 1 15 20 32 38 19 17 36 3 9 48 29 43 47 30 26 25 39 12 33 7 42 49 44 21 28 22 46 37 24 35 34 45 18 5 50 2 40 13 27 6 23 8 14 11 31 16 41 4 10 

Inst_Index:6904 	 City_Num:50 	 Concorde:0.055303 	 MCTS:5.521391 Improve:0.008883 	 Time:5.00 Seconds
Solution: 1 42 22 8 3 13 14 46 50 4 29 12 41 17 28 7 9 43 39 35 6 15 47 11 33 25 49 32 38 44 20 10 26 48 24 27 5 36 34 2 30 37 16 31 23 19 18 21 45 40 

Inst_Index:6905 	 City_Num:50 	 Concorde:0.060188 	 MCTS:6.018755 Improve:-0.000000 	 Time:5.00 Seconds
Solution: 1 10 2 40 16 20 28 24 34 27 9 33 29 43 7 44 48 14 8 30 41 4 50 22 31 37 49 6 3 42 17 36 45 18 21 12 15 26 39 38 47 11 46 35 19 23 5 32 25 13 

Inst_Index:6906 	 City_Num:50 	 Concorde:0.058923 	 MCTS:5.892075 Improve:0.000184 	 Time:5.00 Seconds
Solution: 1 45 41 34 42 49 33 5 10 31 9 18 7 3 11 14 25 48 47 19 24 22 27 30 13 20 38 46 37 2 40 17 26 16 39 36 28 44 21 12 43 32 23 29 50 6 35 4 8 15 

Inst_Index:6907 	 City_Num:50 	 Concorde:0.057022 	 MCTS:5.702243 Improve:0.000000 	 Time:5.00 Seconds
Solution: 1 13 48 42 5 20 32 8 44 21 34 37 40 24 30 7 31 29 15 35 16 17 14 11 26 47 27 4 10 33 43 45 12 36 28 19 23 22 49 25 6 50 39 9 2 18 41 3 46 38 

Inst_Index:6908 	 City_Num:50 	 Concorde:0.057510 	 MCTS:5.751044 Improve:-0.000000 	 Time:5.00 Seconds
Solution: 1 11 46 49 39 34 10 9 45 44 29 38 17 7 23 2 16 43 25 8 3 24 26 36 47 30 33 48 14 5 19 20 32 40 31 37 21 41 15 18 42 28 27 6 35 4 13 50 12 22 

Inst_Index:6909 	 City_Num:50 	 Concorde:0.063451 	 MCTS:6.342773 Improve:0.002337 	 Time:5.00 Seconds
Solution: 1 49 2 31 46 50 24 22 17 25 14 20 40 7 27 39 34 37 19 43 15 41 32 12 47 5 48 33 44 38 18 29 6 42 36 8 23 26 45 35 28 10 9 16 4 3 21 13 11 30 

Inst_Index:6910 	 City_Num:50 	 Concorde:0.061862 	 MCTS:6.181627 Improve:0.004562 	 Time:5.00 Seconds
Solution: 1 24 26 20 14 3 9 33 18 21 46 10 5 28 4 8 6 11 44 17 40 7 29 23 35 37 22 43 32 12 25 49 50 30 15 39 48 38 27 19 36 41 47 34 42 13 16 45 31 2 

Inst_Index:6911 	 City_Num:50 	 Concorde:0.058540 	 MCTS:5.854048 Improve:0.000000 	 Time:5.00 Seconds
Solution: 1 23 37 31 44 19 11 45 13 16 20 29 3 18 6 48 24 8 46 35 49 42 28 14 5 4 39 38 32 25 50 21 9 36 34 43 47 17 22 41 27 33 40 2 12 26 7 10 30 15 

Inst_Index:6912 	 City_Num:50 	 Concorde:0.050593 	 MCTS:5.059310 Improve:-0.000000 	 Time:5.00 Seconds
Solution: 1 40 21 27 18 36 32 20 50 43 5 25 29 44 41 19 23 45 13 34 6 39 9 8 15 30 47 14 22 42 10 38 35 7 48 26 12 4 37 11 28 24 17 33 3 31 2 16 46 49 

Inst_Index:6913 	 City_Num:50 	 Concorde:0.059293 	 MCTS:5.924760 Improve:0.004558 	 Time:5.01 Seconds
Solution: 1 12 21 7 24 9 13 6 29 32 50 44 40 27 46 49 26 39 20 19 15 35 34 8 45 23 2 37 4 30 17 36 31 48 43 28 11 25 18 47 5 14 33 16 41 38 22 42 3 10 

Inst_Index:6914 	 City_Num:50 	 Concorde:0.055124 	 MCTS:5.510957 Improve:0.001465 	 Time:5.00 Seconds
Solution: 1 38 45 36 9 23 43 3 20 28 21 26 2 37 11 40 4 6 22 18 49 10 14 15 31 19 16 35 7 5 12 17 30 25 27 39 50 24 8 13 46 34 29 48 41 47 44 42 33 32 

Inst_Index:6915 	 City_Num:50 	 Concorde:0.048439 	 MCTS:4.835917 Improve:0.008021 	 Time:5.01 Seconds
Solution: 1 37 17 8 46 18 11 44 5 12 4 10 31 33 16 22 45 14 28 19 29 7 41 24 27 35 30 38 9 50 34 40 26 42 3 2 15 13 49 21 20 32 43 36 48 6 47 39 25 23 

Inst_Index:6916 	 City_Num:50 	 Concorde:0.057743 	 MCTS:5.774329 Improve:0.000000 	 Time:5.00 Seconds
Solution: 1 50 8 3 41 29 38 21 4 16 23 22 47 28 2 30 36 32 42 19 26 35 44 45 49 48 6 43 11 7 24 18 39 25 5 46 10 40 27 14 37 33 13 20 15 9 31 17 12 34 

Inst_Index:6917 	 City_Num:50 	 Concorde:0.056575 	 MCTS:5.657539 Improve:0.000000 	 Time:5.00 Seconds
Solution: 1 39 37 31 19 5 41 20 45 24 34 28 50 8 42 6 44 30 32 12 9 7 36 4 43 13 48 38 22 25 26 46 23 14 35 40 47 18 17 29 21 15 49 3 33 10 2 16 27 11 

Inst_Index:6918 	 City_Num:50 	 Concorde:0.060956 	 MCTS:6.092835 Improve:0.002797 	 Time:5.00 Seconds
Solution: 1 30 37 12 42 2 31 35 8 50 40 36 10 47 28 16 22 48 4 44 21 20 29 19 34 46 6 18 27 32 45 41 23 26 5 39 17 24 14 13 38 25 43 15 3 49 7 9 11 33 

Inst_Index:6919 	 City_Num:50 	 Concorde:0.060263 	 MCTS:6.020367 Improve:0.005892 	 Time:5.00 Seconds
Solution: 1 13 46 43 6 32 41 7 12 34 39 37 42 27 28 35 36 45 25 33 8 24 50 2 3 22 17 10 26 30 18 49 40 23 44 31 47 11 15 16 48 20 4 38 5 19 9 21 29 14 

Inst_Index:6920 	 City_Num:50 	 Concorde:0.058395 	 MCTS:5.838532 Improve:0.000971 	 Time:5.00 Seconds
Solution: 1 4 32 30 47 26 40 20 29 17 3 9 43 49 27 5 21 6 22 12 8 19 18 14 45 28 10 36 11 33 2 38 48 50 13 42 7 34 16 44 41 46 24 37 23 35 25 39 31 15 

Inst_Index:6921 	 City_Num:50 	 Concorde:0.054036 	 MCTS:5.403649 Improve:0.000000 	 Time:5.00 Seconds
Solution: 1 11 2 5 42 14 13 6 9 16 25 46 23 27 21 43 33 36 28 17 19 18 44 30 3 10 8 39 35 22 24 15 47 7 49 32 37 41 4 48 20 38 45 50 34 26 31 29 12 40 

Inst_Index:6922 	 City_Num:50 	 Concorde:0.054441 	 MCTS:5.444077 Improve:0.000000 	 Time:5.00 Seconds
Solution: 1 9 29 19 15 21 18 40 3 48 49 36 27 16 25 42 4 44 28 2 6 26 31 14 13 5 47 20 35 24 38 50 7 39 34 11 33 10 32 41 8 45 37 23 12 30 43 17 46 22 

Inst_Index:6923 	 City_Num:50 	 Concorde:0.057868 	 MCTS:5.771073 Improve:0.015721 	 Time:5.00 Seconds
Solution: 1 17 36 37 23 38 13 31 2 11 8 7 49 9 30 14 35 4 45 21 12 47 27 33 40 5 43 22 34 15 29 16 18 48 44 42 20 39 32 24 50 10 25 26 28 41 19 3 6 46 

Inst_Index:6924 	 City_Num:50 	 Concorde:0.059340 	 MCTS:5.927472 Improve:0.006530 	 Time:5.00 Seconds
Solution: 1 39 23 49 44 27 19 2 30 20 18 8 50 11 34 16 5 33 25 17 4 3 40 48 41 12 46 35 24 22 37 42 32 6 26 21 36 10 7 31 28 45 29 15 9 47 13 38 14 43 

Inst_Index:6925 	 City_Num:50 	 Concorde:0.052597 	 MCTS:5.259738 Improve:0.000000 	 Time:5.00 Seconds
Solution: 1 47 20 3 21 50 27 42 11 34 29 18 5 8 46 17 14 36 9 22 41 2 4 15 31 16 40 19 25 30 28 39 45 26 24 12 43 49 44 48 35 7 37 23 33 13 10 38 6 32 

Inst_Index:6926 	 City_Num:50 	 Concorde:0.057080 	 MCTS:5.705679 Improve:0.002341 	 Time:5.00 Seconds
Solution: 1 4 30 29 27 2 37 35 49 7 5 11 33 20 15 22 13 17 39 8 12 50 34 31 21 18 26 19 14 24 43 44 36 10 47 38 48 25 3 32 16 41 46 42 28 9 6 40 23 45 

Inst_Index:6927 	 City_Num:50 	 Concorde:0.057621 	 MCTS:5.755964 Improve:0.006163 	 Time:5.00 Seconds
Solution: 1 23 22 21 36 33 29 37 5 25 3 31 7 43 48 15 28 6 14 40 35 32 12 8 16 4 46 2 27 44 26 13 34 39 42 24 38 17 18 45 41 49 10 9 19 47 50 20 30 11 

Inst_Index:6928 	 City_Num:50 	 Concorde:0.061669 	 MCTS:6.166946 Improve:0.000000 	 Time:5.00 Seconds
Solution: 1 44 4 38 27 48 39 2 5 19 11 33 24 42 12 15 34 26 46 20 30 9 22 31 18 28 10 35 23 3 47 6 40 29 43 13 37 14 32 41 49 25 45 8 16 7 36 50 17 21 

Inst_Index:6929 	 City_Num:50 	 Concorde:0.057696 	 MCTS:5.769612 Improve:0.000000 	 Time:5.00 Seconds
Solution: 1 21 17 5 48 11 20 25 26 49 23 12 39 38 45 7 33 40 46 3 30 4 43 22 16 13 14 15 37 36 47 44 35 6 24 19 42 41 29 31 28 27 32 18 34 2 50 9 10 8 

Inst_Index:6930 	 City_Num:50 	 Concorde:0.048463 	 MCTS:4.846316 Improve:0.000000 	 Time:5.00 Seconds
Solution: 1 50 13 11 17 40 10 47 18 34 39 21 25 20 31 23 44 41 36 35 38 3 2 27 5 16 4 43 22 32 37 42 15 6 33 7 24 29 14 30 12 48 8 19 46 45 9 49 28 26 

Inst_Index:6931 	 City_Num:50 	 Concorde:0.056157 	 MCTS:5.611686 Improve:0.004013 	 Time:5.00 Seconds
Solution: 1 32 45 19 48 27 14 4 41 3 17 50 47 29 28 22 35 34 49 8 43 2 46 20 12 23 5 16 25 37 38 39 31 7 33 42 10 9 24 40 11 13 21 26 44 15 18 30 6 36 

Inst_Index:6932 	 City_Num:50 	 Concorde:0.056816 	 MCTS:5.673798 Improve:0.007798 	 Time:5.00 Seconds
Solution: 1 13 12 32 41 14 9 30 28 37 42 10 43 27 5 50 24 33 40 22 25 49 26 7 23 17 29 20 2 6 34 39 11 19 31 16 44 48 15 8 47 21 45 35 3 38 18 36 46 4 

Inst_Index:6933 	 City_Num:50 	 Concorde:0.057557 	 MCTS:5.755725 Improve:-0.000000 	 Time:5.00 Seconds
Solution: 1 28 44 31 26 9 45 40 2 13 48 21 24 14 36 22 12 29 42 39 25 23 30 7 41 11 49 33 17 15 27 8 32 47 10 43 50 38 37 16 4 46 34 6 5 3 35 18 19 20 

Inst_Index:6934 	 City_Num:50 	 Concorde:0.055740 	 MCTS:5.573973 Improve:0.000000 	 Time:5.00 Seconds
Solution: 1 18 7 10 15 29 40 43 34 9 28 44 31 12 3 23 41 39 25 24 33 20 2 48 22 42 6 46 45 5 16 30 32 50 37 49 11 26 13 38 8 17 35 47 19 36 27 21 14 4 

Inst_Index:6935 	 City_Num:50 	 Concorde:0.053234 	 MCTS:5.315488 Improve:0.007887 	 Time:5.00 Seconds
Solution: 1 45 49 38 33 34 32 5 47 21 50 12 24 22 3 6 8 15 19 23 43 16 11 41 25 29 14 46 20 42 9 2 7 4 36 44 35 37 28 40 10 39 31 30 27 18 17 48 13 26 

Inst_Index:6936 	 City_Num:50 	 Concorde:0.056688 	 MCTS:5.653629 Improve:0.015127 	 Time:5.00 Seconds
Solution: 1 14 11 12 50 33 44 21 46 47 7 4 43 45 29 13 2 23 40 22 16 6 19 39 10 34 35 32 31 42 37 3 36 30 24 41 18 26 5 28 27 38 20 25 48 8 49 15 17 9 

Inst_Index:6937 	 City_Num:50 	 Concorde:0.056131 	 MCTS:5.613074 Improve:0.000000 	 Time:5.00 Seconds
Solution: 1 28 23 20 12 17 9 25 19 49 44 42 46 11 37 47 8 48 21 15 10 50 32 16 18 24 22 4 40 35 34 33 30 7 39 3 5 29 43 36 38 27 41 14 31 6 2 26 45 13 

Inst_Index:6938 	 City_Num:50 	 Concorde:0.056012 	 MCTS:5.601156 Improve:0.000000 	 Time:5.00 Seconds
Solution: 1 40 36 35 29 31 3 20 38 34 22 2 45 24 6 27 28 19 37 21 25 15 46 14 43 50 9 47 41 18 26 10 8 12 49 32 23 13 17 5 48 4 16 44 39 42 33 11 7 30 

Inst_Index:6939 	 City_Num:50 	 Concorde:0.055444 	 MCTS:5.544357 Improve:-0.000000 	 Time:5.00 Seconds
Solution: 1 6 24 19 49 23 14 5 40 33 2 50 39 42 41 10 36 47 15 44 43 22 30 45 32 48 9 29 4 11 38 3 25 17 21 7 20 18 8 31 26 12 46 35 37 27 16 13 28 34 

Inst_Index:6940 	 City_Num:50 	 Concorde:0.056520 	 MCTS:5.651999 Improve:0.000000 	 Time:5.00 Seconds
Solution: 1 47 18 40 2 43 25 33 7 45 10 24 35 15 14 5 41 21 48 36 13 16 23 30 46 4 31 6 39 8 42 22 29 34 9 20 50 17 11 19 3 26 44 12 38 49 37 28 27 32 

Inst_Index:6941 	 City_Num:50 	 Concorde:0.058327 	 MCTS:5.832717 Improve:0.000000 	 Time:5.00 Seconds
Solution: 1 44 14 16 21 4 11 18 48 5 19 13 50 2 24 38 32 46 22 30 35 6 47 49 45 43 29 33 39 27 7 42 3 20 37 10 41 23 36 25 17 26 34 28 31 15 9 12 8 40 

Inst_Index:6942 	 City_Num:50 	 Concorde:0.054678 	 MCTS:5.462542 Improve:0.005305 	 Time:5.00 Seconds
Solution: 1 21 31 42 7 41 37 30 18 3 20 24 9 49 39 25 46 8 26 5 34 47 2 35 4 17 33 44 40 28 14 16 32 22 10 13 36 43 15 38 19 50 27 23 12 48 11 29 45 6 

Inst_Index:6943 	 City_Num:50 	 Concorde:0.053975 	 MCTS:5.397480 Improve:0.000000 	 Time:5.00 Seconds
Solution: 1 9 2 21 6 28 45 8 42 26 4 50 43 35 20 31 3 39 23 17 15 22 25 11 30 47 32 36 7 33 40 48 38 29 37 19 41 10 24 46 18 27 13 14 12 34 44 5 16 49 

Inst_Index:6944 	 City_Num:50 	 Concorde:0.058415 	 MCTS:5.841494 Improve:0.000000 	 Time:5.00 Seconds
Solution: 1 42 29 10 20 12 47 46 36 39 2 14 27 6 15 45 16 4 38 37 48 30 50 31 24 34 40 8 49 41 35 5 21 22 25 18 33 28 7 11 44 9 19 43 17 13 26 23 32 3 

Inst_Index:6945 	 City_Num:50 	 Concorde:0.060215 	 MCTS:6.021528 Improve:-0.000000 	 Time:5.00 Seconds
Solution: 1 43 50 29 11 23 39 4 35 24 19 10 27 22 48 8 21 40 36 3 6 9 13 46 12 14 33 17 5 25 37 16 7 2 45 28 30 34 15 42 18 38 44 20 41 32 49 31 47 26 

Inst_Index:6946 	 City_Num:50 	 Concorde:0.055741 	 MCTS:5.574092 Improve:0.000000 	 Time:5.00 Seconds
Solution: 1 15 32 24 4 20 48 50 18 39 36 35 29 42 47 21 25 19 8 46 33 3 49 34 26 2 16 41 9 28 5 7 30 10 23 45 6 17 22 43 44 13 40 38 27 12 37 11 31 14 

Inst_Index:6947 	 City_Num:50 	 Concorde:0.061522 	 MCTS:6.151648 Improve:0.000573 	 Time:5.00 Seconds
Solution: 1 12 27 31 9 44 48 38 19 22 45 16 35 8 18 42 32 20 33 46 26 11 34 41 15 50 24 40 21 29 30 3 14 17 43 36 2 10 5 37 4 13 28 7 6 23 39 49 47 25 

Inst_Index:6948 	 City_Num:50 	 Concorde:0.058142 	 MCTS:5.810327 Improve:0.003857 	 Time:5.01 Seconds
Solution: 1 21 31 20 33 10 4 39 36 5 29 7 30 49 50 23 25 45 48 26 42 8 37 44 38 24 17 3 12 18 28 35 19 13 16 43 9 32 41 40 2 34 47 14 6 27 22 46 11 15 

Inst_Index:6949 	 City_Num:50 	 Concorde:0.054654 	 MCTS:5.464763 Improve:0.000679 	 Time:5.00 Seconds
Solution: 1 5 8 10 48 17 2 23 29 41 45 20 40 13 21 26 43 38 6 27 25 9 30 46 39 32 24 33 44 15 22 11 31 36 35 49 19 47 28 7 18 3 37 34 12 14 4 42 50 16 

Inst_Index:6950 	 City_Num:50 	 Concorde:0.053075 	 MCTS:5.304638 Improve:0.002900 	 Time:5.00 Seconds
Solution: 1 12 13 21 50 11 14 5 27 28 36 29 47 33 34 35 32 39 31 20 8 7 18 46 2 37 6 17 48 44 15 43 30 16 42 38 19 9 45 49 4 10 40 22 3 24 26 41 23 25 

Inst_Index:6951 	 City_Num:50 	 Concorde:0.056882 	 MCTS:5.688208 Improve:-0.000000 	 Time:5.00 Seconds
Solution: 1 8 33 25 42 45 24 6 29 14 23 27 50 16 26 49 13 17 7 47 43 11 5 28 18 9 2 37 4 34 36 22 46 19 15 35 10 20 48 38 30 31 40 32 39 12 44 21 3 41 

Inst_Index:6952 	 City_Num:50 	 Concorde:0.059075 	 MCTS:5.907443 Improve:0.000096 	 Time:5.00 Seconds
Solution: 1 24 36 30 14 16 49 50 48 2 42 7 9 5 27 39 6 15 17 47 45 37 12 28 44 25 34 29 31 43 23 4 21 38 26 41 33 13 20 8 18 11 10 22 32 35 46 40 19 3 

Inst_Index:6953 	 City_Num:50 	 Concorde:0.055189 	 MCTS:5.516104 Improve:0.002779 	 Time:5.01 Seconds
Solution: 1 22 40 12 43 38 10 21 7 47 16 18 50 39 25 44 28 49 17 15 8 29 23 48 14 24 4 42 5 46 30 2 36 35 41 37 31 34 32 13 11 3 45 9 6 19 33 27 20 26 

Inst_Index:6954 	 City_Num:50 	 Concorde:0.058584 	 MCTS:5.858380 Improve:0.000000 	 Time:5.00 Seconds
Solution: 1 33 36 8 23 15 32 29 20 50 24 47 40 34 45 35 31 19 46 27 22 16 37 14 49 41 30 25 7 2 5 28 11 44 10 4 6 18 13 9 43 26 38 3 17 12 48 21 42 39 

Inst_Index:6955 	 City_Num:50 	 Concorde:0.056404 	 MCTS:5.640402 Improve:0.000000 	 Time:5.00 Seconds
Solution: 1 41 9 38 44 14 37 48 21 8 20 32 35 47 23 7 46 33 3 26 16 18 30 12 36 24 15 2 11 6 31 25 49 40 13 29 17 19 45 42 50 5 27 22 4 10 39 28 34 43 

Inst_Index:6956 	 City_Num:50 	 Concorde:0.056433 	 MCTS:5.643302 Improve:-0.000000 	 Time:5.00 Seconds
Solution: 1 33 49 7 44 39 18 20 10 42 28 23 4 15 37 12 21 6 16 47 43 11 50 14 48 13 31 29 27 41 46 17 19 3 25 45 32 35 36 2 8 24 40 5 9 22 26 34 30 38 

Inst_Index:6957 	 City_Num:50 	 Concorde:0.058402 	 MCTS:5.840249 Improve:0.000000 	 Time:5.01 Seconds
Solution: 1 3 27 17 6 5 13 14 2 29 22 20 35 11 41 50 9 45 23 30 31 25 21 10 48 46 8 39 47 32 42 15 28 49 4 7 19 16 33 36 34 40 38 18 12 44 37 43 26 24 

Inst_Index:6958 	 City_Num:50 	 Concorde:0.061490 	 MCTS:6.146195 Improve:0.002779 	 Time:5.01 Seconds
Solution: 1 38 17 18 37 10 43 3 39 20 14 29 2 6 45 35 26 7 19 22 31 30 47 16 28 12 42 25 34 40 4 49 50 33 21 44 48 46 36 8 5 9 11 41 23 13 32 24 15 27 

Inst_Index:6959 	 City_Num:50 	 Concorde:0.059806 	 MCTS:5.980646 Improve:0.000000 	 Time:5.00 Seconds
Solution: 1 33 27 5 39 23 41 15 35 19 31 46 42 45 14 37 48 34 17 2 28 12 21 30 10 49 24 8 26 11 38 7 25 4 20 32 40 50 29 44 22 18 47 36 43 9 16 13 6 3 

Inst_Index:6960 	 City_Num:50 	 Concorde:0.056507 	 MCTS:5.647042 Improve:0.003634 	 Time:5.00 Seconds
Solution: 1 9 29 22 19 14 39 17 23 34 49 3 32 28 35 13 33 10 15 44 27 40 24 42 30 8 38 41 43 21 16 11 50 20 48 36 47 6 4 12 25 45 31 37 26 18 5 7 46 2 

Inst_Index:6961 	 City_Num:50 	 Concorde:0.054614 	 MCTS:5.461361 Improve:0.000000 	 Time:5.00 Seconds
Solution: 1 7 14 40 19 43 46 9 30 6 2 25 36 38 27 23 29 41 17 49 33 10 26 18 28 31 42 13 47 5 37 50 39 12 35 21 15 16 34 3 48 22 32 24 45 8 11 44 20 4 

Inst_Index:6962 	 City_Num:50 	 Concorde:0.055369 	 MCTS:5.522622 Improve:0.014273 	 Time:5.00 Seconds
Solution: 1 42 5 34 29 47 31 3 36 19 14 8 32 23 4 12 22 30 17 18 16 21 45 2 25 9 26 38 41 33 46 37 44 6 13 35 27 10 43 7 24 49 50 48 20 11 39 28 15 40 

Inst_Index:6963 	 City_Num:50 	 Concorde:0.053364 	 MCTS:5.330799 Improve:0.005552 	 Time:5.00 Seconds
Solution: 1 49 16 47 6 21 3 2 32 4 33 20 41 7 48 31 9 42 19 18 23 28 12 24 15 22 39 10 13 11 25 30 40 43 8 38 29 37 45 35 14 27 46 5 26 17 44 36 50 34 

Inst_Index:6964 	 City_Num:50 	 Concorde:0.055710 	 MCTS:5.570995 Improve:0.000000 	 Time:5.00 Seconds
Solution: 1 6 25 9 12 39 14 24 3 28 18 45 44 48 5 23 35 7 21 19 11 2 17 46 42 41 15 30 32 26 20 27 33 13 37 31 49 29 50 10 38 8 34 4 22 47 16 43 40 36 

Inst_Index:6965 	 City_Num:50 	 Concorde:0.056596 	 MCTS:5.659577 Improve:0.000000 	 Time:5.00 Seconds
Solution: 1 31 21 10 22 26 38 18 48 16 7 17 20 43 23 5 25 13 19 30 9 2 39 12 3 46 47 50 44 42 8 6 28 34 40 27 4 41 35 29 49 36 37 11 45 24 32 33 15 14 

Inst_Index:6966 	 City_Num:50 	 Concorde:0.056751 	 MCTS:5.675065 Improve:0.000000 	 Time:5.00 Seconds
Solution: 1 44 12 27 30 18 14 5 7 6 25 20 23 21 35 15 29 43 47 34 3 38 40 46 24 22 33 10 42 32 9 2 45 19 31 16 41 11 26 37 36 49 28 48 39 17 50 13 4 8 

Inst_Index:6967 	 City_Num:50 	 Concorde:0.054703 	 MCTS:5.467236 Improve:0.003079 	 Time:5.00 Seconds
Solution: 1 5 9 22 40 44 48 33 14 39 30 12 32 6 11 50 4 2 42 34 36 35 24 20 26 45 18 43 15 47 17 21 23 31 19 49 46 37 16 25 28 38 29 10 8 7 13 3 27 41 

Inst_Index:6968 	 City_Num:50 	 Concorde:0.059096 	 MCTS:5.909589 Improve:0.000000 	 Time:5.00 Seconds
Solution: 1 29 19 11 26 50 22 37 39 8 31 10 13 3 44 27 45 28 35 15 42 24 30 38 41 43 12 9 14 40 2 47 4 21 48 5 23 34 25 6 20 33 7 18 16 49 36 17 46 32 

Inst_Index:6969 	 City_Num:50 	 Concorde:0.058250 	 MCTS:5.821150 Improve:0.003842 	 Time:5.00 Seconds
Solution: 1 9 45 34 22 46 11 37 25 6 10 13 30 15 31 23 18 3 38 35 5 19 26 14 12 44 17 8 7 32 39 40 29 16 24 50 2 49 21 47 27 43 48 28 36 41 20 42 33 4 

Inst_Index:6970 	 City_Num:50 	 Concorde:0.051349 	 MCTS:5.134864 Improve:0.000000 	 Time:5.00 Seconds
Solution: 1 43 49 9 29 31 40 47 32 41 15 17 5 4 23 13 37 16 44 48 7 36 27 24 19 50 10 3 18 33 22 35 39 34 25 42 11 6 8 21 45 28 30 14 46 12 20 38 26 2 

Inst_Index:6971 	 City_Num:50 	 Concorde:0.056142 	 MCTS:5.614190 Improve:-0.000000 	 Time:5.00 Seconds
Solution: 1 17 35 41 27 37 7 2 48 33 44 9 11 16 50 47 40 30 12 29 10 13 49 28 43 3 46 26 23 18 14 20 19 5 31 6 21 45 38 4 32 15 36 22 8 42 25 39 24 34 

Inst_Index:6972 	 City_Num:50 	 Concorde:0.055965 	 MCTS:5.596504 Improve:0.000000 	 Time:5.00 Seconds
Solution: 1 22 15 48 34 38 27 35 37 29 46 32 20 44 16 25 21 28 42 39 45 9 11 24 14 43 31 4 10 23 19 3 40 2 17 18 6 47 7 12 30 26 33 41 49 36 13 8 5 50 

Inst_Index:6973 	 City_Num:50 	 Concorde:0.059139 	 MCTS:5.913885 Improve:0.000000 	 Time:5.00 Seconds
Solution: 1 6 20 31 46 19 14 27 21 18 37 10 47 2 30 24 44 42 13 22 50 7 40 25 9 33 15 23 38 3 4 5 16 39 45 29 35 28 12 36 49 34 41 17 48 11 43 8 26 32 

Inst_Index:6974 	 City_Num:50 	 Concorde:0.055970 	 MCTS:5.597022 Improve:0.000000 	 Time:5.00 Seconds
Solution: 1 35 50 46 28 4 39 8 17 26 22 23 41 33 36 31 19 48 32 21 2 20 30 40 5 42 12 15 3 18 43 47 11 38 45 14 9 49 37 10 7 24 25 27 13 16 29 44 6 34 

Inst_Index:6975 	 City_Num:50 	 Concorde:0.055312 	 MCTS:5.531165 Improve:0.000000 	 Time:5.00 Seconds
Solution: 1 31 9 33 15 28 29 40 47 19 48 42 35 14 38 8 45 16 7 39 37 26 5 27 18 11 32 13 2 43 17 44 12 25 30 34 4 3 20 6 46 23 36 10 50 22 49 41 21 24 

Inst_Index:6976 	 City_Num:50 	 Concorde:0.057682 	 MCTS:5.768166 Improve:-0.000000 	 Time:5.00 Seconds
Solution: 1 24 5 35 19 43 44 47 30 22 21 29 12 36 13 37 45 38 48 39 11 4 31 34 17 9 18 33 42 20 49 28 6 15 41 14 16 26 32 7 10 27 25 46 40 8 2 3 50 23 

Inst_Index:6977 	 City_Num:50 	 Concorde:0.059041 	 MCTS:5.904068 Improve:0.000000 	 Time:5.00 Seconds
Solution: 1 13 2 14 3 17 21 22 46 28 33 39 42 16 15 45 6 10 44 18 50 19 5 49 38 20 7 40 8 23 26 30 48 36 34 31 11 4 29 37 25 24 43 41 27 47 12 32 35 9 

Inst_Index:6978 	 City_Num:50 	 Concorde:0.056922 	 MCTS:5.691310 Improve:0.000937 	 Time:5.00 Seconds
Solution: 1 17 35 23 20 30 12 15 4 47 46 48 36 19 28 44 49 2 11 43 22 7 8 14 24 41 26 6 18 3 37 13 50 25 39 38 5 29 40 42 32 16 34 21 27 33 10 45 31 9 

Inst_Index:6979 	 City_Num:50 	 Concorde:0.055534 	 MCTS:5.553362 Improve:-0.000000 	 Time:5.00 Seconds
Solution: 1 16 35 37 47 41 10 39 50 28 32 33 25 46 12 3 34 44 24 17 6 43 9 14 48 23 49 21 5 20 4 29 40 45 30 2 13 31 18 19 42 7 26 15 11 8 38 22 36 27 

Inst_Index:6980 	 City_Num:50 	 Concorde:0.057928 	 MCTS:5.792795 Improve:-0.000000 	 Time:5.00 Seconds
Solution: 1 48 17 44 47 21 42 16 35 5 50 39 22 34 33 14 15 31 3 12 36 43 13 40 45 20 46 4 7 49 26 9 25 11 32 30 29 27 28 10 37 6 8 24 41 23 2 38 19 18 

Inst_Index:6981 	 City_Num:50 	 Concorde:0.058723 	 MCTS:5.872286 Improve:-0.000000 	 Time:5.00 Seconds
Solution: 1 46 13 26 25 50 17 48 22 31 6 5 8 23 37 47 44 21 16 2 33 29 19 36 18 4 30 42 43 15 11 49 41 27 9 7 20 35 34 3 45 40 38 32 12 39 28 10 14 24 

Inst_Index:6982 	 City_Num:50 	 Concorde:0.056252 	 MCTS:5.625222 Improve:-0.000000 	 Time:5.00 Seconds
Solution: 1 32 6 18 8 45 9 3 41 10 47 17 7 20 31 12 13 30 5 22 14 48 25 23 27 43 50 2 11 28 15 34 38 35 42 16 40 44 39 24 21 19 33 29 46 36 4 37 26 49 

Inst_Index:6983 	 City_Num:50 	 Concorde:0.052777 	 MCTS:5.277666 Improve:0.000000 	 Time:5.00 Seconds
Solution: 1 18 39 45 34 4 6 15 42 27 36 8 13 35 12 38 44 33 19 43 25 31 17 23 40 3 41 10 11 46 16 29 14 28 20 22 21 37 48 9 47 30 26 7 2 50 49 24 5 32 

Inst_Index:6984 	 City_Num:50 	 Concorde:0.055137 	 MCTS:5.511965 Improve:0.001686 	 Time:5.00 Seconds
Solution: 1 39 21 20 30 46 42 34 38 35 41 3 8 17 7 24 50 12 47 5 49 44 23 29 19 18 27 43 4 6 33 45 13 16 36 48 11 10 15 25 37 14 26 22 2 9 28 32 40 31 

Inst_Index:6985 	 City_Num:50 	 Concorde:0.055591 	 MCTS:5.559108 Improve:-0.000000 	 Time:5.00 Seconds
Solution: 1 12 32 24 5 14 4 36 30 8 3 19 10 17 9 50 26 39 41 18 22 35 13 27 37 2 20 43 23 47 45 44 7 42 28 29 40 46 38 21 48 34 33 16 31 15 25 49 6 11 

Inst_Index:6986 	 City_Num:50 	 Concorde:0.059523 	 MCTS:5.939699 Improve:0.012563 	 Time:5.00 Seconds
Solution: 1 5 3 32 30 22 47 39 34 6 9 37 36 45 10 29 50 16 25 23 43 15 19 42 28 12 17 13 27 2 48 41 21 40 35 26 20 4 46 33 11 8 14 7 18 38 31 24 44 49 

Inst_Index:6987 	 City_Num:50 	 Concorde:0.055316 	 MCTS:5.528609 Improve:0.003012 	 Time:5.00 Seconds
Solution: 1 49 8 16 11 28 36 46 44 29 3 26 43 17 27 5 2 23 9 48 22 6 42 45 7 4 50 20 32 25 33 40 12 30 31 37 13 19 18 47 10 38 39 21 15 41 14 24 34 35 

Inst_Index:6988 	 City_Num:50 	 Concorde:0.061137 	 MCTS:6.113699 Improve:0.000000 	 Time:5.00 Seconds
Solution: 1 38 13 6 25 21 23 50 33 14 10 27 36 26 5 30 41 8 24 32 15 18 44 31 45 20 43 39 47 22 46 19 42 11 48 17 3 16 37 49 29 28 40 35 9 7 2 4 34 12 

Inst_Index:6989 	 City_Num:50 	 Concorde:0.055592 	 MCTS:5.559190 Improve:0.000000 	 Time:5.00 Seconds
Solution: 1 34 4 40 35 9 8 19 3 6 22 13 46 5 11 23 12 10 21 33 30 36 20 28 27 18 15 37 49 32 31 17 38 7 50 48 45 44 14 16 42 43 25 39 41 26 2 29 47 24 

Inst_Index:6990 	 City_Num:50 	 Concorde:0.054601 	 MCTS:5.460070 Improve:0.000000 	 Time:5.00 Seconds
Solution: 1 17 38 43 25 7 50 6 46 5 9 33 47 32 44 34 26 49 24 19 10 3 29 18 8 13 40 21 27 35 15 36 28 12 45 48 22 4 30 20 14 2 16 11 37 23 31 41 42 39 

Inst_Index:6991 	 City_Num:50 	 Concorde:0.055151 	 MCTS:5.514288 Improve:0.000835 	 Time:5.00 Seconds
Solution: 1 49 34 42 20 19 38 25 23 12 4 35 18 31 16 29 40 11 39 36 3 37 32 14 13 26 46 9 21 48 47 15 7 44 33 43 10 8 5 2 22 28 6 41 45 30 27 17 24 50 

Inst_Index:6992 	 City_Num:50 	 Concorde:0.057166 	 MCTS:5.714205 Improve:0.002440 	 Time:5.01 Seconds
Solution: 1 11 18 36 46 27 30 29 19 2 13 12 47 14 20 23 37 7 3 44 10 45 41 34 17 33 50 25 15 8 26 48 39 21 31 42 6 38 24 22 43 40 9 4 5 32 49 16 35 28 

Inst_Index:6993 	 City_Num:50 	 Concorde:0.056961 	 MCTS:5.696100 Improve:0.000000 	 Time:5.00 Seconds
Solution: 1 38 2 10 15 35 30 24 17 16 3 37 26 19 48 44 50 7 13 39 42 34 14 18 41 4 31 11 36 9 49 43 29 46 28 25 27 20 22 21 5 40 33 12 23 47 8 6 45 32 

Inst_Index:6994 	 City_Num:50 	 Concorde:0.059371 	 MCTS:5.937102 Improve:-0.000000 	 Time:5.00 Seconds
Solution: 1 27 5 6 24 38 31 44 45 11 49 39 17 10 47 28 34 43 48 46 12 4 22 8 20 23 19 36 7 16 25 26 41 50 33 13 35 30 3 32 40 42 37 15 9 18 2 21 29 14 

Inst_Index:6995 	 City_Num:50 	 Concorde:0.059235 	 MCTS:5.923461 Improve:0.000000 	 Time:5.00 Seconds
Solution: 1 10 12 19 11 39 24 33 18 29 49 5 7 40 8 14 2 45 13 9 17 48 34 28 41 15 42 4 30 47 6 37 20 22 26 3 43 31 21 50 27 23 32 44 35 16 25 38 36 46 

Inst_Index:6996 	 City_Num:50 	 Concorde:0.058085 	 MCTS:5.811398 Improve:-0.002931 	 Time:5.00 Seconds
Solution: 1 42 25 2 20 39 13 49 34 10 30 44 4 15 7 6 24 50 48 23 8 21 11 47 9 12 19 32 40 17 36 22 27 14 28 43 16 18 5 46 31 45 3 41 29 35 33 26 37 38 

Inst_Index:6997 	 City_Num:50 	 Concorde:0.059678 	 MCTS:5.966144 Improve:0.001667 	 Time:5.00 Seconds
Solution: 1 14 20 4 41 50 24 42 44 5 23 16 8 39 10 26 35 17 32 6 43 21 40 2 9 12 47 25 15 19 22 48 36 30 37 46 45 18 49 28 13 33 31 3 34 29 11 38 27 7 

Inst_Index:6998 	 City_Num:50 	 Concorde:0.053213 	 MCTS:5.321277 Improve:0.000000 	 Time:5.01 Seconds
Solution: 1 25 26 7 50 9 35 5 38 29 27 11 13 46 36 12 31 45 21 19 4 6 16 30 22 10 33 40 18 42 28 14 8 15 17 41 23 48 20 44 39 43 32 37 34 49 24 2 3 47 

Inst_Index:6999 	 City_Num:50 	 Concorde:0.055563 	 MCTS:5.556274 Improve:0.000000 	 Time:5.00 Seconds
Solution: 1 29 27 15 6 48 10 19 13 39 26 45 32 34 24 36 18 43 2 3 22 23 14 9 5 35 31 44 7 28 20 21 37 33 16 30 11 12 25 42 8 38 4 49 40 46 47 50 17 41 

Inst_Index:7000 	 City_Num:50 	 Concorde:0.060846 	 MCTS:6.084553 Improve:0.000000 	 Time:5.00 Seconds
Solution: 1 30 15 38 7 5 2 19 22 40 12 31 37 28 48 18 13 8 33 14 43 10 3 26 11 16 45 24 36 35 47 46 34 27 39 50 9 6 25 32 41 21 49 23 42 17 44 20 4 29 

Inst_Index:7001 	 City_Num:50 	 Concorde:0.054911 	 MCTS:5.491069 Improve:-0.000000 	 Time:5.00 Seconds
Solution: 1 34 47 24 29 8 42 4 46 7 19 32 13 37 17 11 49 48 5 26 39 22 9 15 35 50 2 27 6 16 18 14 3 10 28 45 20 31 25 44 21 38 30 12 36 41 40 23 33 43 

Inst_Index:7002 	 City_Num:50 	 Concorde:0.057446 	 MCTS:5.744634 Improve:-0.000000 	 Time:5.01 Seconds
Solution: 1 12 43 6 32 39 34 27 46 26 3 47 5 11 7 38 25 14 19 35 4 9 17 50 24 45 15 18 31 44 20 16 40 37 41 28 13 49 33 29 48 42 10 21 30 23 36 22 8 2 

Inst_Index:7003 	 City_Num:50 	 Concorde:0.059502 	 MCTS:5.950214 Improve:0.000000 	 Time:5.00 Seconds
Solution: 1 50 48 3 34 44 12 28 26 37 46 38 35 23 33 24 45 30 31 16 11 14 47 4 19 22 36 40 10 5 9 39 6 15 42 21 8 32 27 20 41 29 43 2 17 18 7 13 25 49 

Inst_Index:7004 	 City_Num:50 	 Concorde:0.055379 	 MCTS:5.537918 Improve:0.000000 	 Time:5.00 Seconds
Solution: 1 24 23 16 11 25 27 9 2 3 39 5 43 7 18 21 4 36 29 47 44 46 10 37 50 28 30 48 6 17 13 15 34 26 45 32 49 14 20 8 42 22 33 12 38 31 19 35 41 40 

Inst_Index:7005 	 City_Num:50 	 Concorde:0.053393 	 MCTS:5.339310 Improve:-0.000000 	 Time:5.00 Seconds
Solution: 1 29 41 40 39 14 38 48 10 17 49 12 46 18 25 35 27 3 50 26 37 28 33 6 2 13 45 31 44 42 32 24 7 9 30 15 21 16 8 36 22 43 4 5 34 19 20 47 23 11 

Inst_Index:7006 	 City_Num:50 	 Concorde:0.059300 	 MCTS:5.930000 Improve:0.000000 	 Time:5.00 Seconds
Solution: 1 14 10 36 31 2 26 8 27 11 41 37 16 17 43 33 25 47 4 6 9 23 7 48 38 50 49 22 5 21 44 29 35 12 42 13 18 30 32 15 46 19 45 20 39 24 34 28 40 3 

Inst_Index:7007 	 City_Num:50 	 Concorde:0.060236 	 MCTS:6.023646 Improve:0.000000 	 Time:5.00 Seconds
Solution: 1 2 10 12 21 16 49 20 19 13 36 25 8 7 42 32 39 18 46 30 43 45 35 9 22 26 40 41 11 24 4 47 27 6 33 34 28 37 50 14 17 3 48 29 38 31 44 5 23 15 

Inst_Index:7008 	 City_Num:50 	 Concorde:0.053159 	 MCTS:5.315882 Improve:0.000000 	 Time:5.00 Seconds
Solution: 1 35 34 45 18 29 39 25 14 5 20 50 30 36 22 8 28 37 26 19 43 38 21 27 7 40 12 44 24 46 11 15 42 31 2 3 10 23 4 32 49 9 33 48 13 41 6 47 16 17 

Inst_Index:7009 	 City_Num:50 	 Concorde:0.056202 	 MCTS:5.618520 Improve:0.001722 	 Time:5.01 Seconds
Solution: 1 40 6 22 34 31 18 16 48 44 3 46 20 28 30 17 32 45 12 25 47 19 42 33 8 2 23 27 5 43 9 7 24 36 50 37 11 15 29 49 41 38 4 26 39 14 35 13 21 10 

Inst_Index:7010 	 City_Num:50 	 Concorde:0.056019 	 MCTS:5.601858 Improve:0.000000 	 Time:5.00 Seconds
Solution: 1 36 5 2 19 26 46 28 44 47 40 20 16 6 30 8 27 3 42 14 4 9 13 23 25 35 24 11 38 18 29 7 50 33 31 37 39 34 17 45 10 43 41 48 12 32 22 49 21 15 

Inst_Index:7011 	 City_Num:50 	 Concorde:0.058971 	 MCTS:5.892896 Improve:0.004253 	 Time:5.00 Seconds
Solution: 1 31 47 26 37 22 25 27 21 14 3 6 41 2 16 34 9 5 17 29 8 42 35 24 12 33 49 50 36 10 11 20 43 19 13 4 44 30 23 38 39 45 48 46 40 28 15 32 7 18 

Inst_Index:7012 	 City_Num:50 	 Concorde:0.057821 	 MCTS:5.782061 Improve:0.000000 	 Time:5.01 Seconds
Solution: 1 36 35 18 5 47 7 15 33 23 40 9 14 2 22 28 50 20 13 11 4 42 12 41 8 27 26 19 25 48 29 21 16 6 32 38 34 46 3 43 30 17 49 44 10 31 45 39 37 24 

Inst_Index:7013 	 City_Num:50 	 Concorde:0.053486 	 MCTS:5.347784 Improve:0.000826 	 Time:5.00 Seconds
Solution: 1 21 12 30 40 2 49 22 37 7 14 27 44 31 5 43 13 41 33 34 29 8 3 18 45 10 38 42 6 47 25 50 26 20 24 28 23 15 32 16 4 46 9 39 36 17 19 11 35 48 

Inst_Index:7014 	 City_Num:50 	 Concorde:0.056199 	 MCTS:5.618895 Improve:0.000999 	 Time:5.02 Seconds
Solution: 1 22 16 39 11 49 47 21 2 31 14 50 19 43 6 32 40 17 8 29 34 10 18 13 28 42 48 45 30 44 9 36 4 46 33 25 26 3 41 7 12 37 15 38 20 24 5 23 27 35 

Inst_Index:7015 	 City_Num:50 	 Concorde:0.056192 	 MCTS:5.619169 Improve:-0.000000 	 Time:5.00 Seconds
Solution: 1 7 31 43 5 9 35 33 27 42 40 24 46 2 19 17 15 44 50 34 21 20 22 3 47 16 4 41 45 38 48 14 10 28 32 8 36 23 6 26 18 11 39 29 30 13 37 12 49 25 

Inst_Index:7016 	 City_Num:50 	 Concorde:0.055518 	 MCTS:5.551841 Improve:-0.000000 	 Time:5.00 Seconds
Solution: 1 41 22 48 44 45 5 21 19 10 50 17 13 36 32 12 37 46 4 28 39 27 49 2 7 35 29 9 24 47 31 18 16 26 23 43 14 40 8 15 3 6 33 25 42 20 34 30 38 11 

Inst_Index:7017 	 City_Num:50 	 Concorde:0.056094 	 MCTS:5.605192 Improve:0.004162 	 Time:5.00 Seconds
Solution: 1 5 33 27 7 17 39 11 22 37 3 6 31 47 23 44 14 50 20 45 16 49 24 28 13 32 26 36 8 46 48 15 29 34 18 35 19 25 2 9 30 21 12 10 40 38 43 42 41 4 

Inst_Index:7018 	 City_Num:50 	 Concorde:0.057611 	 MCTS:5.760053 Improve:0.000999 	 Time:5.00 Seconds
Solution: 1 41 9 28 44 20 3 8 29 6 11 32 34 27 46 21 31 14 30 25 2 37 16 39 22 7 42 38 17 23 45 15 35 43 13 18 49 33 4 48 19 26 47 50 24 5 10 40 12 36 

Inst_Index:7019 	 City_Num:50 	 Concorde:0.060390 	 MCTS:6.038963 Improve:0.000000 	 Time:5.00 Seconds
Solution: 1 30 42 5 15 38 3 29 46 27 17 33 49 41 25 32 28 26 18 48 34 16 39 12 22 11 37 24 50 23 2 9 14 13 45 36 31 20 43 19 35 10 4 40 21 44 8 6 7 47 

Inst_Index:7020 	 City_Num:50 	 Concorde:0.057906 	 MCTS:5.790606 Improve:0.000000 	 Time:5.00 Seconds
Solution: 1 22 41 28 26 31 50 48 35 6 20 24 23 36 39 37 34 44 9 25 15 5 4 32 3 40 17 18 45 29 47 30 27 46 33 10 2 42 14 16 38 43 21 8 11 7 19 49 13 12 

Inst_Index:7021 	 City_Num:50 	 Concorde:0.056161 	 MCTS:5.611098 Improve:0.005006 	 Time:5.00 Seconds
Solution: 1 28 18 2 44 45 30 11 24 25 39 35 14 47 4 13 21 41 15 19 40 6 42 46 3 36 26 37 20 23 32 17 12 49 48 50 43 5 16 31 38 29 9 22 10 8 27 33 7 34 

Inst_Index:7022 	 City_Num:50 	 Concorde:0.060052 	 MCTS:6.005241 Improve:0.000000 	 Time:5.00 Seconds
Solution: 1 32 21 13 8 24 16 34 42 9 31 12 36 10 5 46 17 41 38 18 20 25 23 43 22 39 50 30 15 26 27 44 37 33 2 28 40 3 19 49 6 47 4 7 14 45 11 29 48 35 

Inst_Index:7023 	 City_Num:50 	 Concorde:0.054826 	 MCTS:5.482565 Improve:0.000000 	 Time:5.01 Seconds
Solution: 1 44 50 12 31 29 37 33 40 45 42 5 15 41 30 14 4 39 13 36 25 46 23 27 11 28 26 35 48 38 47 22 17 43 10 21 9 16 24 6 18 8 20 34 19 7 3 32 49 2 

Inst_Index:7024 	 City_Num:50 	 Concorde:0.056658 	 MCTS:5.665845 Improve:-0.000000 	 Time:5.00 Seconds
Solution: 1 36 9 30 47 46 48 37 33 24 13 50 40 5 17 23 3 35 26 14 18 12 49 4 7 45 20 44 41 28 43 21 6 19 34 42 38 15 25 31 10 11 16 2 27 29 39 8 32 22 

Inst_Index:7025 	 City_Num:50 	 Concorde:0.055391 	 MCTS:5.539106 Improve:-0.000000 	 Time:5.00 Seconds
Solution: 1 17 45 44 31 7 28 38 40 16 34 46 49 26 42 35 18 14 13 41 39 11 20 27 23 6 30 8 3 48 10 22 29 25 2 12 4 24 47 37 9 43 33 19 21 36 50 15 32 5 

Inst_Index:7026 	 City_Num:50 	 Concorde:0.056020 	 MCTS:5.601982 Improve:-0.000000 	 Time:5.00 Seconds
Solution: 1 27 16 14 36 9 23 10 34 20 4 43 33 28 42 44 30 11 2 12 3 37 31 6 13 24 5 19 25 46 47 22 38 45 50 32 48 39 18 17 15 35 7 8 40 49 29 26 41 21 

Inst_Index:7027 	 City_Num:50 	 Concorde:0.057157 	 MCTS:5.715728 Improve:0.000000 	 Time:5.00 Seconds
Solution: 1 18 16 13 7 28 37 23 33 14 4 12 44 39 32 15 8 40 29 42 30 34 19 22 46 45 26 27 41 24 6 47 2 31 25 48 36 5 50 9 20 11 17 43 10 35 49 3 38 21 

Inst_Index:7028 	 City_Num:50 	 Concorde:0.058238 	 MCTS:5.823782 Improve:0.000000 	 Time:5.00 Seconds
Solution: 1 43 8 34 44 29 32 39 27 4 31 2 5 19 17 21 22 42 20 37 28 48 3 47 15 14 40 30 38 25 23 45 10 24 9 35 36 6 12 7 18 13 41 26 16 50 46 11 33 49 

Inst_Index:7029 	 City_Num:50 	 Concorde:0.053278 	 MCTS:5.327814 Improve:0.000000 	 Time:5.00 Seconds
Solution: 1 7 29 45 31 47 33 3 19 26 25 50 40 16 27 10 11 18 38 35 37 42 41 6 24 12 4 44 48 39 43 46 5 9 8 23 32 34 28 22 30 49 14 15 36 17 21 13 20 2 

Inst_Index:7030 	 City_Num:50 	 Concorde:0.055708 	 MCTS:5.570799 Improve:-0.000000 	 Time:5.01 Seconds
Solution: 1 30 4 11 21 13 22 10 50 41 39 15 20 43 19 40 44 31 17 9 8 34 46 38 35 6 14 36 28 26 3 29 25 33 23 42 48 12 45 27 7 49 24 37 16 2 5 32 47 18 

Inst_Index:7031 	 City_Num:50 	 Concorde:0.055989 	 MCTS:5.598893 Improve:0.000000 	 Time:5.00 Seconds
Solution: 1 22 28 46 13 50 42 43 7 31 27 3 34 20 21 14 35 18 41 30 11 10 15 45 44 36 37 12 47 8 16 19 48 29 4 5 2 24 23 6 33 38 32 26 40 39 25 49 9 17 

Inst_Index:7032 	 City_Num:50 	 Concorde:0.054718 	 MCTS:5.471798 Improve:-0.000000 	 Time:5.00 Seconds
Solution: 1 36 11 32 31 12 49 23 10 34 14 42 22 24 45 29 9 21 40 5 28 33 30 38 47 50 26 46 18 16 44 13 3 37 43 15 39 27 20 6 41 35 8 25 4 48 19 7 17 2 

Inst_Index:7033 	 City_Num:50 	 Concorde:0.056507 	 MCTS:5.650707 Improve:0.000000 	 Time:5.00 Seconds
Solution: 1 21 3 15 27 37 31 45 47 24 22 36 6 50 2 28 44 41 10 42 48 11 25 30 19 33 13 17 7 5 23 14 18 9 16 46 8 43 49 20 35 12 4 38 29 26 32 40 34 39 

Inst_Index:7034 	 City_Num:50 	 Concorde:0.058958 	 MCTS:5.894708 Improve:0.001062 	 Time:5.01 Seconds
Solution: 1 49 16 41 14 17 5 15 12 36 9 33 31 38 2 13 46 42 32 11 18 37 28 7 22 3 20 26 30 4 10 50 6 29 45 23 34 48 39 21 19 40 8 47 35 24 44 27 25 43 

Inst_Index:7035 	 City_Num:50 	 Concorde:0.059252 	 MCTS:5.925198 Improve:0.000000 	 Time:5.00 Seconds
Solution: 1 7 3 45 6 21 46 27 25 33 49 4 5 44 2 42 15 36 9 24 32 14 29 11 34 17 38 16 19 26 40 18 30 37 22 41 12 28 48 23 31 43 10 39 20 13 8 47 50 35 

Inst_Index:7036 	 City_Num:50 	 Concorde:0.056130 	 MCTS:5.609865 Improve:0.003138 	 Time:5.00 Seconds
Solution: 1 38 46 11 27 26 49 39 2 9 19 12 37 32 41 14 33 36 34 16 10 43 45 18 44 7 47 29 5 25 4 40 30 28 22 31 8 6 42 3 17 15 50 48 24 35 21 13 20 23 

Inst_Index:7037 	 City_Num:50 	 Concorde:0.052147 	 MCTS:5.214717 Improve:-0.000000 	 Time:5.00 Seconds
Solution: 1 36 47 21 26 34 17 28 15 45 39 7 44 11 23 42 32 22 49 4 3 27 10 20 13 46 5 6 48 31 29 25 50 40 33 41 14 16 30 35 38 2 37 12 43 8 9 24 18 19 

Inst_Index:7038 	 City_Num:50 	 Concorde:0.058958 	 MCTS:5.895795 Improve:0.000000 	 Time:5.00 Seconds
Solution: 1 11 20 21 8 19 12 23 37 45 46 6 17 49 44 42 22 34 3 28 10 14 32 2 25 30 4 18 24 5 35 26 27 38 47 36 15 50 9 48 43 41 31 40 33 29 39 13 7 16 

Inst_Index:7039 	 City_Num:50 	 Concorde:0.057548 	 MCTS:5.754825 Improve:0.000000 	 Time:5.00 Seconds
Solution: 1 38 47 14 15 34 33 42 49 2 39 41 6 9 13 50 22 16 36 30 19 32 43 31 23 46 28 12 48 37 3 45 21 11 8 24 20 44 4 18 17 7 5 40 10 26 27 35 25 29 

Inst_Index:7040 	 City_Num:50 	 Concorde:0.057800 	 MCTS:5.779982 Improve:0.000000 	 Time:5.00 Seconds
Solution: 1 46 43 47 33 31 10 36 16 38 50 49 42 12 23 34 35 29 9 15 45 26 39 4 17 13 32 40 20 41 7 2 30 3 24 8 19 14 37 6 22 18 21 27 28 25 44 48 11 5 

Inst_Index:7041 	 City_Num:50 	 Concorde:0.057475 	 MCTS:5.747535 Improve:-0.000000 	 Time:5.00 Seconds
Solution: 1 27 14 34 21 12 2 48 24 38 16 20 45 50 11 18 17 35 36 19 49 28 5 42 33 8 44 25 29 43 13 10 39 4 41 22 15 46 37 9 23 32 30 31 6 7 26 40 3 47 

Inst_Index:7042 	 City_Num:50 	 Concorde:0.052193 	 MCTS:5.219278 Improve:-0.000000 	 Time:5.00 Seconds
Solution: 1 49 10 35 33 45 7 9 19 47 2 20 16 37 38 12 17 6 15 27 32 24 43 34 14 44 11 26 40 8 23 28 31 48 22 4 13 39 30 46 36 21 18 41 3 50 29 5 42 25 

Inst_Index:7043 	 City_Num:50 	 Concorde:0.055443 	 MCTS:5.544255 Improve:0.000000 	 Time:5.00 Seconds
Solution: 1 19 21 28 10 5 48 13 40 32 37 11 31 22 16 6 42 50 43 26 41 33 15 2 4 30 27 3 25 20 36 34 14 9 39 23 8 46 45 35 38 47 29 17 24 49 12 7 44 18 

Inst_Index:7044 	 City_Num:50 	 Concorde:0.055376 	 MCTS:5.536660 Improve:0.000956 	 Time:5.00 Seconds
Solution: 1 21 45 35 30 49 42 5 36 26 44 20 31 13 43 40 9 48 50 14 47 17 25 39 46 19 41 23 15 3 38 16 29 8 24 2 4 10 12 22 27 7 28 32 11 33 18 37 6 34 

Inst_Index:7045 	 City_Num:50 	 Concorde:0.057618 	 MCTS:5.761845 Improve:0.000000 	 Time:5.01 Seconds
Solution: 1 21 4 7 39 22 18 42 5 44 31 30 9 49 15 6 19 35 25 20 34 26 27 47 40 29 41 16 45 46 32 48 50 2 14 10 33 13 37 24 17 36 28 3 43 8 38 11 23 12 

Inst_Index:7046 	 City_Num:50 	 Concorde:0.055569 	 MCTS:5.556745 Improve:0.000143 	 Time:5.01 Seconds
Solution: 1 47 5 18 30 22 11 35 28 33 31 44 27 37 3 50 26 40 39 6 46 49 43 9 23 25 34 21 19 48 42 15 12 13 38 7 41 16 36 2 32 14 17 4 10 29 45 24 8 20 

Inst_Index:7047 	 City_Num:50 	 Concorde:0.057641 	 MCTS:5.764119 Improve:0.000000 	 Time:5.01 Seconds
Solution: 1 47 31 19 42 22 32 36 40 17 23 4 50 44 25 16 12 14 29 30 5 27 20 6 13 8 46 11 9 15 37 48 49 35 3 45 41 18 38 43 2 24 28 34 33 7 26 10 21 39 

Inst_Index:7048 	 City_Num:50 	 Concorde:0.056713 	 MCTS:5.671255 Improve:0.000000 	 Time:5.00 Seconds
Solution: 1 32 39 3 46 13 45 26 38 25 30 16 6 37 49 17 42 43 19 27 33 50 22 48 4 20 7 34 18 12 28 24 14 31 8 2 23 35 5 9 15 47 21 44 40 11 29 10 36 41 

Inst_Index:7049 	 City_Num:50 	 Concorde:0.056995 	 MCTS:5.699470 Improve:0.000000 	 Time:5.00 Seconds
Solution: 1 40 19 37 48 16 34 50 17 10 43 42 20 44 12 23 49 14 32 26 11 6 33 30 38 29 8 5 4 36 9 31 47 45 21 24 35 25 15 18 39 2 46 3 22 7 27 41 13 28 

Inst_Index:7050 	 City_Num:50 	 Concorde:0.059240 	 MCTS:5.924002 Improve:0.000000 	 Time:5.00 Seconds
Solution: 1 43 9 24 22 33 21 13 3 18 42 47 10 5 19 45 32 40 27 2 38 28 34 26 25 17 11 14 23 6 15 41 16 37 30 8 39 35 44 29 20 12 46 48 49 36 50 7 4 31 

Inst_Index:7051 	 City_Num:50 	 Concorde:0.050919 	 MCTS:5.091862 Improve:0.000000 	 Time:5.00 Seconds
Solution: 1 49 22 40 26 12 14 28 15 37 36 17 20 33 41 39 2 32 45 27 46 34 38 23 35 21 5 13 43 18 24 9 30 48 8 29 6 47 4 11 25 16 10 19 42 7 3 50 44 31 

Inst_Index:7052 	 City_Num:50 	 Concorde:0.053460 	 MCTS:5.342844 Improve:0.003185 	 Time:5.00 Seconds
Solution: 1 28 15 29 2 11 50 32 8 27 45 36 25 7 18 4 13 22 24 37 47 41 31 30 38 12 3 39 42 44 6 46 5 35 40 17 49 21 43 48 23 9 16 19 33 14 34 10 26 20 

Inst_Index:7053 	 City_Num:50 	 Concorde:0.060305 	 MCTS:6.030522 Improve:0.000000 	 Time:5.00 Seconds
Solution: 1 14 9 38 6 30 43 3 31 10 48 27 20 32 16 21 11 34 47 24 22 28 44 2 36 7 50 46 25 19 29 12 39 26 18 23 13 42 37 8 33 15 17 40 35 49 41 5 4 45 

Inst_Index:7054 	 City_Num:50 	 Concorde:0.059284 	 MCTS:5.928420 Improve:0.000000 	 Time:5.00 Seconds
Solution: 1 40 9 38 14 39 20 37 25 21 42 49 13 4 12 31 27 19 33 15 8 2 3 23 32 24 6 35 29 34 46 43 36 7 48 50 16 44 18 45 47 26 17 10 5 30 28 22 41 11 

Inst_Index:7055 	 City_Num:50 	 Concorde:0.060525 	 MCTS:6.052491 Improve:0.000000 	 Time:5.00 Seconds
Solution: 1 19 33 36 10 4 11 15 12 9 20 27 31 7 17 40 44 8 6 30 25 23 5 39 50 35 24 46 45 2 18 16 41 21 42 29 28 34 37 3 49 47 14 13 38 22 32 43 26 48 

Inst_Index:7056 	 City_Num:50 	 Concorde:0.056406 	 MCTS:5.638054 Improve:0.002504 	 Time:5.00 Seconds
Solution: 1 15 48 19 41 32 34 30 16 8 39 13 47 46 23 50 44 43 31 36 5 11 40 45 10 17 20 49 7 21 3 14 9 12 33 42 29 6 28 38 35 26 27 24 4 22 25 18 37 2 

Inst_Index:7057 	 City_Num:50 	 Concorde:0.060894 	 MCTS:6.089429 Improve:0.000000 	 Time:5.00 Seconds
Solution: 1 48 9 50 41 44 17 6 13 29 8 31 39 38 5 46 40 23 49 33 20 34 25 4 11 21 32 18 42 28 3 22 35 47 27 16 26 2 36 37 12 43 10 24 19 45 14 30 7 15 

Inst_Index:7058 	 City_Num:50 	 Concorde:0.054609 	 MCTS:5.459116 Improve:0.001753 	 Time:5.00 Seconds
Solution: 1 44 27 24 47 20 50 5 29 30 48 22 42 18 8 10 15 28 23 25 7 32 40 4 46 12 16 43 11 17 33 37 13 35 21 41 3 39 19 34 38 49 14 36 26 9 2 6 31 45 

Inst_Index:7059 	 City_Num:50 	 Concorde:0.057649 	 MCTS:5.837723 Improve:-0.072853 	 Time:5.01 Seconds
Solution: 1 14 33 45 7 38 49 26 17 41 13 25 4 37 39 28 32 8 44 50 34 3 46 15 20 6 5 9 24 31 35 18 48 40 22 12 30 29 2 19 10 43 11 42 47 16 27 21 23 36 

Inst_Index:7060 	 City_Num:50 	 Concorde:0.053951 	 MCTS:5.393734 Improve:0.001322 	 Time:5.00 Seconds
Solution: 1 37 46 4 40 32 33 16 19 17 30 24 7 48 49 29 47 8 27 22 44 45 25 36 23 14 34 10 41 3 38 26 31 28 9 5 39 21 42 50 6 18 11 2 13 20 35 43 12 15 

Inst_Index:7061 	 City_Num:50 	 Concorde:0.057330 	 MCTS:5.728064 Improve:0.004950 	 Time:5.00 Seconds
Solution: 1 36 6 45 26 46 9 5 48 40 30 19 35 18 16 22 10 34 47 27 12 39 41 3 2 43 14 24 29 15 31 11 8 32 13 21 23 42 20 50 28 38 33 25 44 17 49 37 7 4 

Inst_Index:7062 	 City_Num:50 	 Concorde:0.058451 	 MCTS:5.845081 Improve:0.000000 	 Time:5.00 Seconds
Solution: 1 2 45 32 9 39 35 47 48 46 21 20 34 44 10 15 22 41 24 49 19 40 6 5 12 14 30 33 42 26 23 27 11 7 28 4 43 8 31 36 16 13 37 38 3 29 18 50 25 17 

Inst_Index:7063 	 City_Num:50 	 Concorde:0.055693 	 MCTS:5.569281 Improve:0.000000 	 Time:5.00 Seconds
Solution: 1 27 36 49 50 20 41 10 14 3 32 29 9 30 38 47 45 33 37 21 17 2 24 44 43 22 42 5 8 25 13 28 16 23 34 15 40 35 26 11 6 4 39 48 7 46 19 18 31 12 

Inst_Index:7064 	 City_Num:50 	 Concorde:0.057893 	 MCTS:5.789264 Improve:0.000000 	 Time:5.01 Seconds
Solution: 1 3 35 33 28 46 11 34 18 20 36 2 14 29 5 31 48 47 13 10 17 23 49 16 22 45 21 25 9 27 7 15 41 4 24 43 42 44 8 6 12 37 30 50 32 39 19 38 40 26 

Inst_Index:7065 	 City_Num:50 	 Concorde:0.053829 	 MCTS:5.382875 Improve:0.000000 	 Time:5.01 Seconds
Solution: 1 32 47 13 40 18 9 36 3 49 15 43 25 24 31 37 19 10 11 12 28 4 20 46 6 17 42 33 27 44 48 2 5 34 38 16 39 8 14 35 41 29 50 7 30 22 45 21 26 23 

Inst_Index:7066 	 City_Num:50 	 Concorde:0.058389 	 MCTS:5.838920 Improve:0.000000 	 Time:5.00 Seconds
Solution: 1 26 8 31 5 6 43 48 25 15 47 27 11 32 9 28 3 18 23 40 42 10 45 38 49 39 22 2 7 30 50 14 29 20 36 21 34 24 13 44 37 17 46 33 19 35 4 16 41 12 

Inst_Index:7067 	 City_Num:50 	 Concorde:0.056880 	 MCTS:5.688022 Improve:-0.000000 	 Time:5.00 Seconds
Solution: 1 37 12 29 44 30 39 28 17 42 31 41 40 7 15 22 9 14 23 47 46 18 48 45 19 13 43 49 4 34 33 50 3 6 32 16 21 38 11 20 36 8 5 26 10 24 35 25 2 27 

Inst_Index:7068 	 City_Num:50 	 Concorde:0.057986 	 MCTS:5.795813 Improve:0.002822 	 Time:5.00 Seconds
Solution: 1 37 47 45 32 9 25 20 38 13 3 22 30 36 12 23 17 16 6 11 33 4 31 7 35 40 29 5 8 14 46 24 34 15 26 49 19 39 42 10 18 44 48 50 28 2 21 43 27 41 

Inst_Index:7069 	 City_Num:50 	 Concorde:0.056242 	 MCTS:5.624248 Improve:0.000000 	 Time:5.00 Seconds
Solution: 1 5 29 6 25 34 12 38 8 16 42 11 45 35 10 40 47 4 23 19 37 7 24 22 43 26 33 13 20 14 32 50 31 39 28 2 15 21 3 9 17 44 48 41 18 49 36 46 30 27 

Inst_Index:7070 	 City_Num:50 	 Concorde:0.058636 	 MCTS:5.862588 Improve:0.001008 	 Time:5.00 Seconds
Solution: 1 9 26 20 37 49 12 41 25 38 33 23 19 24 28 14 48 39 50 15 6 4 35 18 40 43 2 44 13 22 46 8 30 16 36 42 17 5 29 10 21 31 11 45 47 32 34 7 3 27 

Inst_Index:7071 	 City_Num:50 	 Concorde:0.053048 	 MCTS:5.304800 Improve:-0.000000 	 Time:5.00 Seconds
Solution: 1 37 38 26 19 5 3 30 22 41 7 20 25 33 48 45 21 39 6 14 36 47 17 16 31 35 18 50 12 43 44 9 28 10 8 23 29 11 46 42 15 40 49 32 34 13 2 27 24 4 

Inst_Index:7072 	 City_Num:50 	 Concorde:0.059256 	 MCTS:5.922745 Improve:0.002896 	 Time:5.00 Seconds
Solution: 1 4 30 36 14 13 32 41 40 7 46 33 48 29 50 42 16 38 22 3 19 43 44 27 2 8 23 25 18 35 11 12 6 9 26 17 45 31 47 24 49 21 37 10 28 20 5 15 39 34 

Inst_Index:7073 	 City_Num:50 	 Concorde:0.057642 	 MCTS:5.764180 Improve:-0.000000 	 Time:5.00 Seconds
Solution: 1 20 35 5 46 42 21 37 4 34 24 43 26 18 48 36 32 33 8 28 13 11 22 9 3 44 45 50 41 23 14 30 15 19 17 40 38 12 29 47 10 2 49 16 6 39 31 25 7 27 

Inst_Index:7074 	 City_Num:50 	 Concorde:0.058253 	 MCTS:5.825324 Improve:-0.000000 	 Time:5.00 Seconds
Solution: 1 49 16 7 42 29 30 35 33 22 19 50 17 21 27 14 10 13 34 46 31 36 4 24 8 48 37 20 15 18 28 23 32 47 41 26 12 3 5 11 38 39 45 6 43 2 9 44 25 40 

Inst_Index:7075 	 City_Num:50 	 Concorde:0.057368 	 MCTS:5.736816 Improve:0.000000 	 Time:5.01 Seconds
Solution: 1 39 5 20 44 13 7 4 8 9 23 21 25 31 38 41 28 18 16 35 34 50 29 37 15 30 32 49 42 26 22 45 3 17 11 27 40 43 36 2 19 12 6 47 33 24 14 10 48 46 

Inst_Index:7076 	 City_Num:50 	 Concorde:0.055928 	 MCTS:5.592812 Improve:0.000000 	 Time:5.00 Seconds
Solution: 1 20 8 50 45 12 21 47 40 31 43 6 2 4 17 48 5 23 28 14 33 34 15 18 32 25 38 10 19 49 39 7 35 41 30 3 46 42 24 16 44 36 11 13 9 26 37 29 22 27 

Inst_Index:7077 	 City_Num:50 	 Concorde:0.052009 	 MCTS:5.200869 Improve:-0.000000 	 Time:5.00 Seconds
Solution: 1 42 9 27 33 39 23 21 26 2 6 49 32 41 17 13 34 47 29 37 44 30 48 5 8 45 3 50 46 18 36 40 20 19 24 16 43 12 11 25 28 10 15 4 7 31 14 38 22 35 

Inst_Index:7078 	 City_Num:50 	 Concorde:0.057465 	 MCTS:5.746505 Improve:0.000000 	 Time:5.00 Seconds
Solution: 1 27 43 14 39 36 46 10 19 11 34 33 28 18 22 32 7 44 21 6 37 8 45 5 24 31 35 41 16 40 23 2 4 15 50 47 3 26 13 48 12 25 38 29 17 42 49 9 20 30 

Inst_Index:7079 	 City_Num:50 	 Concorde:0.054118 	 MCTS:5.411753 Improve:0.000000 	 Time:5.00 Seconds
Solution: 1 7 32 29 43 3 16 22 8 45 36 39 10 17 41 31 44 49 12 25 33 4 38 30 47 40 48 35 28 20 18 34 13 6 24 5 11 15 19 42 37 9 26 21 46 14 50 23 27 2 

Inst_Index:7080 	 City_Num:50 	 Concorde:0.056025 	 MCTS:5.600199 Improve:0.002303 	 Time:5.00 Seconds
Solution: 1 22 25 42 31 20 14 16 49 40 48 5 35 23 44 2 11 46 39 19 41 24 43 47 33 7 18 3 13 6 28 15 4 36 38 34 32 29 21 17 45 37 12 30 27 9 10 26 50 8 

Inst_Index:7081 	 City_Num:50 	 Concorde:0.055221 	 MCTS:5.520536 Improve:0.001546 	 Time:5.00 Seconds
Solution: 1 20 22 4 5 35 36 30 41 18 19 45 42 10 12 15 39 13 17 8 34 2 6 48 27 44 49 21 40 16 38 43 37 24 11 47 7 28 33 23 32 14 29 46 31 3 50 26 9 25 

Inst_Index:7082 	 City_Num:50 	 Concorde:0.054718 	 MCTS:5.471775 Improve:-0.000000 	 Time:5.00 Seconds
Solution: 1 38 33 20 13 44 28 49 41 34 3 7 12 42 8 37 50 22 43 46 4 30 31 17 10 39 21 16 5 25 48 27 14 23 18 29 45 19 9 6 15 26 24 47 11 36 32 35 40 2 

Inst_Index:7083 	 City_Num:50 	 Concorde:0.058324 	 MCTS:5.832391 Improve:0.000000 	 Time:5.00 Seconds
Solution: 1 33 20 41 39 2 6 27 36 49 17 25 10 9 11 42 40 15 12 38 37 46 47 48 29 26 45 43 13 16 21 3 5 14 44 35 18 50 22 4 32 30 19 31 24 28 8 7 23 34 

Inst_Index:7084 	 City_Num:50 	 Concorde:0.060091 	 MCTS:6.009106 Improve:-0.000000 	 Time:5.00 Seconds
Solution: 1 27 21 26 30 47 41 40 42 39 18 12 36 8 13 46 50 17 49 48 29 15 31 37 44 45 16 25 11 3 23 22 43 9 24 2 35 7 38 32 4 14 33 34 10 19 20 28 6 5 

Inst_Index:7085 	 City_Num:50 	 Concorde:0.057991 	 MCTS:5.793495 Improve:0.005622 	 Time:5.00 Seconds
Solution: 1 35 2 41 48 17 38 21 11 34 26 49 19 24 12 31 20 37 43 22 3 4 28 36 23 29 25 47 32 13 9 5 40 44 45 18 10 15 7 30 39 33 42 14 16 50 27 6 46 8 

Inst_Index:7086 	 City_Num:50 	 Concorde:0.059350 	 MCTS:5.934991 Improve:0.000000 	 Time:5.00 Seconds
Solution: 1 31 44 43 3 27 36 8 14 30 13 47 33 15 48 34 24 35 10 22 41 40 29 5 7 18 45 19 20 32 6 16 50 39 17 9 11 2 26 25 4 37 12 38 28 23 42 46 21 49 

Inst_Index:7087 	 City_Num:50 	 Concorde:0.053407 	 MCTS:5.338456 Improve:0.002252 	 Time:5.00 Seconds
Solution: 1 7 15 30 35 13 33 41 14 12 20 48 8 18 28 10 6 31 47 3 26 36 43 34 39 17 49 45 22 29 23 5 2 42 32 24 4 40 16 27 44 11 46 37 50 38 25 21 19 9 

Inst_Index:7088 	 City_Num:50 	 Concorde:0.057315 	 MCTS:5.731464 Improve:0.000000 	 Time:5.00 Seconds
Solution: 1 32 23 10 30 26 45 21 28 46 11 49 41 7 5 25 24 40 6 31 44 42 12 43 15 37 17 3 2 50 22 38 47 36 16 39 14 9 8 35 20 18 13 29 4 27 33 48 19 34 

Inst_Index:7089 	 City_Num:50 	 Concorde:0.056234 	 MCTS:5.623393 Improve:-0.000000 	 Time:5.00 Seconds
Solution: 1 4 6 17 7 18 19 30 23 45 32 44 36 48 40 39 50 47 43 11 34 22 2 20 35 42 13 16 49 28 8 12 15 3 37 25 33 10 27 41 31 29 9 46 24 21 26 14 38 5 

Inst_Index:7090 	 City_Num:50 	 Concorde:0.052758 	 MCTS:5.274541 Improve:0.001286 	 Time:5.00 Seconds
Solution: 1 6 39 18 41 3 16 40 45 37 5 34 12 13 21 48 46 22 8 7 44 4 49 47 31 25 27 36 14 43 11 42 10 30 9 2 50 38 15 23 24 33 35 32 29 19 28 20 26 17 

Inst_Index:7091 	 City_Num:50 	 Concorde:0.052507 	 MCTS:5.250748 Improve:0.000000 	 Time:5.00 Seconds
Solution: 1 38 46 49 36 6 20 19 28 11 17 39 7 42 5 2 35 24 33 16 44 14 29 45 25 23 48 41 3 12 9 15 30 26 34 37 13 31 22 50 18 21 47 40 32 8 43 10 4 27 

Inst_Index:7092 	 City_Num:50 	 Concorde:0.058909 	 MCTS:5.890330 Improve:0.000579 	 Time:5.00 Seconds
Solution: 1 44 38 50 10 4 32 29 23 48 39 47 9 26 27 34 40 18 45 3 24 15 30 7 31 11 33 21 2 46 6 41 25 36 20 5 14 16 28 22 12 13 8 35 43 17 42 49 37 19 

Inst_Index:7093 	 City_Num:50 	 Concorde:0.063357 	 MCTS:6.333219 Improve:0.002504 	 Time:5.00 Seconds
Solution: 1 28 10 9 39 21 26 36 46 29 23 34 30 15 3 27 17 44 50 4 48 38 14 13 49 11 8 6 16 47 40 31 42 2 35 45 20 32 41 7 19 24 43 33 25 22 37 5 18 12 

Inst_Index:7094 	 City_Num:50 	 Concorde:0.058192 	 MCTS:5.819179 Improve:0.000000 	 Time:5.00 Seconds
Solution: 1 46 49 9 38 27 44 34 39 8 28 31 2 17 50 41 16 26 43 45 14 19 7 5 48 42 47 11 3 30 25 40 29 36 6 22 32 18 24 15 21 13 10 37 23 35 20 12 33 4 

Inst_Index:7095 	 City_Num:50 	 Concorde:0.055173 	 MCTS:5.517294 Improve:0.000000 	 Time:5.00 Seconds
Solution: 1 33 50 34 11 5 13 9 31 22 12 4 45 16 40 2 18 14 46 37 36 30 48 24 21 47 29 27 38 7 42 39 19 20 10 25 8 17 6 23 49 44 41 28 15 32 26 43 35 3 

Inst_Index:7096 	 City_Num:50 	 Concorde:0.058039 	 MCTS:5.803926 Improve:0.000000 	 Time:5.00 Seconds
Solution: 1 18 45 23 35 34 10 46 17 30 29 24 15 40 20 4 28 2 27 49 41 6 9 21 22 39 8 31 33 47 25 36 43 3 11 48 42 50 44 7 12 14 19 13 32 38 37 16 26 5 

Inst_Index:7097 	 City_Num:50 	 Concorde:0.059090 	 MCTS:5.908096 Improve:0.000915 	 Time:5.00 Seconds
Solution: 1 31 30 2 33 5 3 16 10 4 32 44 7 22 50 20 17 36 37 34 24 29 18 40 27 21 9 6 14 23 49 48 15 45 38 12 41 35 8 13 28 47 43 25 42 26 39 19 11 46 

Inst_Index:7098 	 City_Num:50 	 Concorde:0.060905 	 MCTS:6.090475 Improve:-0.000000 	 Time:5.00 Seconds
Solution: 1 46 4 49 17 21 45 12 43 8 14 30 42 41 24 15 34 40 47 32 33 28 18 37 6 38 13 16 2 39 11 48 26 50 10 36 22 7 23 27 20 35 3 19 25 44 5 9 29 31 

Inst_Index:7099 	 City_Num:50 	 Concorde:0.055890 	 MCTS:5.589046 Improve:-0.000000 	 Time:5.00 Seconds
Solution: 1 45 9 11 40 39 10 42 25 16 28 30 6 35 46 17 19 31 2 49 27 18 50 37 41 23 24 14 13 26 3 4 34 22 5 48 43 32 29 38 33 15 8 47 7 21 36 12 20 44 

Inst_Index:7100 	 City_Num:50 	 Concorde:0.059189 	 MCTS:5.918857 Improve:0.000000 	 Time:5.02 Seconds
Solution: 1 11 18 15 48 50 9 44 27 28 30 33 36 4 29 32 49 39 3 21 45 25 13 10 22 46 24 42 7 41 2 8 31 17 20 12 14 38 40 37 5 47 19 35 6 26 34 43 16 23 

Inst_Index:7101 	 City_Num:50 	 Concorde:0.058037 	 MCTS:5.799338 Improve:0.004364 	 Time:5.00 Seconds
Solution: 1 15 20 24 47 10 8 4 50 14 41 40 19 36 44 27 21 30 9 16 45 12 48 42 31 13 38 26 22 37 5 49 25 6 35 43 34 33 11 29 18 46 2 17 7 39 32 3 23 28 

Inst_Index:7102 	 City_Num:50 	 Concorde:0.058521 	 MCTS:5.848303 Improve:0.003798 	 Time:5.00 Seconds
Solution: 1 24 8 26 20 35 49 4 7 25 28 44 6 34 27 45 32 11 33 42 5 37 48 46 13 12 9 14 23 19 36 41 16 3 15 39 18 43 2 31 29 40 21 38 50 17 22 10 30 47 

Inst_Index:7103 	 City_Num:50 	 Concorde:0.057581 	 MCTS:5.758116 Improve:0.000000 	 Time:5.00 Seconds
Solution: 1 40 46 24 17 7 11 15 13 19 20 33 43 41 50 18 10 34 8 2 49 42 29 45 35 30 28 25 22 37 27 3 38 12 47 23 26 39 36 5 44 32 31 6 14 48 16 21 9 4 

Inst_Index:7104 	 City_Num:50 	 Concorde:0.052050 	 MCTS:5.197272 Improve:0.007679 	 Time:5.00 Seconds
Solution: 1 8 24 29 37 9 13 48 14 22 17 47 11 44 42 12 50 6 36 4 43 27 15 45 39 25 41 16 10 5 31 18 7 30 32 34 28 26 40 19 33 23 46 49 3 2 38 35 20 21 

Inst_Index:7105 	 City_Num:50 	 Concorde:0.056154 	 MCTS:5.615441 Improve:0.000000 	 Time:5.00 Seconds
Solution: 1 45 18 21 34 49 24 40 33 41 28 50 5 22 46 26 44 31 20 6 29 11 47 3 23 43 37 32 16 17 36 48 15 7 10 25 8 42 27 35 9 30 13 14 4 2 39 12 19 38 

Inst_Index:7106 	 City_Num:50 	 Concorde:0.057948 	 MCTS:5.794809 Improve:0.000000 	 Time:5.00 Seconds
Solution: 1 6 7 17 21 33 24 22 37 31 16 48 32 36 14 30 29 45 11 19 25 46 41 9 43 34 28 50 5 4 18 23 10 3 26 15 38 39 20 8 13 27 35 12 40 44 49 42 47 2 

Inst_Index:7107 	 City_Num:50 	 Concorde:0.064860 	 MCTS:6.485973 Improve:0.000000 	 Time:5.00 Seconds
Solution: 1 40 21 18 32 49 7 27 2 36 38 8 39 17 47 5 48 9 29 23 28 16 35 19 15 43 31 30 3 46 6 12 41 10 37 34 42 13 11 24 33 14 50 20 45 22 25 4 26 44 

Inst_Index:7108 	 City_Num:50 	 Concorde:0.057433 	 MCTS:5.738347 Improve:0.004979 	 Time:5.00 Seconds
Solution: 1 20 23 34 48 39 2 24 17 12 30 27 3 42 31 8 41 43 19 47 7 45 11 50 26 38 37 40 21 14 16 28 25 35 32 44 18 49 46 15 5 4 33 10 22 36 9 29 13 6 

Inst_Index:7109 	 City_Num:50 	 Concorde:0.055809 	 MCTS:5.580923 Improve:0.000000 	 Time:5.01 Seconds
Solution: 1 41 42 50 27 32 16 38 15 22 48 30 35 21 36 6 12 8 14 5 43 37 9 49 31 20 2 13 39 7 3 4 26 40 11 34 19 33 29 45 44 18 46 23 28 25 10 17 24 47 

Inst_Index:7110 	 City_Num:50 	 Concorde:0.056384 	 MCTS:5.638371 Improve:0.000000 	 Time:5.00 Seconds
Solution: 1 36 31 19 30 50 41 47 32 4 22 25 8 26 20 9 6 43 15 27 28 12 18 3 21 45 38 7 14 5 40 34 48 33 42 49 44 23 39 37 13 2 16 10 35 29 24 11 46 17 

Inst_Index:7111 	 City_Num:50 	 Concorde:0.056885 	 MCTS:5.688494 Improve:0.000000 	 Time:5.00 Seconds
Solution: 1 21 23 3 49 45 19 8 32 48 12 41 16 28 7 24 37 46 10 33 13 35 26 30 15 43 11 42 40 34 29 5 39 47 6 18 38 27 14 44 17 36 50 31 2 4 9 25 22 20 

Inst_Index:7112 	 City_Num:50 	 Concorde:0.053930 	 MCTS:5.384818 Improve:0.008211 	 Time:5.00 Seconds
Solution: 1 31 9 6 23 46 10 43 44 40 37 41 30 42 25 36 49 4 15 16 13 17 24 19 48 26 12 18 32 47 34 8 39 2 45 27 11 5 22 35 3 7 29 38 50 20 33 28 21 14 

Inst_Index:7113 	 City_Num:50 	 Concorde:0.059048 	 MCTS:5.904824 Improve:-0.000000 	 Time:5.00 Seconds
Solution: 1 12 38 22 29 32 41 3 27 46 25 20 30 16 13 5 36 10 2 24 40 4 6 45 19 47 14 31 9 11 18 37 17 49 42 44 33 23 26 35 8 15 39 48 34 21 50 43 7 28 

Inst_Index:7114 	 City_Num:50 	 Concorde:0.054013 	 MCTS:5.401258 Improve:0.000000 	 Time:5.00 Seconds
Solution: 1 2 5 21 19 17 39 35 23 28 16 11 40 24 49 33 34 6 42 8 12 26 46 10 15 44 45 7 38 43 41 13 32 37 4 22 50 29 25 27 18 14 9 31 36 20 30 3 47 48 

Inst_Index:7115 	 City_Num:50 	 Concorde:0.054882 	 MCTS:5.483593 Improve:0.004567 	 Time:5.00 Seconds
Solution: 1 30 19 46 2 4 15 25 11 21 44 8 3 24 47 29 43 37 50 9 7 36 42 35 39 12 6 41 16 13 27 10 40 5 38 20 28 33 26 34 32 49 48 14 23 45 31 17 22 18 

Inst_Index:7116 	 City_Num:50 	 Concorde:0.058749 	 MCTS:5.874865 Improve:-0.000000 	 Time:5.00 Seconds
Solution: 1 24 46 42 18 45 12 22 49 4 6 38 41 35 15 8 20 9 31 29 2 13 37 16 14 43 28 47 5 23 27 3 40 11 44 30 7 32 36 39 33 10 26 48 34 50 25 17 19 21 

Inst_Index:7117 	 City_Num:50 	 Concorde:0.055171 	 MCTS:5.512341 Improve:0.004799 	 Time:5.00 Seconds
Solution: 1 11 31 6 5 45 19 48 29 30 22 27 49 7 34 12 2 26 23 41 28 46 13 43 38 24 50 25 21 42 4 3 39 33 40 17 15 47 35 37 8 44 32 36 9 20 14 18 10 16 

Inst_Index:7118 	 City_Num:50 	 Concorde:0.058732 	 MCTS:5.869280 Improve:0.003927 	 Time:5.00 Seconds
Solution: 1 46 34 21 29 35 24 4 43 20 9 28 22 3 7 14 42 16 12 13 31 23 2 44 8 15 19 48 25 11 41 45 6 26 39 30 40 18 17 10 5 27 32 50 38 49 36 37 47 33 

Inst_Index:7119 	 City_Num:50 	 Concorde:0.056675 	 MCTS:5.665222 Improve:0.002295 	 Time:5.01 Seconds
Solution: 1 36 37 31 5 7 18 34 42 14 13 20 23 47 43 30 46 17 15 48 32 8 2 19 9 41 10 29 28 22 26 40 33 38 24 12 6 25 21 3 45 44 39 27 11 35 4 49 50 16 

Inst_Index:7120 	 City_Num:50 	 Concorde:0.058465 	 MCTS:5.846527 Improve:0.000000 	 Time:5.01 Seconds
Solution: 1 37 36 46 30 14 21 2 11 26 45 23 50 4 31 3 34 18 10 39 35 19 27 32 25 42 49 38 22 13 17 5 20 8 33 15 9 16 43 29 6 44 24 12 40 28 7 47 41 48 

Inst_Index:7121 	 City_Num:50 	 Concorde:0.056849 	 MCTS:5.679505 Improve:0.005370 	 Time:5.02 Seconds
Solution: 1 8 48 11 22 21 31 41 23 15 30 24 10 27 9 45 34 2 49 36 37 46 50 7 6 28 14 25 43 17 19 29 12 40 13 47 42 39 26 35 4 33 3 38 44 20 32 18 5 16 

Inst_Index:7122 	 City_Num:50 	 Concorde:0.054304 	 MCTS:5.430417 Improve:0.000000 	 Time:5.01 Seconds
Solution: 1 48 19 17 37 18 9 38 6 15 40 36 10 32 20 16 3 25 41 4 2 22 34 28 47 46 30 50 23 31 33 49 11 7 8 43 27 21 39 12 35 26 44 14 29 24 42 5 13 45 

Inst_Index:7123 	 City_Num:50 	 Concorde:0.059762 	 MCTS:5.974677 Improve:0.001569 	 Time:5.00 Seconds
Solution: 1 43 47 17 49 9 24 33 41 18 46 31 11 30 23 48 36 34 8 50 6 20 5 35 38 3 26 4 32 12 45 44 37 40 2 15 25 10 19 14 16 21 27 7 13 39 22 29 42 28 

Inst_Index:7124 	 City_Num:50 	 Concorde:0.053133 	 MCTS:5.313293 Improve:0.000000 	 Time:5.00 Seconds
Solution: 1 27 19 12 43 28 32 4 44 30 31 21 41 9 22 35 2 13 11 18 26 42 23 49 7 33 15 17 3 40 10 46 37 25 34 14 20 50 24 38 45 47 29 5 39 8 6 16 36 48 

Inst_Index:7125 	 City_Num:50 	 Concorde:0.053048 	 MCTS:5.304080 Improve:0.000733 	 Time:5.00 Seconds
Solution: 1 40 16 17 37 18 49 5 24 33 39 6 22 34 4 3 46 48 10 43 32 9 15 21 30 2 42 25 28 31 14 12 26 8 36 23 20 13 38 45 27 11 47 50 19 35 7 29 41 44 

Inst_Index:7126 	 City_Num:50 	 Concorde:0.054482 	 MCTS:5.448157 Improve:0.000000 	 Time:5.00 Seconds
Solution: 1 19 9 24 41 12 35 17 50 11 15 26 16 46 48 4 5 27 36 33 28 37 20 25 43 40 29 38 47 2 10 42 39 21 8 22 14 44 30 45 49 6 7 23 32 13 3 18 31 34 

Inst_Index:7127 	 City_Num:50 	 Concorde:0.056102 	 MCTS:5.610200 Improve:0.000000 	 Time:5.00 Seconds
Solution: 1 45 41 14 9 28 11 34 29 36 6 38 16 37 17 31 13 4 15 30 10 33 42 3 12 8 44 47 43 20 26 49 22 46 32 21 50 24 19 18 35 27 7 48 39 2 5 25 40 23 

Inst_Index:7128 	 City_Num:50 	 Concorde:0.055100 	 MCTS:5.509982 Improve:0.000000 	 Time:5.00 Seconds
Solution: 1 48 21 4 49 12 17 46 29 36 50 8 5 24 22 23 13 47 41 40 3 20 27 31 25 18 2 42 9 19 35 10 30 44 39 26 15 33 32 43 34 14 6 11 28 7 45 16 37 38 

Inst_Index:7129 	 City_Num:50 	 Concorde:0.058824 	 MCTS:5.882436 Improve:-0.000000 	 Time:5.00 Seconds
Solution: 1 34 23 38 27 10 13 32 14 17 8 31 41 50 12 49 6 37 35 24 11 36 29 46 22 21 9 28 45 44 40 25 20 19 42 4 18 33 7 3 26 15 30 47 5 39 2 48 43 16 

Inst_Index:7130 	 City_Num:50 	 Concorde:0.056653 	 MCTS:5.660149 Improve:0.005155 	 Time:5.01 Seconds
Solution: 1 32 20 28 27 41 26 44 5 31 36 14 15 23 24 7 6 40 48 11 29 3 8 12 43 21 2 42 13 39 47 38 25 30 16 10 45 50 18 49 37 34 9 46 33 22 35 19 17 4 

Inst_Index:7131 	 City_Num:50 	 Concorde:0.058482 	 MCTS:5.848221 Improve:0.000000 	 Time:5.00 Seconds
Solution: 1 41 3 16 24 39 50 47 45 22 32 42 21 17 14 35 5 40 26 37 31 6 49 10 38 48 8 11 19 12 20 9 33 43 36 27 25 30 4 18 34 28 46 44 29 15 13 2 7 23 

Inst_Index:7132 	 City_Num:50 	 Concorde:0.059324 	 MCTS:5.925828 Improve:0.006606 	 Time:5.00 Seconds
Solution: 1 48 9 5 38 18 37 28 31 34 29 44 10 43 19 32 16 41 24 30 45 8 35 20 39 26 22 7 42 36 12 25 15 27 46 33 21 47 2 40 23 14 3 13 49 17 50 4 11 6 

Inst_Index:7133 	 City_Num:50 	 Concorde:0.056137 	 MCTS:5.613661 Improve:0.000000 	 Time:5.00 Seconds
Solution: 1 7 35 14 16 38 27 24 33 44 50 20 25 32 10 4 31 48 26 3 19 34 37 47 46 49 22 41 6 9 8 15 36 45 23 11 39 2 42 30 21 29 13 12 28 43 5 18 17 40 

Inst_Index:7134 	 City_Num:50 	 Concorde:0.058612 	 MCTS:5.861231 Improve:0.000000 	 Time:5.00 Seconds
Solution: 1 22 17 41 20 23 28 26 15 25 19 2 37 50 9 39 16 46 3 33 40 35 49 36 48 14 4 45 21 27 18 12 30 32 31 29 44 42 10 5 8 47 13 38 43 11 24 7 6 34 

Inst_Index:7135 	 City_Num:50 	 Concorde:0.060658 	 MCTS:6.073146 Improve:-0.007370 	 Time:5.00 Seconds
Solution: 1 42 7 37 26 15 24 16 5 14 6 39 30 10 43 13 40 18 22 36 9 38 48 17 21 19 44 47 11 20 49 23 34 50 33 27 31 12 2 41 3 32 8 35 28 45 25 29 4 46 

Inst_Index:7136 	 City_Num:50 	 Concorde:0.055664 	 MCTS:5.566425 Improve:0.000000 	 Time:5.00 Seconds
Solution: 1 42 50 9 47 32 27 21 7 14 24 2 18 13 17 41 49 23 45 15 6 30 3 40 22 20 26 34 28 25 38 46 35 36 10 44 11 8 4 37 29 48 39 16 12 33 31 19 43 5 

Inst_Index:7137 	 City_Num:50 	 Concorde:0.059399 	 MCTS:5.939906 Improve:0.000000 	 Time:5.00 Seconds
Solution: 1 50 38 45 29 31 46 47 16 42 14 34 21 4 26 18 37 22 49 12 10 24 28 7 32 8 6 2 11 15 25 43 35 19 41 40 30 39 44 20 48 36 33 17 23 5 27 3 13 9 

Inst_Index:7138 	 City_Num:50 	 Concorde:0.057087 	 MCTS:5.702896 Improve:0.005838 	 Time:5.00 Seconds
Solution: 1 41 21 43 28 16 2 20 18 23 15 35 30 50 48 36 10 39 45 3 31 25 6 47 5 8 27 29 34 38 26 4 19 24 14 37 40 22 46 12 33 32 13 42 49 9 17 11 44 7 

Inst_Index:7139 	 City_Num:50 	 Concorde:0.056087 	 MCTS:5.607331 Improve:0.001375 	 Time:5.00 Seconds
Solution: 1 44 17 16 20 35 13 48 31 38 22 12 9 19 8 28 40 41 46 45 29 43 14 34 30 47 2 10 3 49 33 37 24 42 11 7 39 50 23 32 25 27 36 4 21 15 18 5 6 26 

Inst_Index:7140 	 City_Num:50 	 Concorde:0.054722 	 MCTS:5.467265 Improve:0.004918 	 Time:5.00 Seconds
Solution: 1 39 45 27 13 11 47 17 32 22 37 6 15 19 29 35 33 38 36 26 2 7 5 31 20 40 30 43 48 16 28 50 23 21 24 46 10 41 8 18 25 42 9 14 34 49 44 3 12 4 

Inst_Index:7141 	 City_Num:50 	 Concorde:0.059011 	 MCTS:5.893303 Improve:0.007765 	 Time:5.00 Seconds
Solution: 1 50 9 11 6 39 38 5 3 21 36 17 8 13 30 27 32 14 45 12 24 25 26 15 20 7 44 23 4 29 35 47 42 31 16 40 43 37 33 18 41 34 48 46 2 49 19 22 10 28 

Inst_Index:7142 	 City_Num:50 	 Concorde:0.056663 	 MCTS:5.666346 Improve:0.000000 	 Time:5.00 Seconds
Solution: 1 13 40 38 21 11 17 26 47 32 7 49 19 43 36 29 35 8 6 2 48 20 12 24 34 18 46 44 14 33 4 9 25 23 45 39 31 28 27 37 5 10 16 50 30 3 41 22 42 15 

Inst_Index:7143 	 City_Num:50 	 Concorde:0.057402 	 MCTS:5.740224 Improve:-0.000000 	 Time:5.01 Seconds
Solution: 1 47 19 35 4 49 27 36 10 20 30 33 29 18 43 12 15 50 37 21 45 5 24 38 28 16 2 48 8 11 23 14 41 13 34 42 7 9 17 32 40 31 6 26 22 39 25 46 3 44 

Inst_Index:7144 	 City_Num:50 	 Concorde:0.052728 	 MCTS:5.272794 Improve:0.000000 	 Time:5.00 Seconds
Solution: 1 13 47 15 2 10 49 3 26 14 17 35 33 24 11 19 27 28 20 25 37 29 8 38 18 36 5 46 16 42 32 12 4 6 7 44 23 9 45 41 40 39 50 30 43 31 34 22 21 48 

Inst_Index:7145 	 City_Num:50 	 Concorde:0.057641 	 MCTS:5.763438 Improve:0.000668 	 Time:5.01 Seconds
Solution: 1 34 21 4 49 9 39 2 17 50 6 19 27 29 7 43 5 37 33 22 16 26 32 47 13 40 35 10 46 31 15 25 44 14 45 30 24 38 18 12 20 41 11 42 3 48 28 8 36 23 

Inst_Index:7146 	 City_Num:50 	 Concorde:0.057689 	 MCTS:5.765830 Improve:0.003096 	 Time:5.00 Seconds
Solution: 1 19 45 46 14 47 42 33 20 16 29 10 21 31 30 5 44 22 41 35 6 34 40 26 18 8 7 23 48 3 15 2 24 11 13 25 43 38 12 50 36 49 39 17 37 27 9 28 4 32 

Inst_Index:7147 	 City_Num:50 	 Concorde:0.058874 	 MCTS:5.886325 Improve:0.001047 	 Time:5.00 Seconds
Solution: 1 28 6 25 23 33 11 36 50 46 34 44 12 7 37 40 29 24 31 45 32 16 41 39 43 47 27 38 42 17 8 22 3 15 18 2 49 20 26 48 35 30 19 14 4 5 13 9 10 21 

Inst_Index:7148 	 City_Num:50 	 Concorde:0.053290 	 MCTS:5.326507 Improve:0.002512 	 Time:5.00 Seconds
Solution: 1 13 37 25 4 45 28 33 34 3 39 26 24 14 23 32 41 17 49 44 35 30 47 11 9 6 21 29 19 10 15 16 31 7 50 8 42 38 2 36 27 43 20 40 18 48 12 46 22 5 

Inst_Index:7149 	 City_Num:50 	 Concorde:0.057133 	 MCTS:5.713331 Improve:0.000000 	 Time:5.00 Seconds
Solution: 1 29 46 15 42 48 43 44 37 18 26 39 22 50 13 4 31 41 40 10 38 28 11 45 35 24 47 7 8 9 5 25 3 16 20 19 32 34 2 12 30 17 36 21 33 49 6 27 14 23 

Inst_Index:7150 	 City_Num:50 	 Concorde:0.059057 	 MCTS:5.905286 Improve:0.000452 	 Time:5.00 Seconds
Solution: 1 13 20 8 6 22 7 33 3 18 49 45 41 21 36 11 27 39 43 42 26 5 34 38 23 9 17 31 50 16 46 15 2 29 37 10 35 48 4 14 24 44 25 12 47 28 40 32 30 19 

Inst_Index:7151 	 City_Num:50 	 Concorde:0.057739 	 MCTS:5.773933 Improve:-0.000000 	 Time:5.00 Seconds
Solution: 1 35 2 17 9 30 37 39 16 41 14 38 18 31 27 48 22 21 47 36 40 33 49 42 11 5 24 8 10 4 12 23 20 7 34 6 44 25 3 26 50 19 28 45 43 15 29 32 13 46 

Inst_Index:7152 	 City_Num:50 	 Concorde:0.061380 	 MCTS:6.137999 Improve:0.000000 	 Time:5.01 Seconds
Solution: 1 31 47 26 4 20 22 46 19 13 50 33 27 6 23 7 28 32 30 43 35 38 9 15 48 39 17 41 3 49 8 44 10 18 5 21 11 36 12 24 14 34 42 29 25 16 40 37 45 2 

Inst_Index:7153 	 City_Num:50 	 Concorde:0.057174 	 MCTS:5.716592 Improve:0.000822 	 Time:5.00 Seconds
Solution: 1 33 21 7 50 6 3 42 4 27 25 49 32 23 35 28 16 44 48 20 2 31 19 39 26 18 41 47 14 30 10 9 36 43 5 45 46 22 29 11 24 17 8 12 13 38 37 40 34 15 

Inst_Index:7154 	 City_Num:50 	 Concorde:0.055616 	 MCTS:5.559961 Improve:0.001591 	 Time:5.00 Seconds
Solution: 1 41 13 50 47 42 30 21 10 49 37 44 15 19 11 48 12 29 33 40 26 4 9 35 28 5 27 17 36 39 7 31 18 34 45 20 25 46 43 6 22 24 2 8 3 38 16 14 32 23 

Inst_Index:7155 	 City_Num:50 	 Concorde:0.057222 	 MCTS:5.722247 Improve:0.000000 	 Time:5.00 Seconds
Solution: 1 38 40 36 46 10 11 14 34 20 27 6 42 2 33 45 13 8 4 39 16 48 44 18 43 24 3 12 47 5 29 22 15 35 7 30 9 50 23 25 19 37 17 32 31 28 41 26 21 49 

Inst_Index:7156 	 City_Num:50 	 Concorde:0.059171 	 MCTS:5.917144 Improve:-0.000000 	 Time:5.00 Seconds
Solution: 1 18 49 47 41 15 17 33 20 23 22 46 32 34 13 3 39 30 37 2 48 29 25 35 24 27 42 11 7 45 38 12 19 16 10 21 50 36 4 31 5 44 28 43 40 6 14 26 8 9 

Inst_Index:7157 	 City_Num:50 	 Concorde:0.053281 	 MCTS:5.328119 Improve:-0.000000 	 Time:5.00 Seconds
Solution: 1 16 5 32 22 28 21 4 18 36 48 33 44 9 30 10 12 27 40 8 46 23 20 38 11 29 42 49 31 41 37 45 24 26 2 50 47 3 17 35 25 34 43 39 14 19 13 15 6 7 

Inst_Index:7158 	 City_Num:50 	 Concorde:0.057140 	 MCTS:5.713989 Improve:-0.000000 	 Time:5.00 Seconds
Solution: 1 43 15 47 18 31 33 6 44 32 37 50 7 17 36 12 9 49 21 35 26 19 11 46 42 45 8 29 41 14 48 13 38 28 20 4 5 22 23 27 34 16 40 25 39 24 3 2 10 30 

Inst_Index:7159 	 City_Num:50 	 Concorde:0.057708 	 MCTS:5.770699 Improve:0.000073 	 Time:5.01 Seconds
Solution: 1 26 23 49 28 17 38 34 46 12 19 25 9 42 39 5 30 35 7 27 36 43 45 2 16 8 11 18 21 33 14 29 40 3 50 22 44 37 48 31 32 20 41 10 13 47 6 15 24 4 

Inst_Index:7160 	 City_Num:50 	 Concorde:0.058654 	 MCTS:5.865412 Improve:0.000000 	 Time:5.00 Seconds
Solution: 1 38 29 20 13 46 12 40 41 3 15 26 9 35 10 49 21 22 16 30 28 17 47 7 34 2 19 36 39 14 18 32 33 11 24 8 23 5 43 44 48 6 50 4 31 27 25 42 37 45 

Inst_Index:7161 	 City_Num:50 	 Concorde:0.056758 	 MCTS:5.675774 Improve:0.000000 	 Time:5.00 Seconds
Solution: 1 27 46 47 40 36 15 50 31 13 35 16 32 25 29 7 14 12 49 44 48 8 5 11 38 6 43 19 9 33 26 41 45 23 3 4 17 30 21 37 10 18 34 2 24 42 28 22 20 39 

Inst_Index:7162 	 City_Num:50 	 Concorde:0.055856 	 MCTS:5.585572 Improve:0.000000 	 Time:5.00 Seconds
Solution: 1 43 31 17 29 48 6 33 14 2 20 36 4 32 42 40 37 49 41 18 38 26 19 47 25 30 28 12 27 8 16 35 22 7 24 11 44 13 5 3 45 46 50 15 10 23 21 39 34 9 

Inst_Index:7163 	 City_Num:50 	 Concorde:0.055262 	 MCTS:5.519415 Improve:0.006776 	 Time:5.00 Seconds
Solution: 1 37 14 15 28 43 29 4 3 36 21 30 22 34 40 2 31 33 38 5 24 6 8 35 20 16 46 32 9 41 23 27 13 42 7 50 45 39 49 44 11 10 12 47 18 19 48 17 25 26 

Inst_Index:7164 	 City_Num:50 	 Concorde:0.062366 	 MCTS:6.236605 Improve:0.000000 	 Time:5.00 Seconds
Solution: 1 18 34 41 46 50 37 21 16 27 2 30 14 24 7 12 26 39 9 31 17 32 20 48 15 19 8 6 35 43 13 10 4 3 36 28 45 38 42 44 23 49 29 40 47 33 11 22 5 25 

Inst_Index:7165 	 City_Num:50 	 Concorde:0.053383 	 MCTS:5.338315 Improve:0.000000 	 Time:5.00 Seconds
Solution: 1 29 11 19 12 6 7 5 21 25 13 18 23 46 9 15 48 40 47 45 4 31 24 39 32 20 10 8 17 3 49 27 34 2 22 37 35 38 41 36 26 33 43 16 28 14 30 42 50 44 

Inst_Index:7166 	 City_Num:50 	 Concorde:0.060277 	 MCTS:6.025403 Improve:0.002262 	 Time:5.00 Seconds
Solution: 1 7 15 25 4 34 18 8 28 12 26 16 3 36 39 20 29 31 48 23 35 46 13 11 44 17 50 2 37 27 30 14 24 49 32 22 45 38 6 40 21 42 41 47 33 43 10 19 5 9 

Inst_Index:7167 	 City_Num:50 	 Concorde:0.060531 	 MCTS:6.052825 Improve:0.000305 	 Time:5.00 Seconds
Solution: 1 6 42 28 46 26 19 49 4 24 7 10 21 44 14 11 41 39 37 15 32 33 38 5 20 31 2 13 45 12 29 27 40 36 30 17 43 16 8 35 18 23 22 34 47 25 3 9 48 50 

Inst_Index:7168 	 City_Num:50 	 Concorde:0.056192 	 MCTS:5.613935 Improve:0.005268 	 Time:5.00 Seconds
Solution: 1 23 11 46 34 4 24 43 5 40 25 39 41 49 20 16 44 7 3 38 17 42 28 13 8 30 18 21 14 19 27 2 9 48 10 31 29 35 33 22 32 36 26 6 15 12 45 50 47 37 

Inst_Index:7169 	 City_Num:50 	 Concorde:0.055972 	 MCTS:5.595553 Improve:0.001664 	 Time:5.01 Seconds
Solution: 1 11 33 29 30 7 18 36 46 26 43 31 32 17 8 15 24 3 42 40 9 27 16 23 6 25 37 49 4 47 21 41 19 45 44 20 35 13 34 38 39 28 12 48 14 5 10 50 2 22 

Inst_Index:7170 	 City_Num:50 	 Concorde:0.055328 	 MCTS:5.532820 Improve:-0.000000 	 Time:5.00 Seconds
Solution: 1 39 33 14 10 13 20 34 7 15 3 2 22 43 25 31 30 6 16 42 24 27 41 21 46 47 4 5 38 36 48 11 9 23 35 19 8 49 26 37 50 29 44 32 40 12 28 17 45 18 

Inst_Index:7171 	 City_Num:50 	 Concorde:0.055624 	 MCTS:5.559992 Improve:0.002451 	 Time:5.00 Seconds
Solution: 1 24 46 15 31 50 9 16 6 11 42 25 36 32 27 40 37 22 29 44 13 48 39 2 4 30 43 41 3 23 18 7 17 33 34 47 49 38 10 14 12 45 26 19 21 35 28 5 20 8 

Inst_Index:7172 	 City_Num:50 	 Concorde:0.056139 	 MCTS:5.613923 Improve:0.000000 	 Time:5.00 Seconds
Solution: 1 42 24 23 19 44 47 33 41 13 48 27 20 12 28 2 18 29 5 43 26 22 37 30 49 32 38 31 14 39 16 50 25 11 10 46 34 4 6 45 7 21 9 8 17 36 40 15 3 35 

Inst_Index:7173 	 City_Num:50 	 Concorde:0.057904 	 MCTS:5.790396 Improve:0.000000 	 Time:5.00 Seconds
Solution: 1 26 4 15 14 31 28 5 21 47 10 11 49 17 22 23 13 50 12 48 18 46 41 42 6 30 27 20 43 44 25 37 35 38 33 9 24 3 32 39 36 7 45 2 16 8 40 29 19 34 

Inst_Index:7174 	 City_Num:50 	 Concorde:0.058851 	 MCTS:5.878454 Improve:0.006655 	 Time:5.00 Seconds
Solution: 1 17 3 30 38 23 45 15 4 32 42 13 24 29 48 34 14 35 26 44 16 2 10 43 46 27 40 50 33 19 22 37 36 39 7 12 5 6 31 49 41 18 8 28 21 11 25 9 47 20 

Inst_Index:7175 	 City_Num:50 	 Concorde:0.056590 	 MCTS:5.658962 Improve:-0.000000 	 Time:5.00 Seconds
Solution: 1 32 2 39 36 15 26 17 8 14 16 21 35 27 31 13 29 38 10 4 25 7 37 33 44 19 3 41 6 28 18 50 43 20 9 48 46 45 34 42 49 5 40 23 24 11 47 22 12 30 

Inst_Index:7176 	 City_Num:50 	 Concorde:0.053076 	 MCTS:5.307572 Improve:0.000000 	 Time:5.01 Seconds
Solution: 1 25 43 49 17 3 8 44 30 41 33 35 9 21 38 42 2 37 27 4 45 40 36 31 6 29 22 34 18 15 13 20 26 5 23 28 14 11 12 47 48 7 39 24 16 32 19 46 50 10 

Inst_Index:7177 	 City_Num:50 	 Concorde:0.057391 	 MCTS:5.739106 Improve:0.000000 	 Time:5.00 Seconds
Solution: 1 41 11 18 6 10 22 12 24 38 36 48 8 50 26 2 5 49 15 4 37 43 13 33 34 21 3 29 46 16 7 27 14 45 44 28 32 31 47 17 19 42 40 39 35 9 25 30 20 23 

Inst_Index:7178 	 City_Num:50 	 Concorde:0.054180 	 MCTS:5.418036 Improve:0.000000 	 Time:5.00 Seconds
Solution: 1 48 3 11 38 47 15 41 45 13 2 32 42 22 35 20 37 18 43 27 49 50 40 46 30 6 14 36 25 24 19 23 21 26 28 29 17 12 33 9 8 5 16 34 31 4 39 44 7 10 

Inst_Index:7179 	 City_Num:50 	 Concorde:0.055293 	 MCTS:5.529330 Improve:-0.000000 	 Time:5.00 Seconds
Solution: 1 48 28 12 50 43 34 6 38 25 33 41 17 16 10 31 39 5 35 18 7 11 24 27 3 36 32 26 20 47 9 22 30 45 49 19 37 23 29 2 21 15 46 14 13 8 40 44 4 42 

Inst_Index:7180 	 City_Num:50 	 Concorde:0.058130 	 MCTS:5.811507 Improve:0.001522 	 Time:5.00 Seconds
Solution: 1 30 50 45 27 16 32 37 11 44 36 17 34 46 42 22 48 7 49 15 25 20 29 5 33 43 9 4 12 14 47 24 21 13 28 26 8 10 23 40 31 35 18 6 38 41 3 19 2 39 

Inst_Index:7181 	 City_Num:50 	 Concorde:0.058154 	 MCTS:5.813690 Improve:0.001720 	 Time:5.01 Seconds
Solution: 1 16 19 44 38 15 49 47 6 28 7 36 26 45 13 46 21 11 12 10 9 31 41 37 2 33 18 23 3 35 14 48 43 17 30 5 22 32 34 20 29 4 27 40 8 25 42 50 24 39 

Inst_Index:7182 	 City_Num:50 	 Concorde:0.062248 	 MCTS:6.224847 Improve:0.000000 	 Time:5.00 Seconds
Solution: 1 41 48 8 18 3 22 24 30 15 19 45 47 31 32 25 12 14 49 2 38 35 11 23 10 21 44 7 39 17 40 36 27 42 26 37 46 43 13 34 20 6 16 33 4 9 28 50 29 5 

Inst_Index:7183 	 City_Num:50 	 Concorde:0.056781 	 MCTS:5.678141 Improve:0.000000 	 Time:5.00 Seconds
Solution: 1 4 8 17 2 25 48 19 6 39 28 24 37 29 40 42 9 10 49 3 7 34 11 21 26 30 44 23 38 35 36 31 13 32 46 41 15 20 43 18 50 45 14 12 33 22 16 5 47 27 

Inst_Index:7184 	 City_Num:50 	 Concorde:0.053791 	 MCTS:5.379094 Improve:-0.000000 	 Time:5.00 Seconds
Solution: 1 34 33 5 42 32 3 31 7 37 50 39 14 26 6 47 28 45 38 20 23 15 19 10 12 25 36 44 13 30 35 22 21 11 46 16 41 18 8 43 49 24 4 48 9 27 2 29 17 40 

Inst_Index:7185 	 City_Num:50 	 Concorde:0.055919 	 MCTS:5.591863 Improve:0.000000 	 Time:5.01 Seconds
Solution: 1 38 43 7 3 34 40 36 26 44 29 45 35 11 46 15 27 10 28 31 20 2 47 24 41 50 37 21 9 30 18 4 5 17 48 22 16 42 8 39 33 6 32 23 49 13 25 14 12 19 

Inst_Index:7186 	 City_Num:50 	 Concorde:0.054026 	 MCTS:5.402565 Improve:0.000000 	 Time:5.00 Seconds
Solution: 1 38 8 22 13 39 45 3 30 6 23 48 4 49 26 19 33 11 17 14 2 9 36 28 42 41 16 40 12 35 34 29 25 20 32 21 46 24 44 27 37 7 47 15 18 5 10 31 43 50 

Inst_Index:7187 	 City_Num:50 	 Concorde:0.056498 	 MCTS:5.649836 Improve:0.000000 	 Time:5.01 Seconds
Solution: 1 14 5 34 9 49 43 26 50 35 20 42 28 40 17 8 25 45 24 33 48 44 27 37 10 23 31 15 47 32 11 18 41 19 2 46 30 12 36 22 16 6 39 13 21 4 29 7 3 38 

Inst_Index:7188 	 City_Num:50 	 Concorde:0.051001 	 MCTS:5.100115 Improve:-0.000000 	 Time:5.00 Seconds
Solution: 1 6 32 22 5 25 11 45 3 46 26 49 2 21 40 4 39 38 20 47 28 29 16 12 7 14 37 23 42 33 41 8 18 43 30 15 44 27 31 48 10 34 9 13 36 35 17 19 50 24 

Inst_Index:7189 	 City_Num:50 	 Concorde:0.058322 	 MCTS:5.830919 Improve:0.001269 	 Time:5.01 Seconds
Solution: 1 36 32 24 22 29 25 50 39 30 37 16 31 4 44 49 46 6 48 18 35 8 42 13 3 47 34 41 7 9 33 2 19 21 15 43 14 12 26 45 38 27 28 17 40 11 5 10 20 23 

Inst_Index:7190 	 City_Num:50 	 Concorde:0.059182 	 MCTS:5.918192 Improve:-0.000000 	 Time:5.00 Seconds
Solution: 1 8 44 17 7 19 14 11 4 29 25 23 28 27 24 36 34 31 43 26 18 49 35 41 32 6 3 42 22 33 39 48 9 5 50 47 21 30 20 16 45 38 2 46 13 15 40 10 12 37 

Inst_Index:7191 	 City_Num:50 	 Concorde:0.056328 	 MCTS:5.632817 Improve:0.000000 	 Time:5.01 Seconds
Solution: 1 20 7 37 26 30 2 3 27 14 34 16 6 42 49 33 29 45 11 18 28 9 13 8 43 22 50 41 38 40 21 35 19 47 24 12 36 4 23 25 31 32 10 44 17 46 15 48 5 39 

Inst_Index:7192 	 City_Num:50 	 Concorde:0.054268 	 MCTS:5.426834 Improve:0.000000 	 Time:5.00 Seconds
Solution: 1 35 21 44 15 5 43 7 13 14 23 17 8 27 30 20 22 50 42 4 12 46 16 26 3 33 38 2 31 11 24 18 19 10 25 6 45 40 47 34 36 37 28 9 32 39 41 29 48 49 

Inst_Index:7193 	 City_Num:50 	 Concorde:0.061189 	 MCTS:6.115888 Improve:0.003000 	 Time:5.00 Seconds
Solution: 1 15 20 7 45 41 42 4 2 35 23 6 32 3 48 5 25 22 46 39 29 24 16 13 14 17 31 28 12 33 47 8 34 36 9 18 49 50 40 30 10 11 19 43 27 21 38 44 26 37 

Inst_Index:7194 	 City_Num:50 	 Concorde:0.053114 	 MCTS:5.306842 Improve:0.004522 	 Time:5.00 Seconds
Solution: 1 24 33 7 35 36 8 34 41 29 18 48 25 10 23 40 19 31 13 17 6 4 22 32 45 2 50 3 14 5 30 15 43 26 37 46 12 49 20 9 28 27 47 16 44 38 11 21 39 42 

Inst_Index:7195 	 City_Num:50 	 Concorde:0.055859 	 MCTS:5.621639 Improve:-0.035708 	 Time:5.00 Seconds
Solution: 1 26 35 27 39 22 46 41 42 47 6 21 29 10 2 49 7 4 45 5 33 18 28 44 37 40 25 31 13 36 30 11 3 8 34 50 17 12 15 48 9 24 14 19 38 32 23 43 20 16 

Inst_Index:7196 	 City_Num:50 	 Concorde:0.055589 	 MCTS:5.558942 Improve:0.000000 	 Time:5.00 Seconds
Solution: 1 16 15 8 39 17 18 21 31 9 10 26 33 40 42 14 27 32 6 36 29 44 37 20 23 25 22 46 35 24 3 45 49 30 2 28 38 11 48 41 19 5 13 50 12 7 47 43 34 4 

Inst_Index:7197 	 City_Num:50 	 Concorde:0.057387 	 MCTS:5.738714 Improve:0.000000 	 Time:5.00 Seconds
Solution: 1 28 5 24 4 35 14 43 7 39 9 27 44 3 40 17 8 25 50 38 49 10 48 21 12 41 15 6 23 19 33 26 29 11 46 36 13 34 31 37 20 16 22 42 32 30 18 2 47 45 

Inst_Index:7198 	 City_Num:50 	 Concorde:0.056783 	 MCTS:5.678305 Improve:-0.000000 	 Time:5.00 Seconds
Solution: 1 18 27 43 31 12 37 50 49 33 42 4 17 13 15 48 11 29 6 16 34 39 38 41 2 3 36 26 47 28 30 45 25 21 19 22 46 24 23 35 10 40 5 44 14 20 32 8 9 7 

Inst_Index:7199 	 City_Num:50 	 Concorde:0.055490 	 MCTS:5.549050 Improve:-0.000000 	 Time:5.00 Seconds
Solution: 1 33 22 17 10 28 43 13 38 3 15 14 50 42 35 44 29 47 21 40 45 4 11 2 36 37 16 49 23 48 30 27 18 20 6 7 5 12 8 26 41 34 19 46 31 39 24 25 9 32 


Avg_Concorde_Distance: 5.688130 Avg_MCTS_Distance: 5.687295 Avg_Gap: -0.000148 Total_Time: 1566.51 Seconds 
 Beat_Best_Known_Times: 105 Match_Best_Known_Times: 204 Miss_Best_Known_Times: 4 
