Number_of_Instances_In_Current_Batch: 313

Inst_Index:2818 	 City_Num:50 	 Concorde:0.057107 	 MCTS:5.710699 Improve:0.000000 	 Time:5.00 Seconds
Solution: 1 24 40 37 9 44 11 33 14 43 42 32 12 47 18 31 27 7 35 16 29 15 8 46 4 49 25 3 36 5 23 48 20 6 45 38 17 41 21 39 28 13 10 2 26 50 22 30 19 34 

Inst_Index:2819 	 City_Num:50 	 Concorde:0.051979 	 MCTS:5.197896 Improve:0.000000 	 Time:5.00 Seconds
Solution: 1 20 22 2 46 48 7 33 12 31 38 28 47 29 25 5 13 15 49 45 21 11 39 6 34 50 10 37 32 36 23 40 43 41 35 18 9 17 30 27 42 24 44 19 26 4 3 14 8 16 

Inst_Index:2820 	 City_Num:50 	 Concorde:0.058379 	 MCTS:5.837874 Improve:-0.000000 	 Time:5.00 Seconds
Solution: 1 2 22 43 7 19 48 29 40 16 23 38 15 35 31 34 6 27 25 44 12 10 4 14 42 47 9 17 20 46 50 5 37 45 3 39 24 49 36 41 26 21 18 11 8 33 30 32 28 13 

Inst_Index:2821 	 City_Num:50 	 Concorde:0.053240 	 MCTS:5.323963 Improve:-0.000000 	 Time:5.00 Seconds
Solution: 1 8 21 27 30 44 9 41 25 42 31 37 2 6 50 3 48 39 24 19 34 22 10 29 32 40 35 7 16 11 17 36 46 13 20 43 49 28 5 12 26 23 33 38 15 14 45 47 18 4 

Inst_Index:2822 	 City_Num:50 	 Concorde:0.054408 	 MCTS:5.440841 Improve:0.000000 	 Time:5.00 Seconds
Solution: 1 5 13 31 14 7 42 34 11 40 46 10 20 24 35 2 16 12 6 32 25 50 27 41 30 39 18 48 28 26 19 17 15 47 38 33 29 9 36 44 43 4 21 8 23 3 45 22 37 49 

Inst_Index:2823 	 City_Num:50 	 Concorde:0.055913 	 MCTS:5.591279 Improve:-0.000000 	 Time:5.00 Seconds
Solution: 1 29 37 6 20 8 47 43 16 35 34 42 11 24 9 50 12 15 27 10 4 33 45 32 39 21 28 5 44 38 19 26 48 2 36 40 25 3 23 17 30 46 31 49 14 41 7 13 22 18 

Inst_Index:2824 	 City_Num:50 	 Concorde:0.059179 	 MCTS:5.917921 Improve:0.000000 	 Time:5.00 Seconds
Solution: 1 13 11 50 8 44 3 36 9 23 47 21 38 20 43 40 39 27 49 32 16 7 5 4 19 14 24 12 45 31 17 22 29 10 25 18 30 2 46 26 6 37 42 48 41 28 34 15 33 35 

Inst_Index:2825 	 City_Num:50 	 Concorde:0.056039 	 MCTS:5.598683 Improve:0.005255 	 Time:5.00 Seconds
Solution: 1 12 17 37 31 30 9 34 15 36 21 44 42 14 20 10 8 47 25 29 22 50 6 24 43 13 11 39 23 38 5 48 32 40 4 46 33 27 2 35 3 19 45 28 7 18 49 26 41 16 

Inst_Index:2826 	 City_Num:50 	 Concorde:0.059523 	 MCTS:5.952299 Improve:0.000000 	 Time:5.00 Seconds
Solution: 1 40 11 42 18 31 47 36 48 45 3 4 39 7 34 30 44 17 12 22 10 5 2 37 8 50 20 14 13 15 38 29 24 46 16 27 26 23 25 49 9 41 35 21 19 32 33 43 6 28 

Inst_Index:2827 	 City_Num:50 	 Concorde:0.058875 	 MCTS:5.877326 Improve:0.010157 	 Time:5.00 Seconds
Solution: 1 45 6 17 34 26 22 48 36 2 4 42 50 37 35 47 27 14 32 16 7 43 28 39 18 29 49 15 20 23 40 9 3 46 10 12 19 13 41 31 21 38 33 44 25 24 5 11 30 8 

Inst_Index:2828 	 City_Num:50 	 Concorde:0.058872 	 MCTS:5.918633 Improve:-0.031435 	 Time:5.00 Seconds
Solution: 1 2 41 16 44 25 38 32 43 23 4 8 26 14 11 9 20 13 35 34 42 6 22 50 18 3 17 37 45 21 28 29 5 40 19 36 15 24 48 47 12 10 30 27 33 46 31 7 49 39 

Inst_Index:2829 	 City_Num:50 	 Concorde:0.060492 	 MCTS:6.048486 Improve:0.000757 	 Time:5.00 Seconds
Solution: 1 39 18 44 19 22 41 34 35 49 36 9 14 23 15 28 6 10 38 17 5 33 13 24 27 47 50 26 7 29 46 11 43 37 3 16 48 45 32 25 2 8 20 40 31 4 30 12 21 42 

Inst_Index:2830 	 City_Num:50 	 Concorde:0.055367 	 MCTS:5.536660 Improve:0.000000 	 Time:5.00 Seconds
Solution: 1 34 37 11 45 46 7 24 36 10 50 40 42 17 6 35 48 12 28 19 5 2 21 18 14 38 26 13 33 8 3 32 29 25 15 9 43 23 41 16 47 20 22 49 39 44 30 31 4 27 

Inst_Index:2831 	 City_Num:50 	 Concorde:0.060919 	 MCTS:6.091932 Improve:0.000000 	 Time:5.00 Seconds
Solution: 1 18 4 12 28 8 23 14 3 9 50 20 39 29 16 25 17 27 38 15 30 26 40 2 10 6 45 43 32 11 24 21 13 31 37 34 22 5 47 36 35 44 41 19 42 49 46 7 33 48 

Inst_Index:2832 	 City_Num:50 	 Concorde:0.052923 	 MCTS:5.289672 Improve:0.002657 	 Time:5.00 Seconds
Solution: 1 18 31 5 19 4 29 13 49 16 9 24 17 30 3 39 47 26 6 36 48 42 10 27 21 33 43 2 46 23 14 11 50 37 40 32 28 25 44 35 45 41 15 8 34 20 7 38 12 22 

Inst_Index:2833 	 City_Num:50 	 Concorde:0.058119 	 MCTS:5.809271 Improve:0.002648 	 Time:5.00 Seconds
Solution: 1 27 21 43 25 32 48 38 17 12 37 46 6 9 33 23 24 14 35 44 26 19 5 28 39 31 40 34 49 42 36 30 10 18 22 8 16 15 47 4 11 29 20 13 50 41 2 3 45 7 

Inst_Index:2834 	 City_Num:50 	 Concorde:0.056408 	 MCTS:5.635633 Improve:0.005134 	 Time:5.00 Seconds
Solution: 1 4 38 27 22 28 26 18 6 13 39 46 23 44 33 37 7 5 19 42 29 17 9 8 36 45 30 49 3 12 15 47 32 50 11 16 24 34 35 40 2 14 25 41 20 43 10 21 48 31 

Inst_Index:2835 	 City_Num:50 	 Concorde:0.051564 	 MCTS:5.156433 Improve:-0.000000 	 Time:5.00 Seconds
Solution: 1 41 44 4 37 14 31 25 8 38 45 46 24 7 17 27 21 35 12 39 29 30 42 5 22 20 9 3 13 34 11 47 36 2 48 49 33 32 6 19 18 16 15 43 40 28 50 23 26 10 

Inst_Index:2836 	 City_Num:50 	 Concorde:0.057789 	 MCTS:5.778907 Improve:0.000000 	 Time:5.00 Seconds
Solution: 1 14 21 28 16 20 34 48 42 50 44 18 29 35 19 43 38 47 7 13 46 8 30 22 39 17 23 10 31 49 4 11 25 37 40 26 24 36 33 45 12 15 27 3 5 2 9 32 41 6 

Inst_Index:2837 	 City_Num:50 	 Concorde:0.061042 	 MCTS:6.104030 Improve:0.000189 	 Time:5.00 Seconds
Solution: 1 24 44 14 31 16 9 50 42 12 3 11 36 26 18 39 17 5 10 33 41 7 32 21 8 27 48 20 47 45 6 28 23 40 25 30 19 49 2 46 43 37 15 34 4 38 35 13 22 29 

Inst_Index:2838 	 City_Num:50 	 Concorde:0.054640 	 MCTS:5.463596 Improve:0.000452 	 Time:5.00 Seconds
Solution: 1 31 35 7 37 11 14 25 2 12 44 36 17 6 30 16 28 19 50 38 8 46 4 45 22 42 3 18 21 23 40 41 47 29 20 26 13 27 32 9 15 43 34 48 49 24 10 39 33 5 

Inst_Index:2839 	 City_Num:50 	 Concorde:0.059396 	 MCTS:5.938842 Improve:0.000773 	 Time:5.00 Seconds
Solution: 1 8 27 20 47 26 7 36 22 45 19 35 39 30 31 28 38 23 10 41 15 11 12 33 13 21 37 4 14 49 43 6 32 17 34 3 48 5 42 9 44 50 18 46 40 29 25 16 24 2 

Inst_Index:2840 	 City_Num:50 	 Concorde:0.055806 	 MCTS:5.572637 Improve:0.007955 	 Time:5.00 Seconds
Solution: 1 19 44 33 16 13 35 15 42 34 21 23 8 48 4 17 9 36 10 11 22 32 18 14 27 20 47 46 38 2 6 7 28 45 50 12 31 29 3 41 49 30 24 26 25 5 39 43 40 37 

Inst_Index:2841 	 City_Num:50 	 Concorde:0.053306 	 MCTS:5.330606 Improve:0.000000 	 Time:5.00 Seconds
Solution: 1 45 23 41 31 40 30 28 18 24 13 26 7 12 20 38 17 2 10 22 4 29 35 50 6 19 49 16 48 3 11 27 46 47 37 44 34 42 21 9 8 5 15 14 36 32 39 25 33 43 

Inst_Index:2842 	 City_Num:50 	 Concorde:0.060241 	 MCTS:6.019336 Improve:0.004800 	 Time:5.00 Seconds
Solution: 1 41 6 30 9 45 5 16 28 40 29 14 39 48 19 7 43 27 13 4 49 15 10 46 38 33 36 47 24 21 2 20 42 37 17 12 18 50 22 8 26 23 35 32 11 34 31 44 25 3 

Inst_Index:2843 	 City_Num:50 	 Concorde:0.056245 	 MCTS:5.624501 Improve:0.000000 	 Time:5.00 Seconds
Solution: 1 15 3 31 42 18 2 41 33 47 45 26 11 44 6 24 23 40 8 10 14 20 46 30 32 34 22 13 35 43 28 17 25 16 27 4 48 36 12 19 37 39 7 5 49 38 9 21 29 50 

Inst_Index:2844 	 City_Num:50 	 Concorde:0.059683 	 MCTS:5.968317 Improve:-0.000000 	 Time:5.00 Seconds
Solution: 1 45 47 16 41 19 25 48 20 33 23 35 10 15 40 37 18 17 7 34 3 31 13 22 44 36 49 9 39 21 4 28 2 26 46 24 8 5 29 42 14 43 32 6 11 30 38 50 27 12 

Inst_Index:2845 	 City_Num:50 	 Concorde:0.057384 	 MCTS:5.738408 Improve:-0.000000 	 Time:5.00 Seconds
Solution: 1 22 27 23 44 2 20 36 28 5 14 34 40 7 46 16 24 39 30 6 42 26 17 47 43 33 38 19 50 11 3 9 32 13 49 45 25 21 29 10 41 12 48 15 18 37 35 4 8 31 

Inst_Index:2846 	 City_Num:50 	 Concorde:0.055740 	 MCTS:5.574035 Improve:0.000000 	 Time:5.01 Seconds
Solution: 1 8 9 5 27 47 22 18 25 16 31 38 43 21 41 50 3 39 44 24 13 37 32 35 11 23 42 4 45 17 46 48 6 12 2 30 33 15 20 40 34 26 19 29 7 14 36 10 49 28 

Inst_Index:2847 	 City_Num:50 	 Concorde:0.056308 	 MCTS:5.630776 Improve:0.000000 	 Time:5.00 Seconds
Solution: 1 46 39 13 24 10 26 37 8 4 20 47 42 44 48 9 41 21 31 11 35 50 6 5 7 2 27 40 22 38 19 14 25 18 28 45 17 12 34 16 30 3 33 49 36 32 23 15 29 43 

Inst_Index:2848 	 City_Num:50 	 Concorde:0.055077 	 MCTS:5.501098 Improve:0.006563 	 Time:5.00 Seconds
Solution: 1 18 2 49 37 42 19 32 31 16 35 21 28 27 14 22 9 11 23 45 33 43 5 20 24 17 30 36 44 40 47 15 29 10 34 38 13 8 48 12 4 46 39 6 25 3 41 50 26 7 

Inst_Index:2849 	 City_Num:50 	 Concorde:0.056563 	 MCTS:5.653065 Improve:0.003204 	 Time:5.00 Seconds
Solution: 1 15 24 36 20 43 3 2 16 33 31 11 17 44 37 5 26 9 21 47 25 32 10 35 13 42 50 38 48 7 29 46 49 40 6 45 8 41 23 30 14 18 4 39 22 28 27 34 12 19 

Inst_Index:2850 	 City_Num:50 	 Concorde:0.054514 	 MCTS:5.451376 Improve:0.000000 	 Time:5.01 Seconds
Solution: 1 6 26 2 34 40 7 9 49 24 39 20 15 35 12 45 43 33 46 21 41 8 36 5 4 29 23 47 25 18 19 28 32 50 31 3 11 44 14 38 17 42 37 30 16 48 13 10 27 22 

Inst_Index:2851 	 City_Num:50 	 Concorde:0.061769 	 MCTS:6.176906 Improve:-0.000000 	 Time:5.00 Seconds
Solution: 1 24 12 4 29 34 25 48 30 3 7 50 47 31 5 22 32 43 38 27 14 17 37 35 16 10 49 28 6 26 20 18 40 36 9 11 33 39 41 21 13 45 46 23 19 42 8 44 15 2 

Inst_Index:2852 	 City_Num:50 	 Concorde:0.059010 	 MCTS:5.901045 Improve:0.000000 	 Time:5.01 Seconds
Solution: 1 14 46 4 18 37 49 38 20 7 24 32 34 50 8 17 27 48 45 23 26 36 10 15 28 2 25 39 6 3 9 40 41 44 16 12 19 21 43 42 29 30 11 22 31 35 33 13 5 47 

Inst_Index:2853 	 City_Num:50 	 Concorde:0.053978 	 MCTS:5.396547 Improve:0.001279 	 Time:5.00 Seconds
Solution: 1 8 23 35 37 19 50 31 2 33 47 7 5 27 6 12 4 24 16 15 43 11 44 10 46 39 17 41 28 45 18 14 25 29 26 20 36 40 30 3 22 34 21 9 49 42 48 38 13 32 

Inst_Index:2854 	 City_Num:50 	 Concorde:0.060581 	 MCTS:6.058072 Improve:-0.000000 	 Time:5.01 Seconds
Solution: 1 16 6 23 7 49 40 48 35 21 10 18 26 34 32 39 42 28 24 50 37 5 31 45 27 19 17 2 43 4 29 33 9 22 15 3 41 8 46 12 20 14 36 38 13 30 47 44 25 11 

Inst_Index:2855 	 City_Num:50 	 Concorde:0.054059 	 MCTS:5.402655 Improve:0.003239 	 Time:5.00 Seconds
Solution: 1 13 44 25 11 31 47 28 20 23 6 2 17 8 42 30 40 27 29 19 45 4 18 39 7 5 10 16 14 43 34 26 37 32 24 3 50 46 49 35 22 12 33 48 36 38 15 41 21 9 

Inst_Index:2856 	 City_Num:50 	 Concorde:0.055178 	 MCTS:5.517688 Improve:0.000069 	 Time:5.00 Seconds
Solution: 1 2 13 5 17 21 25 39 26 16 6 46 24 36 28 44 33 20 18 38 10 14 22 7 29 27 30 47 40 48 43 34 19 31 35 15 45 23 8 3 42 37 12 32 9 41 50 49 11 4 

Inst_Index:2857 	 City_Num:50 	 Concorde:0.053821 	 MCTS:5.382095 Improve:0.000000 	 Time:5.00 Seconds
Solution: 1 45 18 49 47 29 50 20 17 46 13 3 16 12 11 32 6 2 27 42 7 37 9 30 28 41 36 26 43 25 48 4 10 8 21 5 31 38 14 24 19 39 40 34 23 35 15 22 33 44 

Inst_Index:2858 	 City_Num:50 	 Concorde:0.055251 	 MCTS:5.525132 Improve:0.000000 	 Time:5.00 Seconds
Solution: 1 47 21 17 42 50 35 41 38 20 29 23 24 43 34 48 33 15 39 45 3 44 9 11 19 13 6 10 32 31 14 4 18 16 12 26 2 37 5 7 28 49 22 8 36 30 46 40 27 25 

Inst_Index:2859 	 City_Num:50 	 Concorde:0.056878 	 MCTS:5.687770 Improve:0.000000 	 Time:5.00 Seconds
Solution: 1 19 45 34 26 29 9 50 44 18 8 43 42 27 30 36 22 38 24 47 20 48 12 14 32 5 6 28 40 17 46 3 15 21 49 35 33 23 7 25 31 39 10 11 41 16 2 4 13 37 

Inst_Index:2860 	 City_Num:50 	 Concorde:0.055756 	 MCTS:5.575604 Improve:0.000000 	 Time:5.00 Seconds
Solution: 1 22 42 30 5 50 38 43 2 33 11 24 45 28 40 17 10 14 16 47 32 20 9 23 15 19 13 21 4 41 37 6 44 12 31 49 34 48 46 36 35 7 29 8 26 27 3 18 25 39 

Inst_Index:2861 	 City_Num:50 	 Concorde:0.055231 	 MCTS:5.523088 Improve:0.000000 	 Time:5.00 Seconds
Solution: 1 20 2 26 10 50 40 9 27 48 38 18 37 44 3 23 25 19 31 16 41 30 12 35 34 22 45 24 8 21 36 5 7 15 29 32 49 4 14 39 17 28 11 43 33 13 47 6 42 46 

Inst_Index:2862 	 City_Num:50 	 Concorde:0.057334 	 MCTS:5.732185 Improve:0.001166 	 Time:5.00 Seconds
Solution: 1 9 35 38 40 44 26 23 49 48 11 50 43 2 7 34 20 33 27 37 13 36 39 18 31 47 14 24 16 29 6 30 42 32 10 45 19 15 17 3 25 41 28 5 8 12 22 21 4 46 

Inst_Index:2863 	 City_Num:50 	 Concorde:0.059324 	 MCTS:5.932412 Improve:0.000000 	 Time:5.00 Seconds
Solution: 1 31 48 16 44 20 26 35 34 43 32 3 4 21 17 47 40 38 5 14 45 11 36 13 15 7 25 6 2 28 12 50 24 30 19 29 27 33 10 9 46 37 41 22 49 8 39 42 23 18 

Inst_Index:2864 	 City_Num:50 	 Concorde:0.055769 	 MCTS:5.576921 Improve:-0.000000 	 Time:5.00 Seconds
Solution: 1 26 34 36 47 10 18 13 7 2 8 48 45 30 14 40 33 32 11 19 31 20 6 43 49 23 41 21 12 39 5 16 4 15 3 22 37 24 44 25 28 50 46 17 27 29 9 35 38 42 

Inst_Index:2865 	 City_Num:50 	 Concorde:0.059609 	 MCTS:5.959639 Improve:0.001225 	 Time:5.00 Seconds
Solution: 1 43 42 12 7 6 23 34 36 9 44 46 13 28 24 26 17 41 30 3 48 15 37 29 45 33 5 25 21 38 32 27 47 8 39 49 19 4 2 35 50 20 18 40 10 31 14 22 11 16 

Inst_Index:2866 	 City_Num:50 	 Concorde:0.055826 	 MCTS:5.578863 Improve:0.003739 	 Time:5.00 Seconds
Solution: 1 19 18 40 32 26 10 25 47 45 33 30 15 21 2 41 28 6 16 12 50 46 38 29 34 43 44 27 49 7 35 20 36 13 23 11 4 9 14 39 48 22 8 5 42 37 17 24 31 3 

Inst_Index:2867 	 City_Num:50 	 Concorde:0.056148 	 MCTS:5.611428 Improve:0.003322 	 Time:5.00 Seconds
Solution: 1 8 41 6 45 50 9 5 40 15 36 35 49 16 37 29 28 48 4 23 39 31 27 13 22 26 38 43 21 3 11 17 24 34 42 7 30 33 47 32 14 10 46 25 2 18 19 20 12 44 

Inst_Index:2868 	 City_Num:50 	 Concorde:0.060522 	 MCTS:6.037509 Improve:0.014729 	 Time:5.00 Seconds
Solution: 1 40 7 19 49 36 29 2 34 5 37 13 39 22 11 8 31 20 23 30 10 9 47 32 27 16 44 43 28 15 21 14 38 45 3 18 48 33 12 25 35 42 4 6 50 17 46 24 41 26 

Inst_Index:2869 	 City_Num:50 	 Concorde:0.058008 	 MCTS:5.800819 Improve:-0.000000 	 Time:5.01 Seconds
Solution: 1 46 34 43 23 45 6 33 12 16 14 31 27 49 20 35 10 50 29 32 26 40 48 19 24 25 9 17 42 18 21 7 47 3 13 30 37 38 36 28 22 4 2 5 39 41 44 8 11 15 

Inst_Index:2870 	 City_Num:50 	 Concorde:0.053896 	 MCTS:5.389590 Improve:0.000000 	 Time:5.00 Seconds
Solution: 1 26 10 4 43 21 47 15 11 16 5 25 39 37 13 30 42 46 19 8 34 12 44 2 35 22 18 9 40 17 41 3 27 36 20 31 24 45 28 14 29 32 6 33 48 38 50 49 23 7 

Inst_Index:2871 	 City_Num:50 	 Concorde:0.059187 	 MCTS:5.916750 Improve:0.001921 	 Time:5.00 Seconds
Solution: 1 43 11 24 5 47 49 48 50 31 38 18 4 45 9 25 29 8 33 30 19 13 21 35 39 7 40 6 28 20 41 22 36 27 12 46 15 34 3 14 10 37 32 44 16 17 23 26 42 2 

Inst_Index:2872 	 City_Num:50 	 Concorde:0.056183 	 MCTS:5.618329 Improve:0.000000 	 Time:5.00 Seconds
Solution: 1 45 25 23 50 18 36 3 41 39 29 19 40 20 32 47 28 16 33 10 49 27 43 37 2 24 6 30 22 4 12 44 8 35 17 11 42 48 9 26 21 5 38 15 34 31 13 14 46 7 

Inst_Index:2873 	 City_Num:50 	 Concorde:0.057132 	 MCTS:5.712015 Improve:0.001207 	 Time:5.00 Seconds
Solution: 1 30 47 23 36 5 50 37 28 9 12 32 20 21 19 18 46 17 2 10 25 14 43 3 4 40 27 48 35 33 42 34 41 15 13 44 29 6 26 31 7 49 16 24 45 11 22 8 39 38 

Inst_Index:2874 	 City_Num:50 	 Concorde:0.060187 	 MCTS:6.016413 Improve:0.002258 	 Time:5.00 Seconds
Solution: 1 7 5 25 12 31 46 2 11 35 36 32 16 30 10 24 23 39 37 3 29 21 41 15 26 38 13 9 47 27 17 50 8 33 4 43 18 40 44 19 14 45 28 42 22 48 34 6 49 20 

Inst_Index:2875 	 City_Num:50 	 Concorde:0.057065 	 MCTS:5.702898 Improve:0.003625 	 Time:5.00 Seconds
Solution: 1 23 45 12 14 43 21 5 20 32 38 29 16 30 2 42 15 48 44 9 34 7 41 39 40 22 18 17 4 46 50 6 28 27 26 10 47 36 33 37 11 13 25 19 35 24 8 49 31 3 

Inst_Index:2876 	 City_Num:50 	 Concorde:0.058514 	 MCTS:5.851439 Improve:0.000000 	 Time:5.00 Seconds
Solution: 1 15 34 4 6 46 44 26 50 23 17 48 28 21 33 42 20 9 19 37 24 25 14 36 13 16 31 47 29 11 30 40 41 12 18 39 43 32 10 38 7 49 3 27 8 22 35 5 45 2 

Inst_Index:2877 	 City_Num:50 	 Concorde:0.057390 	 MCTS:5.736058 Improve:0.002935 	 Time:5.00 Seconds
Solution: 1 17 31 24 12 49 18 32 50 27 48 20 26 42 33 21 10 44 22 45 5 7 39 3 6 14 35 4 36 46 41 8 40 43 37 34 25 11 13 30 23 15 38 29 9 47 16 2 19 28 

Inst_Index:2878 	 City_Num:50 	 Concorde:0.053937 	 MCTS:5.389233 Improve:0.004453 	 Time:5.00 Seconds
Solution: 1 25 21 5 28 42 37 38 33 26 48 13 39 46 35 12 17 22 7 14 49 29 36 45 18 34 19 20 30 24 2 6 10 4 11 47 44 50 27 41 31 23 8 15 16 3 43 9 32 40 

Inst_Index:2879 	 City_Num:50 	 Concorde:0.054144 	 MCTS:5.412844 Improve:0.001563 	 Time:5.00 Seconds
Solution: 1 39 15 17 42 30 49 41 31 28 37 45 10 23 4 48 43 40 7 34 29 32 13 25 12 33 26 27 47 50 14 38 3 20 35 21 9 19 11 22 46 18 5 36 6 8 16 2 24 44 

Inst_Index:2880 	 City_Num:50 	 Concorde:0.059813 	 MCTS:5.981316 Improve:-0.000000 	 Time:5.00 Seconds
Solution: 1 36 31 46 12 29 35 8 32 38 26 24 48 47 19 23 11 37 4 40 44 25 28 18 17 34 6 27 21 7 39 30 33 5 20 50 14 45 9 3 15 22 13 10 41 16 49 43 2 42 

Inst_Index:2881 	 City_Num:50 	 Concorde:0.051668 	 MCTS:5.165358 Improve:0.001442 	 Time:5.01 Seconds
Solution: 1 21 8 9 15 31 32 22 4 42 7 10 16 38 6 12 5 3 33 13 20 43 50 47 46 48 49 45 23 28 37 25 2 40 36 14 39 17 26 11 19 24 18 44 34 30 35 41 29 27 

Inst_Index:2882 	 City_Num:50 	 Concorde:0.055509 	 MCTS:5.550908 Improve:0.000000 	 Time:5.00 Seconds
Solution: 1 8 2 34 47 15 48 22 25 46 7 36 33 5 39 16 20 41 18 30 37 26 40 44 9 28 13 23 14 32 11 4 17 31 3 19 43 35 24 10 12 29 42 27 50 6 49 45 38 21 

Inst_Index:2883 	 City_Num:50 	 Concorde:0.058025 	 MCTS:5.798559 Improve:0.003939 	 Time:5.00 Seconds
Solution: 1 32 27 34 12 17 48 47 35 45 2 3 11 7 49 46 14 36 15 8 13 6 37 18 50 40 38 39 19 44 26 42 9 20 31 33 4 30 22 10 29 43 24 28 16 25 41 5 23 21 

Inst_Index:2884 	 City_Num:50 	 Concorde:0.058181 	 MCTS:5.818090 Improve:0.000000 	 Time:5.01 Seconds
Solution: 1 4 20 5 11 10 33 49 6 24 31 35 9 26 28 25 18 17 19 21 43 13 22 37 12 40 50 38 29 47 41 44 39 36 14 34 8 30 2 7 45 16 42 27 3 23 15 48 46 32 

Inst_Index:2885 	 City_Num:50 	 Concorde:0.053106 	 MCTS:5.310570 Improve:0.000000 	 Time:5.00 Seconds
Solution: 1 38 6 4 43 14 13 19 11 12 42 50 36 9 22 39 8 23 18 47 44 28 10 33 30 37 31 41 26 5 3 17 32 2 48 46 25 21 40 29 16 20 45 49 34 35 24 7 15 27 

Inst_Index:2886 	 City_Num:50 	 Concorde:0.060358 	 MCTS:6.034798 Improve:0.001002 	 Time:5.00 Seconds
Solution: 1 8 40 43 19 25 37 11 48 24 3 21 14 35 10 22 9 2 27 45 41 28 4 18 30 12 38 16 6 17 46 42 31 29 39 50 26 34 20 36 33 15 5 23 13 44 7 47 32 49 

Inst_Index:2887 	 City_Num:50 	 Concorde:0.057228 	 MCTS:5.722759 Improve:0.000000 	 Time:5.00 Seconds
Solution: 1 23 40 47 12 44 22 11 48 7 6 45 50 31 41 27 32 16 25 28 43 3 13 4 39 36 24 49 33 37 9 30 34 35 42 19 26 8 10 15 20 2 21 17 18 5 46 14 38 29 

Inst_Index:2888 	 City_Num:50 	 Concorde:0.057784 	 MCTS:5.778352 Improve:0.000000 	 Time:5.00 Seconds
Solution: 1 14 38 36 6 22 46 33 42 28 5 34 26 8 35 48 24 39 9 43 30 41 7 2 11 17 10 18 23 27 15 45 3 32 20 29 47 21 49 50 44 19 25 31 4 16 37 40 13 12 

Inst_Index:2889 	 City_Num:50 	 Concorde:0.052185 	 MCTS:5.218508 Improve:-0.000000 	 Time:5.02 Seconds
Solution: 1 16 8 44 35 29 32 7 36 26 10 31 22 40 41 4 20 17 15 49 30 47 9 19 45 34 3 12 27 28 33 14 46 48 37 38 42 50 21 43 5 39 11 6 24 2 18 23 13 25 

Inst_Index:2890 	 City_Num:50 	 Concorde:0.054402 	 MCTS:5.440164 Improve:-0.000000 	 Time:5.00 Seconds
Solution: 1 9 7 8 18 12 34 31 19 46 41 33 28 48 16 39 5 2 37 21 25 11 22 38 47 27 45 14 15 17 10 13 49 32 40 23 20 44 29 24 30 50 36 35 4 42 43 26 3 6 

Inst_Index:2891 	 City_Num:50 	 Concorde:0.054257 	 MCTS:5.420765 Improve:0.004900 	 Time:5.00 Seconds
Solution: 1 4 25 16 12 40 28 10 33 13 48 23 49 37 39 45 21 14 9 50 32 41 43 36 19 46 3 27 6 11 17 47 30 38 42 31 2 26 7 24 15 34 5 18 44 29 22 35 8 20 

Inst_Index:2892 	 City_Num:50 	 Concorde:0.057873 	 MCTS:5.776977 Improve:0.010353 	 Time:5.01 Seconds
Solution: 1 23 19 2 27 44 16 35 12 42 15 49 29 4 40 34 21 28 33 39 43 37 30 14 32 13 26 38 50 41 22 48 17 11 7 18 8 25 36 10 20 3 47 5 46 45 6 24 31 9 

Inst_Index:2893 	 City_Num:50 	 Concorde:0.060420 	 MCTS:6.042046 Improve:-0.000000 	 Time:5.00 Seconds
Solution: 1 27 24 28 31 12 44 18 6 2 36 49 33 11 47 17 29 4 7 41 45 38 5 22 8 50 26 9 13 3 19 46 16 48 14 20 37 34 21 32 40 42 43 15 39 25 10 30 35 23 

Inst_Index:2894 	 City_Num:50 	 Concorde:0.052043 	 MCTS:5.198233 Improve:0.006087 	 Time:5.00 Seconds
Solution: 1 33 39 7 13 15 22 25 9 11 42 3 6 31 34 28 17 35 43 14 48 50 16 32 26 18 23 45 21 19 27 46 29 5 36 8 2 20 30 37 10 38 47 40 44 4 49 12 41 24 

Inst_Index:2895 	 City_Num:50 	 Concorde:0.055946 	 MCTS:5.592153 Improve:0.002400 	 Time:5.00 Seconds
Solution: 1 24 41 23 2 46 43 13 49 15 9 10 3 16 25 32 5 50 38 14 37 30 40 47 26 48 8 29 17 19 4 12 11 33 20 21 44 42 45 22 27 36 35 31 18 39 6 7 34 28 

Inst_Index:2896 	 City_Num:50 	 Concorde:0.056764 	 MCTS:5.674586 Improve:0.001785 	 Time:5.00 Seconds
Solution: 1 27 16 31 14 44 43 26 17 25 13 37 20 33 46 47 22 19 38 2 42 39 11 50 3 48 41 18 15 8 45 12 29 6 21 4 5 7 34 32 23 36 49 28 35 30 10 40 9 24 

Inst_Index:2897 	 City_Num:50 	 Concorde:0.057988 	 MCTS:5.797317 Improve:0.001513 	 Time:5.00 Seconds
Solution: 1 33 26 13 39 22 30 3 49 28 5 40 15 2 12 29 18 9 38 50 34 27 47 36 11 7 6 8 37 4 32 25 41 43 14 42 21 17 35 10 45 16 20 24 46 23 19 48 44 31 

Inst_Index:2898 	 City_Num:50 	 Concorde:0.059456 	 MCTS:5.945560 Improve:0.000000 	 Time:5.00 Seconds
Solution: 1 3 12 29 47 16 41 36 10 39 42 27 35 26 2 24 21 33 43 18 22 13 25 11 31 4 50 19 20 37 40 5 28 7 9 15 6 23 44 49 30 17 48 32 46 14 8 38 45 34 

Inst_Index:2899 	 City_Num:50 	 Concorde:0.056349 	 MCTS:5.627252 Improve:0.007607 	 Time:5.00 Seconds
Solution: 1 36 44 38 10 33 32 39 18 41 29 21 26 47 4 48 24 17 50 12 5 28 27 3 8 14 30 20 35 34 15 43 40 45 31 22 9 2 42 6 19 13 49 23 46 7 16 11 37 25 

Inst_Index:2900 	 City_Num:50 	 Concorde:0.058837 	 MCTS:5.883687 Improve:-0.000000 	 Time:5.00 Seconds
Solution: 1 19 43 26 13 24 15 12 23 2 35 29 14 5 31 37 32 27 21 6 47 10 34 42 17 11 30 28 45 25 8 39 48 22 38 41 20 16 9 44 7 3 18 46 49 4 50 36 40 33 

Inst_Index:2901 	 City_Num:50 	 Concorde:0.059615 	 MCTS:5.961486 Improve:-0.000000 	 Time:5.01 Seconds
Solution: 1 37 32 44 27 46 20 36 29 28 2 48 39 22 15 40 3 45 9 26 47 43 33 19 25 16 38 49 4 24 35 10 41 7 13 14 8 42 21 17 5 31 18 12 50 11 23 34 30 6 

Inst_Index:2902 	 City_Num:50 	 Concorde:0.061337 	 MCTS:6.133745 Improve:0.000000 	 Time:5.00 Seconds
Solution: 1 39 24 50 37 7 48 16 41 8 27 47 4 30 44 9 38 28 22 35 43 40 11 42 21 10 45 15 31 26 19 5 18 14 17 20 33 36 32 2 29 23 34 49 3 6 13 46 25 12 

Inst_Index:2903 	 City_Num:50 	 Concorde:0.055217 	 MCTS:5.518713 Improve:0.002968 	 Time:5.00 Seconds
Solution: 1 33 34 9 15 3 26 39 5 16 28 13 12 40 38 30 20 21 29 48 19 2 27 14 41 7 24 6 25 37 46 8 22 32 31 49 47 43 50 35 10 4 44 42 45 36 18 11 17 23 

Inst_Index:2904 	 City_Num:50 	 Concorde:0.053571 	 MCTS:5.357119 Improve:0.000000 	 Time:5.00 Seconds
Solution: 1 16 30 28 40 10 43 13 50 11 33 24 26 20 6 41 17 49 48 44 21 19 3 32 8 39 25 36 46 2 31 42 15 18 45 9 37 4 5 29 12 47 34 35 23 27 22 7 38 14 

Inst_Index:2905 	 City_Num:50 	 Concorde:0.056796 	 MCTS:5.679569 Improve:-0.000000 	 Time:5.00 Seconds
Solution: 1 22 47 4 10 34 35 14 43 11 15 33 39 40 3 29 41 6 17 46 32 9 23 25 36 18 49 26 24 45 50 12 28 5 2 7 44 30 31 16 48 42 19 27 37 21 8 38 20 13 

Inst_Index:2906 	 City_Num:50 	 Concorde:0.057492 	 MCTS:5.749224 Improve:-0.000000 	 Time:5.01 Seconds
Solution: 1 45 48 5 21 4 33 44 39 41 42 24 26 23 6 14 7 18 35 13 30 43 49 25 31 36 37 28 29 9 10 16 17 40 3 19 38 47 27 2 11 46 22 34 15 20 12 50 32 8 

Inst_Index:2907 	 City_Num:50 	 Concorde:0.056012 	 MCTS:5.601165 Improve:0.000000 	 Time:5.00 Seconds
Solution: 1 8 48 5 6 32 29 39 4 2 25 20 26 18 49 46 37 15 40 42 35 30 44 47 24 13 31 19 7 43 17 9 50 45 14 28 34 11 33 23 22 16 38 41 36 12 27 10 21 3 

Inst_Index:2908 	 City_Num:50 	 Concorde:0.056269 	 MCTS:5.626876 Improve:-0.000000 	 Time:5.00 Seconds
Solution: 1 16 41 11 9 39 48 13 33 4 20 3 49 8 15 14 45 36 43 7 18 29 23 38 50 12 44 30 10 6 27 22 47 26 35 5 17 24 21 40 46 19 31 25 28 2 42 37 32 34 

Inst_Index:2909 	 City_Num:50 	 Concorde:0.055944 	 MCTS:5.594367 Improve:0.000000 	 Time:5.00 Seconds
Solution: 1 4 35 29 32 37 33 39 30 45 28 18 48 6 3 12 46 9 42 20 40 43 31 14 24 36 27 16 7 2 25 15 22 26 47 11 19 17 13 41 50 5 49 8 21 10 44 38 23 34 

Inst_Index:2910 	 City_Num:50 	 Concorde:0.056846 	 MCTS:5.684424 Improve:0.000180 	 Time:5.00 Seconds
Solution: 1 42 30 34 9 13 12 14 44 2 5 20 8 7 47 4 37 32 15 24 50 29 27 36 49 11 16 35 25 22 19 6 39 23 10 28 3 41 38 46 33 21 17 18 43 48 26 45 40 31 

Inst_Index:2911 	 City_Num:50 	 Concorde:0.058944 	 MCTS:5.891633 Improve:0.002776 	 Time:5.01 Seconds
Solution: 1 19 7 30 32 39 44 38 10 26 45 3 29 35 42 8 12 49 27 47 50 31 25 21 40 5 28 16 17 14 43 11 23 37 20 34 6 4 18 46 15 9 13 36 33 2 22 48 41 24 

Inst_Index:2912 	 City_Num:50 	 Concorde:0.054795 	 MCTS:5.479488 Improve:-0.000000 	 Time:5.00 Seconds
Solution: 1 23 42 18 45 48 37 47 7 5 43 49 4 38 26 17 14 6 32 44 40 31 3 34 11 46 9 36 13 41 10 24 16 21 50 39 30 22 33 12 20 19 15 28 25 8 2 27 29 35 

Inst_Index:2913 	 City_Num:50 	 Concorde:0.054847 	 MCTS:5.484675 Improve:0.000000 	 Time:5.00 Seconds
Solution: 1 25 5 38 18 11 49 36 22 30 43 28 8 46 20 31 26 17 42 50 48 24 2 47 16 37 45 29 44 35 13 14 34 27 39 19 4 32 6 21 9 15 7 10 41 40 33 23 12 3 

Inst_Index:2914 	 City_Num:50 	 Concorde:0.059412 	 MCTS:5.941188 Improve:-0.000000 	 Time:5.00 Seconds
Solution: 1 34 49 12 42 33 29 9 17 25 16 6 26 44 2 45 15 43 11 8 50 14 3 41 30 19 22 23 35 13 5 31 28 40 4 18 7 47 24 48 46 27 10 20 36 21 39 37 38 32 

Inst_Index:2915 	 City_Num:50 	 Concorde:0.058307 	 MCTS:5.830692 Improve:0.000000 	 Time:5.00 Seconds
Solution: 1 16 42 29 31 8 10 38 20 5 26 17 35 43 33 47 14 7 40 23 24 9 2 34 6 37 48 12 49 36 18 30 21 15 50 41 39 45 28 19 3 32 4 46 22 44 13 11 25 27 

Inst_Index:2916 	 City_Num:50 	 Concorde:0.054937 	 MCTS:5.493714 Improve:-0.000000 	 Time:5.00 Seconds
Solution: 1 46 40 8 29 32 33 19 22 50 24 23 30 13 21 44 41 28 45 31 49 27 5 16 3 15 20 36 7 4 47 9 6 14 42 35 12 37 48 17 26 43 25 2 38 10 39 11 34 18 

Inst_Index:2917 	 City_Num:50 	 Concorde:0.054961 	 MCTS:5.496146 Improve:0.000000 	 Time:5.00 Seconds
Solution: 1 30 40 19 6 32 28 18 7 27 35 11 50 12 4 41 5 15 46 47 17 16 49 21 9 38 45 22 42 20 14 29 3 25 44 10 43 33 2 23 8 34 31 39 48 26 13 36 37 24 

Inst_Index:2918 	 City_Num:50 	 Concorde:0.056647 	 MCTS:5.664669 Improve:0.000000 	 Time:5.00 Seconds
Solution: 1 49 23 38 11 29 25 13 2 22 6 8 16 20 44 40 4 35 18 7 30 37 3 43 9 24 48 5 50 19 17 14 31 26 10 28 42 41 12 27 21 47 39 32 15 33 45 46 34 36 

Inst_Index:2919 	 City_Num:50 	 Concorde:0.057258 	 MCTS:5.725827 Improve:0.000000 	 Time:5.01 Seconds
Solution: 1 17 23 44 38 14 26 19 46 18 47 2 8 32 7 34 13 11 25 9 10 27 35 3 29 43 6 40 50 45 41 20 39 21 33 4 31 42 28 49 48 36 37 16 15 5 24 22 12 30 

Inst_Index:2920 	 City_Num:50 	 Concorde:0.058587 	 MCTS:5.858685 Improve:0.000000 	 Time:5.01 Seconds
Solution: 1 48 41 2 5 43 45 18 10 25 7 33 29 30 6 49 17 16 42 3 14 24 22 37 32 39 36 20 15 35 38 27 44 50 9 26 8 28 13 11 12 46 47 19 23 21 4 40 34 31 

Inst_Index:2921 	 City_Num:50 	 Concorde:0.055788 	 MCTS:5.578815 Improve:0.000000 	 Time:5.00 Seconds
Solution: 1 10 22 38 37 28 15 43 25 26 39 41 12 47 46 2 8 5 7 19 29 49 32 16 45 30 36 27 48 34 42 44 31 14 11 50 40 33 24 9 17 21 6 18 4 35 3 20 23 13 

Inst_Index:2922 	 City_Num:50 	 Concorde:0.055901 	 MCTS:5.590047 Improve:0.000058 	 Time:5.00 Seconds
Solution: 1 9 10 26 17 35 28 34 12 13 44 25 41 7 6 14 37 22 16 38 31 46 24 39 27 40 47 3 23 49 45 29 50 5 8 30 15 21 2 32 18 42 33 19 48 43 4 20 11 36 

Inst_Index:2923 	 City_Num:50 	 Concorde:0.058303 	 MCTS:5.823937 Improve:0.006361 	 Time:5.00 Seconds
Solution: 1 34 6 18 35 9 20 14 17 32 46 4 50 21 25 31 30 8 48 47 38 39 10 5 43 29 12 42 40 26 3 13 19 37 41 7 28 11 36 16 27 2 24 33 45 23 22 44 15 49 

Inst_Index:2924 	 City_Num:50 	 Concorde:0.056127 	 MCTS:5.612720 Improve:-0.000000 	 Time:5.00 Seconds
Solution: 1 34 6 39 41 10 13 30 16 9 33 47 35 8 40 7 50 17 46 24 26 15 5 38 22 45 14 11 48 29 42 32 23 28 12 37 43 21 19 27 31 44 3 18 4 49 2 36 25 20 

Inst_Index:2925 	 City_Num:50 	 Concorde:0.058801 	 MCTS:5.880123 Improve:0.000000 	 Time:5.00 Seconds
Solution: 1 28 21 44 47 5 3 24 26 48 39 4 14 15 40 29 10 25 32 17 38 12 13 33 27 2 43 45 42 18 30 19 8 37 20 36 34 31 6 35 23 11 49 50 9 16 7 41 22 46 

Inst_Index:2926 	 City_Num:50 	 Concorde:0.060357 	 MCTS:6.035694 Improve:0.000000 	 Time:5.00 Seconds
Solution: 1 25 21 10 7 23 8 16 47 20 49 36 11 9 31 26 14 39 34 48 22 12 28 33 3 13 43 35 40 27 38 18 4 15 5 24 32 30 44 19 2 29 6 46 50 37 42 41 17 45 

Inst_Index:2927 	 City_Num:50 	 Concorde:0.058935 	 MCTS:5.893328 Improve:0.000219 	 Time:5.00 Seconds
Solution: 1 15 18 37 7 29 6 46 3 36 40 10 23 8 31 27 38 17 20 26 43 45 41 4 14 13 19 34 2 32 49 47 24 33 25 5 39 22 35 16 30 28 42 48 12 50 21 11 9 44 

Inst_Index:2928 	 City_Num:50 	 Concorde:0.056423 	 MCTS:5.642314 Improve:0.000000 	 Time:5.00 Seconds
Solution: 1 37 36 11 28 35 26 34 42 50 47 33 45 10 41 31 44 16 2 21 25 6 40 22 30 48 27 19 49 3 8 29 24 5 7 39 38 13 14 32 18 9 20 17 46 23 43 4 15 12 

Inst_Index:2929 	 City_Num:50 	 Concorde:0.054342 	 MCTS:5.426622 Improve:0.007558 	 Time:5.00 Seconds
Solution: 1 20 21 37 49 17 40 24 7 29 6 28 30 32 35 23 14 26 22 44 33 16 3 4 34 46 48 2 19 10 38 39 9 45 41 12 15 47 42 31 36 18 43 25 8 5 13 11 50 27 

Inst_Index:2930 	 City_Num:50 	 Concorde:0.053940 	 MCTS:5.394009 Improve:-0.000000 	 Time:5.00 Seconds
Solution: 1 47 22 4 42 10 8 44 48 45 43 35 49 25 46 17 19 13 40 26 27 34 15 29 39 33 2 38 14 11 32 50 28 21 31 9 20 6 7 36 41 24 30 12 16 23 18 37 3 5 

Inst_Index:2931 	 City_Num:50 	 Concorde:0.054903 	 MCTS:5.490277 Improve:0.000000 	 Time:5.00 Seconds
Solution: 1 37 11 30 50 28 38 25 12 32 35 18 45 41 19 3 7 42 43 39 16 4 36 29 34 31 27 8 5 47 15 17 22 14 13 10 2 26 21 44 48 24 23 6 33 46 40 49 20 9 

Inst_Index:2932 	 City_Num:50 	 Concorde:0.057717 	 MCTS:5.771703 Improve:0.000000 	 Time:5.00 Seconds
Solution: 1 6 8 31 12 15 2 24 44 26 5 25 50 38 47 43 27 4 48 39 17 16 20 10 3 28 46 22 30 42 34 40 9 19 11 37 23 41 35 49 21 18 29 33 32 36 14 7 45 13 

Inst_Index:2933 	 City_Num:50 	 Concorde:0.056778 	 MCTS:5.677764 Improve:0.000000 	 Time:5.00 Seconds
Solution: 1 10 26 34 35 3 39 5 8 19 30 21 27 31 33 48 32 7 13 17 14 36 18 6 20 46 11 9 45 41 50 44 23 24 37 49 28 22 40 2 29 47 16 15 25 4 43 12 38 42 

Inst_Index:2934 	 City_Num:50 	 Concorde:0.060055 	 MCTS:6.005534 Improve:0.000000 	 Time:5.00 Seconds
Solution: 1 21 35 3 16 31 45 27 48 19 13 29 25 23 17 42 47 8 43 4 7 24 37 34 38 49 9 28 5 41 50 40 44 10 18 12 6 30 33 11 22 26 46 20 39 32 2 36 14 15 

Inst_Index:2935 	 City_Num:50 	 Concorde:0.054813 	 MCTS:5.481309 Improve:0.000000 	 Time:5.00 Seconds
Solution: 1 43 13 24 15 49 2 36 27 22 35 21 28 10 46 47 9 20 5 38 4 33 11 14 26 37 7 17 19 48 34 12 50 30 39 16 45 25 32 31 44 3 23 6 8 29 41 40 42 18 

Inst_Index:2936 	 City_Num:50 	 Concorde:0.058166 	 MCTS:5.816627 Improve:0.000000 	 Time:5.00 Seconds
Solution: 1 33 43 42 29 34 41 49 13 39 37 25 50 16 45 48 18 2 32 36 27 10 23 4 26 31 8 11 5 7 20 19 40 9 35 21 22 28 24 17 12 14 47 6 30 38 46 15 3 44 

Inst_Index:2937 	 City_Num:50 	 Concorde:0.056911 	 MCTS:5.691130 Improve:0.000000 	 Time:5.00 Seconds
Solution: 1 2 16 49 12 15 8 32 3 46 50 29 10 19 41 38 24 34 28 48 44 21 13 45 11 4 31 35 47 33 5 23 42 7 14 37 39 22 18 17 9 6 27 25 20 30 43 26 36 40 

Inst_Index:2938 	 City_Num:50 	 Concorde:0.056852 	 MCTS:5.685236 Improve:0.000000 	 Time:5.00 Seconds
Solution: 1 6 24 22 34 30 27 35 45 8 38 3 4 12 17 41 19 13 47 46 28 25 20 29 42 5 23 44 7 50 32 2 33 40 16 11 37 39 49 48 43 18 36 26 9 21 14 31 10 15 

Inst_Index:2939 	 City_Num:50 	 Concorde:0.059406 	 MCTS:5.961853 Improve:-0.021272 	 Time:5.00 Seconds
Solution: 1 40 19 28 50 11 18 44 47 49 22 38 12 31 32 9 36 46 10 23 20 48 2 27 26 37 30 6 13 15 14 8 43 35 21 34 42 33 24 29 45 4 3 25 41 16 5 7 39 17 

Inst_Index:2940 	 City_Num:50 	 Concorde:0.054607 	 MCTS:5.455619 Improve:0.005041 	 Time:5.00 Seconds
Solution: 1 49 16 37 19 43 13 26 6 38 45 41 40 17 39 8 2 11 33 4 28 24 47 36 18 48 34 46 44 31 5 50 30 42 21 29 32 12 35 10 3 23 14 9 27 20 15 7 25 22 

Inst_Index:2941 	 City_Num:50 	 Concorde:0.059169 	 MCTS:5.916854 Improve:-0.000000 	 Time:5.00 Seconds
Solution: 1 46 39 20 13 16 34 31 6 27 48 19 17 43 2 15 45 32 29 24 4 38 28 8 3 23 9 26 47 33 12 41 14 7 42 37 11 40 21 22 35 49 44 30 18 10 36 5 50 25 

Inst_Index:2942 	 City_Num:50 	 Concorde:0.058955 	 MCTS:5.890526 Improve:0.005005 	 Time:5.00 Seconds
Solution: 1 42 36 14 41 13 27 25 4 39 5 3 45 44 9 21 6 38 32 23 30 16 15 28 20 2 11 19 48 22 40 31 43 47 8 17 24 35 33 7 12 49 18 10 29 37 50 26 34 46 

Inst_Index:2943 	 City_Num:50 	 Concorde:0.057782 	 MCTS:5.778202 Improve:-0.000000 	 Time:5.00 Seconds
Solution: 1 31 6 27 16 12 30 26 19 43 14 50 15 44 40 8 23 22 42 25 32 36 18 29 2 3 33 9 7 5 17 13 41 4 46 11 38 48 45 20 21 47 24 35 39 49 37 28 34 10 

Inst_Index:2944 	 City_Num:50 	 Concorde:0.058029 	 MCTS:5.802905 Improve:0.000000 	 Time:5.00 Seconds
Solution: 1 50 28 44 24 46 3 32 16 25 33 2 40 19 34 7 36 9 49 11 42 26 27 47 5 6 17 29 23 13 30 37 18 35 8 21 4 12 38 14 41 20 45 43 48 15 22 39 31 10 

Inst_Index:2945 	 City_Num:50 	 Concorde:0.054400 	 MCTS:5.431198 Improve:0.008805 	 Time:5.00 Seconds
Solution: 1 36 43 21 11 41 42 46 7 8 48 17 25 15 13 27 50 2 39 9 5 30 38 12 6 14 45 29 22 32 19 23 26 10 3 37 20 44 28 49 31 24 4 35 18 34 33 16 47 40 

Inst_Index:2946 	 City_Num:50 	 Concorde:0.056946 	 MCTS:5.693785 Improve:0.000828 	 Time:5.00 Seconds
Solution: 1 37 16 20 14 32 2 29 44 24 40 28 42 31 48 18 50 26 17 3 7 38 22 46 6 41 23 21 45 49 8 11 34 12 10 30 25 5 35 13 39 27 19 4 33 43 36 47 9 15 

Inst_Index:2947 	 City_Num:50 	 Concorde:0.059636 	 MCTS:5.963421 Improve:0.000161 	 Time:5.01 Seconds
Solution: 1 36 30 15 8 22 40 16 25 26 13 48 27 37 49 21 50 32 7 38 28 19 11 20 6 33 24 45 5 46 12 4 42 47 2 9 17 39 43 3 10 31 23 41 14 18 34 29 35 44 

Inst_Index:2948 	 City_Num:50 	 Concorde:0.055321 	 MCTS:5.532076 Improve:0.000000 	 Time:5.00 Seconds
Solution: 1 21 18 13 7 6 44 8 30 5 27 24 19 17 40 42 22 41 12 49 23 48 28 36 3 46 15 34 43 14 45 2 4 50 35 16 9 26 20 37 29 38 33 32 47 11 10 31 25 39 

Inst_Index:2949 	 City_Num:50 	 Concorde:0.052657 	 MCTS:5.265667 Improve:0.000000 	 Time:5.00 Seconds
Solution: 1 26 3 37 12 34 29 33 38 35 23 28 50 19 4 20 7 11 49 39 30 21 10 43 6 8 2 16 17 48 44 40 32 9 14 46 18 22 45 27 5 31 42 41 15 47 25 13 36 24 

Inst_Index:2950 	 City_Num:50 	 Concorde:0.059100 	 MCTS:5.909001 Improve:0.001032 	 Time:5.02 Seconds
Solution: 1 24 39 31 7 14 21 49 22 16 28 5 44 18 19 34 17 30 38 20 35 33 3 46 13 2 42 6 32 50 23 45 4 43 27 15 29 40 25 48 47 10 41 12 9 26 11 8 37 36 

Inst_Index:2951 	 City_Num:50 	 Concorde:0.055887 	 MCTS:5.588653 Improve:0.000000 	 Time:5.00 Seconds
Solution: 1 40 13 2 46 37 35 20 6 8 23 14 43 36 17 5 21 30 22 24 29 9 28 41 7 39 31 15 48 47 49 34 38 19 45 42 50 4 32 11 3 44 25 18 12 10 33 16 27 26 

Inst_Index:2952 	 City_Num:50 	 Concorde:0.057834 	 MCTS:5.779939 Improve:0.003471 	 Time:5.01 Seconds
Solution: 1 35 31 46 39 21 13 22 47 4 30 48 24 42 28 37 32 5 23 36 11 26 15 29 43 6 50 33 17 25 8 10 40 19 18 27 14 44 34 41 2 12 16 7 9 20 45 49 3 38 

Inst_Index:2953 	 City_Num:50 	 Concorde:0.052460 	 MCTS:5.245972 Improve:0.000000 	 Time:5.00 Seconds
Solution: 1 7 25 17 50 32 8 18 11 36 3 45 27 33 28 49 13 42 39 6 20 16 29 41 24 21 22 9 43 31 19 10 34 23 35 15 12 2 40 37 38 46 26 30 48 4 14 44 5 47 

Inst_Index:2954 	 City_Num:50 	 Concorde:0.061996 	 MCTS:6.199630 Improve:0.000000 	 Time:5.02 Seconds
Solution: 1 13 49 44 32 23 48 38 33 14 46 11 37 42 8 35 34 29 27 45 47 2 12 41 15 16 7 19 9 50 17 31 22 20 26 24 39 6 43 3 36 5 10 40 18 28 25 4 21 30 

Inst_Index:2955 	 City_Num:50 	 Concorde:0.054961 	 MCTS:5.496089 Improve:0.000000 	 Time:5.00 Seconds
Solution: 1 43 47 28 2 21 12 29 27 20 34 22 24 37 14 18 38 42 25 48 41 8 9 33 3 16 23 11 35 5 19 7 13 4 45 49 46 50 17 32 15 6 39 31 26 30 40 36 44 10 

Inst_Index:2956 	 City_Num:50 	 Concorde:0.059939 	 MCTS:5.987625 Improve:0.006298 	 Time:5.01 Seconds
Solution: 1 47 23 16 36 39 18 2 24 32 25 11 9 46 4 30 19 17 5 6 28 21 40 37 8 35 31 50 7 3 15 48 41 27 26 13 29 44 43 10 12 22 49 20 42 38 45 34 33 14 

Inst_Index:2957 	 City_Num:50 	 Concorde:0.057638 	 MCTS:5.758206 Improve:0.005561 	 Time:5.01 Seconds
Solution: 1 26 23 17 30 49 7 6 14 2 43 28 44 21 9 15 31 45 16 33 3 38 18 41 48 8 10 35 27 19 29 4 12 20 42 34 40 37 46 47 25 36 39 13 50 11 5 24 32 22 

Inst_Index:2958 	 City_Num:50 	 Concorde:0.057335 	 MCTS:5.733527 Improve:-0.000000 	 Time:5.01 Seconds
Solution: 1 41 29 47 50 44 22 28 14 18 25 43 24 8 36 10 48 3 42 34 2 31 15 38 35 17 5 27 19 23 39 45 26 16 21 13 6 12 46 7 33 49 37 30 4 9 20 32 40 11 

Inst_Index:2959 	 City_Num:50 	 Concorde:0.054930 	 MCTS:5.493002 Improve:-0.000000 	 Time:5.01 Seconds
Solution: 1 12 34 23 13 15 37 44 42 29 21 7 27 9 17 33 43 3 46 16 2 49 20 25 40 50 38 11 41 26 47 5 48 28 35 19 39 6 30 24 32 10 8 45 36 22 31 4 14 18 

Inst_Index:2960 	 City_Num:50 	 Concorde:0.058712 	 MCTS:5.864751 Improve:0.006455 	 Time:5.00 Seconds
Solution: 1 24 18 33 49 4 17 14 6 13 8 32 23 22 26 19 45 16 50 44 36 11 30 10 2 35 15 34 39 37 42 31 43 47 41 40 9 27 20 48 46 3 21 38 25 12 29 28 5 7 

Inst_Index:2961 	 City_Num:50 	 Concorde:0.056209 	 MCTS:5.620934 Improve:0.000000 	 Time:5.00 Seconds
Solution: 1 49 5 36 4 41 19 17 9 27 20 40 10 12 33 13 14 26 47 16 29 15 38 30 34 37 39 18 22 28 42 21 3 46 23 48 7 31 45 2 24 50 44 8 32 25 11 35 43 6 

Inst_Index:2962 	 City_Num:50 	 Concorde:0.052230 	 MCTS:5.223016 Improve:0.000000 	 Time:5.00 Seconds
Solution: 1 45 38 24 23 22 16 26 12 5 30 8 21 37 18 3 41 6 20 33 9 15 48 39 47 44 25 10 50 43 32 19 35 2 42 13 4 27 29 46 34 14 31 11 36 40 49 28 7 17 

Inst_Index:2963 	 City_Num:50 	 Concorde:0.053827 	 MCTS:5.379841 Improve:0.002810 	 Time:5.01 Seconds
Solution: 1 28 33 15 48 29 34 8 9 23 20 46 25 37 40 13 44 12 35 17 2 42 50 4 10 11 6 19 32 26 3 7 27 5 39 18 49 36 22 30 14 16 24 41 21 47 45 38 43 31 

Inst_Index:2964 	 City_Num:50 	 Concorde:0.054450 	 MCTS:5.445021 Improve:0.000000 	 Time:5.02 Seconds
Solution: 1 39 48 15 23 32 16 2 44 35 17 37 7 8 5 28 50 46 40 47 19 24 6 41 21 29 13 18 3 36 33 22 26 34 42 9 49 10 27 12 45 14 31 11 43 4 25 30 38 20 

Inst_Index:2965 	 City_Num:50 	 Concorde:0.054451 	 MCTS:5.445141 Improve:-0.000000 	 Time:5.01 Seconds
Solution: 1 19 24 38 41 17 44 34 23 8 18 20 30 25 42 28 37 39 32 50 6 26 13 47 16 10 2 12 48 33 21 3 45 15 9 46 7 31 22 49 35 40 5 43 14 36 27 4 11 29 

Inst_Index:2966 	 City_Num:50 	 Concorde:0.061204 	 MCTS:6.118072 Improve:0.002336 	 Time:5.00 Seconds
Solution: 1 32 39 35 4 5 40 3 45 38 26 16 33 30 21 24 18 37 50 20 6 25 43 17 28 44 10 48 19 31 2 15 36 14 27 41 23 29 42 13 7 46 22 34 49 9 12 11 47 8 

Inst_Index:2967 	 City_Num:50 	 Concorde:0.053872 	 MCTS:5.387238 Improve:0.000000 	 Time:5.00 Seconds
Solution: 1 19 10 26 8 48 43 41 9 2 20 46 35 13 30 29 37 42 25 34 16 15 3 17 14 23 32 31 47 27 21 11 6 22 4 28 5 38 33 45 12 36 7 49 40 39 50 24 18 44 

Inst_Index:2968 	 City_Num:50 	 Concorde:0.057904 	 MCTS:5.790353 Improve:-0.000000 	 Time:5.00 Seconds
Solution: 1 14 2 8 33 21 10 25 20 37 11 9 49 45 40 27 42 12 4 5 6 18 17 43 41 47 44 39 32 13 26 24 38 19 7 23 36 28 30 22 29 15 46 48 35 3 31 50 16 34 

Inst_Index:2969 	 City_Num:50 	 Concorde:0.058375 	 MCTS:5.837475 Improve:0.000000 	 Time:5.00 Seconds
Solution: 1 7 40 16 48 34 28 31 36 22 5 32 27 41 25 9 15 20 45 47 44 6 4 11 46 49 13 3 38 10 14 29 33 50 2 23 39 8 24 18 30 26 21 35 17 43 19 42 37 12 

Inst_Index:2970 	 City_Num:50 	 Concorde:0.060777 	 MCTS:6.077749 Improve:0.000000 	 Time:5.00 Seconds
Solution: 1 16 3 47 4 15 32 23 48 45 28 20 33 41 27 14 26 39 49 19 50 37 24 17 11 29 25 30 40 7 38 13 18 10 31 21 8 43 6 34 5 12 36 42 44 46 9 22 35 2 

Inst_Index:2971 	 City_Num:50 	 Concorde:0.057181 	 MCTS:5.710194 Improve:0.007869 	 Time:5.01 Seconds
Solution: 1 44 22 25 31 48 41 13 33 19 43 35 38 28 16 21 46 37 27 26 49 17 50 40 9 20 11 23 10 8 6 32 3 47 39 4 24 15 34 36 30 42 7 45 29 2 12 18 14 5 

Inst_Index:2972 	 City_Num:50 	 Concorde:0.058792 	 MCTS:5.874072 Improve:0.005099 	 Time:5.00 Seconds
Solution: 1 28 35 48 23 44 20 8 34 18 10 9 45 13 29 4 49 7 43 19 2 27 5 3 42 22 15 30 37 31 16 25 12 21 11 46 36 24 41 32 47 26 39 6 14 40 50 33 17 38 

Inst_Index:2973 	 City_Num:50 	 Concorde:0.055425 	 MCTS:5.542519 Improve:-0.000000 	 Time:5.01 Seconds
Solution: 1 32 13 29 16 25 44 5 7 12 10 21 46 11 20 38 36 37 8 43 30 22 23 2 27 19 31 6 49 40 33 48 3 50 28 42 18 34 47 35 15 39 41 14 9 4 17 24 26 45 

Inst_Index:2974 	 City_Num:50 	 Concorde:0.055904 	 MCTS:5.586881 Improve:0.003512 	 Time:5.01 Seconds
Solution: 1 14 17 11 22 13 43 27 34 6 15 47 21 36 44 29 39 23 30 10 31 12 35 7 42 5 40 19 33 25 50 18 24 48 8 3 20 38 46 45 4 41 32 49 9 37 26 16 2 28 

Inst_Index:2975 	 City_Num:50 	 Concorde:0.060778 	 MCTS:6.077837 Improve:-0.000000 	 Time:5.00 Seconds
Solution: 1 39 44 29 24 14 23 48 2 32 17 30 15 4 46 31 38 43 36 20 22 42 50 40 8 6 9 26 27 12 25 33 34 47 19 5 10 3 18 37 16 49 11 13 35 41 7 28 45 21 

Inst_Index:2976 	 City_Num:50 	 Concorde:0.060898 	 MCTS:6.089772 Improve:-0.000000 	 Time:5.00 Seconds
Solution: 1 50 32 15 38 42 9 49 18 29 7 46 37 4 13 45 25 10 47 31 36 33 27 16 8 43 5 21 6 11 40 44 2 22 41 39 17 30 14 23 19 26 20 24 3 34 35 12 48 28 

Inst_Index:2977 	 City_Num:50 	 Concorde:0.055514 	 MCTS:5.551394 Improve:0.000000 	 Time:5.00 Seconds
Solution: 1 24 12 18 28 13 43 23 44 39 34 8 29 16 48 2 33 36 27 38 41 45 7 31 46 42 49 4 25 50 9 32 21 40 5 6 15 19 47 37 3 10 35 20 22 14 30 26 17 11 

Inst_Index:2978 	 City_Num:50 	 Concorde:0.051584 	 MCTS:5.156756 Improve:0.001694 	 Time:5.00 Seconds
Solution: 1 50 14 2 30 19 3 45 43 25 5 48 8 26 40 38 11 22 29 16 15 10 34 20 12 42 35 28 32 41 17 13 18 21 27 9 6 7 44 23 31 39 4 33 24 47 37 49 46 36 

Inst_Index:2979 	 City_Num:50 	 Concorde:0.057504 	 MCTS:5.750372 Improve:-0.000000 	 Time:5.00 Seconds
Solution: 1 27 36 31 8 4 20 26 32 48 43 37 49 42 24 34 14 15 18 29 21 17 30 39 13 28 40 47 6 44 22 11 12 46 25 50 3 35 16 41 19 2 33 9 38 45 23 7 5 10 

Inst_Index:2980 	 City_Num:50 	 Concorde:0.055475 	 MCTS:5.547480 Improve:0.000000 	 Time:5.00 Seconds
Solution: 1 32 40 45 30 44 34 12 24 22 18 38 14 28 35 48 36 47 4 26 27 15 43 11 8 29 25 31 42 7 37 50 33 16 5 39 46 9 21 19 20 2 6 49 10 41 13 23 17 3 

Inst_Index:2981 	 City_Num:50 	 Concorde:0.052542 	 MCTS:5.254189 Improve:0.000000 	 Time:5.00 Seconds
Solution: 1 23 21 29 32 19 43 18 3 15 44 16 17 36 50 22 35 24 42 46 14 27 8 28 6 39 9 10 47 37 4 20 49 40 31 25 2 34 12 38 5 11 48 41 7 45 30 26 33 13 

Inst_Index:2982 	 City_Num:50 	 Concorde:0.057011 	 MCTS:5.701079 Improve:-0.000000 	 Time:5.00 Seconds
Solution: 1 25 45 47 7 15 26 23 18 48 5 40 36 17 9 13 11 21 29 16 39 46 35 43 3 14 4 30 33 44 38 41 24 2 6 28 34 31 12 42 22 50 27 32 19 49 20 10 8 37 

Inst_Index:2983 	 City_Num:50 	 Concorde:0.054937 	 MCTS:5.482635 Improve:0.011085 	 Time:5.00 Seconds
Solution: 1 5 40 20 22 45 41 33 7 32 26 44 50 47 2 24 23 31 4 21 49 6 43 16 17 18 3 34 37 48 19 8 35 39 25 9 29 12 11 42 30 15 28 38 46 13 27 10 36 14 

Inst_Index:2984 	 City_Num:50 	 Concorde:0.053297 	 MCTS:5.328042 Improve:0.001615 	 Time:5.00 Seconds
Solution: 1 4 3 43 28 22 2 6 25 21 10 24 29 12 19 18 33 44 5 34 46 27 15 9 45 13 16 8 20 40 32 42 38 36 17 41 23 37 31 39 50 49 11 26 47 30 7 48 35 14 

Inst_Index:2985 	 City_Num:50 	 Concorde:0.057932 	 MCTS:5.793231 Improve:0.000000 	 Time:5.01 Seconds
Solution: 1 49 18 14 23 17 28 50 2 36 22 6 20 44 7 31 25 30 12 33 41 47 35 15 37 40 48 10 4 8 21 38 43 13 45 29 39 5 9 24 19 46 42 11 3 26 34 16 32 27 

Inst_Index:2986 	 City_Num:50 	 Concorde:0.058503 	 MCTS:5.841981 Improve:0.008363 	 Time:5.00 Seconds
Solution: 1 34 14 36 17 3 6 46 39 28 27 16 11 47 33 25 18 29 48 10 45 23 2 32 20 50 30 35 19 4 44 37 12 21 22 24 26 13 5 31 49 41 38 7 8 9 43 15 42 40 

Inst_Index:2987 	 City_Num:50 	 Concorde:0.061559 	 MCTS:6.155872 Improve:0.000000 	 Time:5.00 Seconds
Solution: 1 30 31 23 32 6 8 44 14 41 10 35 24 36 48 34 19 4 22 3 17 9 7 18 13 20 26 21 12 47 49 45 37 27 15 16 5 40 50 38 28 33 11 2 43 46 39 25 29 42 

Inst_Index:2988 	 City_Num:50 	 Concorde:0.061445 	 MCTS:6.144463 Improve:-0.000000 	 Time:5.00 Seconds
Solution: 1 42 41 9 13 19 3 28 2 30 22 14 37 8 6 23 26 12 29 10 4 11 20 15 5 25 21 24 43 35 32 40 27 38 44 7 45 18 34 39 46 17 31 16 50 33 48 49 47 36 

Inst_Index:2989 	 City_Num:50 	 Concorde:0.057668 	 MCTS:5.766788 Improve:0.000000 	 Time:5.00 Seconds
Solution: 1 47 25 32 2 35 36 9 18 27 48 15 39 26 11 37 22 20 43 44 29 7 13 38 42 49 10 34 28 30 50 24 19 6 33 40 21 41 45 16 23 3 31 12 8 14 46 4 17 5 

Inst_Index:2990 	 City_Num:50 	 Concorde:0.062130 	 MCTS:6.212018 Improve:0.001007 	 Time:5.00 Seconds
Solution: 1 4 35 36 31 9 26 5 3 16 17 34 7 39 20 46 44 45 2 28 6 27 50 48 29 33 38 13 23 8 40 14 10 41 49 32 24 18 11 22 25 30 43 19 12 42 47 21 15 37 

Inst_Index:2991 	 City_Num:50 	 Concorde:0.051231 	 MCTS:5.123104 Improve:0.000000 	 Time:5.00 Seconds
Solution: 1 17 5 19 7 37 38 48 34 24 31 44 15 25 28 42 8 36 50 22 27 45 16 29 23 39 41 40 47 18 49 13 14 2 33 30 26 11 12 32 4 35 9 43 6 46 3 20 10 21 

Inst_Index:2992 	 City_Num:50 	 Concorde:0.052308 	 MCTS:5.230771 Improve:-0.000000 	 Time:5.00 Seconds
Solution: 1 7 15 6 34 49 23 5 41 44 43 31 33 50 46 8 35 45 27 9 36 20 40 3 21 29 30 38 12 25 22 32 16 18 10 2 37 11 17 19 26 28 4 13 24 14 42 47 39 48 

Inst_Index:2993 	 City_Num:50 	 Concorde:0.055409 	 MCTS:5.534623 Improve:0.006236 	 Time:5.00 Seconds
Solution: 1 18 9 46 25 5 39 50 30 14 3 8 19 29 41 37 28 24 10 12 34 6 33 40 17 4 32 44 20 45 7 13 21 38 22 43 35 2 42 26 48 11 47 23 49 15 16 27 36 31 

Inst_Index:2994 	 City_Num:50 	 Concorde:0.059559 	 MCTS:5.955870 Improve:0.000000 	 Time:5.00 Seconds
Solution: 1 25 41 7 16 34 49 29 12 50 38 27 48 5 14 39 43 35 46 17 32 10 21 19 9 36 33 4 24 22 13 45 31 37 3 2 42 28 23 20 15 44 40 30 47 11 8 6 18 26 

Inst_Index:2995 	 City_Num:50 	 Concorde:0.061039 	 MCTS:6.103859 Improve:-0.000000 	 Time:5.00 Seconds
Solution: 1 7 27 45 6 19 36 37 31 23 10 18 16 50 15 43 22 30 21 48 44 26 39 14 42 41 38 20 13 33 5 9 4 25 34 29 46 35 49 17 8 11 24 32 3 2 47 40 12 28 

Inst_Index:2996 	 City_Num:50 	 Concorde:0.057831 	 MCTS:5.783087 Improve:0.000000 	 Time:5.01 Seconds
Solution: 1 23 44 10 34 16 21 43 31 49 2 5 25 12 6 48 41 38 47 35 45 7 29 26 13 37 24 32 40 9 33 3 4 27 15 46 17 50 19 8 42 20 30 39 11 36 18 22 28 14 

Inst_Index:2997 	 City_Num:50 	 Concorde:0.058025 	 MCTS:5.795831 Improve:0.006657 	 Time:5.01 Seconds
Solution: 1 43 45 2 23 29 22 40 49 27 14 17 39 41 13 21 28 4 11 36 48 31 20 9 19 16 24 32 26 35 37 25 44 8 7 34 42 3 18 47 12 38 33 50 10 5 15 46 6 30 

Inst_Index:2998 	 City_Num:50 	 Concorde:0.059412 	 MCTS:5.941196 Improve:0.000000 	 Time:5.00 Seconds
Solution: 1 15 12 34 17 4 44 27 40 49 36 41 2 26 20 21 23 18 38 43 32 45 8 6 7 37 31 16 33 9 47 19 3 29 30 13 35 48 39 14 25 42 5 10 46 22 28 24 50 11 

Inst_Index:2999 	 City_Num:50 	 Concorde:0.054181 	 MCTS:5.418074 Improve:0.000000 	 Time:5.00 Seconds
Solution: 1 22 43 16 2 48 34 20 31 33 13 12 4 29 50 49 7 36 9 14 26 3 32 47 5 28 25 46 27 6 37 35 40 38 45 19 30 21 41 24 23 18 8 17 42 15 39 11 44 10 

Inst_Index:3000 	 City_Num:50 	 Concorde:0.060322 	 MCTS:6.025669 Improve:0.006528 	 Time:5.00 Seconds
Solution: 1 45 14 19 48 6 18 20 8 23 17 27 36 32 33 25 41 11 13 24 12 31 46 47 30 38 5 49 35 43 40 44 37 7 28 26 22 42 3 16 9 39 50 34 15 2 21 29 10 4 

Inst_Index:3001 	 City_Num:50 	 Concorde:0.057517 	 MCTS:5.751745 Improve:0.000000 	 Time:5.00 Seconds
Solution: 1 8 46 43 18 36 41 45 40 20 24 12 21 22 38 35 39 14 49 32 34 50 26 16 33 37 10 3 5 28 9 17 27 42 25 15 47 23 6 13 30 11 31 2 29 48 19 44 4 7 

Inst_Index:3002 	 City_Num:50 	 Concorde:0.057371 	 MCTS:5.737057 Improve:0.000000 	 Time:5.00 Seconds
Solution: 1 26 50 18 28 30 10 20 21 15 34 38 36 41 4 48 14 29 12 35 40 31 5 46 27 3 32 42 37 47 39 49 11 43 45 6 17 19 8 25 44 2 23 9 16 22 7 33 24 13 

Inst_Index:3003 	 City_Num:50 	 Concorde:0.054602 	 MCTS:5.460178 Improve:0.000000 	 Time:5.00 Seconds
Solution: 1 25 44 19 12 35 39 28 16 45 38 41 37 23 30 7 6 4 36 2 14 43 26 13 42 32 20 11 31 29 5 50 48 8 10 22 15 9 21 46 3 34 40 24 47 27 33 17 18 49 

Inst_Index:3004 	 City_Num:50 	 Concorde:0.058186 	 MCTS:5.817434 Improve:0.001196 	 Time:5.00 Seconds
Solution: 1 16 15 22 11 49 36 18 9 45 7 20 10 50 25 39 5 32 30 37 48 2 21 29 14 35 12 34 4 47 42 41 44 17 38 13 26 28 6 23 33 27 19 43 3 31 46 24 8 40 

Inst_Index:3005 	 City_Num:50 	 Concorde:0.058517 	 MCTS:5.851742 Improve:0.000000 	 Time:5.00 Seconds
Solution: 1 17 33 23 14 21 39 47 7 4 26 15 22 16 40 37 20 29 18 3 32 25 13 12 35 28 30 48 19 36 50 34 6 38 45 10 2 43 5 9 11 44 27 8 24 46 42 41 49 31 

Inst_Index:3006 	 City_Num:50 	 Concorde:0.054066 	 MCTS:5.406552 Improve:-0.000000 	 Time:5.01 Seconds
Solution: 1 3 24 40 10 14 9 30 47 28 45 38 15 35 39 21 50 7 26 27 25 22 17 37 46 19 23 41 36 48 33 20 4 2 34 49 13 12 32 18 42 31 44 11 29 16 43 6 8 5 

Inst_Index:3007 	 City_Num:50 	 Concorde:0.058432 	 MCTS:5.843154 Improve:0.000000 	 Time:5.00 Seconds
Solution: 1 27 39 31 43 35 5 45 13 40 17 21 33 7 16 34 22 2 28 18 12 11 42 46 44 3 36 41 49 29 26 32 8 50 14 20 15 10 24 19 9 6 37 23 48 38 4 25 30 47 

Inst_Index:3008 	 City_Num:50 	 Concorde:0.062233 	 MCTS:6.223279 Improve:0.000000 	 Time:5.01 Seconds
Solution: 1 45 19 7 12 16 14 37 34 32 31 27 48 36 24 23 5 41 18 42 8 21 25 17 3 49 29 50 35 9 40 13 11 22 28 15 20 6 46 26 43 30 33 44 10 47 38 2 39 4 

Inst_Index:3009 	 City_Num:50 	 Concorde:0.055826 	 MCTS:5.582617 Improve:0.000000 	 Time:5.01 Seconds
Solution: 1 35 26 39 19 46 33 40 47 28 17 27 13 18 29 9 38 30 7 14 31 50 15 22 21 41 12 6 8 48 5 25 2 43 32 45 23 42 37 16 24 20 34 10 36 44 49 3 11 4 

Inst_Index:3010 	 City_Num:50 	 Concorde:0.057298 	 MCTS:5.720526 Improve:0.009263 	 Time:5.00 Seconds
Solution: 1 5 34 10 48 50 18 13 3 44 43 6 47 35 36 12 11 16 40 32 7 38 21 31 33 28 23 2 20 4 42 37 46 17 22 8 41 14 19 45 27 24 15 25 30 39 49 29 9 26 

Inst_Index:3011 	 City_Num:50 	 Concorde:0.059882 	 MCTS:5.988200 Improve:-0.000000 	 Time:5.00 Seconds
Solution: 1 24 28 8 32 44 39 50 15 34 11 13 22 20 46 35 5 18 21 26 19 49 41 33 4 6 47 2 30 7 12 37 9 17 3 29 23 25 36 42 40 48 43 27 16 14 31 45 38 10 

Inst_Index:3012 	 City_Num:50 	 Concorde:0.057523 	 MCTS:5.746431 Improve:0.005914 	 Time:5.00 Seconds
Solution: 1 23 25 28 45 17 30 31 2 36 41 38 14 5 6 9 3 40 10 43 32 48 19 26 46 35 50 16 4 15 27 34 11 8 18 20 24 21 47 22 13 39 7 42 33 44 29 37 12 49 

Inst_Index:3013 	 City_Num:50 	 Concorde:0.056158 	 MCTS:5.614831 Improve:0.000966 	 Time:5.00 Seconds
Solution: 1 21 8 31 24 14 42 23 18 41 11 39 3 46 34 32 28 37 17 7 43 30 48 15 49 50 44 16 38 6 26 25 22 19 20 29 36 27 12 13 5 40 9 10 35 47 2 45 33 4 

Inst_Index:3014 	 City_Num:50 	 Concorde:0.054157 	 MCTS:5.415369 Improve:0.000305 	 Time:5.00 Seconds
Solution: 1 34 18 36 47 50 41 22 29 17 26 43 3 38 7 11 15 48 9 33 16 14 12 10 30 13 2 35 39 37 24 44 5 21 32 27 46 28 25 8 6 23 19 40 42 4 20 31 45 49 

Inst_Index:3015 	 City_Num:50 	 Concorde:0.057478 	 MCTS:5.747762 Improve:-0.000000 	 Time:5.00 Seconds
Solution: 1 16 13 26 32 37 7 25 30 9 12 24 33 23 40 11 45 14 43 49 38 4 48 47 22 17 50 34 18 39 28 10 20 6 8 29 19 35 3 42 27 31 44 41 21 2 5 46 36 15 

Inst_Index:3016 	 City_Num:50 	 Concorde:0.051949 	 MCTS:5.194877 Improve:0.000000 	 Time:5.00 Seconds
Solution: 1 17 48 40 46 16 20 47 8 25 32 38 21 29 12 49 14 10 39 7 35 44 36 26 23 31 33 9 13 2 43 4 28 24 6 41 18 22 45 34 11 30 3 42 19 15 27 5 37 50 

Inst_Index:3017 	 City_Num:50 	 Concorde:0.060390 	 MCTS:6.039035 Improve:0.000000 	 Time:5.00 Seconds
Solution: 1 13 38 30 26 29 19 7 42 15 47 5 41 43 17 50 20 21 10 35 34 37 31 40 48 45 25 22 12 27 9 3 11 24 16 28 2 49 39 44 23 4 14 6 33 36 46 32 18 8 

Inst_Index:3018 	 City_Num:50 	 Concorde:0.059317 	 MCTS:5.931727 Improve:0.000000 	 Time:5.00 Seconds
Solution: 1 45 23 20 38 6 34 50 39 11 12 24 31 46 17 22 21 37 3 18 16 29 43 32 14 15 10 48 19 47 5 36 42 25 26 8 7 13 30 9 28 27 49 35 2 41 4 44 40 33 

Inst_Index:3019 	 City_Num:50 	 Concorde:0.056357 	 MCTS:5.635669 Improve:-0.000000 	 Time:5.00 Seconds
Solution: 1 39 9 25 33 28 38 49 7 46 31 45 13 19 29 8 44 18 35 12 30 21 40 23 36 6 48 34 50 14 26 20 3 2 11 42 5 4 41 16 47 43 37 24 32 27 15 10 17 22 

Inst_Index:3020 	 City_Num:50 	 Concorde:0.054505 	 MCTS:5.449842 Improve:0.000706 	 Time:5.01 Seconds
Solution: 1 44 39 8 10 4 9 35 38 17 2 3 49 30 29 21 11 15 18 47 48 41 40 22 46 13 26 31 34 37 42 12 25 23 33 28 43 45 24 20 7 19 50 27 5 32 16 36 6 14 

Inst_Index:3021 	 City_Num:50 	 Concorde:0.060184 	 MCTS:6.007424 Improve:0.010960 	 Time:5.00 Seconds
Solution: 1 21 12 26 32 23 46 37 47 50 22 41 28 2 3 33 40 48 14 19 13 34 38 43 42 17 16 4 9 20 35 11 39 10 49 27 6 29 15 25 45 24 30 8 5 18 44 31 7 36 

Inst_Index:3022 	 City_Num:50 	 Concorde:0.056291 	 MCTS:5.629086 Improve:-0.000000 	 Time:5.00 Seconds
Solution: 1 3 34 25 24 36 50 38 29 5 20 18 39 23 15 11 44 41 17 40 33 19 8 2 28 6 49 10 45 16 13 43 35 7 31 9 46 42 37 47 14 4 12 26 30 21 32 22 48 27 

Inst_Index:3023 	 City_Num:50 	 Concorde:0.061344 	 MCTS:6.132397 Improve:0.001982 	 Time:5.00 Seconds
Solution: 1 27 34 46 26 42 3 8 21 29 44 13 10 31 17 6 15 35 4 25 32 12 50 48 16 7 19 41 33 28 18 38 39 22 37 36 43 24 49 2 30 47 9 14 20 40 11 23 5 45 

Inst_Index:3024 	 City_Num:50 	 Concorde:0.060160 	 MCTS:6.016016 Improve:-0.000000 	 Time:5.00 Seconds
Solution: 1 18 30 5 48 23 42 37 25 7 50 16 13 40 47 20 26 19 21 15 39 46 33 44 6 9 29 14 32 24 34 45 35 49 38 17 10 12 28 3 31 27 36 2 8 43 22 4 11 41 

Inst_Index:3025 	 City_Num:50 	 Concorde:0.054825 	 MCTS:5.482450 Improve:0.000000 	 Time:5.01 Seconds
Solution: 1 24 37 8 2 35 29 28 36 43 23 11 34 44 25 31 32 4 26 21 15 20 41 40 38 48 33 45 42 39 9 22 49 47 19 13 10 7 6 17 27 5 18 14 16 3 12 46 30 50 

Inst_Index:3026 	 City_Num:50 	 Concorde:0.058107 	 MCTS:5.808678 Improve:0.002050 	 Time:5.00 Seconds
Solution: 1 5 14 45 41 28 39 37 22 9 33 23 36 12 24 26 13 20 50 40 35 2 19 30 17 7 38 6 32 44 47 15 16 42 43 31 48 34 18 27 10 4 46 8 3 49 25 11 29 21 

Inst_Index:3027 	 City_Num:50 	 Concorde:0.048651 	 MCTS:4.865084 Improve:-0.000000 	 Time:5.00 Seconds
Solution: 1 47 38 39 30 10 20 33 11 29 22 31 23 7 16 34 8 4 18 45 35 2 6 17 42 21 14 3 9 5 13 12 26 43 27 15 44 36 46 41 48 49 25 28 40 50 37 32 19 24 

Inst_Index:3028 	 City_Num:50 	 Concorde:0.050866 	 MCTS:5.085759 Improve:0.000850 	 Time:5.00 Seconds
Solution: 1 25 18 43 47 38 17 42 8 28 39 7 2 45 14 6 48 46 22 4 40 33 34 21 5 3 49 41 23 36 24 29 27 16 10 44 20 12 11 37 31 35 26 30 50 32 9 19 15 13 

Inst_Index:3029 	 City_Num:50 	 Concorde:0.055702 	 MCTS:5.568376 Improve:0.001778 	 Time:5.01 Seconds
Solution: 1 26 39 5 46 47 8 36 3 19 49 48 25 11 15 28 27 40 37 31 42 17 34 45 13 21 35 24 7 41 2 44 50 14 4 22 9 38 29 10 33 18 32 20 6 12 30 43 23 16 

Inst_Index:3030 	 City_Num:50 	 Concorde:0.056907 	 MCTS:5.688698 Improve:0.002034 	 Time:5.00 Seconds
Solution: 1 33 15 20 43 42 39 2 9 12 10 5 34 45 32 46 17 21 30 4 28 44 35 8 14 7 37 29 40 13 26 31 25 19 24 50 36 3 16 22 47 6 18 23 38 48 41 49 27 11 

Inst_Index:3031 	 City_Num:50 	 Concorde:0.055071 	 MCTS:5.505273 Improve:0.001843 	 Time:5.00 Seconds
Solution: 1 14 27 15 4 38 23 49 25 36 30 12 20 46 32 6 45 13 33 44 2 21 31 17 42 34 11 28 39 9 26 35 50 10 7 3 19 18 22 40 8 48 24 29 16 43 41 37 5 47 

Inst_Index:3032 	 City_Num:50 	 Concorde:0.052142 	 MCTS:5.224945 Improve:-0.010760 	 Time:5.00 Seconds
Solution: 1 19 13 6 43 50 38 9 12 30 27 8 28 45 3 42 39 48 16 32 21 29 4 47 2 49 17 18 41 20 10 34 40 37 22 25 7 24 23 46 5 35 11 15 14 44 31 33 36 26 

Inst_Index:3033 	 City_Num:50 	 Concorde:0.056430 	 MCTS:5.642977 Improve:0.000000 	 Time:5.01 Seconds
Solution: 1 49 2 7 18 20 29 41 21 37 25 3 47 19 40 22 17 46 23 43 42 32 15 33 34 27 48 11 31 45 10 5 9 4 26 6 50 12 28 24 36 35 38 8 39 30 44 14 13 16 

Inst_Index:3034 	 City_Num:50 	 Concorde:0.054134 	 MCTS:5.413390 Improve:-0.000000 	 Time:5.00 Seconds
Solution: 1 45 42 9 16 47 2 40 6 35 11 41 43 46 26 27 31 30 18 39 25 49 3 50 32 12 36 8 33 38 13 29 22 21 4 24 5 14 37 44 7 23 19 28 48 10 17 34 15 20 

Inst_Index:3035 	 City_Num:50 	 Concorde:0.056109 	 MCTS:5.610928 Improve:0.000000 	 Time:5.01 Seconds
Solution: 1 39 12 50 2 32 6 49 38 10 26 19 4 3 15 30 9 13 33 25 42 17 36 21 34 46 24 35 28 48 27 18 5 22 20 8 23 41 16 31 7 40 43 29 47 14 37 11 45 44 

Inst_Index:3036 	 City_Num:50 	 Concorde:0.057114 	 MCTS:5.710387 Improve:0.001002 	 Time:5.00 Seconds
Solution: 1 25 45 38 26 11 48 46 29 43 27 31 49 3 7 17 8 16 22 21 32 44 18 14 35 6 4 2 10 42 23 41 50 47 28 36 24 39 15 20 34 5 12 30 13 40 9 33 37 19 

Inst_Index:3037 	 City_Num:50 	 Concorde:0.051847 	 MCTS:5.181370 Improve:0.003297 	 Time:5.00 Seconds
Solution: 1 32 44 7 40 37 45 50 23 8 48 46 33 10 49 29 47 12 13 21 27 42 31 3 4 2 17 18 5 34 35 11 43 24 39 20 19 36 6 16 30 9 22 41 28 26 15 38 25 14 

Inst_Index:3038 	 City_Num:50 	 Concorde:0.056447 	 MCTS:5.641031 Improve:0.003632 	 Time:5.00 Seconds
Solution: 1 18 14 32 16 45 12 3 46 29 24 26 5 10 41 33 6 17 8 35 31 25 40 21 34 4 38 48 44 7 50 47 13 15 36 28 2 30 20 22 23 27 39 43 37 9 11 42 49 19 

Inst_Index:3039 	 City_Num:50 	 Concorde:0.054696 	 MCTS:5.469552 Improve:0.000000 	 Time:5.00 Seconds
Solution: 1 24 20 13 19 5 4 37 31 26 12 45 29 8 2 40 39 36 48 11 46 18 42 47 17 15 35 25 30 32 27 38 34 16 23 10 3 7 43 22 33 28 6 49 41 44 21 14 50 9 

Inst_Index:3040 	 City_Num:50 	 Concorde:0.057363 	 MCTS:5.731112 Improve:0.005180 	 Time:5.01 Seconds
Solution: 1 37 2 34 31 8 26 22 5 45 19 21 23 4 11 44 49 15 14 6 28 32 13 46 20 41 33 10 24 35 43 29 42 12 27 39 40 30 9 3 48 36 47 7 25 16 38 17 18 50 

Inst_Index:3041 	 City_Num:50 	 Concorde:0.058198 	 MCTS:5.818071 Improve:0.001777 	 Time:5.00 Seconds
Solution: 1 22 24 6 36 50 9 25 49 27 26 35 10 32 18 19 3 38 16 46 28 13 5 44 8 20 2 15 31 42 29 37 7 34 47 12 40 48 23 11 33 21 39 43 4 45 17 30 14 41 

Inst_Index:3042 	 City_Num:50 	 Concorde:0.058400 	 MCTS:5.840012 Improve:-0.000000 	 Time:5.00 Seconds
Solution: 1 35 45 43 46 21 7 47 19 5 26 15 31 17 36 32 11 28 18 49 40 14 25 24 9 27 6 30 33 38 23 34 22 16 2 10 3 50 12 41 20 29 39 37 4 13 48 8 44 42 

Inst_Index:3043 	 City_Num:50 	 Concorde:0.058747 	 MCTS:5.874747 Improve:-0.000000 	 Time:5.02 Seconds
Solution: 1 3 46 40 50 9 21 23 26 49 16 11 4 27 34 14 6 15 39 42 30 28 41 18 5 20 29 47 13 48 36 43 12 38 37 19 32 25 10 31 22 24 8 17 35 44 33 7 2 45 

Inst_Index:3044 	 City_Num:50 	 Concorde:0.053303 	 MCTS:5.330324 Improve:-0.000000 	 Time:5.00 Seconds
Solution: 1 30 40 46 36 23 37 27 41 15 31 20 48 14 3 10 25 32 50 4 29 19 24 33 39 2 47 26 34 42 12 28 45 5 6 21 38 11 13 18 8 22 7 44 43 17 16 35 49 9 

Inst_Index:3045 	 City_Num:50 	 Concorde:0.058589 	 MCTS:5.858870 Improve:-0.000000 	 Time:5.00 Seconds
Solution: 1 49 3 38 13 20 33 23 19 34 37 31 17 2 30 21 7 27 22 10 4 5 14 40 25 50 41 29 24 15 45 6 16 48 28 18 36 46 8 11 43 35 12 42 32 39 47 9 26 44 

Inst_Index:3046 	 City_Num:50 	 Concorde:0.054397 	 MCTS:5.434882 Improve:0.004786 	 Time:5.00 Seconds
Solution: 1 13 42 27 12 14 44 26 32 30 34 33 24 5 18 4 46 9 22 48 45 31 2 7 8 6 16 37 49 43 40 41 35 20 38 39 36 47 17 23 15 29 21 25 19 50 11 28 3 10 

Inst_Index:3047 	 City_Num:50 	 Concorde:0.055206 	 MCTS:5.520268 Improve:0.000305 	 Time:5.00 Seconds
Solution: 1 21 44 15 12 18 22 42 27 48 31 39 26 49 35 28 37 38 30 34 45 32 16 3 10 20 2 43 4 19 25 9 14 24 50 29 46 17 23 33 5 6 8 47 7 13 40 11 36 41 

Inst_Index:3048 	 City_Num:50 	 Concorde:0.054059 	 MCTS:5.405866 Improve:0.000000 	 Time:5.00 Seconds
Solution: 1 24 9 40 35 25 23 27 46 16 41 34 47 11 26 32 18 19 39 17 50 22 30 42 38 6 2 3 28 5 12 21 49 45 13 8 31 15 14 43 48 10 44 33 20 36 7 4 29 37 

Inst_Index:3049 	 City_Num:50 	 Concorde:0.059811 	 MCTS:5.981086 Improve:-0.000000 	 Time:5.01 Seconds
Solution: 1 33 31 46 42 5 11 23 48 13 35 3 18 14 38 20 9 39 36 34 22 15 41 17 28 7 45 49 4 12 26 30 32 37 44 47 29 2 19 8 27 21 6 16 50 10 24 40 25 43 

Inst_Index:3050 	 City_Num:50 	 Concorde:0.059154 	 MCTS:5.914295 Improve:0.001140 	 Time:5.00 Seconds
Solution: 1 40 4 12 17 29 35 24 11 33 47 2 8 27 45 13 34 49 18 38 15 7 41 50 3 5 16 19 37 21 25 46 9 10 32 42 31 14 43 48 22 23 30 39 28 36 6 20 44 26 

Inst_Index:3051 	 City_Num:50 	 Concorde:0.059903 	 MCTS:5.990289 Improve:-0.000000 	 Time:5.00 Seconds
Solution: 1 40 37 26 19 25 12 28 47 7 20 10 15 46 9 5 16 8 44 21 31 34 45 30 4 39 11 2 6 3 24 22 14 32 43 17 42 23 33 38 18 41 35 27 36 13 29 50 48 49 

Inst_Index:3052 	 City_Num:50 	 Concorde:0.058032 	 MCTS:5.803226 Improve:-0.000000 	 Time:5.00 Seconds
Solution: 1 35 34 9 41 42 30 28 15 10 23 11 18 16 29 25 43 27 3 8 24 5 7 32 21 26 19 45 33 48 17 22 44 4 47 36 2 39 12 50 6 31 40 14 20 37 38 46 13 49 

Inst_Index:3053 	 City_Num:50 	 Concorde:0.056810 	 MCTS:5.681010 Improve:0.000000 	 Time:5.00 Seconds
Solution: 1 15 20 22 50 8 24 48 33 40 46 34 25 23 7 21 35 26 9 45 11 44 39 32 47 31 5 36 41 27 17 38 43 19 49 16 3 30 37 4 12 13 28 29 6 18 10 14 42 2 

Inst_Index:3054 	 City_Num:50 	 Concorde:0.052623 	 MCTS:5.262303 Improve:0.000000 	 Time:5.00 Seconds
Solution: 1 10 30 2 36 12 24 22 14 7 25 8 28 17 45 29 9 21 3 26 32 19 15 44 40 23 13 41 31 35 42 33 50 48 6 43 11 47 49 46 27 39 5 37 4 38 18 34 20 16 

Inst_Index:3055 	 City_Num:50 	 Concorde:0.059261 	 MCTS:5.926069 Improve:0.000000 	 Time:5.00 Seconds
Solution: 1 22 7 28 46 15 16 31 37 17 33 6 38 24 14 3 21 47 9 36 13 43 41 32 27 35 11 26 34 19 8 40 45 29 30 48 39 23 50 4 44 2 49 10 20 42 12 18 5 25 

Inst_Index:3056 	 City_Num:50 	 Concorde:0.060939 	 MCTS:6.093878 Improve:0.000000 	 Time:5.00 Seconds
Solution: 1 13 43 33 11 6 47 45 31 44 42 3 49 9 2 23 10 4 15 39 26 41 8 28 46 50 37 48 25 24 20 7 40 27 32 36 14 38 35 16 19 22 18 34 30 21 17 5 12 29 

Inst_Index:3057 	 City_Num:50 	 Concorde:0.059086 	 MCTS:5.907713 Improve:0.000885 	 Time:5.00 Seconds
Solution: 1 20 8 2 4 35 22 29 31 18 16 40 48 37 12 41 38 9 46 50 32 15 39 19 44 47 10 21 13 3 7 33 28 45 43 6 36 26 24 42 23 49 17 11 34 27 25 30 14 5 

Inst_Index:3058 	 City_Num:50 	 Concorde:0.056522 	 MCTS:5.650191 Improve:0.002000 	 Time:5.00 Seconds
Solution: 1 45 22 27 15 3 13 39 25 8 41 48 50 36 14 20 37 47 19 10 16 44 11 38 40 18 6 23 4 34 7 9 5 46 29 30 2 31 12 17 43 24 32 28 49 26 21 42 33 35 

Inst_Index:3059 	 City_Num:50 	 Concorde:0.057823 	 MCTS:5.782337 Improve:0.000000 	 Time:5.00 Seconds
Solution: 1 32 34 20 49 8 50 17 3 38 13 6 25 36 42 21 19 15 22 12 46 5 24 35 40 29 7 45 18 48 23 43 37 39 10 47 11 14 2 44 16 26 9 28 31 33 41 27 4 30 

Inst_Index:3060 	 City_Num:50 	 Concorde:0.053938 	 MCTS:5.393755 Improve:-0.000000 	 Time:5.00 Seconds
Solution: 1 29 34 44 38 37 18 3 11 12 31 40 33 23 16 43 17 24 22 30 10 27 21 5 47 28 46 9 41 26 48 15 13 7 25 32 35 49 45 4 39 20 50 6 42 19 36 2 14 8 

Inst_Index:3061 	 City_Num:50 	 Concorde:0.057558 	 MCTS:5.755806 Improve:0.000000 	 Time:5.00 Seconds
Solution: 1 17 19 37 35 10 40 50 7 28 12 29 31 13 44 33 8 18 11 42 22 27 14 48 15 2 38 36 6 46 5 26 30 9 21 25 20 43 4 32 34 39 47 3 23 16 24 49 45 41 

Inst_Index:3062 	 City_Num:50 	 Concorde:0.058776 	 MCTS:5.873768 Improve:0.003857 	 Time:5.01 Seconds
Solution: 1 49 12 47 21 31 4 50 42 10 25 6 38 24 27 33 39 13 23 35 29 3 14 34 19 28 22 5 44 11 17 2 15 40 26 48 20 30 18 16 36 43 37 41 7 32 9 46 45 8 

Inst_Index:3063 	 City_Num:50 	 Concorde:0.058967 	 MCTS:5.896690 Improve:-0.000000 	 Time:5.00 Seconds
Solution: 1 23 26 17 21 12 39 42 44 38 36 37 48 4 13 34 50 10 28 32 11 16 8 5 47 35 19 31 20 41 25 30 15 40 43 22 33 9 6 46 24 3 14 2 27 18 45 29 7 49 

Inst_Index:3064 	 City_Num:50 	 Concorde:0.056884 	 MCTS:5.688447 Improve:0.000000 	 Time:5.00 Seconds
Solution: 1 15 23 33 41 29 21 30 32 4 27 2 38 34 17 20 46 12 10 49 8 35 3 7 40 5 13 28 31 9 18 36 14 39 45 42 37 22 16 26 25 47 11 48 19 50 24 44 43 6 

Inst_Index:3065 	 City_Num:50 	 Concorde:0.054873 	 MCTS:5.487138 Improve:0.000129 	 Time:5.00 Seconds
Solution: 1 42 7 2 16 49 32 47 12 28 13 18 37 14 29 36 10 21 3 30 34 43 6 41 44 31 48 26 9 35 17 24 39 25 46 4 11 40 19 8 27 23 38 45 33 50 15 22 5 20 

Inst_Index:3066 	 City_Num:50 	 Concorde:0.055628 	 MCTS:5.559036 Improve:0.003755 	 Time:5.00 Seconds
Solution: 1 49 18 47 25 33 32 27 30 41 19 45 12 48 20 13 37 11 40 35 7 34 2 42 22 17 43 14 24 26 9 15 10 46 50 44 6 29 8 23 36 28 38 16 3 5 21 39 4 31 

Inst_Index:3067 	 City_Num:50 	 Concorde:0.057357 	 MCTS:5.734142 Improve:0.001591 	 Time:5.00 Seconds
Solution: 1 39 8 18 5 12 24 33 20 15 11 9 49 38 23 47 43 25 31 13 27 42 30 35 16 37 3 32 40 19 46 36 6 14 41 48 50 29 34 45 10 21 2 4 7 17 28 44 22 26 

Inst_Index:3068 	 City_Num:50 	 Concorde:0.056453 	 MCTS:5.644648 Improve:0.000642 	 Time:5.00 Seconds
Solution: 1 38 17 40 47 36 43 4 9 10 13 25 49 42 6 21 50 23 12 26 14 24 41 5 19 29 35 22 31 39 8 16 46 44 45 27 28 15 11 48 32 37 7 33 18 2 34 30 3 20 

Inst_Index:3069 	 City_Num:50 	 Concorde:0.059613 	 MCTS:5.960244 Improve:0.001069 	 Time:5.00 Seconds
Solution: 1 44 43 8 2 20 17 29 21 27 22 15 13 48 46 38 4 6 39 31 16 37 40 35 45 42 33 12 47 50 24 10 7 9 11 30 26 14 19 49 25 28 36 23 32 34 41 5 3 18 

Inst_Index:3070 	 City_Num:50 	 Concorde:0.059151 	 MCTS:5.915136 Improve:0.000000 	 Time:5.00 Seconds
Solution: 1 5 36 7 32 34 47 37 42 18 26 29 39 46 13 44 45 11 12 9 6 8 16 4 14 10 50 35 27 31 15 33 48 17 20 19 24 41 25 22 21 23 40 2 38 3 28 30 49 43 

Inst_Index:3071 	 City_Num:50 	 Concorde:0.056912 	 MCTS:5.691191 Improve:-0.000000 	 Time:5.00 Seconds
Solution: 1 2 48 40 45 32 10 15 7 5 30 3 36 12 17 29 35 4 14 22 20 46 37 27 13 21 43 38 31 6 28 24 9 41 23 16 8 33 11 44 49 25 18 42 19 50 47 26 39 34 

Inst_Index:3072 	 City_Num:50 	 Concorde:0.056218 	 MCTS:5.621773 Improve:0.000000 	 Time:5.00 Seconds
Solution: 1 33 35 25 44 48 17 37 47 20 11 26 30 14 15 34 8 46 28 21 7 24 49 4 5 36 12 18 13 29 3 32 22 50 6 2 39 23 41 16 9 40 31 45 19 10 43 27 42 38 

Inst_Index:3073 	 City_Num:50 	 Concorde:0.057635 	 MCTS:5.760795 Improve:0.002666 	 Time:5.00 Seconds
Solution: 1 45 16 34 50 46 7 37 27 35 44 3 32 36 17 14 31 24 42 20 6 41 40 9 23 48 33 4 39 18 13 11 43 38 47 2 28 10 21 26 49 5 12 29 19 30 22 25 8 15 

Inst_Index:3074 	 City_Num:50 	 Concorde:0.059571 	 MCTS:5.954676 Improve:0.002471 	 Time:5.00 Seconds
Solution: 1 26 19 3 31 40 34 7 23 6 39 29 50 38 27 43 25 41 8 21 5 45 46 14 30 13 42 12 4 36 17 9 22 33 48 11 49 16 10 37 18 44 35 47 2 24 28 20 15 32 

Inst_Index:3075 	 City_Num:50 	 Concorde:0.055422 	 MCTS:5.542123 Improve:0.000075 	 Time:5.00 Seconds
Solution: 1 25 14 49 41 6 43 31 28 26 20 50 44 32 37 40 39 38 10 16 19 7 15 5 18 21 45 35 27 23 30 24 2 9 29 34 3 11 12 8 22 4 36 17 48 46 33 42 47 13 

Inst_Index:3076 	 City_Num:50 	 Concorde:0.055392 	 MCTS:5.539204 Improve:0.000000 	 Time:5.00 Seconds
Solution: 1 11 13 31 25 12 45 40 29 36 16 8 24 33 19 26 18 37 5 10 39 23 4 49 47 30 44 22 34 48 46 38 15 35 14 20 7 17 2 9 27 6 3 28 41 50 43 21 42 32 

Inst_Index:3077 	 City_Num:50 	 Concorde:0.058803 	 MCTS:5.880320 Improve:0.000000 	 Time:5.00 Seconds
Solution: 1 15 34 37 44 31 29 41 47 3 19 38 22 21 5 12 39 4 8 50 45 48 40 24 7 10 18 14 46 42 23 27 25 17 43 30 6 35 11 2 9 13 28 32 49 20 33 26 16 36 

Inst_Index:3078 	 City_Num:50 	 Concorde:0.057565 	 MCTS:5.756472 Improve:-0.000000 	 Time:5.00 Seconds
Solution: 1 24 8 34 35 40 39 20 33 50 25 36 28 49 47 48 31 27 15 12 30 22 43 29 10 4 11 7 26 16 41 5 45 13 6 14 37 38 9 32 46 42 18 3 44 19 2 17 21 23 

Inst_Index:3079 	 City_Num:50 	 Concorde:0.058054 	 MCTS:5.812556 Improve:-0.007156 	 Time:5.00 Seconds
Solution: 1 39 18 25 50 14 47 28 38 10 27 6 37 42 29 16 33 13 22 34 30 48 23 20 8 45 19 26 4 3 15 49 41 35 11 31 12 9 21 46 17 24 32 36 5 44 2 40 7 43 

Inst_Index:3080 	 City_Num:50 	 Concorde:0.059172 	 MCTS:5.917152 Improve:-0.000000 	 Time:5.02 Seconds
Solution: 1 48 18 45 8 7 38 33 42 19 50 32 47 36 40 10 5 13 43 15 20 2 37 17 14 24 39 23 3 9 46 4 35 26 11 6 12 31 25 41 22 21 49 27 44 29 16 30 28 34 

Inst_Index:3081 	 City_Num:50 	 Concorde:0.060776 	 MCTS:6.069641 Improve:0.007967 	 Time:5.01 Seconds
Solution: 1 42 32 40 36 22 41 24 34 30 4 13 33 27 46 26 47 17 21 10 45 18 28 3 44 39 2 29 35 6 16 43 15 25 50 7 5 49 9 23 19 12 37 8 31 38 14 11 48 20 

Inst_Index:3082 	 City_Num:50 	 Concorde:0.063847 	 MCTS:6.381073 Improve:0.003635 	 Time:5.01 Seconds
Solution: 1 13 28 35 12 33 3 34 17 48 5 8 39 11 18 30 40 7 19 10 23 21 32 20 26 27 47 41 25 9 36 29 37 38 24 49 43 42 6 45 2 22 14 16 50 46 31 15 4 44 

Inst_Index:3083 	 City_Num:50 	 Concorde:0.058111 	 MCTS:5.805032 Improve:0.006087 	 Time:5.00 Seconds
Solution: 1 14 48 4 50 34 40 29 19 35 22 9 37 6 49 17 2 38 30 36 12 24 43 28 47 8 16 25 7 27 18 21 3 39 5 32 10 13 46 45 31 23 33 41 44 42 26 20 15 11 

Inst_Index:3084 	 City_Num:50 	 Concorde:0.056837 	 MCTS:5.683667 Improve:0.000000 	 Time:5.00 Seconds
Solution: 1 48 26 10 20 9 39 33 42 41 45 24 40 6 28 50 13 16 21 32 4 36 38 47 25 12 15 5 7 3 22 11 8 18 29 49 17 44 31 34 37 14 30 35 43 46 27 19 2 23 

Inst_Index:3085 	 City_Num:50 	 Concorde:0.055023 	 MCTS:5.502269 Improve:0.000000 	 Time:5.00 Seconds
Solution: 1 5 24 38 42 22 9 48 50 49 20 12 26 39 21 25 29 2 45 18 40 27 33 8 32 14 31 11 30 36 17 28 23 34 3 16 35 44 13 19 10 15 47 4 37 43 46 41 7 6 

Inst_Index:3086 	 City_Num:50 	 Concorde:0.056950 	 MCTS:5.683770 Improve:0.011248 	 Time:5.01 Seconds
Solution: 1 4 8 24 16 43 38 37 26 14 9 36 28 18 41 31 49 29 25 10 50 34 6 39 32 15 33 21 45 7 46 20 3 42 22 11 47 12 5 23 17 30 27 40 2 35 19 13 48 44 

Inst_Index:3087 	 City_Num:50 	 Concorde:0.056271 	 MCTS:5.635249 Improve:-0.008114 	 Time:5.00 Seconds
Solution: 1 20 42 6 22 8 49 39 25 45 16 33 34 2 37 50 27 28 29 10 14 13 40 36 35 9 48 44 38 18 7 19 21 3 32 17 5 24 4 46 43 31 12 47 30 15 41 26 11 23 

Inst_Index:3088 	 City_Num:50 	 Concorde:0.059805 	 MCTS:5.980508 Improve:-0.000000 	 Time:5.00 Seconds
Solution: 1 36 42 6 50 41 43 12 3 7 13 46 33 8 31 11 34 24 15 32 14 18 47 25 19 49 39 26 45 10 38 5 16 40 27 22 21 4 44 37 35 17 29 30 2 48 20 23 28 9 

Inst_Index:3089 	 City_Num:50 	 Concorde:0.058928 	 MCTS:5.887447 Improve:0.005335 	 Time:5.00 Seconds
Solution: 1 7 11 41 34 32 23 5 20 30 27 36 18 24 14 35 42 21 45 16 3 8 47 29 39 13 40 38 31 33 49 28 22 12 2 6 46 19 50 9 43 10 15 17 37 4 44 25 26 48 

Inst_Index:3090 	 City_Num:50 	 Concorde:0.056184 	 MCTS:5.615566 Improve:0.002842 	 Time:5.00 Seconds
Solution: 1 25 24 36 8 23 15 13 7 5 21 3 6 27 44 37 16 26 30 47 14 42 19 22 29 46 33 50 2 39 34 32 35 45 11 18 9 10 31 17 20 4 49 40 41 12 28 38 48 43 

Inst_Index:3091 	 City_Num:50 	 Concorde:0.060815 	 MCTS:6.081461 Improve:-0.000000 	 Time:5.00 Seconds
Solution: 1 46 41 44 6 11 13 3 7 49 4 18 39 36 32 23 20 14 10 26 16 25 37 9 34 27 8 12 50 48 45 2 47 19 31 22 24 5 33 15 29 38 42 40 43 28 17 21 35 30 

Inst_Index:3092 	 City_Num:50 	 Concorde:0.051060 	 MCTS:5.106025 Improve:0.000000 	 Time:5.00 Seconds
Solution: 1 25 16 42 33 21 12 6 2 17 18 29 36 20 7 14 22 26 24 41 23 13 34 47 37 19 27 46 30 28 15 38 8 3 49 4 45 32 48 39 40 43 11 44 35 10 31 5 9 50 

Inst_Index:3093 	 City_Num:50 	 Concorde:0.053548 	 MCTS:5.354826 Improve:0.000000 	 Time:5.00 Seconds
Solution: 1 43 21 6 33 46 10 47 36 22 7 2 5 37 39 32 31 29 25 23 3 42 40 28 13 50 41 49 15 34 19 17 30 35 45 24 27 26 44 12 38 9 11 18 16 8 4 14 20 48 

Inst_Index:3094 	 City_Num:50 	 Concorde:0.060440 	 MCTS:6.043968 Improve:-0.000000 	 Time:5.00 Seconds
Solution: 1 38 12 4 22 33 37 35 7 34 28 31 46 6 2 42 44 41 17 49 10 29 32 16 47 20 43 18 24 5 19 26 15 39 36 9 13 11 8 40 23 21 14 30 3 50 27 48 25 45 

Inst_Index:3095 	 City_Num:50 	 Concorde:0.058574 	 MCTS:5.852923 Improve:0.004458 	 Time:5.00 Seconds
Solution: 1 15 44 24 48 29 17 11 20 40 7 43 5 45 28 16 35 42 22 41 6 9 32 50 46 12 39 18 13 3 37 31 21 8 49 38 10 36 47 14 27 2 19 4 30 26 25 23 33 34 

Inst_Index:3096 	 City_Num:50 	 Concorde:0.058651 	 MCTS:5.865116 Improve:0.000000 	 Time:5.00 Seconds
Solution: 1 38 7 4 32 48 29 37 17 30 36 50 12 21 34 16 8 2 26 42 24 3 19 11 14 44 31 9 39 18 28 46 5 45 22 25 35 47 6 33 15 41 23 49 10 43 13 20 27 40 

Inst_Index:3097 	 City_Num:50 	 Concorde:0.056617 	 MCTS:5.661689 Improve:0.000000 	 Time:5.00 Seconds
Solution: 1 18 15 9 27 26 23 32 19 41 38 30 48 5 47 24 29 46 2 50 3 17 14 40 11 21 31 35 36 13 34 12 25 44 45 7 10 8 43 49 39 22 20 6 37 16 28 4 42 33 

Inst_Index:3098 	 City_Num:50 	 Concorde:0.058487 	 MCTS:5.848682 Improve:0.000000 	 Time:5.00 Seconds
Solution: 1 35 3 4 19 8 18 2 32 23 47 15 39 40 6 14 49 48 16 9 41 42 31 37 24 25 28 21 34 5 36 46 17 50 30 27 38 12 11 43 26 22 44 10 13 7 29 20 33 45 

Inst_Index:3099 	 City_Num:50 	 Concorde:0.057988 	 MCTS:5.798820 Improve:0.000000 	 Time:5.00 Seconds
Solution: 1 40 3 23 9 28 44 45 11 31 27 26 39 8 13 5 22 43 4 18 15 19 42 7 10 50 35 16 46 34 6 17 37 48 29 21 36 49 24 25 20 32 14 38 47 12 30 33 41 2 

Inst_Index:3100 	 City_Num:50 	 Concorde:0.060339 	 MCTS:6.033873 Improve:0.000000 	 Time:5.00 Seconds
Solution: 1 28 34 31 26 40 16 3 25 12 2 11 13 5 15 10 9 43 36 49 33 8 24 50 47 27 42 22 4 44 21 45 23 14 17 32 30 29 19 38 37 20 7 35 48 18 41 6 46 39 

Inst_Index:3101 	 City_Num:50 	 Concorde:0.054246 	 MCTS:5.424585 Improve:0.000000 	 Time:5.00 Seconds
Solution: 1 18 42 24 19 39 3 6 50 30 20 10 4 44 37 27 49 12 7 8 14 33 45 38 5 31 26 40 41 48 36 22 23 34 21 43 46 17 9 25 28 13 11 15 32 35 16 29 2 47 

Inst_Index:3102 	 City_Num:50 	 Concorde:0.058849 	 MCTS:5.884868 Improve:-0.000000 	 Time:5.00 Seconds
Solution: 1 5 19 28 17 35 2 42 8 36 6 32 15 31 10 23 34 47 46 49 7 26 22 37 14 50 45 20 30 25 39 43 12 24 18 21 38 4 41 29 3 9 40 27 13 44 48 11 33 16 

Inst_Index:3103 	 City_Num:50 	 Concorde:0.060505 	 MCTS:6.043993 Improve:0.006490 	 Time:5.00 Seconds
Solution: 1 6 7 44 13 38 20 25 10 8 19 41 36 45 28 21 37 50 30 40 2 46 33 3 15 17 34 9 5 23 35 26 11 31 22 4 24 29 16 42 47 49 12 32 14 43 48 39 18 27 

Inst_Index:3104 	 City_Num:50 	 Concorde:0.057915 	 MCTS:5.784747 Improve:0.006764 	 Time:5.00 Seconds
Solution: 1 35 8 6 27 3 16 33 39 42 43 41 2 28 17 24 9 15 10 19 21 34 14 31 46 12 23 37 22 26 7 44 49 29 48 5 32 30 25 13 4 47 45 50 40 20 38 18 36 11 

Inst_Index:3105 	 City_Num:50 	 Concorde:0.055819 	 MCTS:5.581194 Improve:0.000745 	 Time:5.00 Seconds
Solution: 1 15 11 50 22 29 30 47 21 5 10 13 9 6 36 33 31 42 46 25 34 24 27 2 37 23 14 28 48 12 3 7 44 32 17 39 19 20 16 41 49 8 35 18 38 45 40 4 26 43 

Inst_Index:3106 	 City_Num:50 	 Concorde:0.056245 	 MCTS:5.624456 Improve:0.000000 	 Time:5.00 Seconds
Solution: 1 22 50 30 15 24 37 49 20 26 7 39 45 28 3 13 33 40 25 43 18 27 9 5 41 34 4 10 12 11 23 47 6 46 21 14 48 29 44 31 16 19 42 32 8 17 2 36 35 38 

Inst_Index:3107 	 City_Num:50 	 Concorde:0.053064 	 MCTS:5.306353 Improve:-0.000000 	 Time:5.01 Seconds
Solution: 1 47 32 19 7 14 40 46 36 30 48 27 12 9 29 3 25 31 23 8 49 26 41 50 20 22 44 10 11 37 35 42 18 13 28 24 38 17 6 39 2 43 45 16 15 21 33 34 5 4 

Inst_Index:3108 	 City_Num:50 	 Concorde:0.056535 	 MCTS:5.651453 Improve:0.002073 	 Time:5.00 Seconds
Solution: 1 9 14 47 31 21 24 46 2 27 4 28 17 15 26 5 6 18 50 3 25 23 13 45 11 33 48 29 8 20 36 7 42 32 49 39 37 44 38 30 10 12 40 22 41 43 16 19 34 35 

Inst_Index:3109 	 City_Num:50 	 Concorde:0.056122 	 MCTS:5.612183 Improve:-0.000000 	 Time:5.00 Seconds
Solution: 1 41 5 8 9 49 20 2 21 47 28 33 3 13 30 32 36 48 24 6 10 46 34 39 38 18 17 50 37 16 7 26 14 15 4 19 44 12 23 31 40 25 35 27 42 11 22 29 45 43 

Inst_Index:3110 	 City_Num:50 	 Concorde:0.052915 	 MCTS:5.291499 Improve:0.000000 	 Time:5.00 Seconds
Solution: 1 46 16 49 38 29 44 14 42 37 6 41 50 18 7 3 36 34 32 8 23 4 48 24 45 15 11 13 20 9 2 19 26 47 10 39 25 35 33 5 17 21 27 31 30 28 22 43 40 12 

Inst_Index:3111 	 City_Num:50 	 Concorde:0.054258 	 MCTS:5.422720 Improve:0.003129 	 Time:5.00 Seconds
Solution: 1 32 21 2 15 36 37 26 4 11 13 29 50 9 10 47 46 25 48 30 45 18 35 33 7 20 40 16 27 23 3 12 49 38 44 28 19 5 34 14 8 43 24 39 22 17 42 6 41 31 

Inst_Index:3112 	 City_Num:50 	 Concorde:0.058673 	 MCTS:5.867072 Improve:0.000231 	 Time:5.00 Seconds
Solution: 1 8 11 19 26 7 25 27 17 42 46 43 14 16 32 12 4 47 41 45 44 20 3 13 6 18 49 5 15 50 38 10 29 48 2 24 40 30 21 39 9 28 36 37 23 22 31 34 35 33 

Inst_Index:3113 	 City_Num:50 	 Concorde:0.055680 	 MCTS:5.563270 Improve:0.004741 	 Time:5.00 Seconds
Solution: 1 32 13 24 6 23 17 10 16 8 12 28 47 7 27 4 26 46 35 31 15 36 42 41 25 50 18 3 39 33 34 45 22 5 20 19 11 21 43 44 29 40 9 49 30 2 48 38 37 14 

Inst_Index:3114 	 City_Num:50 	 Concorde:0.062693 	 MCTS:6.275309 Improve:-0.006049 	 Time:5.00 Seconds
Solution: 1 32 30 28 35 44 12 46 23 38 31 49 43 8 26 41 42 36 13 4 48 39 29 14 18 22 20 6 11 27 47 3 16 19 45 2 24 33 15 37 5 40 10 50 7 9 34 17 21 25 

Inst_Index:3115 	 City_Num:50 	 Concorde:0.058270 	 MCTS:5.824475 Improve:0.002551 	 Time:5.01 Seconds
Solution: 1 14 39 24 25 50 41 6 19 28 26 7 49 35 4 20 43 37 13 44 40 45 47 48 8 10 9 18 12 38 31 23 17 27 36 15 11 34 3 33 46 42 29 16 21 2 5 22 30 32 

Inst_Index:3116 	 City_Num:50 	 Concorde:0.056735 	 MCTS:5.673472 Improve:0.000000 	 Time:5.00 Seconds
Solution: 1 3 21 24 20 8 17 28 2 26 48 19 47 44 36 14 33 7 42 18 16 6 32 30 37 5 13 29 15 31 38 40 22 43 25 4 10 41 27 35 23 9 12 45 11 46 49 34 50 39 

Inst_Index:3117 	 City_Num:50 	 Concorde:0.055908 	 MCTS:5.590817 Improve:0.000000 	 Time:5.01 Seconds
Solution: 1 43 20 13 25 8 6 19 30 24 50 47 32 45 44 4 14 16 22 35 5 29 33 2 17 11 46 9 10 21 27 41 23 31 18 42 34 36 38 37 28 39 12 3 15 40 26 7 49 48 

Inst_Index:3118 	 City_Num:50 	 Concorde:0.057317 	 MCTS:5.729316 Improve:0.002372 	 Time:5.00 Seconds
Solution: 1 32 14 39 9 45 20 21 44 23 33 31 48 18 26 7 13 15 17 47 25 27 19 35 5 22 16 40 4 36 38 30 41 6 8 3 37 24 42 46 12 29 2 34 28 43 49 11 50 10 

Inst_Index:3119 	 City_Num:50 	 Concorde:0.054415 	 MCTS:5.436881 Improve:0.004654 	 Time:5.00 Seconds
Solution: 1 47 36 39 8 45 25 19 7 49 27 6 33 3 48 28 42 5 2 32 22 4 50 26 23 35 41 18 16 40 46 43 9 31 12 21 11 30 17 24 29 14 34 38 13 10 44 20 37 15 

Inst_Index:3120 	 City_Num:50 	 Concorde:0.056740 	 MCTS:5.672537 Improve:0.001419 	 Time:5.00 Seconds
Solution: 1 16 35 25 30 50 38 6 15 36 39 4 41 18 49 19 26 7 5 3 32 37 48 31 33 42 24 13 23 43 14 46 22 17 45 2 20 9 44 10 34 47 12 29 27 21 28 8 40 11 

Inst_Index:3121 	 City_Num:50 	 Concorde:0.057784 	 MCTS:5.775445 Improve:0.002998 	 Time:5.00 Seconds
Solution: 1 21 26 37 47 46 29 42 50 17 2 13 16 10 9 20 12 36 6 24 8 31 30 22 11 19 32 7 27 44 18 39 23 4 14 38 28 35 43 25 41 15 49 40 3 34 48 5 45 33 

Inst_Index:3122 	 City_Num:50 	 Concorde:0.056859 	 MCTS:5.685917 Improve:0.000000 	 Time:5.01 Seconds
Solution: 1 50 31 19 3 32 34 7 40 5 46 44 23 9 29 16 21 18 49 10 37 28 24 45 39 30 22 36 25 26 20 17 4 12 33 15 41 8 38 6 11 2 27 35 13 42 14 43 47 48 

Inst_Index:3123 	 City_Num:50 	 Concorde:0.054678 	 MCTS:5.467817 Improve:0.000000 	 Time:5.00 Seconds
Solution: 1 37 47 3 45 29 23 5 8 18 39 43 30 31 33 4 42 40 19 7 27 12 16 20 21 48 25 34 36 46 10 49 2 41 14 22 15 32 6 44 26 50 9 35 28 13 17 24 38 11 

Inst_Index:3124 	 City_Num:50 	 Concorde:0.059501 	 MCTS:5.947375 Improve:0.002760 	 Time:5.01 Seconds
Solution: 1 27 33 21 42 20 44 32 31 50 6 43 8 4 28 19 49 36 48 12 41 39 18 47 34 14 26 13 22 38 16 24 46 37 11 25 40 7 17 5 23 3 15 29 30 9 45 2 10 35 

Inst_Index:3125 	 City_Num:50 	 Concorde:0.053158 	 MCTS:5.315833 Improve:-0.000000 	 Time:5.00 Seconds
Solution: 1 35 9 15 27 12 25 8 49 7 19 4 47 5 23 37 10 44 36 28 31 33 48 46 26 6 22 21 39 43 18 42 45 29 34 30 14 16 2 24 41 17 40 38 50 3 11 20 13 32 

Inst_Index:3126 	 City_Num:50 	 Concorde:0.059277 	 MCTS:5.924861 Improve:0.002856 	 Time:5.00 Seconds
Solution: 1 37 32 24 4 10 23 41 13 46 19 17 45 9 49 15 26 38 20 44 39 16 5 8 36 11 25 27 12 42 14 3 31 43 35 40 30 34 33 50 47 7 48 21 2 18 22 6 28 29 

Inst_Index:3127 	 City_Num:50 	 Concorde:0.057678 	 MCTS:5.767792 Improve:0.000000 	 Time:5.00 Seconds
Solution: 1 50 15 43 32 29 5 22 45 41 16 42 49 6 48 7 30 21 26 35 31 8 47 33 36 9 23 38 25 28 44 18 40 17 14 19 46 39 24 2 11 34 27 3 37 10 13 4 12 20 

Inst_Index:3128 	 City_Num:50 	 Concorde:0.057472 	 MCTS:5.747226 Improve:0.000000 	 Time:5.01 Seconds
Solution: 1 18 15 17 13 6 25 7 22 4 38 32 3 12 37 47 11 9 30 21 20 50 28 40 41 31 36 34 39 33 49 27 2 42 44 5 35 23 45 46 14 29 48 26 16 43 10 19 24 8 

Inst_Index:3129 	 City_Num:50 	 Concorde:0.057621 	 MCTS:5.762052 Improve:-0.000000 	 Time:5.01 Seconds
Solution: 1 43 10 17 34 12 2 25 20 14 3 7 8 23 5 45 47 36 44 31 35 13 24 37 15 46 48 30 33 26 32 11 18 4 27 21 28 41 16 6 22 49 29 39 19 40 38 50 9 42 

Inst_Index:3130 	 City_Num:50 	 Concorde:0.061239 	 MCTS:6.123891 Improve:-0.000000 	 Time:5.00 Seconds
Solution: 1 9 6 29 42 5 20 19 24 23 48 10 30 12 13 43 33 36 17 45 27 31 41 21 3 11 34 7 8 32 16 28 38 2 14 35 39 26 50 49 18 44 37 46 25 47 22 15 4 40 


Avg_Concorde_Distance: 5.696676 Avg_MCTS_Distance: 5.695569 Avg_Gap: -0.000194 Total_Time: 1566.21 Seconds 
 Beat_Best_Known_Times: 121 Match_Best_Known_Times: 186 Miss_Best_Known_Times: 6 
