Number_of_Instances_In_Current_Batch: 313

Inst_Index:5635 	 City_Num:50 	 Concorde:0.058411 	 MCTS:5.834192 Improve:0.006895 	 Time:5.00 Seconds
Solution: 1 45 37 32 17 22 14 24 11 48 31 21 39 19 38 44 18 2 20 10 7 29 46 4 33 13 8 25 41 9 50 34 40 5 27 47 16 42 28 49 35 6 12 3 43 36 30 26 23 15 

Inst_Index:5636 	 City_Num:50 	 Concorde:0.060127 	 MCTS:6.005390 Improve:0.007319 	 Time:5.00 Seconds
Solution: 1 15 5 47 24 3 7 43 18 23 46 19 8 48 26 17 14 22 50 49 27 12 31 42 6 11 41 13 32 40 16 45 30 37 38 21 28 4 10 29 35 36 33 34 39 25 44 9 2 20 

Inst_Index:5637 	 City_Num:50 	 Concorde:0.057596 	 MCTS:5.759587 Improve:0.000000 	 Time:5.00 Seconds
Solution: 1 23 31 5 36 19 30 50 45 10 18 32 49 7 46 16 39 4 48 37 40 43 12 6 15 47 9 22 28 3 29 27 33 44 14 42 24 2 41 26 34 17 21 38 25 8 13 35 20 11 

Inst_Index:5638 	 City_Num:50 	 Concorde:0.054351 	 MCTS:5.435146 Improve:-0.000000 	 Time:5.00 Seconds
Solution: 1 18 34 29 13 28 36 47 19 11 6 22 50 40 45 37 43 21 3 27 38 20 42 5 48 31 2 9 39 16 17 32 49 8 46 25 33 15 41 14 30 4 35 7 10 12 26 23 44 24 

Inst_Index:5639 	 City_Num:50 	 Concorde:0.063236 	 MCTS:6.322800 Improve:0.000760 	 Time:5.00 Seconds
Solution: 1 3 30 49 17 14 6 9 38 25 20 27 29 39 42 5 13 41 45 40 21 32 18 28 19 33 47 36 35 22 15 10 34 31 43 37 46 24 4 7 8 23 48 16 12 2 50 44 11 26 

Inst_Index:5640 	 City_Num:50 	 Concorde:0.060073 	 MCTS:5.999355 Improve:0.007973 	 Time:5.00 Seconds
Solution: 1 20 17 47 12 48 19 33 34 3 15 50 45 35 29 26 18 28 46 22 10 37 38 42 30 13 36 16 43 32 21 31 6 39 9 8 4 25 49 5 14 11 41 7 2 24 44 40 23 27 

Inst_Index:5641 	 City_Num:50 	 Concorde:0.058036 	 MCTS:5.803641 Improve:0.000000 	 Time:5.00 Seconds
Solution: 1 4 32 9 2 44 14 35 42 50 13 27 22 18 7 10 6 11 3 17 5 45 30 8 21 36 20 26 28 25 15 46 47 39 48 49 33 24 19 23 31 12 38 43 40 16 29 34 37 41 

Inst_Index:5642 	 City_Num:50 	 Concorde:0.057151 	 MCTS:5.714949 Improve:0.000184 	 Time:5.00 Seconds
Solution: 1 42 28 44 48 15 2 36 45 49 16 41 17 21 43 30 35 50 38 46 32 39 6 24 18 47 9 22 10 34 26 37 13 7 29 33 5 4 12 3 19 25 27 20 14 8 11 23 31 40 

Inst_Index:5643 	 City_Num:50 	 Concorde:0.057827 	 MCTS:5.782728 Improve:0.000000 	 Time:5.00 Seconds
Solution: 1 23 10 50 32 40 6 2 21 25 8 37 7 38 24 5 41 34 28 47 39 17 45 33 4 11 19 9 15 30 35 48 36 44 14 26 31 46 43 18 3 12 16 13 27 22 20 49 29 42 

Inst_Index:5644 	 City_Num:50 	 Concorde:0.056987 	 MCTS:5.695257 Improve:0.003475 	 Time:5.00 Seconds
Solution: 1 13 6 7 15 4 48 16 8 33 23 46 11 43 19 25 28 47 31 38 18 22 30 9 10 44 26 3 12 42 29 21 24 34 49 35 37 39 41 50 17 20 45 14 32 27 2 40 36 5 

Inst_Index:5645 	 City_Num:50 	 Concorde:0.051494 	 MCTS:5.146161 Improve:0.003239 	 Time:5.00 Seconds
Solution: 1 30 31 6 29 3 36 35 17 40 45 37 20 18 7 22 15 4 28 13 34 49 21 50 48 12 11 24 32 33 39 10 25 27 46 5 19 9 43 44 14 26 38 8 2 47 16 41 42 23 

Inst_Index:5646 	 City_Num:50 	 Concorde:0.063283 	 MCTS:6.328315 Improve:0.000000 	 Time:5.02 Seconds
Solution: 1 20 16 12 21 15 29 46 28 33 34 39 9 32 19 45 40 18 6 31 26 10 2 47 41 4 11 17 43 38 49 48 27 44 35 14 30 22 25 13 50 42 36 7 23 24 8 37 5 3 

Inst_Index:5647 	 City_Num:50 	 Concorde:0.056272 	 MCTS:5.627231 Improve:0.000000 	 Time:5.01 Seconds
Solution: 1 6 12 28 36 32 48 38 39 22 31 50 17 3 45 26 46 29 24 5 35 8 21 15 11 9 27 34 19 14 4 10 23 7 33 47 43 44 20 2 42 30 16 13 49 41 18 25 40 37 

Inst_Index:5648 	 City_Num:50 	 Concorde:0.058043 	 MCTS:5.799126 Improve:0.005212 	 Time:5.01 Seconds
Solution: 1 27 30 24 32 42 8 43 23 22 29 38 18 36 19 41 39 37 28 44 45 40 12 5 10 17 11 21 4 35 48 16 20 25 26 9 50 49 2 6 14 46 13 3 31 47 7 33 34 15 

Inst_Index:5649 	 City_Num:50 	 Concorde:0.054795 	 MCTS:5.479518 Improve:0.000000 	 Time:5.00 Seconds
Solution: 1 31 14 45 43 20 42 5 12 49 33 46 10 3 18 26 2 23 21 41 38 39 17 22 19 48 24 8 37 9 50 47 11 36 15 16 30 4 27 25 32 7 13 6 44 28 35 34 40 29 

Inst_Index:5650 	 City_Num:50 	 Concorde:0.053903 	 MCTS:5.388037 Improve:0.002307 	 Time:5.00 Seconds
Solution: 1 22 49 28 43 14 18 46 42 32 47 4 5 20 10 21 9 48 23 16 38 26 12 31 19 2 27 45 50 36 34 37 40 25 39 15 6 3 17 33 35 8 24 11 13 29 44 7 30 41 

Inst_Index:5651 	 City_Num:50 	 Concorde:0.054014 	 MCTS:5.401400 Improve:0.000000 	 Time:5.00 Seconds
Solution: 1 33 37 27 34 44 46 31 8 2 30 3 12 43 39 4 24 23 7 15 11 5 48 18 38 14 13 42 28 10 49 22 21 26 32 20 45 41 50 19 35 9 40 29 17 47 16 6 36 25 

Inst_Index:5652 	 City_Num:50 	 Concorde:0.057096 	 MCTS:5.709599 Improve:0.000000 	 Time:5.00 Seconds
Solution: 1 40 38 37 25 36 29 9 15 21 3 16 26 41 44 10 47 39 4 34 23 18 14 6 48 43 20 19 11 46 27 49 7 35 13 45 42 31 5 8 32 28 22 50 33 24 17 12 30 2 

Inst_Index:5653 	 City_Num:50 	 Concorde:0.058262 	 MCTS:5.823840 Improve:0.002373 	 Time:5.01 Seconds
Solution: 1 42 9 27 24 49 38 18 22 43 26 17 50 29 20 19 16 37 25 11 6 40 47 41 36 2 30 10 35 34 45 3 15 8 48 44 33 31 7 4 23 21 14 28 5 39 46 32 13 12 

Inst_Index:5654 	 City_Num:50 	 Concorde:0.057126 	 MCTS:5.712598 Improve:0.000000 	 Time:5.01 Seconds
Solution: 1 24 41 44 2 28 19 39 21 20 13 3 40 14 23 37 8 49 25 43 18 4 32 15 29 48 10 34 31 38 17 36 22 45 26 5 11 9 6 12 33 47 16 50 27 46 35 30 7 42 

Inst_Index:5655 	 City_Num:50 	 Concorde:0.060535 	 MCTS:6.053462 Improve:-0.000000 	 Time:5.00 Seconds
Solution: 1 42 40 43 20 5 12 41 35 3 30 9 17 10 6 18 38 21 31 28 50 39 14 24 48 37 33 25 13 15 45 11 22 29 8 16 2 23 26 44 27 32 36 47 4 7 49 46 34 19 

Inst_Index:5656 	 City_Num:50 	 Concorde:0.055103 	 MCTS:5.507709 Improve:0.002565 	 Time:5.00 Seconds
Solution: 1 49 39 3 8 2 47 11 9 25 46 26 16 6 20 28 34 32 43 44 45 13 48 37 19 41 4 15 31 33 29 21 30 35 5 23 42 7 10 50 27 22 24 38 18 12 14 40 36 17 

Inst_Index:5657 	 City_Num:50 	 Concorde:0.051628 	 MCTS:5.162752 Improve:-0.000000 	 Time:5.00 Seconds
Solution: 1 43 9 29 23 44 42 48 20 50 35 30 7 16 11 18 4 31 25 41 39 46 38 24 8 14 26 15 45 2 3 28 10 6 47 34 40 49 36 5 17 21 19 13 12 27 37 32 22 33 

Inst_Index:5658 	 City_Num:50 	 Concorde:0.056364 	 MCTS:5.636386 Improve:0.000000 	 Time:5.00 Seconds
Solution: 1 34 20 23 22 31 42 16 27 45 38 35 9 44 36 14 48 33 19 43 24 25 30 50 11 41 28 6 3 40 39 4 12 47 13 7 21 37 15 18 49 5 8 29 2 46 17 26 10 32 

Inst_Index:5659 	 City_Num:50 	 Concorde:0.060713 	 MCTS:6.070623 Improve:0.000674 	 Time:5.00 Seconds
Solution: 1 29 3 34 38 8 46 41 24 48 31 18 5 25 32 22 14 12 33 39 44 40 4 20 6 15 43 30 2 10 23 26 9 47 21 28 42 27 35 45 11 16 17 36 50 7 19 37 49 13 

Inst_Index:5660 	 City_Num:50 	 Concorde:0.055389 	 MCTS:5.532620 Improve:0.006267 	 Time:5.00 Seconds
Solution: 1 16 14 24 4 28 47 29 26 5 30 38 3 20 9 15 21 33 18 13 44 2 48 36 50 27 12 6 34 7 45 11 35 37 23 10 31 40 39 42 25 46 19 49 17 43 41 32 22 8 

Inst_Index:5661 	 City_Num:50 	 Concorde:0.054880 	 MCTS:5.487988 Improve:0.000000 	 Time:5.00 Seconds
Solution: 1 36 50 32 29 41 42 18 43 13 48 31 47 39 25 40 37 23 4 16 12 45 5 14 9 21 26 30 11 17 33 7 28 10 19 6 15 49 3 24 20 2 27 8 34 44 38 35 46 22 

Inst_Index:5662 	 City_Num:50 	 Concorde:0.060405 	 MCTS:6.040536 Improve:0.000000 	 Time:5.00 Seconds
Solution: 1 36 39 6 37 17 14 29 16 45 2 10 18 31 27 24 47 40 35 4 22 42 33 38 34 41 21 20 46 9 25 15 7 5 19 50 48 3 30 49 8 44 11 28 43 26 32 13 12 23 

Inst_Index:5663 	 City_Num:50 	 Concorde:0.054525 	 MCTS:5.447444 Improve:0.005030 	 Time:5.00 Seconds
Solution: 1 47 4 22 11 20 48 3 36 43 8 23 30 38 13 7 25 14 32 27 46 12 2 19 16 18 45 37 21 50 41 42 35 5 24 9 15 31 28 10 39 44 17 40 34 33 26 29 49 6 

Inst_Index:5664 	 City_Num:50 	 Concorde:0.057089 	 MCTS:5.699477 Improve:0.009404 	 Time:5.00 Seconds
Solution: 1 47 2 34 8 49 26 17 15 20 46 30 19 50 10 16 42 35 21 29 43 22 33 31 27 5 12 41 45 37 13 36 38 3 39 6 28 44 24 14 25 40 4 18 32 9 11 48 7 23 

Inst_Index:5665 	 City_Num:50 	 Concorde:0.055325 	 MCTS:5.527985 Improve:0.004493 	 Time:5.00 Seconds
Solution: 1 26 41 3 40 4 48 28 36 12 43 5 30 7 23 16 21 2 44 13 50 22 38 25 49 6 9 24 35 18 34 17 45 37 31 32 8 42 11 27 47 10 33 46 14 19 15 29 20 39 

Inst_Index:5666 	 City_Num:50 	 Concorde:0.056247 	 MCTS:5.624678 Improve:-0.000000 	 Time:5.00 Seconds
Solution: 1 23 14 21 2 3 47 42 43 7 9 4 38 37 35 28 40 8 16 5 11 12 50 19 25 13 45 17 15 48 41 31 20 27 10 32 33 34 24 39 30 26 6 29 44 22 49 36 18 46 

Inst_Index:5667 	 City_Num:50 	 Concorde:0.058247 	 MCTS:5.824742 Improve:0.000000 	 Time:5.00 Seconds
Solution: 1 50 15 44 10 19 23 47 26 30 11 17 3 13 25 12 2 33 16 31 38 39 7 20 6 32 5 22 46 43 14 36 21 42 24 35 41 27 28 9 29 49 37 8 40 4 48 34 45 18 

Inst_Index:5668 	 City_Num:50 	 Concorde:0.057185 	 MCTS:5.718474 Improve:0.000000 	 Time:5.00 Seconds
Solution: 1 49 14 10 15 16 50 26 20 12 6 32 41 48 28 9 3 13 21 19 4 34 2 37 29 30 42 27 8 33 11 44 18 17 24 25 38 40 45 36 31 43 22 35 7 5 46 39 23 47 

Inst_Index:5669 	 City_Num:50 	 Concorde:0.056838 	 MCTS:5.683795 Improve:-0.000000 	 Time:5.00 Seconds
Solution: 1 23 15 7 26 27 9 42 12 5 38 34 4 28 40 48 19 37 10 16 45 18 29 6 32 8 47 43 21 50 24 2 35 17 46 20 3 41 13 33 39 25 36 11 30 22 44 14 31 49 

Inst_Index:5670 	 City_Num:50 	 Concorde:0.051391 	 MCTS:5.139077 Improve:0.000000 	 Time:5.00 Seconds
Solution: 1 37 32 9 39 28 33 45 38 34 13 26 7 12 46 6 18 30 3 16 21 4 10 15 19 17 47 41 5 2 35 31 22 40 24 49 27 44 14 11 29 8 36 50 42 20 43 25 48 23 

Inst_Index:5671 	 City_Num:50 	 Concorde:0.058796 	 MCTS:5.876229 Improve:0.003360 	 Time:5.00 Seconds
Solution: 1 2 24 7 41 14 3 25 16 30 32 50 29 27 42 12 8 10 23 45 36 19 34 38 48 6 11 21 4 22 47 35 37 15 39 49 46 31 13 20 33 40 26 9 5 43 17 44 18 28 

Inst_Index:5672 	 City_Num:50 	 Concorde:0.055355 	 MCTS:5.524797 Improve:0.010734 	 Time:5.00 Seconds
Solution: 1 26 48 8 38 45 42 23 13 15 43 11 33 16 6 47 3 25 35 29 40 14 7 19 46 34 30 36 49 28 31 2 24 9 27 10 4 17 20 18 5 12 41 39 21 37 50 32 44 22 

Inst_Index:5673 	 City_Num:50 	 Concorde:0.057698 	 MCTS:5.769762 Improve:0.000000 	 Time:5.00 Seconds
Solution: 1 16 6 5 30 42 4 35 34 29 7 21 23 18 20 19 47 38 32 41 12 45 50 13 9 14 49 22 24 27 33 8 37 40 3 25 31 26 48 44 28 10 15 46 39 2 11 43 36 17 

Inst_Index:5674 	 City_Num:50 	 Concorde:0.056462 	 MCTS:5.645533 Improve:0.000677 	 Time:5.00 Seconds
Solution: 1 41 31 47 21 35 26 10 7 22 28 44 14 45 43 30 5 19 6 20 4 36 11 46 40 23 33 34 25 37 16 8 12 27 42 17 29 3 15 48 9 2 50 13 49 18 24 38 32 39 

Inst_Index:5675 	 City_Num:50 	 Concorde:0.053989 	 MCTS:5.398857 Improve:0.000000 	 Time:5.00 Seconds
Solution: 1 16 11 36 21 18 2 40 5 22 49 43 25 24 46 19 32 48 27 10 9 31 30 41 45 29 4 17 26 3 23 42 37 13 12 33 39 47 7 20 44 14 34 38 6 15 35 50 8 28 

Inst_Index:5676 	 City_Num:50 	 Concorde:0.059728 	 MCTS:5.972805 Improve:0.000000 	 Time:5.00 Seconds
Solution: 1 47 8 40 43 46 34 35 5 13 18 49 17 2 3 23 27 16 29 31 22 9 48 21 30 11 20 45 7 6 41 15 14 28 4 36 26 38 10 50 19 42 33 12 25 39 32 37 44 24 

Inst_Index:5677 	 City_Num:50 	 Concorde:0.056073 	 MCTS:5.665020 Improve:-0.057702 	 Time:5.01 Seconds
Solution: 1 5 19 24 7 14 2 20 42 18 50 31 3 43 40 48 33 22 23 4 6 26 46 27 35 17 36 21 49 10 11 25 9 47 37 13 15 34 45 8 16 32 29 44 38 39 30 12 41 28 

Inst_Index:5678 	 City_Num:50 	 Concorde:0.057931 	 MCTS:5.787575 Improve:0.005495 	 Time:5.00 Seconds
Solution: 1 9 28 21 19 40 32 45 4 2 41 29 12 6 25 50 43 37 22 13 31 5 7 18 11 3 39 27 17 23 49 8 16 14 24 46 33 15 42 20 38 36 47 35 26 34 10 30 48 44 

Inst_Index:5679 	 City_Num:50 	 Concorde:0.055195 	 MCTS:5.519548 Improve:0.000000 	 Time:5.00 Seconds
Solution: 1 35 8 50 39 2 49 3 32 41 48 15 19 38 29 21 34 9 12 30 14 31 42 26 22 40 44 28 47 7 25 45 43 23 16 37 11 18 6 36 27 46 24 10 13 5 33 4 17 20 

Inst_Index:5680 	 City_Num:50 	 Concorde:0.055927 	 MCTS:5.591019 Improve:0.001703 	 Time:5.00 Seconds
Solution: 1 21 18 2 46 43 35 3 26 49 32 20 16 47 33 9 42 34 38 50 17 8 41 6 19 37 30 7 40 22 28 14 10 31 29 27 4 48 13 36 15 5 23 12 24 44 25 45 39 11 

Inst_Index:5681 	 City_Num:50 	 Concorde:0.059393 	 MCTS:5.936661 Improve:0.002678 	 Time:5.00 Seconds
Solution: 1 22 19 20 45 43 13 47 21 48 38 7 35 49 6 4 37 14 42 2 40 27 29 24 50 16 28 31 32 26 11 17 44 9 30 8 36 3 34 10 25 5 15 39 18 12 23 33 46 41 

Inst_Index:5682 	 City_Num:50 	 Concorde:0.052192 	 MCTS:5.218856 Improve:0.000312 	 Time:5.00 Seconds
Solution: 1 16 45 46 48 29 21 50 41 2 4 49 13 14 11 36 38 7 23 17 26 8 15 19 6 35 24 34 39 42 18 5 28 12 3 33 27 10 40 25 30 37 20 22 31 9 44 32 47 43 

Inst_Index:5683 	 City_Num:50 	 Concorde:0.055262 	 MCTS:5.526176 Improve:-0.000000 	 Time:5.01 Seconds
Solution: 1 18 37 16 48 28 14 43 25 50 46 13 23 22 31 24 4 5 7 2 42 3 9 44 10 11 19 30 12 8 47 34 39 15 29 40 21 32 6 27 45 49 17 38 41 35 33 26 20 36 

Inst_Index:5684 	 City_Num:50 	 Concorde:0.053555 	 MCTS:5.353305 Improve:0.002217 	 Time:5.01 Seconds
Solution: 1 38 29 49 20 45 13 7 25 24 37 22 15 42 41 43 47 46 5 19 39 36 26 23 17 14 27 18 6 50 34 9 4 10 2 28 30 31 21 35 40 32 44 16 3 11 8 12 33 48 

Inst_Index:5685 	 City_Num:50 	 Concorde:0.057606 	 MCTS:5.755776 Improve:0.004862 	 Time:5.00 Seconds
Solution: 1 50 21 25 22 23 49 11 24 19 38 32 30 12 28 35 43 47 34 40 18 36 48 4 17 10 2 27 13 45 15 44 46 6 9 8 29 7 3 33 39 37 14 26 31 16 42 41 5 20 

Inst_Index:5686 	 City_Num:50 	 Concorde:0.056371 	 MCTS:5.637128 Improve:-0.000000 	 Time:5.00 Seconds
Solution: 1 19 24 37 13 23 28 39 30 11 40 45 49 31 25 43 42 33 12 47 10 6 26 14 29 48 41 8 18 50 32 44 16 35 15 5 38 36 22 46 20 9 4 17 21 27 2 34 3 7 

Inst_Index:5687 	 City_Num:50 	 Concorde:0.054234 	 MCTS:5.422801 Improve:0.000562 	 Time:5.00 Seconds
Solution: 1 37 17 36 40 20 44 10 21 26 4 47 19 25 24 18 6 27 14 12 8 39 13 50 35 9 34 31 38 46 23 29 3 48 45 33 7 41 32 43 49 2 30 28 42 5 22 16 15 11 

Inst_Index:5688 	 City_Num:50 	 Concorde:0.059448 	 MCTS:5.944772 Improve:0.000000 	 Time:5.00 Seconds
Solution: 1 35 10 19 39 29 32 13 48 12 42 28 6 8 36 46 43 18 40 16 31 9 3 37 7 11 24 47 22 41 45 21 27 26 34 20 25 2 14 4 38 23 30 33 15 17 50 49 5 44 

Inst_Index:5689 	 City_Num:50 	 Concorde:0.057952 	 MCTS:5.795211 Improve:0.000000 	 Time:5.00 Seconds
Solution: 1 25 37 17 3 11 18 44 27 15 12 6 42 46 2 48 36 13 49 26 7 31 45 34 9 5 21 10 50 47 4 33 40 28 16 8 23 22 19 29 38 43 24 30 14 41 35 32 20 39 

Inst_Index:5690 	 City_Num:50 	 Concorde:0.058558 	 MCTS:5.857877 Improve:-0.002103 	 Time:5.00 Seconds
Solution: 1 3 22 6 30 29 15 37 16 21 14 46 39 50 5 4 18 40 41 10 17 42 23 45 32 27 8 38 47 43 34 7 44 24 49 31 33 28 19 48 36 20 2 9 12 35 13 26 25 11 

Inst_Index:5691 	 City_Num:50 	 Concorde:0.059324 	 MCTS:5.932395 Improve:-0.000000 	 Time:5.00 Seconds
Solution: 1 46 33 2 35 37 10 44 36 15 26 13 22 9 27 12 29 18 32 45 42 41 28 14 6 34 23 16 30 48 24 19 49 8 31 43 21 4 5 50 7 25 38 20 39 3 40 47 11 17 

Inst_Index:5692 	 City_Num:50 	 Concorde:0.057409 	 MCTS:5.740919 Improve:0.000000 	 Time:5.00 Seconds
Solution: 1 40 12 3 38 7 20 28 8 21 41 15 45 35 49 47 2 11 30 39 26 24 44 43 31 36 37 10 9 4 18 23 34 17 32 48 46 5 27 22 42 50 13 6 19 29 25 16 33 14 

Inst_Index:5693 	 City_Num:50 	 Concorde:0.060061 	 MCTS:6.003217 Improve:0.002914 	 Time:5.01 Seconds
Solution: 1 26 29 19 8 37 40 7 11 38 44 10 5 33 43 22 49 36 6 39 50 31 16 48 3 28 30 9 35 34 24 4 25 12 15 18 27 2 23 47 13 42 32 41 20 21 46 14 17 45 

Inst_Index:5694 	 City_Num:50 	 Concorde:0.056532 	 MCTS:5.652405 Improve:0.000839 	 Time:5.00 Seconds
Solution: 1 16 23 28 6 18 22 36 50 19 35 43 32 9 38 13 48 34 15 10 46 8 42 45 21 27 37 24 47 3 30 40 44 49 4 31 25 39 41 7 2 17 11 14 26 5 29 33 20 12 

Inst_Index:5695 	 City_Num:50 	 Concorde:0.050672 	 MCTS:5.064395 Improve:0.002813 	 Time:5.00 Seconds
Solution: 1 6 17 11 19 14 10 37 24 13 21 8 2 36 50 38 30 40 5 31 35 3 41 29 43 23 22 9 32 45 46 16 12 27 39 49 18 28 44 25 20 26 4 48 15 7 34 47 33 42 

Inst_Index:5696 	 City_Num:50 	 Concorde:0.056730 	 MCTS:5.672969 Improve:0.000000 	 Time:5.00 Seconds
Solution: 1 34 12 11 49 27 9 18 37 26 38 46 15 20 4 30 13 33 19 32 23 16 17 2 10 3 24 6 50 5 14 41 25 28 22 42 7 45 36 47 39 40 31 29 48 35 8 21 43 44 

Inst_Index:5697 	 City_Num:50 	 Concorde:0.055559 	 MCTS:5.553983 Improve:0.001913 	 Time:5.00 Seconds
Solution: 1 15 13 34 42 35 49 28 48 19 47 40 5 9 33 11 26 2 38 7 29 46 4 12 24 21 23 14 22 3 8 16 10 27 32 37 31 25 45 30 17 18 44 36 39 6 50 20 43 41 

Inst_Index:5698 	 City_Num:50 	 Concorde:0.059261 	 MCTS:5.926130 Improve:-0.000000 	 Time:5.00 Seconds
Solution: 1 37 46 23 33 19 31 14 50 10 36 20 2 6 41 30 49 3 44 8 48 39 40 16 34 43 7 11 32 12 21 9 24 27 5 13 47 25 28 38 15 29 35 18 17 4 42 22 26 45 

Inst_Index:5699 	 City_Num:50 	 Concorde:0.063273 	 MCTS:6.327262 Improve:-0.000000 	 Time:5.00 Seconds
Solution: 1 8 30 10 42 47 9 33 2 50 36 35 7 16 45 24 25 14 17 3 31 6 37 13 41 32 34 4 46 44 38 43 5 21 15 40 39 29 19 20 18 22 49 28 27 48 23 26 11 12 

Inst_Index:5700 	 City_Num:50 	 Concorde:0.054823 	 MCTS:5.482336 Improve:0.000000 	 Time:5.00 Seconds
Solution: 1 9 4 5 24 10 46 35 39 7 22 15 30 20 3 18 38 33 28 40 31 26 13 47 16 32 49 42 2 27 29 43 19 17 8 48 6 44 11 36 14 25 21 12 37 34 41 50 45 23 

Inst_Index:5701 	 City_Num:50 	 Concorde:0.057871 	 MCTS:5.785469 Improve:0.001655 	 Time:5.00 Seconds
Solution: 1 14 4 48 34 31 9 40 7 46 5 20 25 19 30 24 47 35 3 11 12 33 23 39 15 50 32 44 16 45 18 21 2 26 17 36 27 43 10 6 37 49 38 13 42 8 29 28 41 22 

Inst_Index:5702 	 City_Num:50 	 Concorde:0.060091 	 MCTS:6.009110 Improve:-0.000000 	 Time:5.00 Seconds
Solution: 1 26 8 17 46 41 48 43 42 49 21 38 3 24 30 40 7 19 31 6 18 15 44 45 5 34 23 16 12 27 10 36 32 22 50 4 29 28 33 20 47 11 14 25 2 37 35 13 9 39 

Inst_Index:5703 	 City_Num:50 	 Concorde:0.059049 	 MCTS:5.904863 Improve:-0.000000 	 Time:5.00 Seconds
Solution: 1 40 32 11 49 29 3 43 47 50 7 34 41 28 17 10 45 35 33 6 16 42 22 39 8 23 14 9 25 4 36 27 15 24 5 26 31 37 19 48 12 46 44 20 30 18 38 2 21 13 

Inst_Index:5704 	 City_Num:50 	 Concorde:0.058976 	 MCTS:5.897583 Improve:0.000000 	 Time:5.00 Seconds
Solution: 1 49 21 7 9 25 5 43 18 12 35 16 3 39 38 14 36 20 44 42 4 30 47 19 22 50 15 40 17 45 33 27 48 32 37 13 23 10 29 41 26 46 28 24 11 34 31 8 2 6 

Inst_Index:5705 	 City_Num:50 	 Concorde:0.054565 	 MCTS:5.456502 Improve:0.000000 	 Time:5.00 Seconds
Solution: 1 33 6 5 20 38 36 18 40 48 13 45 37 44 26 14 3 50 39 10 19 46 16 12 32 2 42 49 28 29 15 22 43 30 8 4 41 25 21 11 24 47 35 31 27 23 7 9 34 17 

Inst_Index:5706 	 City_Num:50 	 Concorde:0.059596 	 MCTS:5.958686 Improve:0.000874 	 Time:5.00 Seconds
Solution: 1 19 7 13 11 28 26 21 29 39 47 5 48 24 16 33 6 12 38 31 42 27 44 49 50 10 8 43 32 9 20 37 41 3 34 18 46 45 40 4 30 36 14 23 2 17 22 25 35 15 

Inst_Index:5707 	 City_Num:50 	 Concorde:0.057567 	 MCTS:5.756662 Improve:-0.000000 	 Time:5.00 Seconds
Solution: 1 7 48 3 38 6 22 35 41 21 10 39 20 13 32 19 34 33 49 29 9 30 43 2 24 4 47 46 16 28 25 17 23 14 11 37 42 50 44 26 18 45 40 15 31 27 5 8 36 12 

Inst_Index:5708 	 City_Num:50 	 Concorde:0.055604 	 MCTS:5.560407 Improve:0.000000 	 Time:5.00 Seconds
Solution: 1 43 12 22 50 8 26 3 2 9 21 17 38 27 11 39 15 41 29 28 36 40 44 5 4 32 20 14 47 13 6 24 33 23 16 18 25 48 37 46 30 45 10 19 35 34 42 7 31 49 

Inst_Index:5709 	 City_Num:50 	 Concorde:0.059976 	 MCTS:5.997625 Improve:-0.000000 	 Time:5.00 Seconds
Solution: 1 31 11 25 34 19 27 30 46 33 36 50 28 14 22 35 7 40 39 37 17 43 41 44 4 12 45 29 38 20 13 18 5 15 32 49 16 47 21 26 8 2 48 10 23 42 3 24 6 9 

Inst_Index:5710 	 City_Num:50 	 Concorde:0.058348 	 MCTS:5.834832 Improve:0.000000 	 Time:5.00 Seconds
Solution: 1 43 9 21 48 19 22 25 24 29 38 35 42 31 7 26 23 28 37 41 5 11 45 6 14 13 18 30 16 44 12 27 17 47 36 15 33 2 4 49 40 34 39 3 46 8 10 32 20 50 

Inst_Index:5711 	 City_Num:50 	 Concorde:0.060703 	 MCTS:6.070313 Improve:0.000000 	 Time:5.00 Seconds
Solution: 1 6 15 34 35 17 49 2 32 27 33 31 50 30 38 9 20 37 10 44 13 23 39 24 8 26 18 4 21 12 7 46 42 25 28 11 43 36 19 40 48 41 47 29 14 45 22 3 16 5 

Inst_Index:5712 	 City_Num:50 	 Concorde:0.057354 	 MCTS:5.735432 Improve:0.000000 	 Time:5.00 Seconds
Solution: 1 13 15 24 22 16 32 36 35 25 19 48 47 33 49 50 38 45 3 4 12 14 41 18 27 39 29 23 6 20 37 5 43 2 10 46 44 11 42 28 31 17 21 9 26 34 40 30 7 8 

Inst_Index:5713 	 City_Num:50 	 Concorde:0.060508 	 MCTS:6.050772 Improve:0.000000 	 Time:5.00 Seconds
Solution: 1 17 39 36 5 28 11 34 8 38 35 19 42 44 16 6 18 31 33 23 43 4 22 49 24 50 37 15 26 29 30 25 47 20 32 45 21 10 46 13 41 48 2 27 7 40 14 3 12 9 

Inst_Index:5714 	 City_Num:50 	 Concorde:0.058716 	 MCTS:5.871615 Improve:-0.000000 	 Time:5.00 Seconds
Solution: 1 27 14 15 38 42 44 20 7 10 33 34 24 3 16 31 41 6 39 23 2 49 45 37 17 48 43 13 25 30 36 35 19 8 46 47 12 9 4 18 21 5 29 32 50 11 28 26 40 22 

Inst_Index:5715 	 City_Num:50 	 Concorde:0.056727 	 MCTS:5.672693 Improve:-0.000000 	 Time:5.00 Seconds
Solution: 1 34 17 6 39 45 49 4 11 14 26 22 19 50 47 23 36 25 28 35 48 31 37 18 9 21 16 15 8 10 40 20 7 38 41 30 33 29 46 27 12 42 3 5 43 24 44 13 32 2 

Inst_Index:5716 	 City_Num:50 	 Concorde:0.053626 	 MCTS:5.361875 Improve:0.000680 	 Time:5.00 Seconds
Solution: 1 49 37 40 43 9 5 4 10 2 26 17 7 20 24 21 28 33 13 19 8 25 48 39 35 22 36 23 3 11 31 18 45 6 30 38 29 42 12 41 32 50 47 16 27 44 15 46 34 14 

Inst_Index:5717 	 City_Num:50 	 Concorde:0.058234 	 MCTS:5.823433 Improve:-0.000000 	 Time:5.00 Seconds
Solution: 1 40 22 12 5 47 26 35 27 29 17 24 46 18 41 4 11 19 30 13 25 15 3 7 42 9 48 16 20 39 10 43 36 34 21 14 45 32 49 31 6 8 33 28 50 2 44 38 37 23 

Inst_Index:5718 	 City_Num:50 	 Concorde:0.060346 	 MCTS:6.034638 Improve:-0.000000 	 Time:5.00 Seconds
Solution: 1 46 20 36 2 11 12 45 3 39 44 16 28 6 17 26 32 33 29 49 50 15 22 18 37 14 31 23 13 43 10 4 25 9 30 27 38 21 42 40 19 47 24 41 5 8 7 35 48 34 

Inst_Index:5719 	 City_Num:50 	 Concorde:0.056325 	 MCTS:5.632522 Improve:0.000000 	 Time:5.00 Seconds
Solution: 1 14 34 22 43 30 35 45 11 38 9 3 28 32 39 46 21 19 24 33 41 49 10 4 48 18 6 47 40 29 23 12 7 44 13 2 5 8 36 50 25 17 31 42 20 27 16 15 37 26 

Inst_Index:5720 	 City_Num:50 	 Concorde:0.056308 	 MCTS:5.630784 Improve:0.000000 	 Time:5.00 Seconds
Solution: 1 6 47 46 27 9 17 45 29 26 8 36 35 5 48 12 50 44 11 23 25 22 13 20 3 16 24 40 49 10 7 42 4 33 34 31 30 21 14 38 37 15 18 41 43 32 19 28 2 39 

Inst_Index:5721 	 City_Num:50 	 Concorde:0.059710 	 MCTS:5.971029 Improve:0.000000 	 Time:5.00 Seconds
Solution: 1 49 26 14 31 27 45 39 15 50 10 41 21 23 17 2 48 42 6 46 18 43 38 16 25 5 13 9 7 8 29 33 34 24 35 30 20 28 19 47 3 12 11 22 37 32 44 40 4 36 

Inst_Index:5722 	 City_Num:50 	 Concorde:0.059414 	 MCTS:5.941448 Improve:-0.000000 	 Time:5.00 Seconds
Solution: 1 4 26 12 25 7 37 48 22 16 32 50 3 13 6 29 46 41 24 23 45 30 44 18 34 20 38 17 19 21 42 36 49 8 14 27 10 39 15 9 11 2 5 35 43 40 47 33 28 31 

Inst_Index:5723 	 City_Num:50 	 Concorde:0.057459 	 MCTS:5.745925 Improve:0.000000 	 Time:5.00 Seconds
Solution: 1 8 37 47 24 25 10 28 29 20 46 14 19 17 34 33 49 4 50 6 26 13 7 43 18 45 39 23 35 44 21 9 31 5 22 38 11 30 3 15 36 48 41 16 40 2 32 42 12 27 

Inst_Index:5724 	 City_Num:50 	 Concorde:0.058326 	 MCTS:5.832625 Improve:0.000000 	 Time:5.00 Seconds
Solution: 1 25 23 7 20 38 49 47 28 32 39 27 5 40 42 35 36 14 24 45 3 8 50 17 22 12 13 16 6 37 30 46 44 19 2 43 9 10 4 15 21 11 33 41 31 29 26 18 34 48 

Inst_Index:5725 	 City_Num:50 	 Concorde:0.057338 	 MCTS:5.733785 Improve:-0.000000 	 Time:5.00 Seconds
Solution: 1 44 40 30 32 12 2 26 41 8 35 37 7 50 9 16 22 48 23 29 21 4 6 33 10 13 3 34 45 47 31 18 17 36 14 25 11 27 43 46 49 15 5 42 39 19 38 28 20 24 

Inst_Index:5726 	 City_Num:50 	 Concorde:0.060170 	 MCTS:6.016994 Improve:0.000000 	 Time:5.00 Seconds
Solution: 1 28 33 36 25 19 5 40 39 11 26 30 10 46 21 20 16 50 24 6 35 31 23 45 43 22 44 4 9 32 41 13 38 17 29 2 47 15 12 42 18 34 8 7 48 49 37 14 3 27 

Inst_Index:5727 	 City_Num:50 	 Concorde:0.056337 	 MCTS:5.633706 Improve:0.000000 	 Time:5.00 Seconds
Solution: 1 8 42 24 12 7 11 48 45 23 17 50 44 39 35 20 47 25 9 13 33 10 15 40 18 38 16 37 41 36 26 14 29 19 3 49 4 30 6 21 27 28 5 32 2 34 43 46 31 22 

Inst_Index:5728 	 City_Num:50 	 Concorde:0.055949 	 MCTS:5.594925 Improve:0.000000 	 Time:5.00 Seconds
Solution: 1 30 8 46 21 27 31 35 3 23 4 2 15 32 42 17 28 22 16 48 7 29 10 41 19 37 33 39 13 26 18 11 34 47 24 50 12 38 14 40 5 45 36 6 9 20 44 49 43 25 

Inst_Index:5729 	 City_Num:50 	 Concorde:0.060743 	 MCTS:6.073490 Improve:0.000846 	 Time:5.01 Seconds
Solution: 1 47 27 21 23 4 22 10 9 48 45 3 8 32 25 5 40 50 31 41 2 18 14 24 12 39 30 44 15 37 6 26 34 49 20 33 29 16 28 43 42 7 46 17 36 13 11 19 35 38 

Inst_Index:5730 	 City_Num:50 	 Concorde:0.057457 	 MCTS:5.744350 Improve:0.001303 	 Time:5.00 Seconds
Solution: 1 38 16 13 14 4 42 44 26 36 45 40 15 21 28 18 29 2 22 3 34 23 32 9 47 41 17 7 50 12 20 5 35 30 49 6 10 24 33 31 37 39 27 8 46 48 25 11 19 43 

Inst_Index:5731 	 City_Num:50 	 Concorde:0.059059 	 MCTS:5.904187 Improve:0.001727 	 Time:5.00 Seconds
Solution: 1 19 26 46 37 34 49 15 29 48 38 24 42 35 18 30 8 4 36 2 47 39 50 43 44 21 40 23 25 32 11 33 27 7 3 22 17 10 14 45 13 12 5 16 31 20 6 9 28 41 

Inst_Index:5732 	 City_Num:50 	 Concorde:0.058539 	 MCTS:5.853917 Improve:0.000000 	 Time:5.01 Seconds
Solution: 1 26 2 49 30 43 33 27 14 29 46 24 18 12 50 36 6 22 31 45 19 3 37 47 34 23 15 40 42 21 5 10 44 8 48 4 41 13 32 25 39 17 9 11 7 16 35 38 28 20 

Inst_Index:5733 	 City_Num:50 	 Concorde:0.057170 	 MCTS:5.714974 Improve:0.002071 	 Time:5.00 Seconds
Solution: 1 14 17 48 31 8 46 28 50 39 30 15 6 13 2 21 33 37 7 24 16 34 20 43 4 42 26 27 22 41 36 11 9 12 10 35 40 47 44 29 32 18 25 49 38 3 23 5 45 19 

Inst_Index:5734 	 City_Num:50 	 Concorde:0.058174 	 MCTS:5.817354 Improve:-0.000000 	 Time:5.00 Seconds
Solution: 1 36 15 14 17 34 40 33 6 30 10 21 22 35 26 19 4 39 46 49 13 9 31 7 44 47 48 37 2 43 29 41 45 23 11 18 28 5 12 25 27 24 20 32 50 38 42 8 3 16 

Inst_Index:5735 	 City_Num:50 	 Concorde:0.055485 	 MCTS:5.548130 Improve:0.000362 	 Time:5.00 Seconds
Solution: 1 5 2 45 24 33 30 37 42 31 22 7 12 25 16 32 48 26 17 20 8 19 50 49 46 14 4 47 3 11 44 13 41 18 15 38 39 43 28 34 23 35 9 6 21 27 29 40 10 36 

Inst_Index:5736 	 City_Num:50 	 Concorde:0.057077 	 MCTS:5.705567 Improve:0.002090 	 Time:5.00 Seconds
Solution: 1 10 5 35 11 45 25 49 30 24 50 13 42 9 3 23 8 26 28 31 39 7 46 18 12 2 32 34 21 14 44 29 40 47 4 27 22 33 37 41 15 6 19 17 36 16 38 43 20 48 

Inst_Index:5737 	 City_Num:50 	 Concorde:0.054616 	 MCTS:5.455850 Improve:0.005754 	 Time:5.00 Seconds
Solution: 1 10 28 27 47 45 38 30 20 50 8 34 35 39 37 5 3 43 14 15 25 33 40 12 9 19 49 23 18 46 16 29 11 2 6 31 17 24 42 48 32 21 41 22 44 26 4 7 13 36 

Inst_Index:5738 	 City_Num:50 	 Concorde:0.058916 	 MCTS:5.891627 Improve:0.000000 	 Time:5.01 Seconds
Solution: 1 2 21 37 35 39 45 34 44 6 19 10 28 4 15 9 13 24 36 40 27 50 8 49 43 7 12 3 23 26 20 22 30 47 5 14 29 17 38 16 25 32 46 42 41 48 31 18 33 11 

Inst_Index:5739 	 City_Num:50 	 Concorde:0.056690 	 MCTS:5.668480 Improve:0.000481 	 Time:5.00 Seconds
Solution: 1 29 8 39 9 47 49 18 38 16 23 20 42 22 28 40 6 15 48 27 33 45 4 26 14 10 30 13 7 12 3 36 46 21 24 5 34 50 11 35 25 37 2 44 41 19 32 17 43 31 

Inst_Index:5740 	 City_Num:50 	 Concorde:0.056566 	 MCTS:5.656624 Improve:-0.000000 	 Time:5.00 Seconds
Solution: 1 20 39 36 34 9 49 4 12 3 28 19 18 6 16 37 8 43 40 45 46 48 5 30 42 21 2 31 24 13 35 44 17 50 11 15 47 23 41 22 14 10 26 33 7 32 38 25 29 27 

Inst_Index:5741 	 City_Num:50 	 Concorde:0.055106 	 MCTS:5.507884 Improve:0.002715 	 Time:5.00 Seconds
Solution: 1 42 50 22 36 27 41 44 28 34 37 10 6 25 13 17 14 11 45 43 19 49 16 35 9 12 8 3 20 46 38 40 32 47 31 15 21 5 33 29 7 39 2 23 18 4 24 30 48 26 

Inst_Index:5742 	 City_Num:50 	 Concorde:0.057573 	 MCTS:5.757279 Improve:0.000000 	 Time:5.00 Seconds
Solution: 1 19 44 27 48 9 46 3 35 49 36 41 34 25 14 2 13 4 30 7 12 45 33 17 37 15 8 5 39 6 10 47 21 24 26 31 16 23 28 20 22 43 11 40 18 42 50 38 32 29 

Inst_Index:5743 	 City_Num:50 	 Concorde:0.058246 	 MCTS:5.824553 Improve:0.000091 	 Time:5.00 Seconds
Solution: 1 34 26 17 16 49 13 20 5 28 24 33 4 42 10 50 21 36 48 2 31 47 44 32 14 37 27 40 12 11 6 43 25 18 3 38 41 46 19 22 23 35 45 7 15 29 30 9 8 39 

Inst_Index:5744 	 City_Num:50 	 Concorde:0.061774 	 MCTS:6.176328 Improve:0.001100 	 Time:5.00 Seconds
Solution: 1 7 23 5 20 38 18 50 46 44 27 49 16 9 33 19 8 13 25 34 14 11 32 22 6 39 21 2 45 43 10 31 36 4 48 17 24 40 47 15 3 35 41 42 37 29 30 12 26 28 

Inst_Index:5745 	 City_Num:50 	 Concorde:0.058303 	 MCTS:5.830305 Improve:-0.000000 	 Time:5.00 Seconds
Solution: 1 19 36 30 41 11 48 7 39 16 15 13 22 24 23 47 27 35 14 38 32 40 17 42 28 44 49 12 43 34 29 37 33 8 31 3 26 46 45 2 50 18 4 20 10 21 9 6 25 5 

Inst_Index:5746 	 City_Num:50 	 Concorde:0.057231 	 MCTS:5.723077 Improve:-0.000000 	 Time:5.00 Seconds
Solution: 1 32 46 7 6 26 31 42 29 50 43 14 23 33 27 30 47 39 18 44 25 12 40 21 10 37 22 34 45 3 38 19 20 15 11 48 4 2 17 5 49 13 35 16 41 9 28 8 24 36 

Inst_Index:5747 	 City_Num:50 	 Concorde:0.055545 	 MCTS:5.550169 Improve:0.004357 	 Time:5.00 Seconds
Solution: 1 50 28 38 14 43 2 6 33 23 42 4 40 17 30 19 47 46 3 9 24 13 7 10 8 12 22 37 21 15 26 32 25 11 5 48 20 44 18 36 29 41 34 49 16 31 39 45 27 35 

Inst_Index:5748 	 City_Num:50 	 Concorde:0.055907 	 MCTS:5.590703 Improve:0.000000 	 Time:5.00 Seconds
Solution: 1 48 16 20 26 17 44 34 28 27 43 4 13 2 6 7 19 8 25 3 39 31 18 15 32 33 9 40 41 49 14 37 24 47 30 23 10 38 5 29 46 42 36 21 35 22 11 45 12 50 

Inst_Index:5749 	 City_Num:50 	 Concorde:0.059373 	 MCTS:5.932094 Improve:0.005220 	 Time:5.00 Seconds
Solution: 1 42 9 27 8 41 34 24 29 12 48 13 44 6 32 14 46 16 39 3 17 5 37 23 2 22 26 47 38 31 33 40 11 28 18 50 49 7 30 25 36 19 35 15 20 10 4 43 21 45 

Inst_Index:5750 	 City_Num:50 	 Concorde:0.056570 	 MCTS:5.656972 Improve:0.000000 	 Time:5.00 Seconds
Solution: 1 2 50 37 13 16 3 38 34 48 15 9 12 19 35 44 7 8 4 21 36 24 20 39 28 29 5 33 25 41 14 22 18 46 47 49 10 32 42 27 45 26 40 11 43 31 23 30 6 17 

Inst_Index:5751 	 City_Num:50 	 Concorde:0.056061 	 MCTS:5.606129 Improve:0.000000 	 Time:5.00 Seconds
Solution: 1 35 44 15 17 5 33 43 25 31 14 20 49 2 18 7 11 12 42 6 27 28 3 16 26 10 32 39 46 40 48 37 36 41 22 45 21 24 4 50 9 30 47 29 13 8 34 38 23 19 

Inst_Index:5752 	 City_Num:50 	 Concorde:0.055806 	 MCTS:5.579566 Improve:0.001026 	 Time:5.00 Seconds
Solution: 1 38 22 12 42 18 20 7 46 6 3 37 48 4 44 26 15 50 40 43 45 8 14 31 28 33 17 19 24 13 10 11 21 36 32 47 16 35 2 9 49 30 5 27 34 29 25 39 23 41 

Inst_Index:5753 	 City_Num:50 	 Concorde:0.055585 	 MCTS:5.558470 Improve:-0.000000 	 Time:5.00 Seconds
Solution: 1 26 7 42 30 40 44 29 14 16 11 37 18 20 4 34 10 24 25 2 46 28 32 13 9 35 23 48 15 12 38 3 8 33 17 27 47 22 45 6 43 21 19 41 5 49 39 31 50 36 

Inst_Index:5754 	 City_Num:50 	 Concorde:0.056850 	 MCTS:5.685000 Improve:0.000000 	 Time:5.01 Seconds
Solution: 1 30 13 38 6 19 36 44 23 33 34 18 11 16 28 10 4 5 35 43 12 42 17 41 2 50 7 26 25 40 14 46 49 27 3 22 15 32 31 29 20 39 48 45 9 24 21 8 37 47 

Inst_Index:5755 	 City_Num:50 	 Concorde:0.057066 	 MCTS:5.706618 Improve:0.000000 	 Time:5.00 Seconds
Solution: 1 18 8 21 27 35 11 28 19 30 49 39 9 5 29 48 15 46 34 4 16 37 10 2 32 38 41 17 3 45 23 22 36 44 43 26 25 12 7 50 20 14 42 40 13 33 24 31 47 6 

Inst_Index:5756 	 City_Num:50 	 Concorde:0.058361 	 MCTS:5.836068 Improve:-0.000000 	 Time:5.00 Seconds
Solution: 1 45 30 21 3 25 22 49 4 46 44 14 24 5 27 11 12 18 8 33 35 28 13 34 17 47 9 29 26 41 48 42 39 10 7 19 15 20 2 23 32 43 36 40 6 50 16 31 37 38 

Inst_Index:5757 	 City_Num:50 	 Concorde:0.056724 	 MCTS:5.672357 Improve:0.000000 	 Time:5.00 Seconds
Solution: 1 14 10 23 48 32 39 19 9 26 28 2 45 25 36 42 49 27 44 20 5 15 50 6 13 12 35 18 16 29 46 40 22 24 37 31 21 43 11 8 41 4 38 17 47 3 30 34 33 7 

Inst_Index:5758 	 City_Num:50 	 Concorde:0.054858 	 MCTS:5.485799 Improve:0.000000 	 Time:5.00 Seconds
Solution: 1 25 18 6 28 30 23 49 9 21 3 33 41 45 34 43 16 46 32 27 19 20 29 36 40 4 15 38 22 7 39 12 8 24 13 17 2 35 14 31 44 42 5 48 11 47 50 37 26 10 

Inst_Index:5759 	 City_Num:50 	 Concorde:0.059615 	 MCTS:5.961522 Improve:0.000000 	 Time:5.00 Seconds
Solution: 1 26 6 45 50 43 7 19 23 13 10 9 46 22 29 34 42 24 44 48 41 40 5 15 35 32 17 33 37 14 12 39 38 30 20 18 16 25 11 8 21 27 28 47 2 36 49 4 31 3 

Inst_Index:5760 	 City_Num:50 	 Concorde:0.059770 	 MCTS:5.976952 Improve:-0.000000 	 Time:5.00 Seconds
Solution: 1 23 38 43 14 24 5 50 44 46 27 19 30 26 7 21 31 29 35 34 4 33 32 47 17 9 13 49 25 16 22 37 48 41 8 20 28 6 40 18 15 39 10 36 45 11 12 42 3 2 

Inst_Index:5761 	 City_Num:50 	 Concorde:0.055068 	 MCTS:5.506798 Improve:0.000000 	 Time:5.01 Seconds
Solution: 1 7 29 3 32 8 15 43 11 36 18 24 30 38 45 27 40 41 22 10 47 42 6 21 39 19 48 14 5 25 49 50 4 9 26 28 13 20 37 35 33 17 31 2 16 46 34 12 44 23 

Inst_Index:5762 	 City_Num:50 	 Concorde:0.061639 	 MCTS:6.163912 Improve:-0.000000 	 Time:5.00 Seconds
Solution: 1 26 50 7 21 13 23 47 15 45 39 46 40 16 5 24 12 14 35 34 44 18 20 43 19 2 28 11 30 3 41 9 22 10 38 27 17 32 48 31 33 42 36 25 6 37 49 4 8 29 

Inst_Index:5763 	 City_Num:50 	 Concorde:0.058041 	 MCTS:5.802355 Improve:0.001786 	 Time:5.01 Seconds
Solution: 1 24 25 32 36 37 27 22 43 23 35 28 30 14 42 3 12 10 47 5 11 46 13 29 39 20 4 45 26 6 33 49 7 38 48 9 19 31 8 2 17 15 16 21 34 50 41 44 18 40 

Inst_Index:5764 	 City_Num:50 	 Concorde:0.058638 	 MCTS:5.863780 Improve:0.000000 	 Time:5.00 Seconds
Solution: 1 33 7 44 21 29 8 28 20 39 17 35 46 6 26 41 48 43 30 36 42 25 45 49 3 14 31 23 10 34 24 50 9 11 32 2 19 18 13 12 37 47 4 5 22 16 27 40 38 15 

Inst_Index:5765 	 City_Num:50 	 Concorde:0.054031 	 MCTS:5.403133 Improve:0.000000 	 Time:5.00 Seconds
Solution: 1 2 18 20 4 41 13 36 33 11 24 10 16 32 49 48 23 12 30 15 44 46 31 34 5 9 26 22 8 7 6 3 40 25 19 14 21 27 17 38 39 29 43 42 37 35 50 47 28 45 

Inst_Index:5766 	 City_Num:50 	 Concorde:0.056106 	 MCTS:5.610610 Improve:0.000000 	 Time:5.00 Seconds
Solution: 1 9 8 32 19 44 27 10 39 43 28 22 40 17 20 48 47 30 25 3 7 13 37 18 24 50 45 29 33 6 42 16 21 31 12 14 49 5 4 36 35 46 34 38 11 26 23 15 2 41 

Inst_Index:5767 	 City_Num:50 	 Concorde:0.056763 	 MCTS:5.672149 Improve:0.004115 	 Time:5.00 Seconds
Solution: 1 33 3 16 11 26 12 31 34 47 5 38 49 43 22 41 39 35 24 18 21 2 14 15 29 27 23 4 6 36 20 32 17 45 10 19 48 50 37 30 8 42 9 44 28 13 25 40 46 7 

Inst_Index:5768 	 City_Num:50 	 Concorde:0.058603 	 MCTS:5.860282 Improve:-0.000000 	 Time:5.00 Seconds
Solution: 1 48 13 27 14 5 35 32 37 20 46 41 29 25 39 28 24 21 45 38 3 7 17 12 50 19 11 8 40 22 36 33 6 44 42 10 4 43 31 34 16 18 47 26 23 9 49 30 15 2 

Inst_Index:5769 	 City_Num:50 	 Concorde:0.059163 	 MCTS:5.913655 Improve:0.002655 	 Time:5.00 Seconds
Solution: 1 32 50 24 18 8 28 42 48 14 2 15 43 34 21 22 30 20 26 33 35 25 10 3 5 29 4 45 16 12 31 46 49 40 13 41 27 36 9 47 17 23 19 6 11 37 39 38 44 7 

Inst_Index:5770 	 City_Num:50 	 Concorde:0.061290 	 MCTS:6.128992 Improve:0.000000 	 Time:5.00 Seconds
Solution: 1 38 43 24 33 26 8 31 36 37 48 30 3 20 11 39 47 29 35 6 16 25 40 23 13 49 15 12 18 46 50 45 44 28 22 42 10 32 41 34 14 17 7 4 5 27 19 2 21 9 

Inst_Index:5771 	 City_Num:50 	 Concorde:0.049386 	 MCTS:4.938643 Improve:0.000000 	 Time:5.00 Seconds
Solution: 1 41 5 11 25 49 4 14 35 28 20 45 50 8 46 22 12 31 43 2 15 40 38 29 6 3 44 19 16 39 30 32 13 36 34 48 47 21 42 23 24 37 33 9 26 7 10 18 27 17 

Inst_Index:5772 	 City_Num:50 	 Concorde:0.053771 	 MCTS:5.377148 Improve:-0.000000 	 Time:5.00 Seconds
Solution: 1 35 25 42 14 50 27 15 24 47 22 40 45 4 20 30 13 19 44 7 43 46 16 2 41 10 37 36 5 28 21 49 31 12 34 39 9 26 6 32 38 8 3 11 48 18 17 33 23 29 

Inst_Index:5773 	 City_Num:50 	 Concorde:0.057067 	 MCTS:5.706718 Improve:0.000000 	 Time:5.00 Seconds
Solution: 1 46 6 5 2 42 31 45 20 15 27 43 28 34 36 7 26 16 18 14 22 41 50 33 29 38 23 49 21 3 32 25 17 19 47 8 10 9 40 48 44 11 12 24 37 30 39 35 4 13 

Inst_Index:5774 	 City_Num:50 	 Concorde:0.052549 	 MCTS:5.254907 Improve:0.000000 	 Time:5.00 Seconds
Solution: 1 39 47 50 22 6 37 42 18 32 46 48 7 49 33 36 10 45 14 28 17 23 31 26 20 34 4 38 41 13 3 8 30 9 43 27 5 11 40 25 16 19 44 35 2 12 15 21 29 24 

Inst_Index:5775 	 City_Num:50 	 Concorde:0.055272 	 MCTS:5.523527 Improve:0.003717 	 Time:5.00 Seconds
Solution: 1 9 47 23 44 42 48 25 46 39 50 26 35 28 29 45 41 16 14 34 4 49 20 24 13 40 33 6 5 43 8 7 27 21 19 31 30 22 37 12 15 3 10 32 18 2 38 17 36 11 

Inst_Index:5776 	 City_Num:50 	 Concorde:0.059233 	 MCTS:5.906431 Improve:0.016900 	 Time:5.00 Seconds
Solution: 1 4 8 13 24 18 34 15 33 48 11 36 43 19 22 14 20 25 12 3 2 9 35 45 44 10 46 32 6 31 16 50 27 30 5 42 26 23 7 39 21 49 28 40 47 37 29 38 41 17 

Inst_Index:5777 	 City_Num:50 	 Concorde:0.059477 	 MCTS:5.947723 Improve:0.000000 	 Time:5.01 Seconds
Solution: 1 47 40 27 38 10 11 25 24 30 22 20 35 14 46 49 12 9 3 39 29 33 15 19 36 50 18 13 7 32 45 43 37 34 16 6 23 44 41 48 42 31 8 28 21 17 26 2 4 5 

Inst_Index:5778 	 City_Num:50 	 Concorde:0.057400 	 MCTS:5.740004 Improve:0.000000 	 Time:5.00 Seconds
Solution: 1 10 25 28 24 6 42 43 49 47 20 22 34 48 32 15 18 23 37 50 14 46 9 16 19 41 21 5 30 45 36 26 4 8 3 11 2 13 44 27 29 12 33 17 39 35 31 38 40 7 

Inst_Index:5779 	 City_Num:50 	 Concorde:0.055425 	 MCTS:5.541754 Improve:0.000758 	 Time:5.00 Seconds
Solution: 1 40 21 2 11 28 29 22 38 19 50 39 44 14 41 27 37 7 6 48 5 42 12 16 18 36 32 26 24 15 30 45 47 35 49 17 4 10 46 25 3 13 33 31 8 34 43 9 20 23 

Inst_Index:5780 	 City_Num:50 	 Concorde:0.057531 	 MCTS:5.746285 Improve:0.006820 	 Time:5.00 Seconds
Solution: 1 47 33 23 19 43 28 4 14 2 21 38 17 29 34 39 25 12 9 48 41 7 8 15 11 36 35 44 3 24 46 30 32 42 26 5 20 37 49 40 18 27 10 31 13 50 16 22 45 6 

Inst_Index:5781 	 City_Num:50 	 Concorde:0.057906 	 MCTS:5.790599 Improve:-0.000000 	 Time:5.01 Seconds
Solution: 1 4 23 5 18 3 9 12 40 24 26 46 45 6 13 15 38 48 30 14 47 16 49 41 50 36 25 33 35 32 27 39 31 42 44 34 37 29 8 11 22 21 17 43 20 10 28 2 19 7 

Inst_Index:5782 	 City_Num:50 	 Concorde:0.054739 	 MCTS:5.472400 Improve:0.001483 	 Time:5.01 Seconds
Solution: 1 12 8 16 13 38 18 35 20 15 28 11 22 42 47 34 25 36 5 50 29 41 37 46 49 4 40 23 10 43 30 48 32 2 31 19 27 39 17 45 6 3 26 21 14 9 24 44 7 33 

Inst_Index:5783 	 City_Num:50 	 Concorde:0.059450 	 MCTS:5.937809 Improve:0.007225 	 Time:5.01 Seconds
Solution: 1 26 32 13 19 22 15 38 48 10 46 20 37 28 5 25 49 45 16 17 34 11 35 44 42 31 7 41 43 40 9 3 29 47 30 14 24 33 6 18 39 12 21 50 36 27 23 8 4 2 

Inst_Index:5784 	 City_Num:50 	 Concorde:0.056149 	 MCTS:5.610802 Improve:0.004088 	 Time:5.00 Seconds
Solution: 1 33 21 13 8 47 28 7 24 36 19 45 30 26 4 50 12 35 10 43 40 20 3 6 46 42 25 44 22 15 39 48 32 18 31 29 38 17 34 23 27 41 11 2 37 14 49 9 16 5 

Inst_Index:5785 	 City_Num:50 	 Concorde:0.052803 	 MCTS:5.278095 Improve:0.002196 	 Time:5.00 Seconds
Solution: 1 11 18 32 28 9 45 5 19 30 37 15 31 39 7 12 27 34 23 49 14 6 10 8 48 42 36 29 47 33 17 4 13 35 46 22 38 26 44 43 2 24 16 21 41 50 25 40 20 3 

Inst_Index:5786 	 City_Num:50 	 Concorde:0.057237 	 MCTS:5.723728 Improve:0.000000 	 Time:5.00 Seconds
Solution: 1 13 34 40 49 22 8 29 33 30 36 44 12 39 4 18 42 32 46 15 25 6 47 50 35 41 3 7 48 28 38 11 43 2 21 17 27 23 5 37 26 14 45 19 24 10 31 9 16 20 

Inst_Index:5787 	 City_Num:50 	 Concorde:0.057796 	 MCTS:5.779570 Improve:0.000000 	 Time:5.00 Seconds
Solution: 1 34 50 30 41 49 16 37 20 15 6 36 44 7 3 4 21 29 2 31 35 24 38 9 10 40 47 17 25 32 28 27 46 23 13 8 48 5 22 19 11 14 45 26 12 18 33 42 39 43 

Inst_Index:5788 	 City_Num:50 	 Concorde:0.057627 	 MCTS:5.762678 Improve:-0.000000 	 Time:5.00 Seconds
Solution: 1 36 6 30 21 5 39 19 15 27 12 40 10 34 18 50 48 32 42 3 44 13 22 11 24 14 23 41 9 35 17 45 46 29 31 26 33 4 49 43 20 8 16 7 25 28 47 37 2 38 

Inst_Index:5789 	 City_Num:50 	 Concorde:0.057746 	 MCTS:5.774555 Improve:0.000000 	 Time:5.00 Seconds
Solution: 1 20 37 32 33 25 31 4 43 50 28 17 38 15 49 18 41 9 45 3 14 30 39 26 21 47 19 36 27 5 46 11 42 24 12 40 10 16 34 2 6 8 44 29 48 22 13 7 23 35 

Inst_Index:5790 	 City_Num:50 	 Concorde:0.060244 	 MCTS:6.021184 Improve:0.003238 	 Time:5.00 Seconds
Solution: 1 8 23 17 49 46 7 9 35 29 13 37 30 38 28 18 26 41 25 47 36 50 5 15 42 10 22 21 11 19 3 2 44 4 32 48 14 16 34 40 24 43 31 27 6 39 20 33 12 45 

Inst_Index:5791 	 City_Num:50 	 Concorde:0.053990 	 MCTS:5.399009 Improve:0.000000 	 Time:5.00 Seconds
Solution: 1 9 21 45 37 10 13 2 44 47 23 40 25 32 18 30 38 19 27 4 43 41 26 17 49 24 31 6 50 22 11 5 29 20 16 15 35 33 28 3 36 14 46 7 8 39 42 34 12 48 

Inst_Index:5792 	 City_Num:50 	 Concorde:0.057990 	 MCTS:5.798991 Improve:0.000000 	 Time:5.00 Seconds
Solution: 1 41 14 49 3 24 31 19 18 6 30 48 34 45 11 4 15 32 8 7 16 38 39 5 44 37 9 21 46 12 50 43 28 17 36 42 40 35 25 10 22 47 20 27 2 13 29 33 23 26 

Inst_Index:5793 	 City_Num:50 	 Concorde:0.056670 	 MCTS:5.667042 Improve:-0.000000 	 Time:5.00 Seconds
Solution: 1 42 29 18 17 35 41 47 48 3 12 7 11 23 28 49 13 31 9 25 4 33 8 15 45 27 10 30 24 6 50 34 38 20 36 43 19 44 39 26 40 32 2 16 14 21 46 22 5 37 

Inst_Index:5794 	 City_Num:50 	 Concorde:0.055589 	 MCTS:5.555307 Improve:0.003585 	 Time:5.00 Seconds
Solution: 1 10 46 7 3 38 9 44 41 30 26 45 33 4 25 39 28 40 21 17 18 49 43 19 32 23 6 48 20 42 31 5 36 14 16 15 24 37 11 22 8 2 34 50 27 12 29 35 13 47 

Inst_Index:5795 	 City_Num:50 	 Concorde:0.056063 	 MCTS:5.602361 Improve:0.003988 	 Time:5.00 Seconds
Solution: 1 19 41 8 22 36 17 29 45 32 46 9 27 11 42 24 44 20 28 48 15 4 34 31 23 47 40 5 49 38 6 21 39 43 18 14 13 7 2 26 3 12 25 35 10 16 50 33 30 37 

Inst_Index:5796 	 City_Num:50 	 Concorde:0.059323 	 MCTS:5.932288 Improve:0.000000 	 Time:5.00 Seconds
Solution: 1 49 8 34 11 23 38 50 4 33 13 5 16 42 32 14 35 17 25 2 24 45 48 20 22 30 37 46 26 29 10 47 15 9 21 19 12 40 41 43 6 7 3 27 39 18 44 36 31 28 

Inst_Index:5797 	 City_Num:50 	 Concorde:0.055341 	 MCTS:5.534092 Improve:0.000000 	 Time:5.00 Seconds
Solution: 1 26 6 19 2 14 36 3 10 15 47 42 5 8 9 43 28 18 45 22 46 38 21 24 13 7 39 4 17 40 23 31 34 12 29 32 48 49 30 25 20 37 33 16 11 50 41 27 44 35 

Inst_Index:5798 	 City_Num:50 	 Concorde:0.060675 	 MCTS:6.104193 Improve:-0.036739 	 Time:5.00 Seconds
Solution: 1 25 15 19 41 21 17 30 34 46 40 42 4 14 44 28 29 31 6 47 37 23 35 45 50 27 7 13 11 5 39 24 10 2 3 20 48 36 9 16 49 32 33 22 38 18 8 43 26 12 

Inst_Index:5799 	 City_Num:50 	 Concorde:0.059551 	 MCTS:5.955124 Improve:-0.000000 	 Time:5.00 Seconds
Solution: 1 50 34 45 6 49 12 4 16 27 19 8 25 48 14 21 36 41 44 39 17 31 18 29 28 32 47 5 2 43 24 46 23 42 15 20 30 11 7 10 37 33 13 3 40 9 26 38 35 22 

Inst_Index:5800 	 City_Num:50 	 Concorde:0.057988 	 MCTS:5.796425 Improve:0.002401 	 Time:5.00 Seconds
Solution: 1 32 28 2 12 38 18 7 10 40 30 26 27 44 24 19 20 23 35 21 43 45 48 4 13 39 8 5 41 46 29 9 37 49 22 34 17 47 16 15 33 6 31 42 36 14 50 25 3 11 

Inst_Index:5801 	 City_Num:50 	 Concorde:0.054882 	 MCTS:5.486828 Improve:0.001379 	 Time:5.00 Seconds
Solution: 1 21 6 9 20 23 32 22 4 36 37 26 3 2 13 43 8 18 44 42 49 41 45 5 7 48 19 29 38 40 47 35 17 14 15 12 39 27 10 11 24 28 50 31 25 34 16 33 46 30 

Inst_Index:5802 	 City_Num:50 	 Concorde:0.056699 	 MCTS:5.667017 Improve:0.002885 	 Time:5.00 Seconds
Solution: 1 3 6 22 35 2 33 38 44 14 50 15 19 39 10 41 49 28 36 9 24 26 4 37 18 21 12 23 8 7 13 17 30 47 34 16 5 20 43 40 27 11 31 42 32 45 46 48 25 29 

Inst_Index:5803 	 City_Num:50 	 Concorde:0.058222 	 MCTS:5.822198 Improve:-0.000000 	 Time:5.01 Seconds
Solution: 1 6 38 12 37 19 41 16 2 3 27 39 43 13 4 44 30 48 46 50 40 25 45 15 31 9 21 7 42 26 8 34 28 17 22 33 18 23 5 20 24 32 47 36 29 49 35 14 10 11 

Inst_Index:5804 	 City_Num:50 	 Concorde:0.054981 	 MCTS:5.496594 Improve:0.001491 	 Time:5.00 Seconds
Solution: 1 17 7 14 25 10 12 35 6 22 44 13 36 21 9 41 30 37 8 4 38 26 43 40 20 15 48 29 31 3 33 27 16 19 47 2 18 34 50 39 11 32 24 45 23 42 46 49 5 28 

Inst_Index:5805 	 City_Num:50 	 Concorde:0.057308 	 MCTS:5.730775 Improve:-0.000000 	 Time:5.00 Seconds
Solution: 1 45 2 23 4 46 41 21 33 44 42 43 49 19 13 36 6 24 28 35 20 7 48 25 34 39 12 37 32 15 8 29 11 30 9 27 17 22 3 38 5 14 50 40 10 47 31 16 18 26 

Inst_Index:5806 	 City_Num:50 	 Concorde:0.060036 	 MCTS:6.003648 Improve:0.000000 	 Time:5.00 Seconds
Solution: 1 48 49 3 37 14 42 38 6 11 43 18 31 2 44 40 27 16 22 41 50 4 29 33 15 8 10 12 20 26 34 21 46 28 24 36 25 45 5 13 7 30 9 32 35 47 39 17 19 23 

Inst_Index:5807 	 City_Num:50 	 Concorde:0.051176 	 MCTS:5.117566 Improve:0.000000 	 Time:5.01 Seconds
Solution: 1 47 41 3 12 28 24 50 15 49 37 14 32 35 20 22 21 17 13 40 48 46 33 6 31 9 25 23 5 45 16 29 36 39 34 2 19 44 4 42 18 8 27 26 7 43 11 38 30 10 

Inst_Index:5808 	 City_Num:50 	 Concorde:0.055559 	 MCTS:5.552607 Improve:0.003312 	 Time:5.00 Seconds
Solution: 1 7 49 34 32 35 10 25 6 3 46 41 9 23 29 31 48 11 39 22 37 43 28 20 38 15 50 13 8 4 26 5 2 33 18 16 40 42 27 24 45 21 17 19 36 14 44 30 12 47 

Inst_Index:5809 	 City_Num:50 	 Concorde:0.055763 	 MCTS:5.576274 Improve:-0.000000 	 Time:5.00 Seconds
Solution: 1 4 34 32 36 43 16 25 41 13 50 12 2 3 27 28 35 9 10 15 44 26 49 30 24 7 8 14 29 46 20 21 40 37 22 5 47 18 38 48 45 6 33 11 23 42 17 19 31 39 

Inst_Index:5810 	 City_Num:50 	 Concorde:0.059101 	 MCTS:5.910141 Improve:0.000000 	 Time:5.00 Seconds
Solution: 1 22 5 26 17 40 28 31 10 16 8 36 38 32 49 35 24 4 2 34 23 7 15 44 37 43 27 45 30 50 25 12 41 18 47 29 33 46 13 21 42 11 20 39 14 19 3 6 48 9 

Inst_Index:5811 	 City_Num:50 	 Concorde:0.054306 	 MCTS:5.430638 Improve:-0.000000 	 Time:5.00 Seconds
Solution: 1 23 34 30 13 48 4 21 7 46 35 33 22 42 17 39 11 16 36 49 19 20 29 50 10 12 38 26 27 37 3 8 47 25 6 41 44 32 9 24 5 43 45 40 31 18 15 2 14 28 

Inst_Index:5812 	 City_Num:50 	 Concorde:0.057089 	 MCTS:5.708928 Improve:0.000000 	 Time:5.00 Seconds
Solution: 1 11 12 40 28 49 48 44 6 25 46 17 5 24 15 16 32 50 43 23 19 18 26 31 29 30 14 8 13 2 42 34 47 27 41 4 35 22 37 39 3 9 36 10 38 21 20 33 7 45 

Inst_Index:5813 	 City_Num:50 	 Concorde:0.056869 	 MCTS:5.685503 Improve:0.001439 	 Time:5.00 Seconds
Solution: 1 6 26 49 29 37 9 48 3 32 22 12 11 47 43 21 15 30 2 50 17 46 25 23 10 28 33 4 19 8 41 42 7 27 35 45 38 16 44 5 31 39 20 36 24 34 40 18 13 14 

Inst_Index:5814 	 City_Num:50 	 Concorde:0.053101 	 MCTS:5.308604 Improve:0.001479 	 Time:5.00 Seconds
Solution: 1 29 27 19 38 44 34 2 46 5 9 49 26 7 21 41 47 37 42 36 40 11 45 10 50 35 17 13 14 8 23 6 32 33 28 20 12 48 30 43 15 16 31 22 39 4 24 3 25 18 

Inst_Index:5815 	 City_Num:50 	 Concorde:0.057833 	 MCTS:5.783337 Improve:0.000000 	 Time:5.00 Seconds
Solution: 1 39 27 41 23 44 31 21 47 16 15 35 19 50 8 17 2 30 34 10 9 28 5 42 40 18 24 20 7 14 13 25 12 3 33 22 4 38 43 29 45 32 26 48 46 36 11 49 37 6 

Inst_Index:5816 	 City_Num:50 	 Concorde:0.059976 	 MCTS:5.997603 Improve:0.000000 	 Time:5.00 Seconds
Solution: 1 5 27 25 19 49 16 32 39 15 7 34 10 42 13 20 8 36 30 22 3 11 47 31 14 12 38 21 28 43 17 2 44 41 9 33 48 26 37 6 29 35 46 45 18 4 24 40 23 50 

Inst_Index:5817 	 City_Num:50 	 Concorde:0.055852 	 MCTS:5.578610 Improve:0.006587 	 Time:5.00 Seconds
Solution: 1 29 12 23 25 27 43 21 2 39 32 46 8 9 18 47 49 7 16 14 20 10 6 33 44 37 3 35 24 50 30 19 11 17 34 31 22 26 45 42 15 4 38 5 28 48 40 41 36 13 

Inst_Index:5818 	 City_Num:50 	 Concorde:0.057636 	 MCTS:5.763574 Improve:0.000000 	 Time:5.00 Seconds
Solution: 1 43 32 6 12 44 27 31 26 17 9 23 35 8 28 50 25 39 36 46 18 40 13 7 16 42 37 19 29 20 34 49 2 41 21 10 38 30 45 48 3 5 14 24 22 15 11 47 4 33 

Inst_Index:5819 	 City_Num:50 	 Concorde:0.056332 	 MCTS:5.633193 Improve:-0.000000 	 Time:5.00 Seconds
Solution: 1 33 48 3 16 8 19 44 41 28 5 39 50 40 27 18 14 45 12 35 9 47 23 20 32 10 13 36 46 15 7 49 6 34 42 25 37 43 26 11 24 29 17 4 22 2 38 21 31 30 

Inst_Index:5820 	 City_Num:50 	 Concorde:0.058945 	 MCTS:5.894511 Improve:-0.000000 	 Time:5.00 Seconds
Solution: 1 32 41 34 36 50 37 39 14 2 24 48 21 22 31 6 30 4 16 47 33 46 45 26 8 10 38 27 49 20 43 23 40 18 44 29 11 28 5 35 3 42 13 15 12 7 25 9 19 17 

Inst_Index:5821 	 City_Num:50 	 Concorde:0.053225 	 MCTS:5.321230 Improve:0.001264 	 Time:5.00 Seconds
Solution: 1 29 38 3 32 4 28 27 33 18 45 42 35 20 40 16 11 41 26 39 34 37 22 19 6 7 2 23 21 36 46 24 8 5 50 17 43 14 47 12 30 49 31 13 44 9 48 10 25 15 

Inst_Index:5822 	 City_Num:50 	 Concorde:0.056804 	 MCTS:5.673759 Improve:0.006607 	 Time:5.02 Seconds
Solution: 1 18 50 25 44 29 22 45 13 9 6 40 17 23 15 49 8 46 48 27 42 28 43 31 38 32 35 19 7 16 14 11 20 26 2 21 37 4 36 34 24 47 3 10 41 39 5 33 30 12 

Inst_Index:5823 	 City_Num:50 	 Concorde:0.060195 	 MCTS:6.019495 Improve:0.000000 	 Time:5.01 Seconds
Solution: 1 39 22 41 48 5 31 46 3 23 28 8 21 50 24 26 17 36 13 33 19 38 7 25 15 12 47 2 35 34 49 30 6 14 9 37 10 20 16 45 4 18 11 32 40 42 29 43 44 27 

Inst_Index:5824 	 City_Num:50 	 Concorde:0.057643 	 MCTS:5.764318 Improve:-0.000000 	 Time:5.00 Seconds
Solution: 1 36 19 26 29 24 7 47 6 2 42 16 49 5 37 21 9 25 8 44 20 10 38 43 35 23 46 15 31 11 4 12 14 33 34 13 17 32 50 45 18 27 41 30 48 28 3 40 39 22 

Inst_Index:5825 	 City_Num:50 	 Concorde:0.052419 	 MCTS:5.240408 Improve:0.001485 	 Time:5.01 Seconds
Solution: 1 32 47 36 39 18 25 11 7 8 14 48 29 15 43 41 27 46 19 33 2 5 12 42 10 26 13 24 30 45 28 31 9 20 40 4 38 37 16 22 23 6 49 35 44 50 3 34 17 21 

Inst_Index:5826 	 City_Num:50 	 Concorde:0.058828 	 MCTS:5.881209 Improve:0.001625 	 Time:5.00 Seconds
Solution: 1 14 8 16 18 6 41 27 4 29 49 45 15 48 50 30 10 13 39 25 40 11 20 35 46 31 7 21 24 43 5 38 36 19 42 22 9 28 33 34 23 26 17 44 2 47 32 12 37 3 

Inst_Index:5827 	 City_Num:50 	 Concorde:0.059225 	 MCTS:5.922495 Improve:0.000000 	 Time:5.00 Seconds
Solution: 1 45 21 33 43 4 50 28 32 19 18 11 22 8 26 15 47 38 40 23 49 20 14 3 5 29 39 44 24 10 31 48 16 13 35 9 42 12 6 2 46 30 7 36 25 34 27 41 17 37 

Inst_Index:5828 	 City_Num:50 	 Concorde:0.057463 	 MCTS:5.746292 Improve:0.000000 	 Time:5.00 Seconds
Solution: 1 19 12 46 28 17 4 8 27 18 39 48 45 14 36 41 35 15 25 37 20 21 44 40 32 47 26 2 29 10 24 38 7 5 42 30 16 31 50 6 49 43 11 23 33 22 34 3 13 9 

Inst_Index:5829 	 City_Num:50 	 Concorde:0.058274 	 MCTS:5.827396 Improve:0.000000 	 Time:5.00 Seconds
Solution: 1 32 14 13 36 34 2 48 18 6 4 9 29 43 40 37 44 25 45 16 50 30 33 8 21 38 12 31 41 23 10 24 27 49 11 46 22 39 35 17 19 15 5 26 3 42 7 28 20 47 

Inst_Index:5830 	 City_Num:50 	 Concorde:0.061293 	 MCTS:6.129298 Improve:0.000000 	 Time:5.00 Seconds
Solution: 1 27 32 25 40 42 41 21 38 28 5 11 3 23 16 39 48 10 46 35 44 22 33 13 50 43 24 8 49 12 34 9 14 20 30 19 45 15 31 7 37 36 6 47 29 17 2 18 4 26 

Inst_Index:5831 	 City_Num:50 	 Concorde:0.059357 	 MCTS:5.922882 Improve:0.012832 	 Time:5.01 Seconds
Solution: 1 26 6 39 49 3 40 48 45 28 18 50 13 10 9 5 2 7 36 34 19 41 46 4 37 33 25 8 47 29 16 27 32 11 35 20 38 30 21 22 42 14 31 17 24 12 23 44 15 43 

Inst_Index:5832 	 City_Num:50 	 Concorde:0.057218 	 MCTS:5.721821 Improve:-0.000000 	 Time:5.01 Seconds
Solution: 1 16 43 6 47 27 41 37 45 17 4 30 49 36 31 28 12 34 14 8 18 39 29 3 9 5 22 32 11 35 2 44 23 48 20 19 50 7 33 13 42 40 15 10 21 46 26 25 38 24 

Inst_Index:5833 	 City_Num:50 	 Concorde:0.054708 	 MCTS:5.470817 Improve:0.000000 	 Time:5.00 Seconds
Solution: 1 32 7 47 23 38 30 24 19 20 49 12 26 4 11 14 9 31 22 13 17 8 44 50 28 45 34 43 18 3 41 25 36 29 42 40 39 6 5 21 2 46 16 35 48 15 33 10 37 27 

Inst_Index:5834 	 City_Num:50 	 Concorde:0.055516 	 MCTS:5.551622 Improve:-0.000000 	 Time:5.00 Seconds
Solution: 1 39 8 44 30 25 29 45 43 7 38 20 36 13 41 10 14 50 23 28 15 9 2 16 35 33 49 34 31 18 46 26 24 27 19 11 17 3 6 12 40 22 42 4 5 37 21 32 47 48 

Inst_Index:5835 	 City_Num:50 	 Concorde:0.059865 	 MCTS:5.986481 Improve:0.000000 	 Time:5.00 Seconds
Solution: 1 11 36 14 46 50 21 45 38 39 2 10 18 44 17 28 32 37 15 26 22 9 42 48 33 34 12 27 35 7 4 31 47 24 25 30 5 43 49 40 20 41 3 13 8 29 19 16 6 23 

Inst_Index:5836 	 City_Num:50 	 Concorde:0.053387 	 MCTS:5.338711 Improve:0.000000 	 Time:5.00 Seconds
Solution: 1 3 33 43 34 18 24 37 27 36 21 12 30 28 41 16 23 4 7 44 11 19 48 47 6 5 40 38 15 32 25 29 31 17 42 46 26 10 2 39 14 8 22 13 9 50 45 49 20 35 

Inst_Index:5837 	 City_Num:50 	 Concorde:0.061762 	 MCTS:6.176196 Improve:0.000000 	 Time:5.00 Seconds
Solution: 1 13 19 33 21 32 35 4 41 38 46 9 47 22 39 25 16 37 20 49 26 3 29 48 17 10 30 18 40 42 36 12 23 14 2 34 7 45 8 28 31 24 43 50 5 44 15 11 27 6 

Inst_Index:5838 	 City_Num:50 	 Concorde:0.056454 	 MCTS:5.642603 Improve:0.002761 	 Time:5.00 Seconds
Solution: 1 4 27 2 50 45 26 11 40 39 47 49 43 23 20 13 17 32 37 46 38 12 29 5 30 3 16 18 21 9 34 48 44 15 42 41 31 8 35 25 33 6 22 10 19 14 7 28 24 36 

Inst_Index:5839 	 City_Num:50 	 Concorde:0.055156 	 MCTS:5.515620 Improve:0.000000 	 Time:5.00 Seconds
Solution: 1 46 23 49 14 43 11 25 37 16 50 5 34 10 4 24 13 26 35 48 28 8 33 3 40 27 31 29 32 30 21 22 45 38 42 41 47 15 12 44 2 17 20 9 6 18 39 36 19 7 

Inst_Index:5840 	 City_Num:50 	 Concorde:0.059135 	 MCTS:5.913524 Improve:0.000000 	 Time:5.00 Seconds
Solution: 1 38 24 35 6 29 8 9 3 49 36 33 40 25 46 45 19 21 20 14 2 7 28 13 44 15 26 50 11 41 27 48 39 47 30 17 12 32 37 16 18 22 23 5 31 43 42 10 4 34 

Inst_Index:5841 	 City_Num:50 	 Concorde:0.055540 	 MCTS:5.553979 Improve:0.000000 	 Time:5.00 Seconds
Solution: 1 38 44 15 8 18 45 13 2 25 22 17 24 48 39 31 33 19 23 26 32 5 6 43 29 7 4 37 34 36 50 42 3 47 20 16 21 35 14 49 12 40 10 46 27 28 9 41 11 30 

Inst_Index:5842 	 City_Num:50 	 Concorde:0.055942 	 MCTS:5.594240 Improve:0.000000 	 Time:5.00 Seconds
Solution: 1 20 46 3 49 27 18 30 22 38 15 24 47 2 14 5 48 25 19 13 17 35 34 36 9 4 42 12 31 26 32 37 39 11 45 44 28 29 6 23 16 50 41 10 21 7 8 43 33 40 

Inst_Index:5843 	 City_Num:50 	 Concorde:0.057770 	 MCTS:5.772140 Improve:0.004898 	 Time:5.00 Seconds
Solution: 1 19 47 24 4 23 30 20 32 18 25 16 33 36 12 46 17 35 11 22 42 2 34 15 9 5 3 21 40 29 41 37 43 39 6 49 7 44 50 13 48 31 26 14 10 28 8 38 27 45 

Inst_Index:5844 	 City_Num:50 	 Concorde:0.059035 	 MCTS:5.903533 Improve:0.000000 	 Time:5.00 Seconds
Solution: 1 28 13 20 42 18 4 26 43 47 46 11 24 36 38 16 25 31 32 35 33 49 14 50 3 6 30 48 39 19 5 23 37 21 29 44 8 17 41 12 40 15 9 34 27 7 22 10 2 45 

Inst_Index:5845 	 City_Num:50 	 Concorde:0.056885 	 MCTS:5.688468 Improve:0.000000 	 Time:5.00 Seconds
Solution: 1 4 34 42 47 18 28 14 38 20 12 46 27 7 37 22 10 29 21 49 5 15 19 30 44 36 8 33 50 16 11 24 32 3 26 2 35 9 6 25 39 48 45 17 31 23 43 13 41 40 

Inst_Index:5846 	 City_Num:50 	 Concorde:0.056152 	 MCTS:5.614207 Improve:0.000994 	 Time:5.00 Seconds
Solution: 1 14 39 19 16 35 33 47 15 21 6 2 29 37 22 42 44 41 5 49 24 17 27 8 43 13 34 26 20 9 46 23 25 30 7 31 50 40 11 32 10 12 45 3 48 38 28 4 36 18 

Inst_Index:5847 	 City_Num:50 	 Concorde:0.054193 	 MCTS:5.417801 Improve:0.001487 	 Time:5.00 Seconds
Solution: 1 3 22 24 23 10 9 44 27 28 2 15 6 45 37 36 29 40 17 34 19 33 11 38 5 7 46 43 26 20 4 35 12 47 42 31 18 41 8 48 13 14 30 50 49 16 39 21 25 32 

Inst_Index:5848 	 City_Num:50 	 Concorde:0.057064 	 MCTS:5.705730 Improve:0.000710 	 Time:5.00 Seconds
Solution: 1 15 25 26 21 4 16 36 45 40 14 39 46 17 30 34 12 38 41 11 44 31 13 27 10 6 20 2 48 22 9 33 49 8 43 32 7 47 37 18 5 35 42 19 50 24 3 29 23 28 

Inst_Index:5849 	 City_Num:50 	 Concorde:0.059091 	 MCTS:5.909129 Improve:-0.000000 	 Time:5.00 Seconds
Solution: 1 19 46 47 43 49 34 37 16 31 50 4 2 45 29 14 35 5 24 32 22 27 44 41 30 23 48 33 42 12 20 10 25 39 28 36 13 7 9 11 26 3 40 6 15 17 38 18 21 8 

Inst_Index:5850 	 City_Num:50 	 Concorde:0.055073 	 MCTS:5.507335 Improve:0.000000 	 Time:5.00 Seconds
Solution: 1 2 34 30 22 46 11 6 36 5 47 13 14 19 41 42 8 7 10 3 4 15 9 17 45 21 18 37 26 20 38 50 16 49 48 23 35 32 43 31 39 28 27 33 12 25 24 29 40 44 

Inst_Index:5851 	 City_Num:50 	 Concorde:0.059657 	 MCTS:5.957772 Improve:0.007922 	 Time:5.00 Seconds
Solution: 1 3 39 25 11 12 33 38 21 30 22 23 32 49 20 43 18 28 50 10 6 36 41 42 26 4 46 35 40 37 7 17 34 29 14 44 16 9 48 5 27 45 13 24 47 8 2 15 19 31 

Inst_Index:5852 	 City_Num:50 	 Concorde:0.055708 	 MCTS:5.570834 Improve:0.000000 	 Time:5.00 Seconds
Solution: 1 37 23 3 47 27 13 8 25 15 19 28 49 32 2 12 36 10 31 50 21 43 20 24 33 44 26 39 29 4 48 42 16 40 6 9 11 30 41 17 22 46 5 34 18 14 7 38 45 35 

Inst_Index:5853 	 City_Num:50 	 Concorde:0.057074 	 MCTS:5.707439 Improve:-0.000000 	 Time:5.00 Seconds
Solution: 1 46 6 44 47 7 24 39 3 27 4 38 33 15 20 2 29 19 36 8 12 22 17 50 10 49 28 30 5 26 11 48 18 35 37 25 43 21 32 16 13 9 23 41 34 45 31 40 14 42 

Inst_Index:5854 	 City_Num:50 	 Concorde:0.057491 	 MCTS:5.748018 Improve:0.001066 	 Time:5.00 Seconds
Solution: 1 40 39 13 49 37 36 28 17 14 21 19 27 5 12 4 3 42 32 9 35 46 47 29 33 41 20 10 8 22 50 30 48 6 2 24 31 45 15 18 23 11 34 26 7 38 16 43 44 25 

Inst_Index:5855 	 City_Num:50 	 Concorde:0.057237 	 MCTS:5.723653 Improve:0.000000 	 Time:5.00 Seconds
Solution: 1 27 17 14 38 25 32 46 40 19 31 42 13 47 6 22 7 15 30 10 8 18 21 5 37 3 45 11 43 29 49 12 36 34 50 39 26 16 23 24 35 33 9 28 4 44 41 48 2 20 

Inst_Index:5856 	 City_Num:50 	 Concorde:0.058044 	 MCTS:5.804355 Improve:0.000000 	 Time:5.00 Seconds
Solution: 1 32 4 6 43 10 23 39 9 5 45 28 44 40 41 30 50 16 31 47 35 36 14 33 22 8 49 12 19 26 34 15 21 3 11 37 17 7 20 25 27 38 18 13 42 48 2 46 24 29 

Inst_Index:5857 	 City_Num:50 	 Concorde:0.054215 	 MCTS:5.421536 Improve:-0.000000 	 Time:5.00 Seconds
Solution: 1 35 47 4 27 23 39 48 16 11 46 8 14 3 10 30 12 17 21 28 9 29 15 50 38 2 36 44 18 31 37 20 26 40 34 49 7 5 32 22 43 41 6 42 33 25 19 24 45 13 

Inst_Index:5858 	 City_Num:50 	 Concorde:0.059547 	 MCTS:5.952977 Improve:0.001694 	 Time:5.00 Seconds
Solution: 1 30 47 8 13 10 48 2 36 49 40 50 44 43 45 29 46 3 26 14 11 6 21 4 15 12 9 33 32 5 27 24 31 23 18 34 38 17 20 22 41 35 7 16 19 37 42 39 28 25 

Inst_Index:5859 	 City_Num:50 	 Concorde:0.056651 	 MCTS:5.665127 Improve:0.000000 	 Time:5.00 Seconds
Solution: 1 16 9 45 38 33 31 24 46 18 12 3 32 50 21 11 49 44 35 34 39 8 25 43 19 22 28 2 29 30 27 41 10 48 42 6 14 40 7 47 23 5 17 26 4 13 20 15 36 37 

Inst_Index:5860 	 City_Num:50 	 Concorde:0.058393 	 MCTS:5.839251 Improve:0.000000 	 Time:5.00 Seconds
Solution: 1 4 48 18 24 37 17 21 49 47 43 23 41 33 27 36 44 2 26 28 9 32 22 46 39 6 42 30 38 19 5 14 45 13 3 15 11 7 25 40 8 20 10 31 16 35 29 50 34 12 

Inst_Index:5861 	 City_Num:50 	 Concorde:0.058213 	 MCTS:5.820819 Improve:0.000512 	 Time:5.00 Seconds
Solution: 1 45 9 18 38 39 23 22 32 25 47 4 35 8 26 17 6 43 13 20 12 49 15 11 30 34 36 27 41 44 29 21 10 2 14 42 50 40 31 46 19 24 37 3 48 16 28 33 5 7 

Inst_Index:5862 	 City_Num:50 	 Concorde:0.055874 	 MCTS:5.587385 Improve:-0.000000 	 Time:5.00 Seconds
Solution: 1 32 48 26 10 4 35 21 41 49 45 44 3 37 50 15 28 2 13 29 14 8 7 20 38 33 40 11 27 16 42 36 6 9 47 22 31 25 19 46 39 43 18 23 5 30 17 12 24 34 

Inst_Index:5863 	 City_Num:50 	 Concorde:0.059023 	 MCTS:5.901708 Improve:0.000623 	 Time:5.00 Seconds
Solution: 1 14 9 46 33 29 20 7 35 41 27 45 2 37 5 4 24 15 21 16 12 26 22 39 17 23 50 3 38 30 44 49 43 42 19 25 36 6 18 31 11 34 48 32 47 40 10 13 28 8 

Inst_Index:5864 	 City_Num:50 	 Concorde:0.052987 	 MCTS:5.298748 Improve:0.000000 	 Time:5.00 Seconds
Solution: 1 38 49 44 39 19 13 36 9 22 16 21 15 14 28 35 11 27 32 8 45 24 33 30 31 6 43 47 50 10 46 4 5 3 23 34 29 37 42 17 12 48 41 18 2 25 20 26 40 7 

Inst_Index:5865 	 City_Num:50 	 Concorde:0.054918 	 MCTS:5.491791 Improve:0.000000 	 Time:5.00 Seconds
Solution: 1 49 38 29 25 9 36 40 32 34 11 47 27 10 17 45 28 7 30 13 37 26 44 39 4 16 35 23 21 3 19 14 8 6 12 42 2 50 43 46 41 48 22 5 15 18 24 20 33 31 

Inst_Index:5866 	 City_Num:50 	 Concorde:0.059057 	 MCTS:5.905684 Improve:0.000000 	 Time:5.00 Seconds
Solution: 1 9 45 49 33 35 48 10 23 28 2 4 32 5 38 42 37 27 7 12 31 26 34 8 39 13 41 20 17 11 16 43 15 46 30 36 21 19 24 6 47 14 18 22 44 3 29 50 40 25 

Inst_Index:5867 	 City_Num:50 	 Concorde:0.051353 	 MCTS:5.135345 Improve:0.000000 	 Time:5.00 Seconds
Solution: 1 7 26 45 31 12 15 22 8 3 9 2 37 32 42 28 48 43 21 11 13 20 36 38 16 6 44 46 27 23 33 4 40 47 50 14 34 39 19 18 24 41 49 10 17 30 5 35 29 25 

Inst_Index:5868 	 City_Num:50 	 Concorde:0.059942 	 MCTS:5.994208 Improve:0.000000 	 Time:5.00 Seconds
Solution: 1 31 39 22 20 32 49 6 5 16 24 50 47 9 43 34 13 15 17 4 37 23 2 29 19 33 12 30 26 38 14 28 11 10 48 25 35 7 36 8 3 41 27 46 42 45 44 21 40 18 

Inst_Index:5869 	 City_Num:50 	 Concorde:0.054429 	 MCTS:5.441093 Improve:0.001788 	 Time:5.00 Seconds
Solution: 1 8 20 30 7 23 15 35 42 49 14 47 2 39 26 19 18 28 21 41 50 32 31 29 40 9 11 37 13 48 43 25 46 6 10 34 17 16 3 5 36 22 33 4 45 24 38 12 44 27 

Inst_Index:5870 	 City_Num:50 	 Concorde:0.052591 	 MCTS:5.259126 Improve:0.000000 	 Time:5.01 Seconds
Solution: 1 43 13 20 5 28 25 22 14 39 23 3 27 46 35 44 50 40 6 41 12 21 11 8 42 16 17 10 36 30 47 19 45 37 49 29 38 33 2 4 18 24 15 7 32 31 34 48 9 26 

Inst_Index:5871 	 City_Num:50 	 Concorde:0.059327 	 MCTS:5.932738 Improve:0.000000 	 Time:5.01 Seconds
Solution: 1 28 19 8 41 25 44 30 21 9 18 32 47 23 7 37 20 40 16 33 3 42 27 35 2 36 15 49 39 17 11 43 31 22 6 34 4 29 5 48 26 10 38 13 50 24 45 46 12 14 

Inst_Index:5872 	 City_Num:50 	 Concorde:0.054779 	 MCTS:5.473852 Improve:0.004081 	 Time:5.00 Seconds
Solution: 1 16 39 32 50 23 48 42 14 29 38 36 40 30 12 49 34 21 2 22 26 9 28 19 17 24 46 10 18 47 43 15 41 45 37 5 44 13 27 11 31 8 6 33 35 25 7 4 3 20 

Inst_Index:5873 	 City_Num:50 	 Concorde:0.060849 	 MCTS:6.084888 Improve:0.000000 	 Time:5.00 Seconds
Solution: 1 28 36 49 8 38 23 31 29 19 4 42 26 46 33 41 21 10 48 22 16 37 45 34 14 32 39 18 15 17 50 5 9 20 40 43 7 30 35 11 24 2 44 27 25 3 6 13 12 47 

Inst_Index:5874 	 City_Num:50 	 Concorde:0.060106 	 MCTS:6.010620 Improve:0.000000 	 Time:5.00 Seconds
Solution: 1 40 31 36 43 35 29 15 34 24 30 7 14 2 44 41 22 4 37 47 18 38 45 42 5 49 20 46 26 23 3 9 19 33 50 21 39 13 16 10 48 27 17 32 6 11 28 25 12 8 

Inst_Index:5875 	 City_Num:50 	 Concorde:0.057533 	 MCTS:5.753314 Improve:-0.000000 	 Time:5.00 Seconds
Solution: 1 50 9 3 14 8 32 23 20 17 34 21 10 15 13 42 25 46 37 16 28 47 18 29 49 36 2 35 7 41 22 30 38 6 40 12 27 19 44 11 45 33 4 26 5 48 43 31 39 24 

Inst_Index:5876 	 City_Num:50 	 Concorde:0.056880 	 MCTS:5.687980 Improve:0.000000 	 Time:5.00 Seconds
Solution: 1 37 10 8 46 17 29 35 6 25 7 43 28 13 15 32 23 31 27 41 21 19 9 49 45 12 30 34 39 42 40 36 47 5 2 14 16 38 22 20 24 26 33 3 44 11 50 18 48 4 

Inst_Index:5877 	 City_Num:50 	 Concorde:0.053490 	 MCTS:5.349025 Improve:0.000000 	 Time:5.00 Seconds
Solution: 1 20 41 31 39 34 23 6 17 42 44 16 2 45 29 3 19 24 46 28 43 35 22 8 25 13 38 30 14 11 32 5 21 48 26 9 49 18 33 12 50 7 10 36 27 15 37 4 47 40 

Inst_Index:5878 	 City_Num:50 	 Concorde:0.054502 	 MCTS:5.450226 Improve:0.000000 	 Time:5.00 Seconds
Solution: 1 31 9 30 13 21 26 15 35 14 37 49 2 27 3 29 47 36 46 6 19 23 39 32 24 4 41 7 8 18 28 48 12 44 43 20 10 33 22 34 50 5 42 40 16 25 11 17 38 45 

Inst_Index:5879 	 City_Num:50 	 Concorde:0.057214 	 MCTS:5.719231 Improve:0.002181 	 Time:5.01 Seconds
Solution: 1 20 28 11 48 31 44 6 46 7 2 21 27 33 49 17 18 42 16 25 4 35 38 32 12 9 34 36 5 41 39 14 23 19 22 45 10 40 15 30 37 29 47 26 13 8 24 43 3 50 

Inst_Index:5880 	 City_Num:50 	 Concorde:0.059121 	 MCTS:5.912061 Improve:0.000000 	 Time:5.00 Seconds
Solution: 1 33 9 5 44 28 46 23 26 36 32 47 2 13 12 30 18 34 37 25 21 17 39 22 29 16 11 42 20 19 14 35 31 8 6 10 4 50 41 38 45 49 27 43 3 40 7 48 24 15 

Inst_Index:5881 	 City_Num:50 	 Concorde:0.051752 	 MCTS:5.175228 Improve:-0.000000 	 Time:5.00 Seconds
Solution: 1 37 38 5 50 30 19 34 33 4 45 13 49 11 15 10 2 22 40 7 23 16 25 48 14 21 36 46 31 20 35 47 6 32 8 43 42 27 18 39 17 26 29 9 28 12 44 24 41 3 

Inst_Index:5882 	 City_Num:50 	 Concorde:0.057358 	 MCTS:5.735756 Improve:0.000000 	 Time:5.00 Seconds
Solution: 1 23 17 41 40 43 31 25 32 49 5 2 39 19 36 13 10 45 34 7 50 27 30 24 38 4 22 20 15 8 35 3 16 46 29 11 37 21 47 48 28 12 14 33 44 42 9 6 18 26 

Inst_Index:5883 	 City_Num:50 	 Concorde:0.060353 	 MCTS:6.021982 Improve:0.013353 	 Time:5.00 Seconds
Solution: 1 40 14 22 12 20 18 4 21 45 37 23 28 32 35 25 3 43 41 39 34 42 8 9 49 33 29 17 6 16 44 46 15 36 11 30 24 47 48 31 2 50 27 10 13 7 38 5 19 26 

Inst_Index:5884 	 City_Num:50 	 Concorde:0.054024 	 MCTS:5.402443 Improve:0.000000 	 Time:5.00 Seconds
Solution: 1 28 22 13 16 25 9 21 8 12 27 43 40 36 7 23 4 34 33 19 35 32 24 20 37 50 31 39 6 44 26 14 30 15 46 18 10 41 17 29 38 45 2 3 47 11 5 42 49 48 

Inst_Index:5885 	 City_Num:50 	 Concorde:0.056783 	 MCTS:5.678275 Improve:0.000000 	 Time:5.00 Seconds
Solution: 1 7 13 46 5 2 27 36 41 49 16 31 25 17 50 33 12 26 29 18 21 42 4 9 35 6 23 3 20 14 45 8 19 34 39 32 28 44 38 40 22 24 47 15 30 43 11 48 10 37 

Inst_Index:5886 	 City_Num:50 	 Concorde:0.059297 	 MCTS:5.925853 Improve:0.003799 	 Time:5.00 Seconds
Solution: 1 42 3 45 6 46 17 29 32 44 25 9 36 47 48 23 21 8 2 24 38 31 4 37 7 40 30 16 49 34 12 27 5 35 50 41 26 22 33 15 13 10 20 18 43 19 28 11 39 14 

Inst_Index:5887 	 City_Num:50 	 Concorde:0.052447 	 MCTS:5.239944 Improve:0.004766 	 Time:5.00 Seconds
Solution: 1 25 38 24 50 10 44 18 26 15 4 39 35 48 21 31 43 32 9 14 6 47 3 42 46 7 2 8 13 40 45 34 23 20 37 12 22 49 16 19 5 17 30 28 29 33 11 36 41 27 

Inst_Index:5888 	 City_Num:50 	 Concorde:0.055458 	 MCTS:5.545406 Improve:0.000416 	 Time:5.00 Seconds
Solution: 1 31 44 32 8 28 4 41 42 39 38 43 49 20 2 47 14 18 48 23 15 35 11 5 50 26 21 19 36 45 27 16 9 7 24 40 37 46 22 34 29 33 25 10 30 17 3 13 12 6 

Inst_Index:5889 	 City_Num:50 	 Concorde:0.061141 	 MCTS:6.114131 Improve:0.000000 	 Time:5.00 Seconds
Solution: 1 30 33 39 25 48 9 13 14 46 24 15 7 19 32 22 40 34 16 27 41 17 18 37 12 6 44 8 29 3 21 49 43 23 42 45 38 26 50 47 31 11 5 2 35 20 10 4 36 28 

Inst_Index:5890 	 City_Num:50 	 Concorde:0.056502 	 MCTS:5.641122 Improve:0.009112 	 Time:5.00 Seconds
Solution: 1 13 21 47 34 8 50 36 48 29 16 43 41 12 11 23 46 42 4 10 14 45 28 33 18 37 31 3 2 44 40 30 9 20 26 17 7 35 25 5 38 49 27 39 6 19 24 32 22 15 

Inst_Index:5891 	 City_Num:50 	 Concorde:0.053760 	 MCTS:5.375969 Improve:0.000000 	 Time:5.00 Seconds
Solution: 1 14 11 50 5 30 47 31 48 42 38 39 21 15 46 20 13 49 32 6 19 26 18 24 34 33 23 27 40 2 12 17 41 36 7 10 28 37 4 44 29 8 16 22 35 25 43 45 3 9 

Inst_Index:5892 	 City_Num:50 	 Concorde:0.055478 	 MCTS:5.547808 Improve:0.000000 	 Time:5.00 Seconds
Solution: 1 25 8 19 30 3 43 24 10 27 18 23 14 11 45 15 9 44 32 13 17 29 34 46 50 41 22 37 49 6 16 7 35 21 26 5 4 39 47 31 2 20 42 48 28 33 36 40 12 38 

Inst_Index:5893 	 City_Num:50 	 Concorde:0.060263 	 MCTS:6.026313 Improve:0.000000 	 Time:5.00 Seconds
Solution: 1 7 23 25 11 30 44 5 13 15 19 49 20 33 3 17 38 40 16 29 32 46 9 8 41 14 28 22 4 24 36 34 12 39 42 31 47 45 26 18 43 37 10 21 35 6 2 50 48 27 

Inst_Index:5894 	 City_Num:50 	 Concorde:0.056165 	 MCTS:5.616504 Improve:-0.000000 	 Time:5.00 Seconds
Solution: 1 4 3 43 20 25 13 31 19 44 15 46 8 22 16 18 28 11 17 49 24 39 32 7 29 48 41 42 47 30 37 36 2 10 5 50 26 6 45 21 27 33 14 12 35 9 40 23 34 38 

Inst_Index:5895 	 City_Num:50 	 Concorde:0.060278 	 MCTS:6.027840 Improve:0.000000 	 Time:5.00 Seconds
Solution: 1 26 15 34 2 21 24 50 27 9 38 12 46 8 32 48 36 3 19 10 49 40 29 39 30 18 45 25 7 47 14 23 31 43 28 37 33 22 35 17 42 20 13 16 5 41 4 11 6 44 

Inst_Index:5896 	 City_Num:50 	 Concorde:0.055071 	 MCTS:5.506738 Improve:0.000348 	 Time:5.00 Seconds
Solution: 1 17 14 35 39 21 41 12 50 15 49 25 31 45 33 18 40 26 22 4 6 3 42 37 8 11 10 48 28 30 43 24 5 9 46 27 44 19 36 38 23 32 16 7 20 29 34 13 2 47 

Inst_Index:5897 	 City_Num:50 	 Concorde:0.052632 	 MCTS:5.263157 Improve:0.000000 	 Time:5.00 Seconds
Solution: 1 36 50 30 2 43 13 20 42 10 39 18 48 22 23 38 47 27 29 40 34 32 44 7 45 25 31 5 49 24 16 37 12 17 35 15 6 9 26 14 19 3 8 33 46 41 11 21 28 4 

Inst_Index:5898 	 City_Num:50 	 Concorde:0.058576 	 MCTS:5.852637 Improve:0.004946 	 Time:5.00 Seconds
Solution: 1 17 13 42 25 9 39 36 3 21 33 11 6 43 30 49 48 19 10 20 28 26 41 22 12 34 45 27 31 16 46 4 29 32 40 23 37 8 2 18 24 50 38 35 44 47 14 5 15 7 

Inst_Index:5899 	 City_Num:50 	 Concorde:0.055966 	 MCTS:5.596610 Improve:0.000000 	 Time:5.00 Seconds
Solution: 1 18 25 45 49 21 30 37 12 48 10 47 14 46 28 3 22 2 27 43 24 42 50 31 11 36 34 20 35 41 23 44 29 8 38 9 16 6 39 26 7 4 5 33 40 13 19 17 32 15 

Inst_Index:5900 	 City_Num:50 	 Concorde:0.051823 	 MCTS:5.182258 Improve:-0.000000 	 Time:5.00 Seconds
Solution: 1 3 19 45 32 5 13 42 7 40 37 27 36 21 49 8 23 28 31 10 47 4 44 38 24 41 18 26 29 16 39 6 46 11 25 12 2 9 22 30 50 15 14 20 34 17 33 43 35 48 

Inst_Index:5901 	 City_Num:50 	 Concorde:0.055688 	 MCTS:5.568842 Improve:0.000000 	 Time:5.00 Seconds
Solution: 1 19 41 44 39 5 34 27 24 29 43 10 12 47 33 42 25 38 21 9 32 15 20 23 37 35 4 30 50 3 17 13 36 14 22 40 2 16 28 31 46 26 8 18 48 45 11 49 6 7 

Inst_Index:5902 	 City_Num:50 	 Concorde:0.061573 	 MCTS:6.155248 Improve:0.002091 	 Time:5.00 Seconds
Solution: 1 15 33 16 39 14 44 42 19 30 40 34 4 43 12 6 45 3 41 37 25 23 11 32 29 22 21 35 26 47 18 28 7 50 10 9 31 36 49 27 24 13 20 5 46 38 17 2 48 8 

Inst_Index:5903 	 City_Num:50 	 Concorde:0.054044 	 MCTS:5.403667 Improve:0.000730 	 Time:5.00 Seconds
Solution: 1 37 29 27 4 41 20 17 30 13 25 34 18 21 48 45 33 40 8 32 6 11 28 12 22 31 42 35 2 16 9 3 36 38 50 23 14 24 39 15 46 43 19 49 7 10 47 5 26 44 

Inst_Index:5904 	 City_Num:50 	 Concorde:0.053057 	 MCTS:5.305728 Improve:-0.000000 	 Time:5.00 Seconds
Solution: 1 12 11 37 43 8 50 14 41 18 38 10 29 4 40 17 39 24 15 30 2 36 26 20 13 47 7 45 27 49 21 35 33 34 31 25 19 3 32 5 48 6 46 22 44 28 9 42 16 23 

Inst_Index:5905 	 City_Num:50 	 Concorde:0.061327 	 MCTS:6.132717 Improve:0.000000 	 Time:5.00 Seconds
Solution: 1 44 37 38 28 39 8 46 14 34 15 41 20 47 48 29 4 6 11 49 18 36 40 31 5 16 23 10 7 45 27 3 13 25 33 32 50 26 2 12 21 19 35 42 22 9 24 43 17 30 

Inst_Index:5906 	 City_Num:50 	 Concorde:0.059593 	 MCTS:5.959333 Improve:0.000000 	 Time:5.00 Seconds
Solution: 1 22 28 10 26 29 24 20 3 38 7 45 2 46 16 39 33 17 40 9 47 15 23 25 42 49 19 41 8 13 44 36 27 34 37 4 32 30 48 21 12 50 35 5 31 14 6 43 18 11 

Inst_Index:5907 	 City_Num:50 	 Concorde:0.059622 	 MCTS:5.954149 Improve:0.008085 	 Time:5.00 Seconds
Solution: 1 36 25 21 15 12 17 4 29 16 31 41 37 27 38 40 14 35 10 23 45 11 6 49 48 20 32 43 47 18 28 24 5 22 9 19 26 44 42 3 13 7 8 30 46 39 2 50 33 34 

Inst_Index:5908 	 City_Num:50 	 Concorde:0.055427 	 MCTS:5.542653 Improve:-0.000000 	 Time:5.00 Seconds
Solution: 1 50 16 28 13 41 48 22 2 39 45 18 5 47 6 12 11 21 31 26 27 25 43 10 42 40 24 33 38 17 46 34 29 15 20 19 14 23 30 49 36 8 7 35 37 32 9 4 3 44 

Inst_Index:5909 	 City_Num:50 	 Concorde:0.058811 	 MCTS:5.878335 Improve:0.002766 	 Time:5.00 Seconds
Solution: 1 27 26 12 34 35 22 40 6 23 39 7 36 47 49 24 37 28 18 30 29 9 10 15 2 19 8 20 17 44 31 45 41 48 42 32 11 50 38 16 3 5 13 14 21 25 43 46 33 4 

Inst_Index:5910 	 City_Num:50 	 Concorde:0.058602 	 MCTS:5.860248 Improve:0.000000 	 Time:5.00 Seconds
Solution: 1 26 35 13 44 43 17 30 7 8 42 16 11 9 29 23 31 28 32 22 37 38 15 27 40 5 4 20 24 3 50 2 46 47 14 48 6 39 25 19 36 34 49 41 21 12 18 45 10 33 

Inst_Index:5911 	 City_Num:50 	 Concorde:0.053002 	 MCTS:5.300200 Improve:0.000000 	 Time:5.00 Seconds
Solution: 1 27 29 32 44 46 11 45 38 23 9 28 17 16 7 43 24 18 20 14 10 50 3 35 13 8 15 49 4 48 36 12 42 21 30 31 37 25 33 47 22 34 5 41 26 19 6 2 40 39 

Inst_Index:5912 	 City_Num:50 	 Concorde:0.056774 	 MCTS:5.677362 Improve:0.000000 	 Time:5.00 Seconds
Solution: 1 50 43 48 2 36 35 12 47 49 46 27 6 3 28 33 21 45 26 8 7 31 4 38 10 5 32 20 14 19 9 17 16 37 22 15 44 25 23 11 13 34 24 30 39 18 41 29 42 40 

Inst_Index:5913 	 City_Num:50 	 Concorde:0.057480 	 MCTS:5.743424 Improve:0.004564 	 Time:5.00 Seconds
Solution: 1 4 6 49 38 17 7 33 3 39 48 21 12 20 13 42 45 32 8 27 36 24 28 5 16 40 50 41 37 18 43 31 35 44 11 30 34 46 29 2 10 15 26 22 9 19 47 14 23 25 

Inst_Index:5914 	 City_Num:50 	 Concorde:0.060436 	 MCTS:6.043561 Improve:0.000000 	 Time:5.00 Seconds
Solution: 1 41 32 23 29 35 43 39 9 33 10 37 24 5 19 20 31 38 26 50 45 42 15 3 22 13 46 16 49 36 4 47 28 7 12 25 21 2 8 11 30 14 40 17 34 27 6 44 18 48 

Inst_Index:5915 	 City_Num:50 	 Concorde:0.056647 	 MCTS:5.664688 Improve:0.000000 	 Time:5.00 Seconds
Solution: 1 14 3 29 11 47 40 42 38 21 9 44 41 2 34 24 27 18 37 20 25 19 4 46 50 31 22 43 17 36 6 48 10 23 8 39 28 32 49 30 16 33 13 45 35 26 15 12 5 7 

Inst_Index:5916 	 City_Num:50 	 Concorde:0.052684 	 MCTS:5.276926 Improve:-0.008560 	 Time:5.00 Seconds
Solution: 1 17 11 30 16 6 38 3 9 34 28 19 43 47 44 4 46 5 37 27 21 22 2 36 31 48 15 35 49 12 50 26 45 10 42 8 40 32 29 39 23 7 20 13 14 24 25 33 18 41 

Inst_Index:5917 	 City_Num:50 	 Concorde:0.057696 	 MCTS:5.769597 Improve:0.000000 	 Time:5.00 Seconds
Solution: 1 47 32 30 39 45 18 10 48 24 50 12 4 19 34 11 42 25 41 29 20 9 38 36 17 21 46 49 37 8 16 3 27 40 33 14 44 7 2 15 35 31 43 26 5 28 23 22 13 6 

Inst_Index:5918 	 City_Num:50 	 Concorde:0.055212 	 MCTS:5.518849 Improve:0.002317 	 Time:5.00 Seconds
Solution: 1 45 20 21 11 31 30 23 49 22 46 9 48 35 44 8 15 39 25 41 14 3 24 18 32 33 16 40 28 6 47 37 17 50 10 34 12 42 26 19 13 43 36 5 38 2 27 4 29 7 

Inst_Index:5919 	 City_Num:50 	 Concorde:0.057998 	 MCTS:5.824606 Improve:-0.024771 	 Time:5.00 Seconds
Solution: 1 41 23 3 17 12 11 47 39 28 13 8 10 46 37 45 40 31 22 33 14 6 26 32 16 42 29 49 2 50 4 5 44 20 18 43 36 7 25 34 38 21 15 19 48 30 9 24 35 27 

Inst_Index:5920 	 City_Num:50 	 Concorde:0.057671 	 MCTS:5.767087 Improve:-0.000000 	 Time:5.00 Seconds
Solution: 1 37 39 47 19 22 6 27 43 48 38 16 3 50 10 23 17 49 35 28 13 32 11 5 2 8 30 41 24 26 4 20 25 40 34 45 14 12 21 36 44 46 33 18 7 42 15 31 9 29 

Inst_Index:5921 	 City_Num:50 	 Concorde:0.051945 	 MCTS:5.192155 Improve:0.002340 	 Time:5.00 Seconds
Solution: 1 41 27 12 35 26 15 39 8 33 24 43 19 6 28 11 38 18 50 34 23 29 25 37 14 47 2 49 13 17 20 32 36 5 3 44 31 4 30 22 7 10 21 9 46 16 48 45 42 40 

Inst_Index:5922 	 City_Num:50 	 Concorde:0.055710 	 MCTS:5.568388 Improve:0.002567 	 Time:5.00 Seconds
Solution: 1 46 22 43 27 44 9 10 28 29 2 42 48 17 25 33 12 18 31 21 11 50 24 41 7 37 39 38 8 49 35 23 14 15 40 3 30 13 34 45 36 20 47 5 32 4 16 19 6 26 

Inst_Index:5923 	 City_Num:50 	 Concorde:0.058744 	 MCTS:5.874380 Improve:0.000000 	 Time:5.00 Seconds
Solution: 1 8 13 7 14 19 48 36 18 44 41 28 22 49 9 29 33 46 16 42 38 10 20 15 50 27 47 17 45 43 40 35 3 32 34 11 37 5 6 26 12 24 23 2 25 30 4 39 21 31 

Inst_Index:5924 	 City_Num:50 	 Concorde:0.057527 	 MCTS:5.749810 Improve:0.002914 	 Time:5.00 Seconds
Solution: 1 23 28 14 35 9 21 5 17 11 31 45 8 6 38 42 3 13 50 18 36 24 22 39 43 25 49 33 15 34 48 27 4 19 47 41 16 29 10 7 40 32 46 37 26 12 20 44 30 2 

Inst_Index:5925 	 City_Num:50 	 Concorde:0.062500 	 MCTS:6.249972 Improve:0.000000 	 Time:5.00 Seconds
Solution: 1 33 31 24 16 40 42 43 23 26 28 35 21 11 8 27 12 34 14 18 22 32 10 25 17 3 46 9 44 6 4 41 49 39 15 37 5 47 20 19 29 13 7 38 45 48 50 36 2 30 

Inst_Index:5926 	 City_Num:50 	 Concorde:0.060943 	 MCTS:6.094260 Improve:-0.000000 	 Time:5.01 Seconds
Solution: 1 7 27 3 36 22 2 38 35 41 46 40 43 4 19 6 17 39 29 25 9 44 18 42 20 33 49 32 37 13 10 5 21 48 50 23 26 16 15 34 8 28 11 12 45 30 14 24 47 31 

Inst_Index:5927 	 City_Num:50 	 Concorde:0.053026 	 MCTS:5.302576 Improve:0.000000 	 Time:5.00 Seconds
Solution: 1 24 23 8 12 19 36 27 6 16 9 49 7 45 40 15 3 11 28 50 14 37 34 22 17 46 18 35 29 10 32 42 5 20 30 39 43 31 26 33 25 48 2 21 44 38 13 4 41 47 

Inst_Index:5928 	 City_Num:50 	 Concorde:0.059790 	 MCTS:5.979002 Improve:0.000000 	 Time:5.00 Seconds
Solution: 1 44 32 30 37 45 9 23 19 2 21 18 47 15 42 25 46 7 39 49 11 29 13 20 38 12 17 43 5 35 31 16 26 50 6 27 8 48 10 14 33 24 34 36 22 3 4 28 40 41 

Inst_Index:5929 	 City_Num:50 	 Concorde:0.058953 	 MCTS:5.895322 Improve:0.000000 	 Time:5.00 Seconds
Solution: 1 42 14 17 12 33 23 48 2 35 29 38 39 15 4 22 41 25 10 18 5 31 49 13 3 30 43 34 46 50 19 28 20 11 27 45 44 8 7 47 6 26 37 32 40 24 21 36 16 9 

Inst_Index:5930 	 City_Num:50 	 Concorde:0.056146 	 MCTS:5.614566 Improve:-0.000000 	 Time:5.00 Seconds
Solution: 1 35 19 10 36 22 23 14 44 30 27 39 21 25 4 24 48 40 46 41 34 28 42 33 9 5 49 2 6 43 16 8 47 12 37 32 15 26 50 31 45 7 13 29 3 17 18 38 11 20 

Inst_Index:5931 	 City_Num:50 	 Concorde:0.060771 	 MCTS:6.077115 Improve:-0.000000 	 Time:5.00 Seconds
Solution: 1 36 43 11 3 27 25 8 13 35 39 22 20 32 49 16 42 15 37 21 33 12 50 38 28 5 29 9 2 34 17 26 14 48 31 10 23 40 18 47 19 4 24 44 41 6 30 46 45 7 

Inst_Index:5932 	 City_Num:50 	 Concorde:0.058291 	 MCTS:5.829142 Improve:0.000000 	 Time:5.00 Seconds
Solution: 1 43 33 44 46 3 36 12 42 41 25 16 11 18 29 40 4 6 34 38 27 26 32 19 17 31 23 8 14 15 47 30 2 10 22 50 39 45 24 28 9 35 20 21 5 7 48 37 49 13 

Inst_Index:5933 	 City_Num:50 	 Concorde:0.059919 	 MCTS:5.991464 Improve:0.000447 	 Time:5.00 Seconds
Solution: 1 9 15 36 28 14 45 41 8 5 43 35 31 16 11 4 40 7 42 2 44 46 13 37 23 26 10 22 21 25 12 34 18 49 6 38 24 33 3 50 19 17 32 39 30 20 47 27 48 29 

Inst_Index:5934 	 City_Num:50 	 Concorde:0.058636 	 MCTS:5.863595 Improve:-0.000000 	 Time:5.00 Seconds
Solution: 1 37 26 9 24 6 47 11 23 14 43 19 36 16 38 49 32 15 33 41 30 10 39 34 42 35 3 25 22 18 13 7 48 17 31 8 46 5 21 12 40 45 28 2 4 50 27 44 20 29 

Inst_Index:5935 	 City_Num:50 	 Concorde:0.057119 	 MCTS:5.711439 Improve:0.000437 	 Time:5.00 Seconds
Solution: 1 18 4 43 24 32 17 35 45 50 42 34 28 39 30 9 19 25 36 6 11 22 48 26 31 2 41 27 12 40 49 21 16 8 20 46 5 15 13 7 44 10 37 3 38 47 29 14 23 33 

Inst_Index:5936 	 City_Num:50 	 Concorde:0.054149 	 MCTS:5.414928 Improve:0.000000 	 Time:5.00 Seconds
Solution: 1 44 31 30 5 16 38 14 13 40 25 29 17 21 18 35 12 33 36 42 23 32 24 45 22 10 27 7 50 34 41 4 19 8 46 3 26 49 9 11 48 28 37 47 20 2 39 43 6 15 

Inst_Index:5937 	 City_Num:50 	 Concorde:0.051916 	 MCTS:5.188220 Improve:0.003401 	 Time:5.00 Seconds
Solution: 1 3 20 36 50 39 43 23 19 41 11 33 28 10 29 16 12 40 13 34 5 49 30 27 31 18 26 35 9 44 46 8 14 48 37 32 25 4 45 17 21 6 47 42 2 22 7 38 24 15 

Inst_Index:5938 	 City_Num:50 	 Concorde:0.054159 	 MCTS:5.413549 Improve:0.002401 	 Time:5.00 Seconds
Solution: 1 39 7 8 33 36 23 46 24 11 40 45 4 35 47 22 19 37 12 31 18 44 20 26 34 16 14 50 29 38 25 48 15 41 3 9 2 49 28 17 6 27 10 21 13 5 30 32 43 42 

Inst_Index:5939 	 City_Num:50 	 Concorde:0.052653 	 MCTS:5.265277 Improve:0.000000 	 Time:5.00 Seconds
Solution: 1 17 47 43 3 27 46 9 22 21 42 31 29 15 36 7 14 11 50 2 30 38 12 33 6 39 37 34 20 32 26 41 24 16 44 28 4 35 10 45 23 25 8 48 18 13 49 40 5 19 

Inst_Index:5940 	 City_Num:50 	 Concorde:0.057446 	 MCTS:5.744159 Improve:0.000417 	 Time:5.00 Seconds
Solution: 1 31 17 26 7 6 2 45 49 14 40 30 39 37 23 15 8 47 5 29 3 19 25 46 12 21 20 32 10 28 11 18 44 35 9 34 16 27 36 42 50 33 43 41 22 38 4 48 13 24 

Inst_Index:5941 	 City_Num:50 	 Concorde:0.059536 	 MCTS:5.953622 Improve:0.000000 	 Time:5.00 Seconds
Solution: 1 27 33 3 11 8 43 50 18 44 30 7 31 26 20 48 35 12 2 49 10 28 32 9 45 17 19 36 5 34 6 39 16 24 21 47 38 46 14 37 42 25 4 15 40 29 13 22 41 23 

Inst_Index:5942 	 City_Num:50 	 Concorde:0.056377 	 MCTS:5.635302 Improve:0.002394 	 Time:5.01 Seconds
Solution: 1 50 17 15 35 6 45 47 25 31 12 16 42 30 40 2 37 46 10 11 14 3 20 24 41 8 36 27 39 5 19 23 49 33 34 22 21 7 32 38 28 13 9 18 26 44 48 4 43 29 

Inst_Index:5943 	 City_Num:50 	 Concorde:0.058772 	 MCTS:5.876715 Improve:0.000526 	 Time:5.00 Seconds
Solution: 1 37 28 41 46 45 18 25 50 27 21 8 7 43 24 49 22 20 33 23 15 47 32 31 16 30 29 14 6 19 44 40 17 2 34 4 13 9 36 3 35 48 38 26 11 5 12 39 42 10 

Inst_Index:5944 	 City_Num:50 	 Concorde:0.058073 	 MCTS:5.851983 Improve:-0.044674 	 Time:5.00 Seconds
Solution: 1 46 22 26 37 44 6 48 8 14 12 45 36 16 28 47 3 50 13 21 31 15 9 39 27 32 41 35 7 49 29 24 33 4 23 40 25 11 38 20 10 42 43 17 19 34 30 18 2 5 

Inst_Index:5945 	 City_Num:50 	 Concorde:0.059082 	 MCTS:5.908217 Improve:-0.000000 	 Time:5.00 Seconds
Solution: 1 17 3 39 5 47 24 20 2 15 11 48 41 45 7 14 26 8 36 50 13 19 4 38 18 10 16 49 27 34 32 28 23 29 22 37 40 21 35 31 42 30 25 46 12 43 9 44 6 33 

Inst_Index:5946 	 City_Num:50 	 Concorde:0.062932 	 MCTS:6.293154 Improve:0.000000 	 Time:5.00 Seconds
Solution: 1 7 11 31 16 30 42 46 13 15 17 14 4 29 36 27 5 22 34 35 20 37 21 50 9 2 18 6 33 47 43 3 10 41 40 28 38 19 23 25 49 12 26 24 45 39 32 8 44 48 

Inst_Index:5947 	 City_Num:50 	 Concorde:0.055156 	 MCTS:5.545311 Improve:-0.029731 	 Time:5.00 Seconds
Solution: 1 16 41 6 34 49 32 15 35 46 28 43 31 12 9 11 42 5 13 24 8 37 25 18 17 36 14 38 21 22 30 20 4 29 23 39 45 44 50 26 40 48 2 19 10 3 33 27 47 7 


Avg_Concorde_Distance: 5.709249 Avg_MCTS_Distance: 5.708769 Avg_Gap: -0.000084 Total_Time: 1565.91 Seconds 
 Beat_Best_Known_Times: 110 Match_Best_Known_Times: 196 Miss_Best_Known_Times: 7 
