Number_of_Instances_In_Current_Batch: 313

Inst_Index:2192 	 City_Num:50 	 Concorde:0.061247 	 MCTS:6.124676 Improve:0.000000 	 Time:5.00 Seconds
Solution: 1 14 5 8 45 9 10 40 15 12 16 6 49 3 19 32 24 27 7 25 33 34 38 36 13 43 41 23 42 39 50 47 20 21 2 30 18 11 44 46 37 17 28 22 26 29 48 35 4 31 

Inst_Index:2193 	 City_Num:50 	 Concorde:0.058106 	 MCTS:5.810643 Improve:-0.000000 	 Time:5.00 Seconds
Solution: 1 48 37 22 25 32 49 27 3 24 44 26 19 30 42 34 31 20 10 16 9 5 50 45 33 6 11 13 17 36 46 47 23 18 8 12 39 21 41 43 38 40 15 35 2 14 28 4 29 7 

Inst_Index:2194 	 City_Num:50 	 Concorde:0.056304 	 MCTS:5.630350 Improve:-0.000000 	 Time:5.00 Seconds
Solution: 1 4 26 47 7 30 27 3 16 41 24 32 46 2 17 18 36 10 34 48 31 22 25 45 37 19 29 13 43 44 49 11 50 5 21 35 9 15 40 6 8 14 39 20 42 28 23 38 33 12 

Inst_Index:2195 	 City_Num:50 	 Concorde:0.058574 	 MCTS:5.857449 Improve:0.000000 	 Time:5.00 Seconds
Solution: 1 14 7 18 42 41 37 21 25 16 13 31 27 22 4 34 20 6 46 38 28 29 35 49 48 8 32 39 26 11 30 9 36 5 19 47 2 10 40 3 12 23 50 17 45 44 33 43 15 24 

Inst_Index:2196 	 City_Num:50 	 Concorde:0.058767 	 MCTS:5.876708 Improve:0.000000 	 Time:5.00 Seconds
Solution: 1 44 32 8 31 34 20 22 41 42 2 40 50 19 5 6 14 35 39 47 16 7 36 4 12 18 43 24 46 29 11 21 9 30 17 25 27 23 13 26 45 3 38 48 33 10 49 15 28 37 

Inst_Index:2197 	 City_Num:50 	 Concorde:0.056577 	 MCTS:5.657682 Improve:0.000000 	 Time:5.00 Seconds
Solution: 1 5 45 14 34 24 9 10 21 47 31 23 46 18 13 8 36 26 15 2 25 11 22 16 40 43 49 17 12 50 4 48 35 3 41 19 28 39 20 33 42 32 37 30 38 6 29 27 44 7 

Inst_Index:2198 	 City_Num:50 	 Concorde:0.057546 	 MCTS:5.752509 Improve:0.002112 	 Time:5.00 Seconds
Solution: 1 23 33 46 37 26 10 4 48 30 36 12 13 28 24 27 20 43 9 40 31 35 47 45 19 17 8 3 14 21 39 38 18 2 34 6 41 5 44 32 15 25 11 22 42 50 7 29 16 49 

Inst_Index:2199 	 City_Num:50 	 Concorde:0.054926 	 MCTS:5.492647 Improve:0.000000 	 Time:5.00 Seconds
Solution: 1 20 21 6 35 12 26 11 34 3 41 47 5 25 22 27 43 39 45 7 36 8 44 37 4 48 13 33 46 38 31 17 40 10 18 28 49 15 14 32 50 29 9 30 19 2 42 16 24 23 

Inst_Index:2200 	 City_Num:50 	 Concorde:0.057093 	 MCTS:5.707478 Improve:0.001831 	 Time:5.00 Seconds
Solution: 1 21 42 47 40 45 24 46 17 15 37 35 33 19 36 16 32 27 8 12 43 25 9 6 13 22 14 10 38 29 49 28 7 48 31 39 44 4 41 50 26 34 11 5 20 30 18 3 2 23 

Inst_Index:2201 	 City_Num:50 	 Concorde:0.057214 	 MCTS:5.721372 Improve:0.000000 	 Time:5.00 Seconds
Solution: 1 10 37 34 28 39 9 25 24 17 5 2 13 15 35 11 12 32 46 21 18 40 33 42 30 14 36 49 7 48 47 45 16 4 43 8 19 3 44 22 27 6 31 29 26 20 50 38 23 41 

Inst_Index:2202 	 City_Num:50 	 Concorde:0.058539 	 MCTS:5.853866 Improve:0.000000 	 Time:5.00 Seconds
Solution: 1 4 40 10 29 44 31 46 26 35 19 23 50 34 38 25 17 37 48 39 9 15 42 5 20 41 33 7 32 36 12 49 27 14 3 24 6 45 30 8 16 2 11 18 43 47 22 13 28 21 

Inst_Index:2203 	 City_Num:50 	 Concorde:0.051146 	 MCTS:5.114588 Improve:0.000000 	 Time:5.00 Seconds
Solution: 1 36 10 39 49 22 17 18 16 23 41 26 46 44 20 37 14 21 15 29 8 31 40 45 35 47 33 48 50 27 11 13 6 3 7 2 25 28 12 38 32 34 30 19 5 42 43 4 24 9 

Inst_Index:2204 	 City_Num:50 	 Concorde:0.060420 	 MCTS:6.037827 Improve:0.004177 	 Time:5.00 Seconds
Solution: 1 40 22 46 17 38 6 13 14 33 12 26 25 36 41 7 2 10 47 8 49 23 27 45 21 31 9 19 39 11 3 4 37 30 32 24 50 42 43 29 35 34 20 5 15 28 48 16 44 18 

Inst_Index:2205 	 City_Num:50 	 Concorde:0.058702 	 MCTS:5.867716 Improve:0.002516 	 Time:5.00 Seconds
Solution: 1 18 27 16 28 47 13 12 31 6 7 14 48 4 44 9 8 34 38 20 5 3 41 35 21 29 30 23 19 39 45 32 36 33 22 46 10 25 2 49 11 17 24 50 37 26 43 40 42 15 

Inst_Index:2206 	 City_Num:50 	 Concorde:0.058922 	 MCTS:5.890071 Improve:0.002142 	 Time:5.00 Seconds
Solution: 1 12 39 11 50 20 30 19 17 32 47 15 38 2 34 10 21 45 5 36 25 7 40 26 28 49 46 8 35 44 9 23 31 22 14 24 29 3 33 16 48 4 37 6 41 13 27 42 18 43 

Inst_Index:2207 	 City_Num:50 	 Concorde:0.056569 	 MCTS:5.656896 Improve:0.000000 	 Time:5.00 Seconds
Solution: 1 5 33 32 35 34 21 40 10 37 23 11 43 45 38 24 18 50 44 41 14 36 12 15 17 48 39 19 25 42 6 7 28 49 13 30 20 47 22 3 9 31 27 26 16 29 2 46 8 4 

Inst_Index:2208 	 City_Num:50 	 Concorde:0.057531 	 MCTS:5.753116 Improve:0.000000 	 Time:5.00 Seconds
Solution: 1 37 47 21 16 36 41 27 43 38 20 33 34 40 25 3 10 30 4 45 13 17 11 29 7 5 2 26 14 28 39 24 49 23 6 18 44 35 12 19 31 42 8 22 15 46 48 9 32 50 

Inst_Index:2209 	 City_Num:50 	 Concorde:0.055239 	 MCTS:5.523859 Improve:0.000000 	 Time:5.00 Seconds
Solution: 1 17 43 29 3 36 27 18 21 6 7 2 33 28 35 32 31 38 50 25 45 20 47 37 5 40 48 16 4 34 13 41 46 42 9 24 19 44 26 22 23 15 11 49 14 8 12 39 30 10 

Inst_Index:2210 	 City_Num:50 	 Concorde:0.055226 	 MCTS:5.513584 Improve:0.009063 	 Time:5.00 Seconds
Solution: 1 28 41 39 11 30 5 18 8 10 25 15 12 32 48 17 9 22 35 27 13 40 44 33 6 34 16 26 42 31 45 37 2 46 20 36 7 29 49 43 4 38 19 47 50 3 21 24 23 14 

Inst_Index:2211 	 City_Num:50 	 Concorde:0.062845 	 MCTS:6.284518 Improve:0.000000 	 Time:5.00 Seconds
Solution: 1 6 45 11 29 33 23 31 3 21 8 17 27 28 48 24 25 14 26 13 49 32 36 5 39 43 7 2 22 9 40 46 30 38 15 16 20 37 50 41 42 19 47 12 34 10 18 35 4 44 

Inst_Index:2212 	 City_Num:50 	 Concorde:0.058704 	 MCTS:5.870367 Improve:0.000000 	 Time:5.00 Seconds
Solution: 1 37 4 29 32 19 38 12 15 2 34 42 33 44 41 14 13 30 8 40 48 36 25 16 39 23 43 21 20 7 9 47 17 50 28 3 18 26 35 11 22 10 27 31 6 5 46 24 45 49 

Inst_Index:2213 	 City_Num:50 	 Concorde:0.059055 	 MCTS:5.905525 Improve:0.000000 	 Time:5.00 Seconds
Solution: 1 7 37 33 5 3 31 45 39 19 13 50 25 6 24 34 40 23 38 10 16 42 9 8 21 15 26 35 12 46 20 48 41 28 32 29 49 2 47 18 4 27 43 22 17 11 14 30 44 36 

Inst_Index:2214 	 City_Num:50 	 Concorde:0.054204 	 MCTS:5.420391 Improve:0.000000 	 Time:5.00 Seconds
Solution: 1 16 8 6 32 9 42 40 19 17 46 26 10 4 28 37 3 20 18 49 25 35 44 14 11 33 38 47 31 45 2 29 24 5 36 21 48 22 39 7 30 27 15 12 13 41 50 34 43 23 

Inst_Index:2215 	 City_Num:50 	 Concorde:0.057049 	 MCTS:5.704861 Improve:0.000000 	 Time:5.00 Seconds
Solution: 1 24 37 36 25 12 8 13 34 50 21 3 22 44 42 11 9 33 41 28 29 46 47 2 20 48 19 10 16 49 43 35 31 27 30 17 14 23 7 40 6 18 4 38 15 39 5 26 32 45 

Inst_Index:2216 	 City_Num:50 	 Concorde:0.059272 	 MCTS:5.927192 Improve:0.000000 	 Time:5.00 Seconds
Solution: 1 14 44 49 8 48 37 9 33 39 3 35 15 2 42 46 12 18 41 31 25 43 13 17 27 45 40 16 20 26 34 10 22 28 24 36 32 23 6 7 29 4 21 30 11 50 47 19 38 5 

Inst_Index:2217 	 City_Num:50 	 Concorde:0.058156 	 MCTS:5.810968 Improve:0.004585 	 Time:5.00 Seconds
Solution: 1 18 21 37 6 42 41 40 3 29 5 26 33 19 27 20 4 43 12 36 28 2 15 45 47 32 34 22 8 23 13 10 49 11 17 48 50 38 7 31 14 44 39 16 24 30 9 25 35 46 

Inst_Index:2218 	 City_Num:50 	 Concorde:0.058364 	 MCTS:5.836416 Improve:0.000000 	 Time:5.00 Seconds
Solution: 1 21 34 31 35 37 15 22 50 3 39 48 9 46 27 28 11 17 47 24 30 38 14 5 20 32 44 8 49 41 7 25 45 2 40 4 33 26 23 16 12 29 42 19 10 13 43 36 18 6 

Inst_Index:2219 	 City_Num:50 	 Concorde:0.055365 	 MCTS:5.533937 Improve:0.002548 	 Time:5.00 Seconds
Solution: 1 4 38 12 24 5 32 26 47 2 10 19 23 7 25 43 22 44 34 30 35 20 21 14 41 31 40 45 27 39 11 36 29 6 42 13 46 28 49 9 3 17 48 37 50 16 33 18 15 8 

Inst_Index:2220 	 City_Num:50 	 Concorde:0.054751 	 MCTS:5.474946 Improve:0.000131 	 Time:5.00 Seconds
Solution: 1 39 7 19 35 47 8 31 18 5 12 32 36 45 48 40 24 6 2 13 37 28 14 11 9 17 50 3 42 23 29 44 15 33 34 41 16 43 20 10 25 30 38 26 4 46 49 21 22 27 

Inst_Index:2221 	 City_Num:50 	 Concorde:0.057891 	 MCTS:5.787610 Improve:0.001533 	 Time:5.00 Seconds
Solution: 1 6 33 17 38 10 5 30 28 7 36 13 47 29 40 15 3 45 41 21 50 37 43 23 48 32 22 24 25 42 44 19 2 34 4 11 18 9 31 14 49 20 26 8 35 39 12 16 27 46 

Inst_Index:2222 	 City_Num:50 	 Concorde:0.054456 	 MCTS:5.445587 Improve:0.000000 	 Time:5.00 Seconds
Solution: 1 49 12 40 15 50 24 34 39 19 30 48 23 37 6 7 29 14 32 5 41 3 35 9 44 20 28 18 13 27 4 25 21 47 17 8 33 43 2 31 22 10 36 11 26 42 38 46 16 45 

Inst_Index:2223 	 City_Num:50 	 Concorde:0.060329 	 MCTS:6.032922 Improve:0.000000 	 Time:5.00 Seconds
Solution: 1 43 36 46 24 3 41 22 8 35 18 28 45 14 17 20 34 44 40 32 30 29 48 4 37 49 16 23 27 33 11 13 50 25 6 7 5 38 2 47 9 39 31 21 15 42 12 26 10 19 

Inst_Index:2224 	 City_Num:50 	 Concorde:0.053291 	 MCTS:5.323862 Improve:0.005274 	 Time:5.00 Seconds
Solution: 1 47 39 32 3 16 6 45 7 28 9 13 25 23 30 21 42 29 20 8 40 50 10 5 26 24 33 49 38 2 27 31 17 15 34 44 4 22 12 18 14 37 41 11 35 43 36 19 46 48 

Inst_Index:2225 	 City_Num:50 	 Concorde:0.054044 	 MCTS:5.404381 Improve:-0.000000 	 Time:5.00 Seconds
Solution: 1 22 18 20 30 9 25 39 24 32 2 15 31 36 35 47 14 21 5 13 27 29 38 45 16 6 41 10 26 7 3 12 44 46 43 50 19 28 8 17 11 40 23 4 48 33 42 49 34 37 

Inst_Index:2226 	 City_Num:50 	 Concorde:0.059783 	 MCTS:5.977772 Improve:0.000493 	 Time:5.00 Seconds
Solution: 1 12 26 13 49 7 34 22 38 35 39 5 46 45 9 27 16 24 19 18 41 11 15 48 50 44 23 47 42 17 14 29 33 25 43 40 32 3 30 20 21 36 8 2 4 28 31 6 37 10 

Inst_Index:2227 	 City_Num:50 	 Concorde:0.055857 	 MCTS:5.583549 Improve:0.002160 	 Time:5.00 Seconds
Solution: 1 18 12 5 16 39 7 42 8 3 46 38 44 48 20 47 27 49 9 31 33 4 26 19 28 17 23 22 13 34 10 41 21 36 37 11 45 40 2 29 15 50 25 14 24 6 35 43 32 30 

Inst_Index:2228 	 City_Num:50 	 Concorde:0.058319 	 MCTS:5.853590 Improve:-0.021697 	 Time:5.00 Seconds
Solution: 1 7 39 26 49 31 41 36 46 38 5 29 43 42 14 30 11 10 4 23 25 37 2 45 44 19 47 34 27 8 24 13 12 32 20 21 17 35 33 50 16 40 6 28 22 48 15 3 9 18 

Inst_Index:2229 	 City_Num:50 	 Concorde:0.058629 	 MCTS:5.862873 Improve:0.000000 	 Time:5.00 Seconds
Solution: 1 27 50 47 29 49 36 3 48 30 24 31 35 41 10 2 4 9 40 6 18 23 5 16 46 42 43 39 19 22 21 37 11 25 14 7 17 34 15 28 38 32 12 45 44 13 20 8 33 26 

Inst_Index:2230 	 City_Num:50 	 Concorde:0.056317 	 MCTS:5.631679 Improve:0.000000 	 Time:5.00 Seconds
Solution: 1 17 5 46 23 10 33 2 3 4 30 20 15 28 49 50 27 45 35 19 41 8 42 18 6 11 31 7 36 38 12 25 32 34 24 39 47 37 44 16 9 43 22 21 40 48 13 14 29 26 

Inst_Index:2231 	 City_Num:50 	 Concorde:0.055043 	 MCTS:5.504275 Improve:0.000000 	 Time:5.00 Seconds
Solution: 1 48 39 8 23 18 37 31 35 5 12 17 26 9 11 13 14 44 2 21 42 16 45 19 20 10 3 7 4 34 41 30 40 24 46 33 22 50 49 38 32 15 25 36 28 6 29 27 47 43 

Inst_Index:2232 	 City_Num:50 	 Concorde:0.054598 	 MCTS:5.459842 Improve:-0.000000 	 Time:5.00 Seconds
Solution: 1 27 17 30 40 46 24 37 50 5 38 3 11 41 28 22 48 29 32 35 31 20 8 44 16 14 4 21 34 33 36 43 2 25 12 18 13 47 6 19 42 7 26 9 49 10 15 39 23 45 

Inst_Index:2233 	 City_Num:50 	 Concorde:0.057990 	 MCTS:5.798497 Improve:0.000541 	 Time:5.01 Seconds
Solution: 1 38 47 12 26 19 20 50 42 6 16 18 44 2 31 25 29 28 48 5 11 23 33 32 17 24 8 22 21 15 43 34 3 39 49 35 13 37 7 14 4 27 45 36 10 46 40 9 41 30 

Inst_Index:2234 	 City_Num:50 	 Concorde:0.058632 	 MCTS:5.858745 Improve:0.004422 	 Time:5.00 Seconds
Solution: 1 26 46 36 48 31 33 14 2 34 49 12 32 21 25 27 42 6 16 4 40 30 29 15 23 37 43 9 7 13 41 24 39 8 5 44 38 11 19 10 18 35 28 22 50 20 47 3 17 45 

Inst_Index:2235 	 City_Num:50 	 Concorde:0.059811 	 MCTS:5.975990 Improve:0.005149 	 Time:5.00 Seconds
Solution: 1 27 41 37 28 8 13 24 39 19 30 16 10 34 25 45 32 17 47 20 9 36 26 7 11 18 6 29 15 23 43 50 4 22 33 46 3 38 21 44 40 31 42 14 48 49 12 5 35 2 

Inst_Index:2236 	 City_Num:50 	 Concorde:0.057262 	 MCTS:5.726247 Improve:0.000000 	 Time:5.00 Seconds
Solution: 1 27 45 9 50 2 42 17 29 40 34 44 33 10 18 15 41 49 7 46 28 6 20 25 5 31 11 26 21 43 14 3 37 48 22 23 32 38 36 4 19 30 24 12 47 16 39 8 13 35 

Inst_Index:2237 	 City_Num:50 	 Concorde:0.054474 	 MCTS:5.444934 Improve:0.002441 	 Time:5.00 Seconds
Solution: 1 44 42 6 17 43 23 2 9 12 32 28 16 41 14 15 47 34 7 21 13 36 4 37 40 10 38 22 39 50 11 45 26 3 5 27 31 18 8 29 48 25 49 19 46 24 30 20 35 33 

Inst_Index:2238 	 City_Num:50 	 Concorde:0.057062 	 MCTS:5.706151 Improve:-0.000000 	 Time:5.00 Seconds
Solution: 1 44 12 7 5 13 14 49 27 24 45 36 31 33 30 38 21 25 16 50 3 32 4 29 20 22 41 34 17 15 46 40 18 26 23 10 11 9 39 42 8 47 2 37 28 35 43 48 6 19 

Inst_Index:2239 	 City_Num:50 	 Concorde:0.053090 	 MCTS:5.309009 Improve:0.000000 	 Time:5.00 Seconds
Solution: 1 19 29 47 36 27 4 23 24 14 37 32 8 25 10 12 28 31 22 41 45 21 26 18 9 13 43 2 35 17 48 6 34 40 15 3 20 50 5 46 30 7 49 42 44 39 33 38 11 16 

Inst_Index:2240 	 City_Num:50 	 Concorde:0.057468 	 MCTS:5.744207 Improve:0.002600 	 Time:5.00 Seconds
Solution: 1 14 13 40 32 49 39 15 8 35 21 36 6 34 3 19 17 23 5 22 12 4 26 7 50 27 24 16 28 29 9 42 25 47 41 44 31 46 45 33 43 37 11 18 2 30 20 38 48 10 

Inst_Index:2241 	 City_Num:50 	 Concorde:0.054796 	 MCTS:5.479600 Improve:-0.000000 	 Time:5.00 Seconds
Solution: 1 4 34 5 36 31 24 16 43 7 14 33 49 28 32 38 6 50 2 30 46 17 35 20 25 40 19 29 47 41 44 23 18 39 22 26 45 3 42 11 37 48 27 10 13 21 8 12 9 15 

Inst_Index:2242 	 City_Num:50 	 Concorde:0.060205 	 MCTS:6.017065 Improve:0.003458 	 Time:5.00 Seconds
Solution: 1 15 3 20 21 27 33 11 5 40 43 35 37 39 7 13 24 16 41 9 17 46 44 12 36 26 23 50 25 34 45 22 32 31 49 29 48 10 6 18 4 2 30 47 19 14 28 38 8 42 

Inst_Index:2243 	 City_Num:50 	 Concorde:0.056883 	 MCTS:5.688292 Improve:0.000050 	 Time:5.00 Seconds
Solution: 1 43 13 3 47 5 17 4 49 36 25 20 18 10 48 29 7 45 22 34 27 40 46 41 38 6 31 37 24 11 23 9 15 28 8 42 39 35 14 44 50 16 30 2 19 12 26 21 33 32 

Inst_Index:2244 	 City_Num:50 	 Concorde:0.057274 	 MCTS:5.727395 Improve:0.000000 	 Time:5.00 Seconds
Solution: 1 11 49 37 36 32 2 25 46 17 35 27 13 8 21 39 45 9 29 10 4 18 30 48 7 23 20 41 5 19 26 31 22 47 24 34 40 42 44 43 12 15 6 38 16 3 28 33 50 14 

Inst_Index:2245 	 City_Num:50 	 Concorde:0.053921 	 MCTS:5.392060 Improve:0.000000 	 Time:5.00 Seconds
Solution: 1 6 46 37 17 36 42 19 21 4 32 41 13 10 11 40 2 9 27 35 7 34 25 22 28 14 20 38 18 29 43 31 26 49 50 30 45 47 5 3 16 33 39 48 23 44 12 8 15 24 

Inst_Index:2246 	 City_Num:50 	 Concorde:0.054356 	 MCTS:5.426606 Improve:0.008969 	 Time:5.00 Seconds
Solution: 1 35 37 2 24 43 28 17 39 50 32 47 49 19 34 12 25 44 18 36 20 29 42 22 41 9 30 8 15 21 4 40 16 7 45 46 6 27 5 48 33 23 26 3 14 31 11 38 10 13 

Inst_Index:2247 	 City_Num:50 	 Concorde:0.061933 	 MCTS:6.193326 Improve:0.000000 	 Time:5.00 Seconds
Solution: 1 36 43 3 2 41 25 47 48 32 37 5 35 23 30 29 10 27 40 39 8 14 12 9 16 22 46 24 42 4 11 7 13 15 18 34 49 6 21 26 20 38 31 50 28 44 17 19 45 33 

Inst_Index:2248 	 City_Num:50 	 Concorde:0.054787 	 MCTS:5.476073 Improve:0.002631 	 Time:5.00 Seconds
Solution: 1 41 3 13 22 5 30 21 2 6 32 31 16 18 34 24 9 8 17 25 26 43 45 27 28 19 42 36 50 37 40 39 29 23 33 14 10 15 7 46 4 35 47 11 12 44 48 20 49 38 

Inst_Index:2249 	 City_Num:50 	 Concorde:0.058107 	 MCTS:5.809062 Improve:0.001591 	 Time:5.00 Seconds
Solution: 1 4 49 17 11 15 13 44 33 41 50 42 34 19 45 28 40 12 35 3 27 26 14 31 2 47 24 22 48 38 23 5 37 46 9 10 7 39 18 16 36 43 6 21 8 30 32 25 29 20 

Inst_Index:2250 	 City_Num:50 	 Concorde:0.050514 	 MCTS:5.051403 Improve:-0.000000 	 Time:5.00 Seconds
Solution: 1 17 48 38 39 8 45 6 37 3 14 28 34 24 15 11 23 41 22 10 27 4 42 32 18 20 16 30 46 26 40 7 5 12 36 9 44 29 35 43 13 33 21 50 2 49 47 31 19 25 

Inst_Index:2251 	 City_Num:50 	 Concorde:0.058088 	 MCTS:5.807063 Improve:0.001751 	 Time:5.01 Seconds
Solution: 1 22 44 4 48 14 9 26 15 29 2 21 47 18 49 25 38 11 5 16 36 13 19 42 8 33 30 50 23 34 27 28 12 31 40 39 45 35 37 20 41 32 6 43 46 17 7 3 10 24 

Inst_Index:2252 	 City_Num:50 	 Concorde:0.055967 	 MCTS:5.596734 Improve:0.000000 	 Time:5.01 Seconds
Solution: 1 41 35 7 18 14 38 27 36 37 9 48 47 2 43 23 29 31 46 5 30 10 20 6 40 39 12 19 21 17 11 22 28 45 42 4 33 24 25 49 3 8 13 44 50 34 26 15 16 32 

Inst_Index:2253 	 City_Num:50 	 Concorde:0.059706 	 MCTS:5.964397 Improve:0.006201 	 Time:5.00 Seconds
Solution: 1 23 45 10 47 33 20 40 27 8 26 42 39 12 29 50 14 22 44 36 6 13 3 46 38 31 17 48 35 11 21 41 28 2 16 4 37 34 30 43 5 9 7 18 24 49 15 32 19 25 

Inst_Index:2254 	 City_Num:50 	 Concorde:0.061664 	 MCTS:6.166428 Improve:0.000000 	 Time:5.00 Seconds
Solution: 1 5 37 25 50 17 21 30 38 48 31 32 4 45 12 35 34 8 46 23 24 27 26 13 39 6 40 7 10 2 28 41 29 36 14 9 19 3 18 43 11 47 49 22 44 33 42 20 16 15 

Inst_Index:2255 	 City_Num:50 	 Concorde:0.055518 	 MCTS:5.551780 Improve:0.000000 	 Time:5.00 Seconds
Solution: 1 49 40 34 33 10 39 2 4 46 12 31 23 14 17 44 45 37 25 36 43 29 5 9 6 35 47 18 50 28 20 15 22 19 7 26 42 27 3 11 24 8 41 16 13 32 30 21 48 38 

Inst_Index:2256 	 City_Num:50 	 Concorde:0.057993 	 MCTS:5.799307 Improve:-0.000000 	 Time:5.00 Seconds
Solution: 1 15 34 19 25 20 12 5 13 18 3 42 10 7 8 50 47 29 41 48 36 37 23 2 6 4 46 43 31 24 9 21 35 17 22 49 27 44 45 40 28 38 39 11 33 14 30 16 26 32 

Inst_Index:2257 	 City_Num:50 	 Concorde:0.059586 	 MCTS:5.958576 Improve:0.000000 	 Time:5.01 Seconds
Solution: 1 46 47 11 40 35 19 34 4 10 37 6 41 33 36 27 32 13 12 31 43 24 29 15 28 23 2 45 5 25 42 20 18 38 22 44 8 26 9 17 21 49 30 3 50 16 39 14 7 48 

Inst_Index:2258 	 City_Num:50 	 Concorde:0.057585 	 MCTS:5.758543 Improve:0.000000 	 Time:5.00 Seconds
Solution: 1 47 19 7 25 41 9 33 11 22 23 34 38 30 40 12 15 16 3 27 36 43 4 20 6 13 14 39 35 48 2 24 8 10 29 17 50 18 31 42 45 32 5 26 28 44 37 49 46 21 

Inst_Index:2259 	 City_Num:50 	 Concorde:0.055242 	 MCTS:5.524159 Improve:0.000000 	 Time:5.00 Seconds
Solution: 1 10 27 34 20 17 39 48 49 50 4 46 3 42 2 22 35 14 30 9 13 5 40 29 6 44 15 41 23 43 24 38 21 37 28 7 32 47 19 33 8 36 25 12 18 31 16 45 26 11 

Inst_Index:2260 	 City_Num:50 	 Concorde:0.054821 	 MCTS:5.477818 Improve:0.004304 	 Time:5.00 Seconds
Solution: 1 48 38 41 7 29 10 24 28 14 20 25 47 15 34 3 12 11 31 8 36 5 4 19 26 37 45 22 21 32 49 9 39 18 33 50 43 30 27 2 17 16 35 23 40 6 44 13 46 42 

Inst_Index:2261 	 City_Num:50 	 Concorde:0.061338 	 MCTS:6.133194 Improve:0.000624 	 Time:5.00 Seconds
Solution: 1 12 20 14 44 18 31 40 35 19 24 22 8 38 4 39 6 26 34 7 28 46 16 49 50 32 41 9 42 17 10 33 2 21 48 37 30 47 27 36 15 25 3 29 23 13 45 5 11 43 

Inst_Index:2262 	 City_Num:50 	 Concorde:0.056170 	 MCTS:5.617021 Improve:-0.000000 	 Time:5.00 Seconds
Solution: 1 39 3 31 44 6 45 17 41 29 34 26 32 9 7 48 21 38 22 19 2 13 40 4 42 50 36 28 20 14 15 16 25 47 35 27 49 30 37 10 23 46 11 5 18 43 24 12 8 33 

Inst_Index:2263 	 City_Num:50 	 Concorde:0.059993 	 MCTS:5.992317 Improve:0.007010 	 Time:5.00 Seconds
Solution: 1 3 43 14 16 42 35 44 34 19 27 40 48 12 5 25 21 30 41 49 36 29 17 6 23 31 24 26 39 7 11 47 33 45 2 37 32 4 50 28 46 10 38 22 9 18 13 15 8 20 

Inst_Index:2264 	 City_Num:50 	 Concorde:0.052637 	 MCTS:5.259400 Improve:0.004320 	 Time:5.01 Seconds
Solution: 1 3 9 38 17 16 46 45 6 47 26 22 21 32 28 44 50 23 19 39 18 7 41 8 10 33 20 27 24 12 4 48 40 35 14 42 36 43 13 25 31 30 29 2 15 34 5 11 37 49 

Inst_Index:2265 	 City_Num:50 	 Concorde:0.055592 	 MCTS:5.559186 Improve:0.000000 	 Time:5.00 Seconds
Solution: 1 24 25 35 50 42 32 36 28 21 40 33 5 11 18 7 16 13 27 15 3 8 37 23 17 39 9 44 4 29 34 30 20 31 48 2 26 43 38 12 45 41 49 14 10 6 22 46 47 19 

Inst_Index:2266 	 City_Num:50 	 Concorde:0.056628 	 MCTS:5.662751 Improve:0.000000 	 Time:5.00 Seconds
Solution: 1 6 17 50 47 2 14 36 43 38 5 23 13 16 18 15 19 41 10 45 49 44 28 7 31 21 34 24 30 37 8 39 26 22 40 9 27 32 33 46 48 42 29 11 3 20 12 25 4 35 

Inst_Index:2267 	 City_Num:50 	 Concorde:0.057643 	 MCTS:5.764279 Improve:-0.000000 	 Time:5.00 Seconds
Solution: 1 16 31 11 20 6 24 42 48 40 13 38 21 25 50 23 17 39 27 46 3 44 47 5 12 49 9 8 41 26 18 4 37 36 28 15 32 19 43 34 10 2 45 22 33 29 14 35 7 30 

Inst_Index:2268 	 City_Num:50 	 Concorde:0.053388 	 MCTS:5.338756 Improve:0.000000 	 Time:5.00 Seconds
Solution: 1 17 44 43 41 32 13 21 30 29 10 22 12 19 15 4 46 40 45 3 5 34 35 16 36 31 38 18 23 27 6 8 7 11 14 42 47 9 28 24 49 2 37 26 20 25 33 48 50 39 

Inst_Index:2269 	 City_Num:50 	 Concorde:0.060396 	 MCTS:6.039638 Improve:-0.000000 	 Time:5.00 Seconds
Solution: 1 31 38 16 39 28 18 11 46 20 23 24 48 27 30 33 4 50 47 3 5 25 26 35 49 6 43 34 37 8 21 44 13 41 12 19 42 32 40 45 36 9 7 15 29 17 14 22 10 2 

Inst_Index:2270 	 City_Num:50 	 Concorde:0.054533 	 MCTS:5.453324 Improve:0.000000 	 Time:5.00 Seconds
Solution: 1 26 40 21 17 7 19 27 22 48 39 14 46 20 38 50 31 47 5 10 43 18 16 29 30 11 33 13 6 35 3 45 2 24 36 8 34 28 23 9 41 49 42 32 12 37 15 44 25 4 

Inst_Index:2271 	 City_Num:50 	 Concorde:0.061196 	 MCTS:6.116455 Improve:0.003192 	 Time:5.00 Seconds
Solution: 1 20 37 16 8 2 47 13 15 38 17 6 49 7 29 48 35 31 43 12 9 41 4 28 24 11 19 26 44 27 45 14 42 40 30 21 5 36 50 22 3 10 32 34 25 18 23 33 46 39 

Inst_Index:2272 	 City_Num:50 	 Concorde:0.057559 	 MCTS:5.755910 Improve:0.000000 	 Time:5.00 Seconds
Solution: 1 25 26 19 22 27 36 17 30 12 50 29 47 31 43 35 40 9 15 48 42 3 34 41 46 16 13 7 28 44 18 21 20 45 37 39 4 32 8 23 6 33 49 38 11 14 10 24 5 2 

Inst_Index:2273 	 City_Num:50 	 Concorde:0.058862 	 MCTS:5.886232 Improve:-0.000000 	 Time:5.00 Seconds
Solution: 1 17 25 34 14 11 8 5 50 29 16 24 4 45 35 19 9 48 33 31 15 44 39 47 27 13 10 26 46 37 21 6 23 38 41 30 28 43 7 42 18 40 20 32 36 3 12 22 49 2 

Inst_Index:2274 	 City_Num:50 	 Concorde:0.054962 	 MCTS:5.496183 Improve:-0.000000 	 Time:5.00 Seconds
Solution: 1 19 24 18 26 17 49 32 46 35 27 16 28 10 5 39 34 14 37 36 45 33 29 21 48 7 42 43 6 12 40 44 9 8 23 38 2 20 31 50 11 15 47 3 22 25 41 4 30 13 

Inst_Index:2275 	 City_Num:50 	 Concorde:0.057012 	 MCTS:5.692731 Improve:0.008425 	 Time:5.00 Seconds
Solution: 1 41 2 36 18 33 27 45 12 35 17 23 20 50 30 34 9 42 13 32 29 31 11 46 10 28 44 37 14 26 40 4 8 5 19 7 6 43 24 3 22 21 25 15 48 39 49 47 38 16 

Inst_Index:2276 	 City_Num:50 	 Concorde:0.055959 	 MCTS:5.591983 Improve:0.003888 	 Time:5.01 Seconds
Solution: 1 31 25 35 3 42 26 10 41 16 30 40 38 6 19 14 21 8 32 15 47 23 11 20 9 24 33 12 36 27 48 43 5 49 28 39 50 17 7 45 44 37 2 29 22 46 13 4 18 34 

Inst_Index:2277 	 City_Num:50 	 Concorde:0.054343 	 MCTS:5.432895 Improve:0.001443 	 Time:5.01 Seconds
Solution: 1 36 25 38 45 6 22 31 33 5 26 46 10 17 34 41 30 9 39 28 32 16 48 3 7 15 35 42 40 4 20 37 21 49 11 44 24 43 47 8 27 23 29 19 13 12 18 2 14 50 

Inst_Index:2278 	 City_Num:50 	 Concorde:0.055808 	 MCTS:5.580832 Improve:0.000000 	 Time:5.00 Seconds
Solution: 1 30 23 35 18 28 44 16 43 15 8 17 12 31 49 2 19 38 14 4 36 33 40 26 11 22 41 29 37 6 24 9 20 3 42 21 10 13 34 46 7 47 5 25 32 48 27 50 45 39 

Inst_Index:2279 	 City_Num:50 	 Concorde:0.058776 	 MCTS:5.877555 Improve:0.000000 	 Time:5.00 Seconds
Solution: 1 12 17 18 40 22 34 16 32 31 26 46 37 36 6 48 7 30 33 29 11 43 35 13 39 28 24 41 47 50 27 2 14 10 15 49 19 20 38 44 9 45 5 4 3 25 42 8 23 21 

Inst_Index:2280 	 City_Num:50 	 Concorde:0.055504 	 MCTS:5.550150 Improve:0.000215 	 Time:5.00 Seconds
Solution: 1 14 10 13 19 33 22 24 32 12 47 27 4 35 20 40 49 26 36 25 38 31 16 39 50 45 8 18 15 2 30 7 3 43 5 11 44 28 48 9 17 21 41 34 6 46 23 37 42 29 

Inst_Index:2281 	 City_Num:50 	 Concorde:0.057906 	 MCTS:5.790635 Improve:0.000000 	 Time:5.00 Seconds
Solution: 1 18 13 8 43 20 22 49 32 40 17 37 36 12 11 26 7 42 25 27 23 2 47 48 41 4 39 30 19 44 5 46 6 34 24 15 45 38 33 50 31 14 28 21 29 16 9 3 10 35 

Inst_Index:2282 	 City_Num:50 	 Concorde:0.057730 	 MCTS:5.773001 Improve:0.000000 	 Time:5.00 Seconds
Solution: 1 45 39 26 49 23 34 17 40 5 43 10 46 9 14 44 16 19 15 48 42 31 22 47 25 21 11 33 6 29 50 30 4 36 38 7 35 13 3 8 28 20 41 32 12 27 24 18 2 37 

Inst_Index:2283 	 City_Num:50 	 Concorde:0.056370 	 MCTS:5.633837 Improve:0.003204 	 Time:5.00 Seconds
Solution: 1 24 27 8 3 30 12 45 22 29 41 14 47 34 11 50 18 2 25 5 35 20 26 39 6 16 31 48 42 37 21 10 36 15 7 17 49 33 4 23 9 44 13 28 38 46 32 43 40 19 

Inst_Index:2284 	 City_Num:50 	 Concorde:0.060166 	 MCTS:6.016567 Improve:0.000000 	 Time:5.00 Seconds
Solution: 1 16 18 6 11 45 41 32 29 8 2 40 27 28 7 17 42 33 20 35 14 26 31 15 5 48 4 44 25 23 50 12 19 46 30 10 24 36 22 39 38 47 37 3 49 21 43 9 13 34 

Inst_Index:2285 	 City_Num:50 	 Concorde:0.057119 	 MCTS:5.711885 Improve:0.000000 	 Time:5.01 Seconds
Solution: 1 20 27 18 26 3 21 45 14 5 23 29 11 47 43 48 10 35 16 36 31 39 2 38 50 19 4 8 22 15 41 44 24 7 30 46 32 13 9 6 28 42 37 33 25 34 17 12 40 49 

Inst_Index:2286 	 City_Num:50 	 Concorde:0.058652 	 MCTS:5.865185 Improve:0.000000 	 Time:5.00 Seconds
Solution: 1 7 15 25 2 33 49 39 48 24 42 10 50 29 23 14 40 36 27 31 8 9 12 46 11 30 6 17 21 35 13 32 20 4 5 22 18 44 34 47 3 26 28 38 16 37 45 43 41 19 

Inst_Index:2287 	 City_Num:50 	 Concorde:0.058912 	 MCTS:5.888373 Improve:0.002849 	 Time:5.00 Seconds
Solution: 1 46 33 37 47 10 22 39 38 34 43 40 35 7 32 18 5 3 36 6 50 28 42 25 23 27 31 11 16 4 12 9 45 44 20 49 19 24 26 15 17 14 48 8 13 30 21 41 2 29 

Inst_Index:2288 	 City_Num:50 	 Concorde:0.055067 	 MCTS:5.506719 Improve:0.000000 	 Time:5.01 Seconds
Solution: 1 11 20 49 29 38 42 5 17 32 25 43 15 46 12 45 27 39 10 23 19 21 50 26 13 16 35 34 30 14 41 44 28 37 2 36 4 40 24 3 9 18 47 7 8 48 22 6 33 31 

Inst_Index:2289 	 City_Num:50 	 Concorde:0.055605 	 MCTS:5.560507 Improve:-0.000000 	 Time:5.00 Seconds
Solution: 1 31 13 41 9 43 14 22 46 16 10 38 37 30 20 32 39 5 12 19 18 24 8 27 48 21 25 2 15 40 23 35 7 17 4 42 49 3 44 29 45 34 36 6 47 33 11 28 26 50 

Inst_Index:2290 	 City_Num:50 	 Concorde:0.061235 	 MCTS:6.123508 Improve:0.000000 	 Time:5.01 Seconds
Solution: 1 7 25 48 19 32 5 42 18 20 13 49 34 15 27 21 9 14 3 46 29 10 23 40 50 44 12 31 17 2 33 11 35 41 30 16 8 6 36 47 45 24 38 39 43 22 28 37 4 26 

Inst_Index:2291 	 City_Num:50 	 Concorde:0.053044 	 MCTS:5.301651 Improve:0.002726 	 Time:5.01 Seconds
Solution: 1 10 38 49 24 19 8 29 46 25 30 45 18 48 2 12 39 16 21 41 43 35 28 13 23 40 6 50 31 14 44 42 17 36 34 11 47 32 4 27 20 22 7 33 9 15 26 3 5 37 

Inst_Index:2292 	 City_Num:50 	 Concorde:0.058700 	 MCTS:5.869963 Improve:0.000000 	 Time:5.00 Seconds
Solution: 1 46 38 6 36 22 37 23 32 49 4 41 48 24 10 30 27 2 15 29 44 34 43 14 5 26 47 12 3 18 39 21 45 11 35 28 19 16 40 31 50 20 42 17 13 7 25 8 9 33 

Inst_Index:2293 	 City_Num:50 	 Concorde:0.054462 	 MCTS:5.446155 Improve:-0.000000 	 Time:5.00 Seconds
Solution: 1 14 26 8 30 6 39 48 5 37 50 3 41 2 7 19 25 13 22 17 29 35 15 21 33 34 36 42 27 44 23 16 4 38 43 47 20 31 40 49 9 28 24 12 45 11 32 46 18 10 

Inst_Index:2294 	 City_Num:50 	 Concorde:0.057153 	 MCTS:5.715316 Improve:0.000000 	 Time:5.00 Seconds
Solution: 1 6 7 45 44 40 28 17 24 36 29 27 26 10 13 22 41 32 48 47 31 3 35 30 11 19 20 46 18 4 43 16 5 37 49 14 38 33 25 21 39 50 9 23 34 12 42 15 8 2 

Inst_Index:2295 	 City_Num:50 	 Concorde:0.058473 	 MCTS:5.847316 Improve:0.000000 	 Time:5.00 Seconds
Solution: 1 42 22 46 21 43 47 41 3 18 25 23 34 37 6 5 2 9 40 49 7 15 8 4 10 45 33 31 19 50 36 24 11 35 32 17 13 20 30 14 28 26 38 48 39 27 29 12 16 44 

Inst_Index:2296 	 City_Num:50 	 Concorde:0.058663 	 MCTS:5.866254 Improve:-0.000000 	 Time:5.00 Seconds
Solution: 1 41 19 39 28 42 45 7 30 36 25 47 49 29 5 16 10 2 27 8 4 37 50 6 34 14 43 31 33 23 32 12 20 18 44 40 38 46 11 3 35 9 26 17 15 13 22 48 24 21 

Inst_Index:2297 	 City_Num:50 	 Concorde:0.053818 	 MCTS:5.381786 Improve:0.000000 	 Time:5.00 Seconds
Solution: 1 10 9 23 27 29 36 14 44 24 32 5 30 50 43 13 8 39 7 20 11 22 28 41 45 35 2 48 47 3 4 46 17 25 40 19 15 31 21 49 12 42 33 38 16 18 26 6 34 37 

Inst_Index:2298 	 City_Num:50 	 Concorde:0.057495 	 MCTS:5.749471 Improve:-0.000000 	 Time:5.00 Seconds
Solution: 1 28 43 6 15 4 33 38 50 39 26 18 42 20 8 16 34 5 9 29 41 31 14 35 21 49 30 7 44 25 12 13 46 45 23 47 10 17 48 3 36 24 2 11 19 27 22 32 40 37 

Inst_Index:2299 	 City_Num:50 	 Concorde:0.058439 	 MCTS:5.843867 Improve:-0.000000 	 Time:5.01 Seconds
Solution: 1 46 41 6 4 49 22 3 40 16 19 18 45 44 37 11 15 10 34 39 12 2 8 26 5 48 20 42 14 27 38 33 32 43 7 21 17 31 36 47 23 35 30 29 24 28 13 9 25 50 

Inst_Index:2300 	 City_Num:50 	 Concorde:0.059371 	 MCTS:5.937085 Improve:0.000000 	 Time:5.00 Seconds
Solution: 1 37 34 32 15 9 5 43 3 45 14 25 8 38 22 24 41 12 23 48 19 26 21 20 47 4 35 2 29 18 46 49 16 50 17 13 42 11 6 33 30 28 39 36 10 7 44 40 27 31 

Inst_Index:2301 	 City_Num:50 	 Concorde:0.057974 	 MCTS:5.797409 Improve:-0.000000 	 Time:5.00 Seconds
Solution: 1 32 27 45 2 38 10 6 43 22 9 15 11 23 46 41 47 7 25 12 24 31 42 13 16 44 50 17 14 19 37 21 3 26 48 35 30 4 40 39 29 20 18 5 28 33 34 49 36 8 

Inst_Index:2302 	 City_Num:50 	 Concorde:0.055769 	 MCTS:5.576929 Improve:-0.000000 	 Time:5.00 Seconds
Solution: 1 26 3 10 45 31 23 9 43 7 32 21 44 16 34 2 38 12 41 5 39 14 42 48 49 33 4 50 22 29 27 37 11 18 15 8 36 13 6 19 40 46 47 28 25 17 35 20 30 24 

Inst_Index:2303 	 City_Num:50 	 Concorde:0.058325 	 MCTS:5.832463 Improve:-0.000000 	 Time:5.00 Seconds
Solution: 1 45 19 46 35 32 17 25 21 12 31 18 13 34 22 4 33 38 41 48 6 49 2 43 40 50 29 8 30 39 11 47 7 26 16 42 24 10 15 9 20 3 23 37 14 5 36 27 44 28 

Inst_Index:2304 	 City_Num:50 	 Concorde:0.057941 	 MCTS:5.794070 Improve:0.000000 	 Time:5.00 Seconds
Solution: 1 9 37 27 34 14 31 48 19 33 11 6 43 2 4 28 40 7 26 12 8 22 3 39 49 30 23 46 24 47 44 16 20 25 29 5 50 13 41 36 32 45 17 38 10 35 15 21 42 18 

Inst_Index:2305 	 City_Num:50 	 Concorde:0.060377 	 MCTS:6.037065 Improve:0.000659 	 Time:5.00 Seconds
Solution: 1 17 23 22 14 12 31 43 7 28 11 35 42 50 2 38 24 49 44 20 9 25 18 30 29 21 3 34 4 39 36 6 13 8 48 32 10 41 45 19 47 37 26 40 46 33 16 5 15 27 

Inst_Index:2306 	 City_Num:50 	 Concorde:0.061396 	 MCTS:6.137410 Improve:0.002207 	 Time:5.00 Seconds
Solution: 1 47 14 43 12 23 11 49 41 24 26 32 6 2 40 35 36 21 44 50 19 38 16 34 25 5 46 4 22 27 48 31 42 30 17 45 8 33 29 9 7 10 15 13 28 3 18 37 39 20 

Inst_Index:2307 	 City_Num:50 	 Concorde:0.060215 	 MCTS:6.021470 Improve:-0.000000 	 Time:5.00 Seconds
Solution: 1 19 38 28 48 23 21 17 25 4 7 9 18 49 20 29 40 30 45 11 42 24 2 43 33 26 6 47 50 27 16 22 31 35 39 15 8 37 34 13 10 41 46 3 32 14 44 12 36 5 

Inst_Index:2308 	 City_Num:50 	 Concorde:0.056548 	 MCTS:5.654777 Improve:0.000000 	 Time:5.00 Seconds
Solution: 1 25 12 49 4 31 44 28 50 29 35 48 15 36 38 13 30 45 6 42 20 18 22 9 32 2 43 39 24 19 37 7 33 5 3 41 8 23 11 14 27 10 34 16 40 47 21 17 46 26 

Inst_Index:2309 	 City_Num:50 	 Concorde:0.059404 	 MCTS:5.940398 Improve:0.000000 	 Time:5.01 Seconds
Solution: 1 26 31 27 42 46 49 37 8 9 47 22 15 48 40 16 39 29 12 50 11 19 20 13 34 35 7 25 38 3 5 10 41 24 23 36 32 6 4 14 30 21 33 17 44 2 28 43 18 45 

Inst_Index:2310 	 City_Num:50 	 Concorde:0.058511 	 MCTS:5.851112 Improve:0.000000 	 Time:5.00 Seconds
Solution: 1 3 37 10 18 19 47 29 21 26 39 35 30 41 9 2 28 20 31 7 45 17 36 22 5 42 43 4 32 34 11 15 48 33 23 14 46 38 50 44 40 8 12 16 13 25 27 24 6 49 

Inst_Index:2311 	 City_Num:50 	 Concorde:0.059977 	 MCTS:5.997019 Improve:0.000653 	 Time:5.00 Seconds
Solution: 1 46 3 5 45 40 13 35 48 16 29 41 24 50 6 17 18 34 9 12 11 27 30 20 4 33 31 44 38 36 7 32 43 23 25 47 2 42 15 22 39 21 19 14 8 26 28 10 49 37 

Inst_Index:2312 	 City_Num:50 	 Concorde:0.056832 	 MCTS:5.678715 Improve:0.004491 	 Time:5.00 Seconds
Solution: 1 2 8 42 34 19 45 14 47 39 24 43 7 31 50 29 4 28 41 26 23 15 13 21 22 30 44 48 6 17 37 9 46 40 38 27 36 16 5 12 35 49 10 33 25 3 11 20 18 32 

Inst_Index:2313 	 City_Num:50 	 Concorde:0.053376 	 MCTS:5.337643 Improve:0.000000 	 Time:5.00 Seconds
Solution: 1 38 50 5 3 46 21 31 40 33 2 36 19 37 18 25 4 12 48 20 6 45 8 22 41 43 10 35 26 17 14 16 27 28 23 7 15 49 44 9 42 11 32 34 29 13 30 47 24 39 

Inst_Index:2314 	 City_Num:50 	 Concorde:0.057203 	 MCTS:5.712338 Improve:0.007987 	 Time:5.00 Seconds
Solution: 1 28 14 3 9 5 48 39 20 44 40 31 36 7 35 49 47 26 2 11 18 16 25 41 6 8 22 38 30 45 32 15 42 27 50 34 46 4 17 10 12 23 33 24 13 29 21 43 19 37 

Inst_Index:2315 	 City_Num:50 	 Concorde:0.057014 	 MCTS:5.701374 Improve:0.000000 	 Time:5.00 Seconds
Solution: 1 9 26 24 18 19 46 49 16 32 6 35 41 12 10 38 30 33 27 39 3 22 45 48 2 44 36 5 7 21 40 34 29 4 11 8 47 37 43 28 20 42 23 13 31 50 15 17 14 25 

Inst_Index:2316 	 City_Num:50 	 Concorde:0.059824 	 MCTS:5.982396 Improve:-0.000000 	 Time:5.00 Seconds
Solution: 1 47 6 44 36 39 4 21 50 7 14 33 34 41 5 31 26 49 20 43 30 17 16 12 19 11 38 22 2 8 40 9 29 23 35 13 28 3 42 27 24 45 25 10 37 46 15 18 48 32 

Inst_Index:2317 	 City_Num:50 	 Concorde:0.058322 	 MCTS:5.832161 Improve:0.000000 	 Time:5.01 Seconds
Solution: 1 17 7 39 49 20 10 33 35 29 18 6 34 46 44 15 21 5 14 43 42 36 9 40 8 32 48 16 50 12 31 41 13 38 27 24 45 30 25 2 4 47 19 3 23 22 37 28 11 26 

Inst_Index:2318 	 City_Num:50 	 Concorde:0.052517 	 MCTS:5.249947 Improve:0.001725 	 Time:5.00 Seconds
Solution: 1 44 38 43 28 8 42 31 23 15 50 10 30 32 6 18 21 24 41 20 29 33 25 26 13 4 14 34 49 36 40 5 11 17 47 12 9 45 3 46 48 2 19 39 37 35 27 7 16 22 

Inst_Index:2319 	 City_Num:50 	 Concorde:0.057644 	 MCTS:5.764443 Improve:0.000000 	 Time:5.00 Seconds
Solution: 1 25 23 29 38 31 49 10 17 48 47 44 42 15 43 41 11 12 21 5 27 3 37 2 9 24 34 7 39 28 33 50 14 19 40 35 45 18 13 16 36 30 8 32 4 46 6 26 22 20 

Inst_Index:2320 	 City_Num:50 	 Concorde:0.052195 	 MCTS:5.219533 Improve:0.000000 	 Time:5.00 Seconds
Solution: 1 5 9 40 26 47 13 33 28 6 16 29 35 37 11 31 18 27 20 3 42 7 41 2 8 21 38 24 43 48 17 10 45 23 39 30 49 25 19 4 12 34 14 22 36 44 50 32 15 46 

Inst_Index:2321 	 City_Num:50 	 Concorde:0.058732 	 MCTS:5.872411 Improve:0.000839 	 Time:5.00 Seconds
Solution: 1 23 5 26 46 44 9 24 14 6 41 22 3 48 10 31 32 19 38 50 17 7 47 30 42 27 2 29 33 36 49 28 11 34 35 39 12 37 15 20 4 21 40 43 18 16 8 45 13 25 

Inst_Index:2322 	 City_Num:50 	 Concorde:0.060679 	 MCTS:6.067918 Improve:0.000000 	 Time:5.01 Seconds
Solution: 1 41 9 11 29 36 7 42 46 17 25 15 18 47 32 34 14 8 40 50 31 49 44 24 39 30 35 28 5 19 22 33 6 3 10 20 16 4 26 43 38 45 37 2 21 12 27 48 13 23 

Inst_Index:2323 	 City_Num:50 	 Concorde:0.059572 	 MCTS:5.957226 Improve:-0.000000 	 Time:5.00 Seconds
Solution: 1 44 24 9 35 17 32 43 18 28 11 30 46 14 33 27 4 5 3 7 12 23 8 19 20 2 13 47 15 26 22 38 34 45 40 21 36 42 48 39 25 49 10 41 29 50 31 16 37 6 

Inst_Index:2324 	 City_Num:50 	 Concorde:0.058457 	 MCTS:5.830902 Improve:0.014800 	 Time:5.00 Seconds
Solution: 1 44 35 29 23 50 43 24 8 32 21 10 16 15 49 26 45 48 9 2 12 38 11 5 42 31 34 33 13 20 17 36 46 25 6 18 47 14 27 22 19 41 39 40 37 3 30 7 4 28 

Inst_Index:2325 	 City_Num:50 	 Concorde:0.057930 	 MCTS:5.792990 Improve:0.000000 	 Time:5.00 Seconds
Solution: 1 29 43 31 40 18 39 48 14 33 45 16 38 44 6 27 3 4 46 26 36 41 22 47 25 11 9 19 15 10 35 42 2 34 12 8 13 20 37 28 50 32 24 7 17 49 30 23 21 5 

Inst_Index:2326 	 City_Num:50 	 Concorde:0.059937 	 MCTS:6.002723 Improve:-0.009073 	 Time:5.00 Seconds
Solution: 1 25 45 5 49 30 38 3 22 20 40 29 48 47 2 46 44 18 11 10 31 32 37 42 34 7 16 21 6 24 35 28 17 50 4 19 26 41 33 12 43 23 9 15 39 14 27 8 36 13 

Inst_Index:2327 	 City_Num:50 	 Concorde:0.060604 	 MCTS:6.058128 Improve:0.002291 	 Time:5.00 Seconds
Solution: 1 22 26 31 47 12 36 3 32 15 33 28 23 45 14 30 35 41 27 6 20 19 29 38 11 37 34 50 48 17 39 8 13 9 5 25 46 10 2 18 44 42 16 7 43 49 40 4 21 24 

Inst_Index:2328 	 City_Num:50 	 Concorde:0.052613 	 MCTS:5.261276 Improve:0.000000 	 Time:5.00 Seconds
Solution: 1 34 5 3 45 9 4 37 48 35 30 18 23 28 12 13 46 49 22 38 2 31 32 25 21 6 15 7 20 44 33 14 27 8 24 42 16 11 40 50 10 17 39 41 19 36 29 26 47 43 

Inst_Index:2329 	 City_Num:50 	 Concorde:0.058169 	 MCTS:5.816881 Improve:0.000000 	 Time:5.01 Seconds
Solution: 1 33 13 29 49 30 28 46 18 5 47 31 37 41 36 35 38 50 39 3 22 48 8 27 12 2 23 14 15 44 42 10 16 45 17 19 24 20 11 34 25 32 6 7 9 4 43 21 26 40 

Inst_Index:2330 	 City_Num:50 	 Concorde:0.054764 	 MCTS:5.476364 Improve:-0.000000 	 Time:5.00 Seconds
Solution: 1 41 17 28 33 8 29 10 13 22 3 31 11 6 18 2 43 19 27 35 21 50 44 23 25 30 26 34 15 4 40 24 48 38 42 14 12 45 39 7 49 5 36 37 9 20 46 16 32 47 

Inst_Index:2331 	 City_Num:50 	 Concorde:0.054883 	 MCTS:5.488302 Improve:0.000000 	 Time:5.00 Seconds
Solution: 1 6 40 31 26 42 23 3 4 38 15 33 28 5 49 25 37 21 16 7 44 47 45 24 36 35 30 8 17 48 19 9 14 11 13 18 43 22 2 41 29 34 12 50 10 39 27 46 32 20 

Inst_Index:2332 	 City_Num:50 	 Concorde:0.055021 	 MCTS:5.500934 Improve:0.001158 	 Time:5.00 Seconds
Solution: 1 46 36 26 2 37 28 35 9 16 34 44 15 10 40 21 8 38 14 20 3 29 7 13 25 42 39 30 32 22 33 23 18 45 43 49 4 48 27 41 19 5 47 11 50 12 31 6 17 24 

Inst_Index:2333 	 City_Num:50 	 Concorde:0.059045 	 MCTS:5.901346 Improve:0.003151 	 Time:5.01 Seconds
Solution: 1 19 44 9 49 23 45 37 16 7 14 40 42 35 31 6 26 10 8 38 50 3 34 20 27 28 32 2 13 21 12 41 24 39 29 48 33 18 4 46 36 43 47 5 11 15 30 17 22 25 

Inst_Index:2334 	 City_Num:50 	 Concorde:0.054435 	 MCTS:5.439912 Improve:0.003554 	 Time:5.00 Seconds
Solution: 1 41 11 14 48 16 10 37 4 36 32 7 5 29 43 2 30 3 42 25 46 12 23 34 50 38 35 40 27 19 6 17 22 15 20 21 18 33 31 44 47 28 13 26 45 8 39 9 49 24 

Inst_Index:2335 	 City_Num:50 	 Concorde:0.055219 	 MCTS:5.521925 Improve:-0.000000 	 Time:5.00 Seconds
Solution: 1 20 48 33 31 6 37 45 7 11 4 5 46 40 35 16 36 44 14 23 17 13 22 39 29 32 26 38 25 27 2 43 18 24 28 49 8 41 3 21 19 9 42 30 34 10 47 12 50 15 

Inst_Index:2336 	 City_Num:50 	 Concorde:0.055784 	 MCTS:5.576179 Improve:0.002199 	 Time:5.00 Seconds
Solution: 1 39 47 32 33 19 6 17 27 41 44 42 5 18 30 29 37 40 8 43 16 20 13 4 36 34 24 21 15 3 25 46 49 9 23 11 7 50 10 26 28 48 45 38 12 35 14 31 2 22 

Inst_Index:2337 	 City_Num:50 	 Concorde:0.060642 	 MCTS:6.064229 Improve:0.000000 	 Time:5.00 Seconds
Solution: 1 29 50 26 3 2 36 7 45 22 11 17 5 19 44 33 28 25 10 4 8 39 47 32 16 31 46 37 27 43 30 42 13 18 48 14 20 9 40 21 12 49 23 38 41 34 6 35 24 15 

Inst_Index:2338 	 City_Num:50 	 Concorde:0.060924 	 MCTS:6.082282 Improve:0.010077 	 Time:5.00 Seconds
Solution: 1 11 13 42 31 35 23 39 10 8 17 27 47 38 2 43 19 3 26 4 25 48 12 6 41 40 49 9 7 50 37 5 24 16 46 18 33 22 21 20 15 28 44 36 30 45 29 34 32 14 

Inst_Index:2339 	 City_Num:50 	 Concorde:0.057032 	 MCTS:5.698227 Improve:0.004977 	 Time:5.00 Seconds
Solution: 1 35 26 39 11 29 42 6 34 9 14 19 2 33 20 41 18 47 4 50 3 25 8 21 36 44 46 15 7 37 27 12 13 22 23 28 16 40 24 5 10 32 43 49 30 38 48 17 45 31 

Inst_Index:2340 	 City_Num:50 	 Concorde:0.058457 	 MCTS:5.845727 Improve:0.000000 	 Time:5.00 Seconds
Solution: 1 47 10 37 41 14 8 26 20 27 28 36 19 13 44 25 30 15 21 2 11 16 48 42 12 24 46 9 39 7 34 18 43 3 22 4 40 45 31 35 50 5 49 32 6 33 38 17 29 23 

Inst_Index:2341 	 City_Num:50 	 Concorde:0.055605 	 MCTS:5.560462 Improve:0.000000 	 Time:5.00 Seconds
Solution: 1 47 12 39 3 36 30 8 48 49 2 15 16 6 22 43 25 34 14 5 28 45 40 4 7 18 19 31 20 17 32 38 50 13 27 35 9 37 42 29 11 23 26 46 44 24 41 21 10 33 

Inst_Index:2342 	 City_Num:50 	 Concorde:0.059478 	 MCTS:5.947284 Improve:0.000468 	 Time:5.00 Seconds
Solution: 1 40 38 42 49 36 43 24 10 21 34 11 25 41 27 6 37 35 32 18 48 7 22 33 23 31 45 20 9 19 15 13 8 2 16 44 47 14 46 5 29 50 17 28 12 3 39 4 26 30 

Inst_Index:2343 	 City_Num:50 	 Concorde:0.053651 	 MCTS:5.365146 Improve:0.000000 	 Time:5.00 Seconds
Solution: 1 24 17 41 8 26 47 14 36 37 45 39 50 43 3 21 25 7 20 2 30 23 42 46 33 9 19 15 29 38 16 6 10 4 18 32 44 22 40 12 11 49 27 35 28 31 48 34 5 13 

Inst_Index:2344 	 City_Num:50 	 Concorde:0.058818 	 MCTS:5.881761 Improve:-0.000000 	 Time:5.00 Seconds
Solution: 1 31 19 45 20 32 28 35 38 11 49 16 17 43 15 34 26 39 5 47 6 44 4 21 24 8 33 46 23 42 41 22 40 29 12 50 10 48 30 14 18 36 2 3 27 25 13 9 7 37 

Inst_Index:2345 	 City_Num:50 	 Concorde:0.063510 	 MCTS:6.348736 Improve:0.002303 	 Time:5.00 Seconds
Solution: 1 44 5 47 36 37 28 4 41 20 33 49 11 14 50 34 39 24 25 27 23 16 9 19 10 13 26 30 15 21 38 35 12 48 45 17 2 8 22 46 6 40 32 3 43 18 29 7 31 42 

Inst_Index:2346 	 City_Num:50 	 Concorde:0.057602 	 MCTS:5.750886 Improve:0.009339 	 Time:5.00 Seconds
Solution: 1 15 13 14 16 47 27 38 11 30 37 23 25 49 10 17 46 6 33 29 34 18 5 39 50 42 7 43 32 22 3 44 40 9 4 19 20 24 48 31 8 12 26 21 36 45 35 28 2 41 

Inst_Index:2347 	 City_Num:50 	 Concorde:0.055112 	 MCTS:5.511177 Improve:-0.000000 	 Time:5.00 Seconds
Solution: 1 25 32 36 28 39 5 7 46 2 43 19 24 45 15 6 17 31 49 29 47 14 11 4 37 34 16 38 23 12 20 8 41 21 50 35 10 3 18 44 42 33 27 22 30 9 40 26 48 13 

Inst_Index:2348 	 City_Num:50 	 Concorde:0.060814 	 MCTS:6.081442 Improve:0.000000 	 Time:5.00 Seconds
Solution: 1 18 45 21 38 31 49 4 33 9 35 22 37 17 20 6 30 2 28 7 5 8 24 14 36 25 23 12 48 19 44 32 39 3 41 27 40 11 13 29 16 26 10 46 50 43 47 34 15 42 

Inst_Index:2349 	 City_Num:50 	 Concorde:0.059840 	 MCTS:5.983316 Improve:0.000716 	 Time:5.00 Seconds
Solution: 1 20 25 10 45 4 32 7 22 2 49 41 13 23 17 21 8 47 34 11 30 33 31 39 5 18 36 29 3 50 44 14 46 26 35 37 48 6 27 15 9 24 43 42 28 12 40 38 19 16 

Inst_Index:2350 	 City_Num:50 	 Concorde:0.053644 	 MCTS:5.360444 Improve:0.003922 	 Time:5.00 Seconds
Solution: 1 26 43 28 10 38 18 22 44 48 21 29 47 39 4 7 35 30 41 40 6 33 23 8 45 19 2 27 14 37 50 3 15 34 17 42 24 11 12 5 13 36 32 25 31 16 20 49 9 46 

Inst_Index:2351 	 City_Num:50 	 Concorde:0.056372 	 MCTS:5.630567 Improve:0.006614 	 Time:5.00 Seconds
Solution: 1 19 28 10 17 44 35 4 50 36 13 43 45 42 9 37 39 15 23 40 24 27 38 22 30 46 14 32 47 3 31 11 6 34 7 41 5 29 25 2 21 49 26 16 33 48 8 12 18 20 

Inst_Index:2352 	 City_Num:50 	 Concorde:0.062251 	 MCTS:6.225138 Improve:0.000000 	 Time:5.00 Seconds
Solution: 1 22 25 2 17 41 37 44 26 49 4 28 9 8 43 47 21 16 33 42 24 11 35 15 40 19 31 34 45 29 7 32 23 50 10 48 20 46 5 18 38 12 6 36 27 14 39 13 3 30 

Inst_Index:2353 	 City_Num:50 	 Concorde:0.062600 	 MCTS:6.259955 Improve:-0.000000 	 Time:5.00 Seconds
Solution: 1 21 43 45 12 24 17 23 3 25 30 2 42 6 38 48 34 8 19 5 40 16 11 27 4 44 18 50 7 47 35 29 28 33 39 14 41 26 15 22 32 10 13 31 37 46 9 20 36 49 

Inst_Index:2354 	 City_Num:50 	 Concorde:0.053438 	 MCTS:5.343794 Improve:-0.000000 	 Time:5.00 Seconds
Solution: 1 41 12 44 15 7 36 21 19 28 33 34 24 17 20 10 23 9 48 2 11 32 30 25 49 50 39 18 45 16 38 14 37 5 43 6 31 42 29 46 47 35 40 22 13 26 27 3 4 8 

Inst_Index:2355 	 City_Num:50 	 Concorde:0.057072 	 MCTS:5.707220 Improve:-0.000000 	 Time:5.00 Seconds
Solution: 1 31 13 26 40 11 49 3 39 19 23 20 18 38 2 42 27 28 4 43 29 7 9 21 48 15 36 22 41 8 24 25 5 45 35 34 46 50 47 14 32 10 37 12 6 16 33 30 44 17 

Inst_Index:2356 	 City_Num:50 	 Concorde:0.058076 	 MCTS:5.795348 Improve:0.012296 	 Time:5.00 Seconds
Solution: 1 37 47 2 19 34 46 13 33 12 26 17 8 11 9 14 24 39 40 44 35 29 49 25 48 30 10 45 15 50 41 20 22 18 28 6 36 42 23 5 27 3 21 31 4 16 32 38 7 43 

Inst_Index:2357 	 City_Num:50 	 Concorde:0.060058 	 MCTS:6.005835 Improve:0.000000 	 Time:5.00 Seconds
Solution: 1 42 43 37 48 8 29 18 17 41 3 39 46 21 50 23 40 12 44 15 13 24 14 11 34 7 32 38 6 22 45 30 27 25 31 47 9 5 16 2 28 36 10 20 35 33 4 26 19 49 

Inst_Index:2358 	 City_Num:50 	 Concorde:0.058622 	 MCTS:5.860364 Improve:0.001845 	 Time:5.00 Seconds
Solution: 1 33 32 49 29 6 30 28 27 20 38 8 34 3 26 22 50 46 11 35 9 45 36 2 12 39 10 17 41 48 4 44 18 21 24 5 19 16 43 14 25 7 23 37 15 13 47 42 40 31 

Inst_Index:2359 	 City_Num:50 	 Concorde:0.052521 	 MCTS:5.252107 Improve:0.000000 	 Time:5.00 Seconds
Solution: 1 35 23 50 30 47 22 15 37 32 33 14 40 2 20 38 44 7 31 13 16 27 43 5 12 41 45 19 11 46 48 18 28 25 9 6 39 29 49 34 26 17 42 10 4 8 36 24 21 3 

Inst_Index:2360 	 City_Num:50 	 Concorde:0.058083 	 MCTS:5.808349 Improve:0.000000 	 Time:5.00 Seconds
Solution: 1 14 47 26 22 42 44 35 16 38 9 20 10 43 13 17 33 37 24 8 3 15 5 50 45 11 25 28 29 30 41 48 27 46 31 40 21 36 19 34 12 4 6 18 2 49 23 39 7 32 

Inst_Index:2361 	 City_Num:50 	 Concorde:0.055670 	 MCTS:5.566982 Improve:-0.000000 	 Time:5.00 Seconds
Solution: 1 34 11 36 49 16 43 47 2 39 48 8 7 12 20 28 46 30 10 41 21 23 15 33 31 25 35 6 5 4 42 9 32 45 38 14 17 27 29 40 24 26 18 50 3 19 37 22 44 13 

Inst_Index:2362 	 City_Num:50 	 Concorde:0.055714 	 MCTS:5.571406 Improve:-0.000000 	 Time:5.00 Seconds
Solution: 1 40 36 43 19 29 21 33 12 47 35 50 6 49 8 4 16 7 15 18 24 2 13 25 45 9 37 5 38 48 28 32 26 42 30 17 23 22 44 41 39 10 34 20 46 27 11 31 14 3 

Inst_Index:2363 	 City_Num:50 	 Concorde:0.058057 	 MCTS:5.803165 Improve:0.002570 	 Time:5.00 Seconds
Solution: 1 18 24 36 40 26 45 35 6 20 31 43 13 39 41 21 22 15 3 37 46 34 12 30 42 9 19 8 38 16 33 14 25 32 23 7 48 5 44 2 11 47 4 27 49 17 28 10 50 29 

Inst_Index:2364 	 City_Num:50 	 Concorde:0.053010 	 MCTS:5.300957 Improve:-0.000000 	 Time:5.00 Seconds
Solution: 1 41 2 20 23 37 19 29 33 42 15 18 47 12 3 25 40 16 35 48 24 13 26 36 34 43 22 46 27 50 32 21 45 17 8 6 14 5 10 30 39 11 9 31 7 28 4 49 44 38 

Inst_Index:2365 	 City_Num:50 	 Concorde:0.057521 	 MCTS:5.747101 Improve:0.004951 	 Time:5.00 Seconds
Solution: 1 26 25 40 39 24 14 9 42 31 34 3 20 17 33 10 4 45 36 23 15 2 11 21 30 46 19 27 38 7 16 18 50 5 32 28 12 8 41 35 22 37 6 13 44 49 29 48 47 43 

Inst_Index:2366 	 City_Num:50 	 Concorde:0.052885 	 MCTS:5.285688 Improve:0.002798 	 Time:5.01 Seconds
Solution: 1 29 43 19 22 25 30 40 6 5 36 38 34 16 49 8 27 37 17 46 4 33 45 9 41 35 11 12 24 23 44 3 26 13 21 42 50 15 32 7 10 28 18 47 20 48 31 39 14 2 

Inst_Index:2367 	 City_Num:50 	 Concorde:0.060454 	 MCTS:6.045372 Improve:0.000000 	 Time:5.01 Seconds
Solution: 1 2 39 31 25 9 33 38 15 34 48 23 50 24 26 43 32 41 21 28 14 44 22 11 5 35 10 3 46 20 13 47 18 4 12 30 27 37 42 45 7 29 16 49 40 17 36 6 19 8 

Inst_Index:2368 	 City_Num:50 	 Concorde:0.057938 	 MCTS:5.792394 Improve:0.001385 	 Time:5.00 Seconds
Solution: 1 6 5 22 42 47 15 48 31 44 7 18 32 38 45 4 30 10 34 14 37 16 3 23 39 13 40 28 49 36 12 27 26 21 43 8 24 29 9 20 46 33 19 2 41 17 35 11 25 50 

Inst_Index:2369 	 City_Num:50 	 Concorde:0.056911 	 MCTS:5.691077 Improve:0.000062 	 Time:5.00 Seconds
Solution: 1 24 17 2 28 31 16 5 37 14 23 11 32 22 47 3 19 40 13 46 8 44 33 20 38 25 50 27 43 36 21 48 42 15 35 41 26 34 7 9 4 45 10 49 18 39 30 12 6 29 

Inst_Index:2370 	 City_Num:50 	 Concorde:0.061734 	 MCTS:6.173360 Improve:-0.000000 	 Time:5.00 Seconds
Solution: 1 13 4 24 15 34 11 14 37 23 10 20 16 32 31 48 30 17 35 46 3 42 36 39 19 21 8 18 44 6 25 29 49 43 40 9 38 5 41 33 7 26 45 12 2 47 28 22 27 50 

Inst_Index:2371 	 City_Num:50 	 Concorde:0.054973 	 MCTS:5.497345 Improve:0.000000 	 Time:5.00 Seconds
Solution: 1 39 7 20 6 37 33 34 43 18 16 23 49 5 50 35 17 3 14 21 30 4 25 47 22 11 26 10 13 9 40 24 19 38 36 44 2 41 12 29 42 48 27 45 46 28 31 15 32 8 

Inst_Index:2372 	 City_Num:50 	 Concorde:0.060791 	 MCTS:6.079087 Improve:0.000000 	 Time:5.00 Seconds
Solution: 1 11 25 31 6 30 36 26 18 15 9 16 29 35 44 5 46 20 45 4 3 19 8 14 34 47 43 24 21 23 33 41 13 49 12 17 37 42 39 38 48 32 2 40 50 27 28 7 10 22 

Inst_Index:2373 	 City_Num:50 	 Concorde:0.062413 	 MCTS:6.241267 Improve:0.000000 	 Time:5.00 Seconds
Solution: 1 35 27 30 7 15 18 9 44 41 32 24 33 10 31 42 12 14 34 29 3 17 38 6 8 11 28 43 4 37 5 50 45 49 22 16 2 23 48 36 25 39 46 21 47 13 19 26 40 20 

Inst_Index:2374 	 City_Num:50 	 Concorde:0.054718 	 MCTS:5.471844 Improve:-0.000000 	 Time:5.00 Seconds
Solution: 1 18 20 36 3 5 7 32 49 22 46 41 37 40 28 50 26 43 16 25 4 9 31 33 14 12 29 34 8 13 24 44 45 42 19 21 47 38 39 30 15 23 17 6 27 2 48 10 11 35 

Inst_Index:2375 	 City_Num:50 	 Concorde:0.057855 	 MCTS:5.785461 Improve:0.000000 	 Time:5.00 Seconds
Solution: 1 11 5 25 46 10 6 49 37 21 2 15 13 42 27 29 34 24 7 36 19 35 30 45 22 26 28 43 31 44 48 17 18 39 50 9 41 14 16 23 8 47 40 12 32 4 38 33 3 20 

Inst_Index:2376 	 City_Num:50 	 Concorde:0.056381 	 MCTS:5.638093 Improve:0.000000 	 Time:5.00 Seconds
Solution: 1 9 30 14 17 38 39 16 15 31 24 44 37 6 8 11 33 47 32 46 28 10 26 35 42 4 45 23 29 18 27 22 20 50 41 49 36 48 34 40 21 19 2 43 3 7 25 13 12 5 

Inst_Index:2377 	 City_Num:50 	 Concorde:0.059066 	 MCTS:5.901158 Improve:0.005399 	 Time:5.00 Seconds
Solution: 1 36 50 45 23 4 39 32 13 3 19 9 43 38 12 21 5 30 28 37 29 14 46 44 41 16 8 10 47 15 2 25 26 34 11 42 33 40 17 49 24 27 20 7 48 22 35 31 6 18 

Inst_Index:2378 	 City_Num:50 	 Concorde:0.053533 	 MCTS:5.350929 Improve:0.002369 	 Time:5.00 Seconds
Solution: 1 12 14 49 10 32 5 17 39 11 16 7 48 26 22 30 36 43 40 13 19 29 18 6 31 9 34 20 45 46 24 28 2 27 38 15 37 47 8 44 21 25 41 35 33 23 4 3 42 50 

Inst_Index:2379 	 City_Num:50 	 Concorde:0.051814 	 MCTS:5.181368 Improve:0.000000 	 Time:5.00 Seconds
Solution: 1 14 2 27 26 4 3 25 21 29 23 37 46 48 47 22 42 17 24 44 9 18 36 5 35 19 33 7 38 13 20 49 39 16 45 8 41 43 11 10 6 50 31 32 30 40 15 34 12 28 

Inst_Index:2380 	 City_Num:50 	 Concorde:0.058353 	 MCTS:5.835287 Improve:0.000000 	 Time:5.00 Seconds
Solution: 1 26 49 40 14 48 45 34 11 46 25 18 28 16 9 39 32 17 7 44 27 43 19 6 21 12 30 22 42 8 24 37 23 41 2 5 33 10 13 50 38 31 35 47 20 4 29 36 3 15 

Inst_Index:2381 	 City_Num:50 	 Concorde:0.058337 	 MCTS:5.830176 Improve:0.003490 	 Time:5.00 Seconds
Solution: 1 45 33 34 7 5 41 19 38 50 49 12 8 26 37 32 44 39 30 22 4 40 11 3 42 17 20 35 31 21 6 14 48 47 43 16 15 28 10 27 9 23 29 13 24 46 36 18 25 2 

Inst_Index:2382 	 City_Num:50 	 Concorde:0.057886 	 MCTS:5.788550 Improve:-0.000000 	 Time:5.00 Seconds
Solution: 1 28 6 27 23 19 33 39 29 38 18 44 45 46 32 41 9 3 13 36 47 24 11 14 25 42 10 30 7 16 34 15 49 22 37 17 40 26 43 4 21 50 2 48 31 8 35 5 20 12 

Inst_Index:2383 	 City_Num:50 	 Concorde:0.054087 	 MCTS:5.408664 Improve:0.000000 	 Time:5.00 Seconds
Solution: 1 22 31 44 40 48 10 21 15 8 18 5 42 46 37 38 41 50 28 43 16 35 39 9 30 27 24 6 29 13 17 33 32 11 49 23 20 25 34 19 14 7 47 2 45 26 12 3 4 36 

Inst_Index:2384 	 City_Num:50 	 Concorde:0.053867 	 MCTS:5.383263 Improve:0.003437 	 Time:5.01 Seconds
Solution: 1 42 32 8 4 9 45 36 35 46 34 13 21 43 47 39 7 14 37 49 6 15 31 5 22 11 26 18 20 41 17 28 33 40 50 29 24 23 44 3 25 48 12 27 2 19 30 38 10 16 

Inst_Index:2385 	 City_Num:50 	 Concorde:0.055185 	 MCTS:5.518469 Improve:0.000000 	 Time:5.00 Seconds
Solution: 1 16 39 27 28 36 4 19 17 34 29 42 38 35 8 44 49 7 18 15 30 41 31 2 20 23 12 6 13 46 47 3 50 48 45 43 14 10 40 11 9 21 26 32 22 33 25 5 24 37 

Inst_Index:2386 	 City_Num:50 	 Concorde:0.057035 	 MCTS:5.703518 Improve:0.000000 	 Time:5.00 Seconds
Solution: 1 33 38 7 26 25 19 42 20 16 44 39 12 4 18 34 35 13 22 24 27 49 6 40 43 47 2 36 37 11 15 41 14 5 48 46 28 10 30 45 21 8 50 17 32 9 31 29 3 23 

Inst_Index:2387 	 City_Num:50 	 Concorde:0.056460 	 MCTS:5.644014 Improve:0.002026 	 Time:5.00 Seconds
Solution: 1 37 34 36 16 10 28 26 22 14 19 13 30 39 27 24 5 38 8 46 2 21 9 12 29 15 44 35 23 31 41 17 25 33 49 45 32 42 4 6 11 20 40 43 3 18 7 48 50 47 

Inst_Index:2388 	 City_Num:50 	 Concorde:0.056721 	 MCTS:5.672133 Improve:-0.000000 	 Time:5.00 Seconds
Solution: 1 33 5 25 46 15 41 24 11 38 3 50 14 21 45 17 37 27 13 6 7 39 44 9 19 26 32 29 2 20 49 8 34 23 43 47 28 48 22 31 16 35 12 40 30 18 10 4 36 42 

Inst_Index:2389 	 City_Num:50 	 Concorde:0.055719 	 MCTS:5.571851 Improve:0.000000 	 Time:5.00 Seconds
Solution: 1 18 31 41 24 15 35 5 25 2 22 3 42 10 28 17 13 45 40 20 46 44 4 26 21 38 12 32 43 16 34 47 7 9 29 39 19 14 33 6 36 23 8 27 30 48 37 49 50 11 

Inst_Index:2390 	 City_Num:50 	 Concorde:0.058390 	 MCTS:5.839012 Improve:-0.000000 	 Time:5.00 Seconds
Solution: 1 4 11 10 35 48 17 6 23 50 18 26 9 19 46 41 27 34 30 32 29 7 31 45 14 33 5 44 24 28 2 21 3 37 16 15 38 25 40 43 20 42 13 12 36 22 39 8 47 49 

Inst_Index:2391 	 City_Num:50 	 Concorde:0.057049 	 MCTS:5.704909 Improve:0.000000 	 Time:5.00 Seconds
Solution: 1 24 25 5 44 33 36 29 49 47 3 39 19 27 22 35 41 43 30 13 14 42 37 31 18 21 26 32 23 9 8 40 7 45 2 16 38 6 34 4 46 20 48 11 15 28 12 10 50 17 

Inst_Index:2392 	 City_Num:50 	 Concorde:0.057538 	 MCTS:5.753787 Improve:-0.000000 	 Time:5.00 Seconds
Solution: 1 30 50 42 41 40 16 4 15 14 45 39 17 20 24 48 3 12 43 46 32 33 37 8 31 21 7 36 44 9 35 38 18 27 47 5 23 49 19 22 11 28 13 26 6 10 29 2 34 25 

Inst_Index:2393 	 City_Num:50 	 Concorde:0.058458 	 MCTS:5.843378 Improve:0.002388 	 Time:5.00 Seconds
Solution: 1 21 13 5 33 46 50 17 22 4 6 20 16 42 9 11 2 26 47 18 29 15 32 23 37 25 36 27 10 34 24 40 19 30 48 43 3 14 49 28 12 8 7 45 31 38 41 44 39 35 

Inst_Index:2394 	 City_Num:50 	 Concorde:0.053895 	 MCTS:5.389487 Improve:0.000000 	 Time:5.00 Seconds
Solution: 1 23 9 36 13 22 39 14 30 10 5 44 45 47 33 26 7 27 8 29 43 12 34 41 4 20 6 3 50 28 2 49 15 48 35 32 40 46 24 17 11 42 21 31 38 25 37 18 19 16 

Inst_Index:2395 	 City_Num:50 	 Concorde:0.058225 	 MCTS:5.819297 Improve:0.003179 	 Time:5.00 Seconds
Solution: 1 23 8 12 16 31 20 24 10 22 6 36 43 13 50 15 35 7 39 27 45 25 32 5 11 40 44 26 38 21 14 4 46 17 30 41 47 42 19 49 34 48 3 2 28 37 18 9 29 33 

Inst_Index:2396 	 City_Num:50 	 Concorde:0.054059 	 MCTS:5.404669 Improve:0.001182 	 Time:5.00 Seconds
Solution: 1 9 35 18 25 45 33 42 22 40 39 16 37 30 31 15 50 26 2 7 13 8 4 44 11 6 47 28 24 29 36 46 17 43 19 5 21 34 23 3 32 20 41 14 48 27 10 38 12 49 

Inst_Index:2397 	 City_Num:50 	 Concorde:0.056349 	 MCTS:5.634935 Improve:-0.000000 	 Time:5.01 Seconds
Solution: 1 19 21 13 26 50 4 43 6 11 25 20 7 36 35 8 46 3 22 27 33 44 23 30 41 42 48 2 28 40 18 17 9 14 16 47 34 15 45 38 29 31 10 39 37 32 5 12 49 24 

Inst_Index:2398 	 City_Num:50 	 Concorde:0.058907 	 MCTS:5.890680 Improve:0.000000 	 Time:5.00 Seconds
Solution: 1 11 25 42 47 41 32 9 17 49 23 33 27 35 13 38 5 44 15 14 16 3 50 48 6 22 26 45 24 43 7 36 18 34 39 4 46 31 10 8 28 29 21 20 19 12 2 30 40 37 

Inst_Index:2399 	 City_Num:50 	 Concorde:0.058929 	 MCTS:5.892304 Improve:0.000626 	 Time:5.00 Seconds
Solution: 1 15 30 13 3 12 11 10 17 16 33 21 31 5 27 47 20 9 2 36 6 46 45 14 26 8 22 32 7 42 34 25 48 23 4 39 28 40 18 50 38 29 19 41 49 37 44 35 43 24 

Inst_Index:2400 	 City_Num:50 	 Concorde:0.060222 	 MCTS:6.016150 Improve:0.006021 	 Time:5.00 Seconds
Solution: 1 47 8 40 41 39 12 46 48 17 10 23 44 25 35 21 28 31 24 45 18 32 30 7 27 33 6 14 43 38 42 13 37 20 26 3 4 29 50 36 9 34 49 19 11 22 5 15 16 2 

Inst_Index:2401 	 City_Num:50 	 Concorde:0.054140 	 MCTS:5.413997 Improve:-0.000000 	 Time:5.00 Seconds
Solution: 1 15 20 10 34 28 49 14 21 22 29 17 30 3 18 45 25 11 48 4 5 23 19 26 2 31 39 27 35 42 37 9 44 46 12 24 36 41 40 8 43 50 7 32 38 47 16 33 13 6 

Inst_Index:2402 	 City_Num:50 	 Concorde:0.058434 	 MCTS:5.843421 Improve:0.000000 	 Time:5.00 Seconds
Solution: 1 35 18 15 34 12 36 47 21 4 2 24 14 30 41 20 27 19 33 22 42 28 8 25 10 11 50 23 17 46 13 32 9 40 29 44 39 45 37 38 3 43 48 5 6 7 31 49 26 16 

Inst_Index:2403 	 City_Num:50 	 Concorde:0.060576 	 MCTS:6.056302 Improve:0.001330 	 Time:5.00 Seconds
Solution: 1 16 46 45 47 15 32 17 40 22 14 44 8 49 23 11 30 38 7 5 21 19 35 13 6 37 25 41 20 2 9 18 42 4 43 26 28 50 31 33 27 36 12 29 10 34 3 39 24 48 

Inst_Index:2404 	 City_Num:50 	 Concorde:0.055828 	 MCTS:5.579055 Improve:0.003721 	 Time:5.00 Seconds
Solution: 1 33 23 50 49 40 15 47 2 13 28 9 34 27 32 8 37 5 17 6 36 4 24 21 12 20 7 48 11 31 19 38 22 16 3 25 26 45 30 35 39 42 46 18 29 14 41 10 44 43 

Inst_Index:2405 	 City_Num:50 	 Concorde:0.062359 	 MCTS:6.232904 Improve:0.002950 	 Time:5.00 Seconds
Solution: 1 5 26 34 24 49 46 40 17 23 43 28 12 37 44 19 13 30 15 42 27 47 16 29 10 14 45 35 20 2 50 25 11 31 39 33 32 6 8 41 18 7 48 38 21 4 36 9 22 3 

Inst_Index:2406 	 City_Num:50 	 Concorde:0.053867 	 MCTS:5.386658 Improve:0.000000 	 Time:5.00 Seconds
Solution: 1 47 49 20 7 27 12 25 45 5 31 28 48 36 43 37 32 4 34 15 46 22 50 29 8 33 23 30 41 10 38 21 18 13 6 39 2 11 35 44 3 17 26 14 16 40 9 42 19 24 

Inst_Index:2407 	 City_Num:50 	 Concorde:0.060141 	 MCTS:6.014130 Improve:-0.000000 	 Time:5.00 Seconds
Solution: 1 8 48 3 19 14 5 29 23 26 36 2 40 12 42 17 31 47 6 39 16 28 33 32 35 49 20 10 50 27 46 21 22 43 13 44 30 9 7 45 15 38 18 11 37 24 34 41 25 4 

Inst_Index:2408 	 City_Num:50 	 Concorde:0.059852 	 MCTS:5.985209 Improve:0.000000 	 Time:5.00 Seconds
Solution: 1 23 45 22 38 27 12 41 30 43 26 18 39 50 9 46 35 42 3 36 11 32 4 40 49 31 17 44 7 33 19 14 34 28 25 5 21 16 13 2 8 29 20 48 10 6 47 15 37 24 

Inst_Index:2409 	 City_Num:50 	 Concorde:0.058484 	 MCTS:5.848400 Improve:0.000000 	 Time:5.00 Seconds
Solution: 1 31 33 26 11 35 25 21 6 17 13 14 44 27 47 4 12 36 34 43 50 19 22 39 40 37 20 2 41 45 7 5 9 10 23 18 8 48 3 16 28 38 15 24 42 49 29 46 32 30 

Inst_Index:2410 	 City_Num:50 	 Concorde:0.057895 	 MCTS:5.789451 Improve:0.000000 	 Time:5.00 Seconds
Solution: 1 19 44 40 43 18 8 7 26 5 11 17 35 33 27 46 32 15 2 28 42 47 22 49 20 30 21 38 36 10 41 6 39 4 12 14 50 24 3 25 29 48 37 16 9 34 13 45 31 23 

Inst_Index:2411 	 City_Num:50 	 Concorde:0.059902 	 MCTS:5.990249 Improve:0.000000 	 Time:5.00 Seconds
Solution: 1 14 15 6 32 17 33 50 43 45 3 2 7 46 20 18 44 29 47 30 19 22 8 38 16 48 36 21 35 10 31 34 4 39 26 13 24 23 5 12 37 27 25 40 28 41 49 42 11 9 

Inst_Index:2412 	 City_Num:50 	 Concorde:0.057078 	 MCTS:5.746249 Improve:-0.038476 	 Time:5.00 Seconds
Solution: 1 16 2 8 26 33 12 19 5 25 39 3 38 42 32 9 40 17 18 43 45 35 48 31 4 22 6 44 46 47 21 14 13 15 37 50 41 30 34 20 10 29 28 23 11 49 24 7 36 27 

Inst_Index:2413 	 City_Num:50 	 Concorde:0.060665 	 MCTS:6.063839 Improve:0.002618 	 Time:5.00 Seconds
Solution: 1 10 12 40 42 28 4 44 47 17 30 37 48 27 49 16 41 39 3 20 15 34 35 21 5 46 19 8 18 50 43 36 14 6 22 13 32 33 26 29 2 25 9 11 7 38 23 24 31 45 

Inst_Index:2414 	 City_Num:50 	 Concorde:0.051451 	 MCTS:5.140412 Improve:0.004656 	 Time:5.00 Seconds
Solution: 1 14 11 4 30 37 17 12 49 31 45 26 16 5 6 34 35 7 47 13 40 2 36 10 44 28 50 43 48 19 20 3 23 32 25 33 9 42 18 46 8 38 41 29 39 27 22 15 21 24 

Inst_Index:2415 	 City_Num:50 	 Concorde:0.058558 	 MCTS:5.854040 Improve:0.001751 	 Time:5.00 Seconds
Solution: 1 47 31 18 7 16 2 12 22 29 30 38 39 36 43 32 14 20 15 34 41 27 28 6 45 8 4 46 35 40 33 11 50 44 3 42 23 10 25 21 5 26 24 9 17 13 19 49 48 37 

Inst_Index:2416 	 City_Num:50 	 Concorde:0.058124 	 MCTS:5.812395 Improve:-0.000000 	 Time:5.00 Seconds
Solution: 1 44 26 47 22 5 38 32 23 45 16 15 39 21 14 37 50 13 42 30 28 2 29 6 27 31 33 25 46 20 4 43 36 48 11 19 34 49 8 3 9 7 41 12 17 18 24 35 10 40 

Inst_Index:2417 	 City_Num:50 	 Concorde:0.052135 	 MCTS:5.213473 Improve:0.000000 	 Time:5.01 Seconds
Solution: 1 12 9 24 43 38 13 44 40 6 19 28 7 35 17 14 27 30 22 34 46 45 16 10 31 33 26 29 2 21 49 37 50 42 36 11 47 41 5 18 48 25 23 15 20 32 3 8 4 39 

Inst_Index:2418 	 City_Num:50 	 Concorde:0.058416 	 MCTS:5.855589 Improve:-0.014016 	 Time:5.00 Seconds
Solution: 1 42 5 12 44 6 48 7 11 36 21 34 46 14 30 33 8 13 24 50 39 38 37 17 32 22 16 18 35 45 4 9 26 15 49 23 10 2 41 3 27 28 31 47 19 43 20 29 25 40 

Inst_Index:2419 	 City_Num:50 	 Concorde:0.056928 	 MCTS:5.692825 Improve:0.000000 	 Time:5.00 Seconds
Solution: 1 15 49 38 47 27 37 8 43 41 10 21 25 19 13 36 32 5 29 34 24 2 14 35 45 50 22 23 31 4 17 42 40 18 12 6 44 16 33 9 46 11 20 26 28 48 3 7 30 39 

Inst_Index:2420 	 City_Num:50 	 Concorde:0.062548 	 MCTS:6.254679 Improve:0.000118 	 Time:5.00 Seconds
Solution: 1 7 20 5 31 40 46 30 12 39 23 22 50 4 32 48 21 38 10 33 11 13 15 14 29 47 42 34 26 19 49 6 41 17 25 24 37 2 9 28 36 45 43 35 18 16 8 44 3 27 

Inst_Index:2421 	 City_Num:50 	 Concorde:0.054726 	 MCTS:5.472611 Improve:0.000000 	 Time:5.00 Seconds
Solution: 1 43 27 29 39 38 11 4 14 24 15 41 40 46 34 19 32 10 17 12 5 23 7 9 20 21 36 6 18 45 47 30 48 50 31 37 28 44 22 33 35 49 3 2 16 13 25 8 42 26 

Inst_Index:2422 	 City_Num:50 	 Concorde:0.062498 	 MCTS:6.248857 Improve:0.000913 	 Time:5.00 Seconds
Solution: 1 13 41 42 30 6 44 8 33 29 17 12 43 14 48 15 3 26 39 36 18 31 25 27 28 50 20 40 22 5 47 7 35 4 16 49 11 45 19 2 34 32 38 37 23 24 10 46 9 21 

Inst_Index:2423 	 City_Num:50 	 Concorde:0.056758 	 MCTS:5.675404 Improve:0.000425 	 Time:5.00 Seconds
Solution: 1 40 18 29 32 20 22 48 4 31 42 5 13 41 26 2 27 10 45 49 9 23 46 21 50 19 33 34 16 30 38 12 7 37 47 14 25 24 15 36 17 8 28 39 11 43 35 6 3 44 

Inst_Index:2424 	 City_Num:50 	 Concorde:0.057439 	 MCTS:5.743874 Improve:0.000000 	 Time:5.00 Seconds
Solution: 1 24 9 29 15 49 50 37 10 21 23 40 6 25 45 14 3 31 16 39 12 30 5 19 26 35 33 17 46 7 38 41 42 48 34 32 36 13 2 8 20 43 11 27 4 47 44 28 22 18 

Inst_Index:2425 	 City_Num:50 	 Concorde:0.059539 	 MCTS:5.953923 Improve:-0.000000 	 Time:5.00 Seconds
Solution: 1 27 34 5 24 7 11 23 43 10 35 3 26 4 20 19 17 45 38 15 6 41 33 16 9 29 50 2 39 46 8 25 30 31 47 22 48 28 44 49 37 18 40 12 36 42 13 14 21 32 

Inst_Index:2426 	 City_Num:50 	 Concorde:0.051414 	 MCTS:5.141422 Improve:0.000000 	 Time:5.00 Seconds
Solution: 1 49 10 36 50 27 41 37 38 11 17 25 24 35 43 28 42 31 48 15 5 34 40 22 23 30 3 45 16 2 32 44 21 33 19 8 7 9 12 6 18 13 26 39 20 29 47 4 14 46 

Inst_Index:2427 	 City_Num:50 	 Concorde:0.055088 	 MCTS:5.501592 Improve:0.007231 	 Time:5.00 Seconds
Solution: 1 9 44 4 41 37 36 16 43 20 2 33 21 11 24 3 18 32 26 15 19 49 7 25 22 30 35 10 12 14 50 39 6 27 47 29 42 38 40 5 46 34 48 31 23 45 13 17 28 8 

Inst_Index:2428 	 City_Num:50 	 Concorde:0.056966 	 MCTS:5.696601 Improve:0.000000 	 Time:5.00 Seconds
Solution: 1 16 14 23 20 38 46 24 41 25 10 35 34 42 39 19 40 31 37 36 22 43 33 45 30 11 6 21 32 28 17 44 9 2 7 3 4 47 26 15 5 13 18 50 8 49 29 48 27 12 

Inst_Index:2429 	 City_Num:50 	 Concorde:0.058906 	 MCTS:5.888174 Improve:0.002384 	 Time:5.00 Seconds
Solution: 1 3 7 42 29 49 35 6 32 34 26 10 9 25 13 21 46 45 39 40 23 4 41 11 20 27 2 16 8 19 17 22 15 38 12 30 36 37 47 50 44 28 33 14 43 5 31 48 18 24 

Inst_Index:2430 	 City_Num:50 	 Concorde:0.056601 	 MCTS:5.653754 Improve:0.006322 	 Time:5.00 Seconds
Solution: 1 20 29 12 26 39 13 11 24 42 21 6 7 49 4 41 3 48 25 8 14 47 16 33 44 40 43 15 27 22 34 38 37 17 30 45 28 10 50 35 9 23 46 19 31 18 2 5 32 36 

Inst_Index:2431 	 City_Num:50 	 Concorde:0.055848 	 MCTS:5.584590 Improve:0.000184 	 Time:5.00 Seconds
Solution: 1 31 37 24 34 4 36 49 32 39 3 7 41 43 29 22 9 19 12 28 50 45 42 46 35 20 47 48 26 5 40 30 10 2 6 16 11 18 25 38 17 15 13 33 21 44 14 23 27 8 

Inst_Index:2432 	 City_Num:50 	 Concorde:0.053689 	 MCTS:5.368315 Improve:0.000553 	 Time:5.00 Seconds
Solution: 1 11 31 12 46 38 44 4 14 29 28 45 25 16 5 21 23 10 15 17 27 24 39 19 26 47 48 13 2 43 18 35 42 33 50 22 8 36 6 9 32 20 49 41 40 3 30 34 7 37 

Inst_Index:2433 	 City_Num:50 	 Concorde:0.056361 	 MCTS:5.636116 Improve:-0.000000 	 Time:5.00 Seconds
Solution: 1 10 40 12 25 21 19 46 6 33 48 7 2 9 22 49 29 31 47 20 16 34 4 24 23 28 17 44 36 30 8 5 26 3 14 13 15 43 45 39 18 38 27 50 11 42 35 32 37 41 

Inst_Index:2434 	 City_Num:50 	 Concorde:0.057428 	 MCTS:5.739189 Improve:0.003586 	 Time:5.00 Seconds
Solution: 1 31 10 20 9 2 23 14 3 49 44 13 37 50 29 35 30 38 40 19 18 48 21 41 24 27 47 45 4 32 42 25 33 15 5 39 26 12 16 8 46 28 34 6 11 43 17 36 7 22 

Inst_Index:2435 	 City_Num:50 	 Concorde:0.054642 	 MCTS:5.462810 Improve:0.001404 	 Time:5.00 Seconds
Solution: 1 7 5 23 16 13 17 48 32 11 29 30 10 31 20 33 25 43 15 9 24 42 35 46 40 50 47 22 37 28 3 38 4 8 49 12 26 18 44 6 14 19 27 36 21 41 39 34 45 2 

Inst_Index:2436 	 City_Num:50 	 Concorde:0.055648 	 MCTS:5.564831 Improve:0.000000 	 Time:5.01 Seconds
Solution: 1 22 20 38 9 36 16 30 28 35 31 5 24 14 3 6 41 19 47 10 29 25 40 21 8 7 48 27 50 37 43 12 46 42 13 4 33 45 2 17 32 34 23 18 39 49 11 44 15 26 

Inst_Index:2437 	 City_Num:50 	 Concorde:0.056397 	 MCTS:5.639683 Improve:-0.000000 	 Time:5.00 Seconds
Solution: 1 16 11 32 21 48 36 3 47 46 44 26 49 20 18 42 35 22 7 8 45 14 27 4 19 38 17 10 5 2 12 50 31 30 41 28 13 43 40 9 6 34 33 39 15 37 24 29 23 25 

Inst_Index:2438 	 City_Num:50 	 Concorde:0.060648 	 MCTS:6.064800 Improve:0.000000 	 Time:5.00 Seconds
Solution: 1 30 13 37 11 29 33 3 38 21 45 46 4 39 28 5 24 50 41 49 18 10 43 42 8 19 2 25 15 35 31 9 22 32 26 12 17 23 40 27 47 48 14 44 16 36 7 34 6 20 

Inst_Index:2439 	 City_Num:50 	 Concorde:0.052455 	 MCTS:5.245476 Improve:0.000000 	 Time:5.01 Seconds
Solution: 1 3 33 46 14 28 47 38 5 31 35 27 44 6 50 26 41 11 42 23 37 9 8 21 17 7 10 45 32 16 49 39 48 18 2 43 22 12 20 19 30 40 25 4 34 24 29 13 15 36 

Inst_Index:2440 	 City_Num:50 	 Concorde:0.060785 	 MCTS:6.077410 Improve:0.001123 	 Time:5.00 Seconds
Solution: 1 49 16 14 27 25 21 44 34 24 40 32 50 42 18 13 38 11 15 43 47 4 48 10 2 31 41 35 8 29 12 39 36 37 17 22 46 7 26 30 23 45 33 9 20 28 6 19 5 3 

Inst_Index:2441 	 City_Num:50 	 Concorde:0.054310 	 MCTS:5.418051 Improve:0.012942 	 Time:5.00 Seconds
Solution: 1 47 22 3 43 39 40 34 32 37 6 17 21 35 36 24 14 4 10 7 19 30 28 31 16 11 45 15 26 23 8 12 50 25 13 9 18 46 44 29 41 38 5 49 48 2 33 20 42 27 

Inst_Index:2442 	 City_Num:50 	 Concorde:0.055092 	 MCTS:5.507278 Improve:0.001919 	 Time:5.00 Seconds
Solution: 1 13 14 32 30 47 37 16 42 18 12 31 39 28 17 6 40 7 2 50 38 20 46 48 34 10 44 33 24 35 3 15 25 29 26 21 11 5 45 19 49 9 27 22 4 43 8 23 41 36 

Inst_Index:2443 	 City_Num:50 	 Concorde:0.056677 	 MCTS:5.667717 Improve:0.000000 	 Time:5.00 Seconds
Solution: 1 5 17 2 32 20 11 29 46 8 22 37 16 39 36 24 14 41 19 38 10 25 15 34 9 3 45 49 44 47 33 35 12 48 43 50 23 13 42 18 28 31 40 4 27 30 26 6 21 7 

Inst_Index:2444 	 City_Num:50 	 Concorde:0.056464 	 MCTS:5.646398 Improve:0.000000 	 Time:5.00 Seconds
Solution: 1 9 15 7 22 10 6 30 28 18 35 43 25 4 41 5 24 34 20 19 47 36 14 49 50 21 12 17 3 37 33 46 32 38 44 39 13 16 23 8 27 26 2 31 40 11 48 29 42 45 

Inst_Index:2445 	 City_Num:50 	 Concorde:0.058597 	 MCTS:5.854485 Improve:0.005173 	 Time:5.00 Seconds
Solution: 1 19 5 6 10 18 42 22 9 30 15 43 29 40 39 24 4 49 44 37 27 7 12 20 25 38 47 11 46 31 2 13 23 48 45 34 28 33 14 50 16 26 35 21 41 32 17 8 3 36 

Inst_Index:2446 	 City_Num:50 	 Concorde:0.060074 	 MCTS:6.004544 Improve:0.002822 	 Time:5.01 Seconds
Solution: 1 47 8 16 38 24 3 4 20 39 36 46 11 43 32 15 17 42 19 41 45 14 2 29 22 10 40 34 12 9 33 23 13 21 28 6 27 35 18 48 37 44 31 26 50 5 30 25 7 49 

Inst_Index:2447 	 City_Num:50 	 Concorde:0.058775 	 MCTS:5.875350 Improve:0.002192 	 Time:5.00 Seconds
Solution: 1 9 43 6 25 34 4 7 30 27 40 24 38 23 28 13 10 18 41 42 20 26 8 36 21 49 2 50 17 37 22 48 33 31 3 45 39 35 15 46 16 32 29 11 12 47 5 44 19 14 

Inst_Index:2448 	 City_Num:50 	 Concorde:0.059623 	 MCTS:5.969683 Improve:-0.007401 	 Time:5.01 Seconds
Solution: 1 39 13 9 10 11 14 22 32 23 29 12 21 42 5 37 3 18 34 26 47 33 4 46 31 44 28 38 19 6 20 36 24 48 25 45 43 2 49 15 8 17 7 41 16 35 27 50 40 30 

Inst_Index:2449 	 City_Num:50 	 Concorde:0.060582 	 MCTS:6.058158 Improve:0.000000 	 Time:5.00 Seconds
Solution: 1 20 40 32 11 10 17 9 46 41 49 2 31 4 24 16 5 44 42 15 12 23 36 37 3 35 26 47 8 13 18 6 30 25 50 7 38 14 34 19 28 21 27 45 48 29 33 22 39 43 

Inst_Index:2450 	 City_Num:50 	 Concorde:0.054747 	 MCTS:5.471683 Improve:0.003008 	 Time:5.00 Seconds
Solution: 1 33 20 17 7 15 23 25 27 3 21 38 13 42 12 28 40 31 32 29 41 36 9 26 34 49 39 48 16 30 47 2 45 50 14 43 46 8 11 22 44 37 35 6 19 4 5 24 18 10 

Inst_Index:2451 	 City_Num:50 	 Concorde:0.057116 	 MCTS:5.711577 Improve:0.000000 	 Time:5.00 Seconds
Solution: 1 44 37 34 48 36 20 5 31 8 26 40 24 17 16 47 50 45 23 12 46 35 3 7 22 43 30 39 21 38 25 14 10 29 13 32 28 15 11 19 33 49 9 4 6 27 41 42 2 18 

Inst_Index:2452 	 City_Num:50 	 Concorde:0.057877 	 MCTS:5.783681 Improve:0.004001 	 Time:5.01 Seconds
Solution: 1 25 23 4 40 21 32 19 13 39 41 34 29 2 5 7 49 42 38 33 44 17 14 50 37 12 43 15 11 47 18 26 3 24 31 6 20 9 10 48 22 28 27 45 8 30 16 36 35 46 

Inst_Index:2453 	 City_Num:50 	 Concorde:0.056441 	 MCTS:5.644087 Improve:0.000000 	 Time:5.00 Seconds
Solution: 1 40 7 8 20 10 48 42 27 11 24 12 28 13 50 17 30 5 2 47 44 25 14 39 18 4 3 19 16 33 45 6 43 38 23 34 22 32 9 15 49 21 37 46 26 35 41 31 29 36 

Inst_Index:2454 	 City_Num:50 	 Concorde:0.060409 	 MCTS:6.040185 Improve:0.000697 	 Time:5.00 Seconds
Solution: 1 11 40 42 13 46 22 34 8 29 36 31 20 39 17 35 38 27 47 3 18 12 45 49 41 2 30 44 4 33 7 14 48 21 23 6 43 16 5 37 50 10 19 9 26 15 25 32 24 28 

Inst_Index:2455 	 City_Num:50 	 Concorde:0.053949 	 MCTS:5.389423 Improve:0.005459 	 Time:5.00 Seconds
Solution: 1 2 42 38 27 11 50 49 31 12 5 24 21 39 10 29 34 18 13 36 35 9 43 46 7 32 28 3 4 16 45 30 20 48 40 23 17 8 22 25 6 33 15 47 44 26 41 37 14 19 

Inst_Index:2456 	 City_Num:50 	 Concorde:0.053435 	 MCTS:5.336639 Improve:0.006823 	 Time:5.00 Seconds
Solution: 1 34 16 28 9 8 7 31 5 23 18 47 13 25 35 40 3 41 10 33 50 12 43 4 6 44 11 15 49 19 17 27 30 36 48 29 42 39 46 38 22 20 24 37 21 32 26 45 2 14 

Inst_Index:2457 	 City_Num:50 	 Concorde:0.056996 	 MCTS:5.699612 Improve:0.000000 	 Time:5.01 Seconds
Solution: 1 3 33 30 10 18 24 19 23 25 41 44 28 14 31 27 42 45 48 2 9 35 37 22 13 12 20 32 39 29 15 8 11 49 17 16 43 40 46 50 4 21 36 5 6 47 34 38 26 7 

Inst_Index:2458 	 City_Num:50 	 Concorde:0.054246 	 MCTS:5.422924 Improve:0.001680 	 Time:5.00 Seconds
Solution: 1 37 38 29 42 48 25 27 11 47 10 17 31 22 7 14 2 40 43 15 30 50 34 18 8 21 4 23 26 5 46 36 39 45 19 33 24 28 6 35 41 3 20 16 32 44 13 49 12 9 

Inst_Index:2459 	 City_Num:50 	 Concorde:0.056649 	 MCTS:5.664880 Improve:-0.000000 	 Time:5.00 Seconds
Solution: 1 44 2 40 43 22 30 3 12 48 10 33 32 20 35 31 9 28 17 39 24 7 46 13 26 34 11 42 14 8 49 47 21 38 29 27 36 6 15 16 45 19 5 37 41 18 25 4 23 50 

Inst_Index:2460 	 City_Num:50 	 Concorde:0.056897 	 MCTS:5.689736 Improve:-0.000000 	 Time:5.00 Seconds
Solution: 1 28 19 4 50 27 35 30 13 48 22 11 41 36 46 45 24 29 43 3 34 15 16 17 14 25 44 20 40 9 5 38 10 23 12 2 32 26 42 31 33 8 7 21 39 18 6 47 37 49 

Inst_Index:2461 	 City_Num:50 	 Concorde:0.059458 	 MCTS:5.940308 Improve:0.005467 	 Time:5.01 Seconds
Solution: 1 42 46 37 28 34 21 31 43 5 47 32 6 39 16 50 17 45 27 8 44 13 9 24 14 48 38 30 25 10 49 40 33 29 12 19 23 15 11 18 7 2 35 3 22 41 4 26 36 20 

Inst_Index:2462 	 City_Num:50 	 Concorde:0.060294 	 MCTS:6.029400 Improve:-0.000000 	 Time:5.01 Seconds
Solution: 1 36 17 24 44 16 7 18 28 8 39 50 35 48 14 49 27 10 31 46 9 38 20 23 32 2 5 43 29 42 22 40 12 45 30 11 15 26 21 41 19 25 6 4 33 37 3 47 13 34 

Inst_Index:2463 	 City_Num:50 	 Concorde:0.055651 	 MCTS:5.561964 Improve:0.003159 	 Time:5.00 Seconds
Solution: 1 18 41 40 11 39 20 6 12 37 8 5 29 49 13 43 31 17 30 4 10 50 45 24 14 26 3 47 7 28 33 36 2 15 38 32 22 21 27 19 9 44 23 16 42 25 34 35 48 46 

Inst_Index:2464 	 City_Num:50 	 Concorde:0.056519 	 MCTS:5.651860 Improve:0.000000 	 Time:5.01 Seconds
Solution: 1 13 24 12 33 8 38 6 2 46 47 18 50 42 27 22 45 32 17 29 28 4 34 26 37 9 23 3 7 21 11 40 41 49 31 35 43 48 20 44 14 5 30 10 25 39 15 19 16 36 

Inst_Index:2465 	 City_Num:50 	 Concorde:0.056233 	 MCTS:5.623266 Improve:-0.000000 	 Time:5.00 Seconds
Solution: 1 4 43 45 37 35 48 38 16 21 31 25 44 5 15 20 36 50 26 19 12 46 29 41 7 18 9 42 3 8 17 32 24 49 10 22 14 28 30 27 34 23 47 13 6 33 40 2 39 11 

Inst_Index:2466 	 City_Num:50 	 Concorde:0.056492 	 MCTS:5.649196 Improve:0.000000 	 Time:5.01 Seconds
Solution: 1 45 10 49 31 8 39 17 16 22 42 35 2 47 32 6 28 37 12 48 9 44 25 18 4 46 14 38 36 21 20 24 29 3 23 33 5 11 13 40 30 19 43 26 34 50 15 41 27 7 

Inst_Index:2467 	 City_Num:50 	 Concorde:0.058521 	 MCTS:5.852056 Improve:0.000000 	 Time:5.00 Seconds
Solution: 1 34 19 2 4 35 47 41 22 5 7 37 13 27 10 20 9 17 44 33 39 16 32 18 50 8 26 30 48 28 11 31 46 29 25 42 3 21 6 40 43 49 38 24 12 15 14 23 36 45 

Inst_Index:2468 	 City_Num:50 	 Concorde:0.054890 	 MCTS:5.488992 Improve:-0.000000 	 Time:5.00 Seconds
Solution: 1 39 9 48 31 45 27 46 12 6 19 35 14 10 13 18 7 44 28 34 16 3 22 11 43 40 25 5 37 32 47 49 17 30 29 23 26 4 36 21 41 24 20 42 2 38 33 50 8 15 

Inst_Index:2469 	 City_Num:50 	 Concorde:0.061028 	 MCTS:6.102839 Improve:0.000000 	 Time:5.00 Seconds
Solution: 1 25 4 18 46 20 9 8 38 16 22 31 50 41 42 34 21 24 13 30 11 6 49 14 43 48 29 19 28 36 26 35 32 2 12 27 7 40 5 3 39 37 23 10 45 33 47 17 44 15 

Inst_Index:2470 	 City_Num:50 	 Concorde:0.058403 	 MCTS:5.840312 Improve:0.000000 	 Time:5.00 Seconds
Solution: 1 4 36 33 13 18 22 43 38 16 37 12 26 23 21 2 46 32 30 9 29 6 11 35 17 15 42 31 19 34 14 44 5 48 25 28 50 10 41 20 47 3 8 24 49 7 39 45 40 27 

Inst_Index:2471 	 City_Num:50 	 Concorde:0.056251 	 MCTS:5.622846 Improve:0.002286 	 Time:5.00 Seconds
Solution: 1 15 19 22 28 14 26 34 32 48 38 12 35 6 13 43 17 25 10 50 46 11 4 37 45 7 29 49 20 33 23 40 44 36 16 31 42 41 27 18 9 3 2 39 30 8 24 5 21 47 

Inst_Index:2472 	 City_Num:50 	 Concorde:0.058574 	 MCTS:5.857435 Improve:0.000000 	 Time:5.00 Seconds
Solution: 1 10 15 13 24 19 21 50 16 29 6 44 31 3 9 11 20 35 5 30 41 48 25 46 47 17 2 26 39 43 36 27 40 34 18 14 28 38 22 33 42 37 32 7 8 4 12 49 45 23 

Inst_Index:2473 	 City_Num:50 	 Concorde:0.054434 	 MCTS:5.443369 Improve:0.000000 	 Time:5.00 Seconds
Solution: 1 14 28 46 15 34 16 11 48 6 40 38 7 32 25 24 50 19 41 2 10 36 30 45 5 37 44 23 17 18 4 27 12 20 43 21 9 31 39 29 33 35 47 26 42 49 22 8 3 13 

Inst_Index:2474 	 City_Num:50 	 Concorde:0.056143 	 MCTS:5.612876 Improve:0.001461 	 Time:5.00 Seconds
Solution: 1 46 35 25 5 49 41 48 37 27 19 36 9 44 14 4 45 34 3 6 38 2 26 40 20 23 50 24 47 29 16 17 33 21 10 12 7 32 13 15 43 8 39 42 30 18 22 11 28 31 

Inst_Index:2475 	 City_Num:50 	 Concorde:0.056937 	 MCTS:5.690016 Improve:0.003668 	 Time:5.00 Seconds
Solution: 1 29 43 21 46 39 10 7 11 27 38 5 47 32 12 44 45 40 9 34 14 23 33 20 19 31 13 42 15 22 3 41 48 17 49 18 28 6 25 26 8 30 50 37 36 24 2 4 35 16 

Inst_Index:2476 	 City_Num:50 	 Concorde:0.057483 	 MCTS:5.738549 Improve:0.009735 	 Time:5.00 Seconds
Solution: 1 9 7 31 29 28 49 45 26 44 13 8 50 11 16 35 46 22 4 48 20 18 47 33 12 6 3 42 15 21 24 30 5 39 38 37 10 14 36 17 2 43 41 23 19 25 34 40 27 32 

Inst_Index:2477 	 City_Num:50 	 Concorde:0.056704 	 MCTS:5.674032 Improve:-0.003611 	 Time:5.01 Seconds
Solution: 1 19 12 40 36 25 24 31 44 33 6 46 47 23 16 14 15 18 27 20 9 11 48 41 3 7 34 5 45 4 8 35 50 10 17 22 21 26 28 29 49 39 2 30 13 32 43 42 38 37 

Inst_Index:2478 	 City_Num:50 	 Concorde:0.052146 	 MCTS:5.214553 Improve:-0.000000 	 Time:5.00 Seconds
Solution: 1 21 33 46 18 28 35 14 20 39 8 43 47 9 31 48 38 42 30 34 4 49 32 44 2 40 7 36 45 37 50 10 24 25 16 11 15 19 22 23 13 27 29 5 17 26 6 12 41 3 

Inst_Index:2479 	 City_Num:50 	 Concorde:0.057828 	 MCTS:5.778120 Improve:0.004704 	 Time:5.00 Seconds
Solution: 1 18 13 42 14 43 17 3 12 20 16 29 26 35 22 36 6 23 10 25 37 39 19 49 45 34 31 5 8 50 7 27 28 41 15 48 44 32 21 33 47 30 38 46 2 24 11 9 4 40 

Inst_Index:2480 	 City_Num:50 	 Concorde:0.053282 	 MCTS:5.328211 Improve:0.000000 	 Time:5.00 Seconds
Solution: 1 41 43 27 11 28 31 3 32 19 39 44 25 15 49 29 24 48 4 13 9 16 21 35 40 37 42 5 22 18 33 8 47 17 46 38 30 7 36 6 50 10 45 34 20 14 2 26 12 23 

Inst_Index:2481 	 City_Num:50 	 Concorde:0.057539 	 MCTS:5.751360 Improve:0.002509 	 Time:5.00 Seconds
Solution: 1 44 24 37 43 21 30 27 15 2 28 26 14 46 9 4 48 47 41 18 25 23 50 29 31 17 12 35 13 5 45 11 39 6 36 49 16 22 3 20 33 32 34 19 38 42 10 8 7 40 

Inst_Index:2482 	 City_Num:50 	 Concorde:0.056594 	 MCTS:5.659360 Improve:0.000000 	 Time:5.00 Seconds
Solution: 1 38 48 7 13 43 9 6 27 29 30 17 34 2 35 46 3 28 14 12 23 41 21 32 22 37 26 24 8 45 33 40 11 49 36 15 19 4 47 39 50 25 42 16 31 18 5 20 10 44 

Inst_Index:2483 	 City_Num:50 	 Concorde:0.059630 	 MCTS:5.962736 Improve:0.000256 	 Time:5.00 Seconds
Solution: 1 8 41 46 10 40 30 33 48 26 27 32 20 35 4 31 6 42 16 28 37 21 19 34 24 36 39 29 25 23 45 15 13 12 47 3 17 9 43 50 7 38 5 18 14 49 22 2 11 44 

Inst_Index:2484 	 City_Num:50 	 Concorde:0.053815 	 MCTS:5.381486 Improve:0.000000 	 Time:5.00 Seconds
Solution: 1 5 29 25 30 4 49 16 18 22 40 14 21 28 46 23 9 19 17 13 15 44 37 42 24 10 11 7 43 26 34 12 2 47 27 48 45 3 20 38 8 31 33 32 35 36 50 41 39 6 

Inst_Index:2485 	 City_Num:50 	 Concorde:0.053464 	 MCTS:5.346402 Improve:0.000000 	 Time:5.00 Seconds
Solution: 1 44 12 45 35 42 15 13 7 25 4 2 32 22 5 41 29 39 34 24 40 37 6 49 28 18 21 3 30 9 16 31 27 48 11 20 47 43 14 10 38 19 33 36 17 23 8 26 50 46 

Inst_Index:2486 	 City_Num:50 	 Concorde:0.058507 	 MCTS:5.850722 Improve:-0.000000 	 Time:5.00 Seconds
Solution: 1 6 49 9 38 45 27 10 43 17 28 48 42 12 13 39 18 21 30 20 35 31 47 44 50 16 24 40 3 29 33 5 4 26 41 22 19 25 46 32 2 23 14 34 11 36 37 15 8 7 

Inst_Index:2487 	 City_Num:50 	 Concorde:0.054222 	 MCTS:5.422179 Improve:0.000000 	 Time:5.00 Seconds
Solution: 1 25 17 41 47 2 22 18 3 50 46 19 35 36 10 48 20 32 33 13 31 8 6 15 26 38 12 45 28 21 40 4 27 44 43 24 16 11 42 5 34 30 14 49 7 29 37 39 23 9 

Inst_Index:2488 	 City_Num:50 	 Concorde:0.059289 	 MCTS:5.928117 Improve:0.000810 	 Time:5.01 Seconds
Solution: 1 49 9 23 8 5 50 34 32 14 30 43 41 13 45 36 24 25 26 40 35 2 4 7 33 10 44 31 38 19 20 42 27 15 37 21 12 28 3 39 47 29 17 18 11 6 16 48 22 46 

Inst_Index:2489 	 City_Num:50 	 Concorde:0.057556 	 MCTS:5.755608 Improve:0.000000 	 Time:5.01 Seconds
Solution: 1 11 28 34 5 19 21 9 42 32 15 49 29 33 6 39 45 41 16 46 31 4 48 50 27 44 13 12 36 26 17 8 20 23 10 14 7 2 47 43 40 30 3 22 18 25 37 38 24 35 

Inst_Index:2490 	 City_Num:50 	 Concorde:0.053766 	 MCTS:5.376564 Improve:0.000000 	 Time:5.01 Seconds
Solution: 1 32 49 12 3 34 41 42 7 8 14 27 37 45 21 46 36 22 30 44 47 18 13 31 15 48 35 20 50 24 19 29 10 25 11 9 26 4 16 17 38 6 2 5 39 33 28 23 43 40 

Inst_Index:2491 	 City_Num:50 	 Concorde:0.061618 	 MCTS:6.161811 Improve:0.000000 	 Time:5.00 Seconds
Solution: 1 33 13 36 23 38 5 35 39 7 47 44 9 27 20 21 19 43 3 41 18 25 4 2 12 49 31 11 22 16 48 26 15 50 29 32 46 14 28 37 6 40 24 8 30 10 42 45 17 34 

Inst_Index:2492 	 City_Num:50 	 Concorde:0.059657 	 MCTS:5.961105 Improve:0.004570 	 Time:5.00 Seconds
Solution: 1 36 47 24 30 44 25 5 42 9 10 18 50 31 6 38 35 3 27 34 23 8 22 2 7 17 43 15 28 12 20 37 46 41 4 39 40 11 14 21 49 29 13 19 48 45 33 26 16 32 

Inst_Index:2493 	 City_Num:50 	 Concorde:0.053531 	 MCTS:5.353149 Improve:0.000000 	 Time:5.00 Seconds
Solution: 1 17 23 32 9 14 34 10 38 39 24 29 5 4 15 49 48 25 16 33 45 37 3 27 43 46 8 42 36 40 22 18 6 41 20 26 7 35 50 11 21 31 47 30 28 19 2 13 12 44 

Inst_Index:2494 	 City_Num:50 	 Concorde:0.062613 	 MCTS:6.261343 Improve:0.000000 	 Time:5.00 Seconds
Solution: 1 16 48 22 20 5 41 4 43 23 35 30 9 32 45 34 10 3 25 39 26 40 7 12 38 27 31 29 28 13 49 46 24 18 15 47 11 44 6 36 2 8 33 21 37 19 17 50 14 42 

Inst_Index:2495 	 City_Num:50 	 Concorde:0.062108 	 MCTS:6.208889 Improve:0.001929 	 Time:5.00 Seconds
Solution: 1 7 45 46 35 48 29 16 41 40 14 30 31 34 23 4 11 5 13 17 38 43 6 24 39 3 8 36 20 27 32 33 25 21 9 37 2 15 47 42 19 22 49 50 44 12 28 10 18 26 

Inst_Index:2496 	 City_Num:50 	 Concorde:0.054238 	 MCTS:5.423076 Improve:0.000693 	 Time:5.00 Seconds
Solution: 1 26 34 39 42 27 28 37 2 40 9 5 23 41 18 15 45 13 7 30 35 20 4 48 49 3 19 43 31 14 47 33 6 21 16 12 10 29 38 24 32 46 36 50 25 22 11 8 44 17 

Inst_Index:2497 	 City_Num:50 	 Concorde:0.059168 	 MCTS:5.916042 Improve:0.000798 	 Time:5.00 Seconds
Solution: 1 38 34 33 17 30 23 2 49 44 25 4 31 20 47 36 32 15 8 11 42 19 13 14 29 41 37 40 6 26 18 24 39 28 5 22 27 3 45 12 10 21 48 50 43 35 7 46 9 16 

Inst_Index:2498 	 City_Num:50 	 Concorde:0.055674 	 MCTS:5.567430 Improve:0.000000 	 Time:5.01 Seconds
Solution: 1 22 7 18 16 50 14 10 48 44 21 17 4 45 29 25 43 30 40 20 15 26 41 13 42 5 19 12 28 27 33 46 3 11 6 24 47 38 37 39 35 9 31 23 32 2 8 49 36 34 

Inst_Index:2499 	 City_Num:50 	 Concorde:0.054986 	 MCTS:5.493488 Improve:0.005132 	 Time:5.00 Seconds
Solution: 1 29 4 2 46 14 11 18 40 10 26 39 50 41 42 23 3 16 25 22 36 8 27 15 17 38 47 12 45 5 34 48 20 37 13 44 30 49 33 32 31 7 35 28 19 43 21 24 9 6 

Inst_Index:2500 	 City_Num:50 	 Concorde:0.056112 	 MCTS:5.608481 Improve:0.002740 	 Time:5.00 Seconds
Solution: 1 32 11 30 48 41 20 27 34 2 13 12 21 45 37 16 31 4 15 44 49 36 3 19 28 29 47 25 50 42 39 17 35 8 14 18 22 46 9 10 23 40 26 38 43 24 7 6 5 33 

Inst_Index:2501 	 City_Num:50 	 Concorde:0.057095 	 MCTS:5.709491 Improve:0.000000 	 Time:5.00 Seconds
Solution: 1 44 5 36 10 43 21 35 24 18 6 25 37 49 38 30 3 42 26 34 7 8 14 16 48 22 29 11 45 13 15 2 19 32 17 39 27 31 40 12 41 20 46 23 50 47 9 33 28 4 

Inst_Index:2502 	 City_Num:50 	 Concorde:0.059345 	 MCTS:5.934498 Improve:0.000000 	 Time:5.00 Seconds
Solution: 1 8 18 37 47 15 34 49 4 16 2 5 7 45 42 29 27 3 19 41 17 35 11 6 23 43 14 25 30 32 31 10 12 48 36 28 26 13 39 46 38 33 40 22 21 50 9 44 24 20 

Inst_Index:2503 	 City_Num:50 	 Concorde:0.056562 	 MCTS:5.655503 Improve:0.000674 	 Time:5.00 Seconds
Solution: 1 48 44 18 9 27 21 8 28 39 42 11 49 40 25 31 6 47 38 17 50 29 43 36 23 24 16 22 34 12 10 26 7 13 19 14 20 3 33 32 2 15 4 35 46 5 45 37 41 30 

Inst_Index:2504 	 City_Num:50 	 Concorde:0.057997 	 MCTS:5.798631 Improve:0.001051 	 Time:5.01 Seconds
Solution: 1 41 49 26 16 25 50 12 47 11 19 32 8 36 7 9 2 30 35 22 34 42 31 33 18 3 46 38 17 44 37 28 4 10 6 39 29 43 27 13 15 40 20 24 14 23 21 48 5 45 


Avg_Concorde_Distance: 5.721228 Avg_MCTS_Distance: 5.720250 Avg_Gap: -0.000172 Total_Time: 1565.96 Seconds 
 Beat_Best_Known_Times: 121 Match_Best_Known_Times: 186 Miss_Best_Known_Times: 6 
