Number_of_Instances_In_Current_Batch: 313

Inst_Index:4383 	 City_Num:50 	 Concorde:0.059892 	 MCTS:5.989217 Improve:0.000000 	 Time:5.00 Seconds
Solution: 1 15 36 23 39 33 40 10 2 13 27 38 42 3 8 49 48 26 7 41 32 5 37 18 16 50 43 9 17 34 4 28 24 11 29 25 21 19 20 47 22 45 31 14 30 46 35 12 6 44 

Inst_Index:4384 	 City_Num:50 	 Concorde:0.052542 	 MCTS:5.254161 Improve:-0.000000 	 Time:5.00 Seconds
Solution: 1 14 49 43 21 36 48 33 46 22 19 7 4 27 18 29 47 5 45 16 35 25 42 28 3 32 31 20 8 12 9 24 23 50 44 10 40 38 17 15 37 2 6 34 39 26 30 11 41 13 

Inst_Index:4385 	 City_Num:50 	 Concorde:0.056930 	 MCTS:5.692993 Improve:-0.000000 	 Time:5.00 Seconds
Solution: 1 37 43 42 34 35 29 2 47 5 6 45 27 20 4 16 15 30 7 40 38 9 26 19 22 36 12 10 23 50 24 39 18 25 41 21 32 46 14 8 28 17 11 31 48 44 33 3 13 49 

Inst_Index:4386 	 City_Num:50 	 Concorde:0.058041 	 MCTS:5.799094 Improve:0.005027 	 Time:5.00 Seconds
Solution: 1 43 5 41 16 23 32 2 17 19 37 22 9 38 13 27 12 4 31 14 7 42 45 21 15 24 25 26 8 39 48 36 11 3 6 35 29 28 46 20 33 34 44 10 40 49 30 18 47 50 

Inst_Index:4387 	 City_Num:50 	 Concorde:0.057668 	 MCTS:5.766767 Improve:0.000027 	 Time:5.00 Seconds
Solution: 1 33 37 42 44 26 40 20 45 38 4 8 28 25 3 21 49 50 35 27 6 32 18 39 34 13 7 17 23 11 12 36 9 31 15 47 29 22 43 19 14 16 41 46 5 24 30 48 2 10 

Inst_Index:4388 	 City_Num:50 	 Concorde:0.057138 	 MCTS:5.713001 Improve:0.000788 	 Time:5.00 Seconds
Solution: 1 22 32 31 21 10 17 39 45 38 48 47 15 50 23 28 33 26 5 9 20 29 25 7 37 14 4 27 30 12 16 6 43 49 2 36 8 44 34 35 19 41 42 46 11 13 40 18 3 24 

Inst_Index:4389 	 City_Num:50 	 Concorde:0.059068 	 MCTS:5.906766 Improve:0.000000 	 Time:5.00 Seconds
Solution: 1 47 31 42 16 50 41 25 35 3 44 29 27 32 12 40 30 11 10 49 14 20 19 26 9 45 48 28 37 2 43 7 15 46 13 34 36 39 24 5 38 21 17 23 33 18 8 6 22 4 

Inst_Index:4390 	 City_Num:50 	 Concorde:0.053911 	 MCTS:5.391133 Improve:0.000000 	 Time:5.00 Seconds
Solution: 1 10 6 50 36 32 2 47 49 8 46 44 45 21 39 20 43 42 24 34 14 3 17 27 35 11 29 28 40 31 23 37 18 15 7 30 4 19 48 13 22 26 38 5 33 12 25 9 16 41 

Inst_Index:4391 	 City_Num:50 	 Concorde:0.058523 	 MCTS:5.852349 Improve:-0.000000 	 Time:5.00 Seconds
Solution: 1 15 29 50 46 39 36 2 37 7 48 38 14 24 9 32 17 34 33 42 11 21 20 26 12 35 5 30 4 31 27 19 3 22 16 44 13 49 10 18 28 47 25 41 40 23 6 43 8 45 

Inst_Index:4392 	 City_Num:50 	 Concorde:0.060675 	 MCTS:6.064717 Improve:0.002829 	 Time:5.01 Seconds
Solution: 1 26 46 37 14 23 50 47 6 4 34 5 35 8 31 3 43 20 7 2 33 19 18 24 9 16 12 30 28 11 45 40 21 38 29 44 10 27 36 49 41 32 13 48 22 17 42 39 25 15 

Inst_Index:4393 	 City_Num:50 	 Concorde:0.059085 	 MCTS:5.908470 Improve:0.000000 	 Time:5.00 Seconds
Solution: 1 44 49 28 38 12 30 10 13 23 35 46 5 31 27 26 24 14 25 3 4 32 16 34 48 45 36 22 19 11 43 9 2 15 20 29 39 17 50 33 21 8 42 6 37 7 40 47 18 41 

Inst_Index:4394 	 City_Num:50 	 Concorde:0.055816 	 MCTS:5.581582 Improve:0.000000 	 Time:5.00 Seconds
Solution: 1 39 8 26 12 2 34 5 24 38 18 37 33 9 42 45 6 48 49 47 43 25 11 41 36 27 35 19 30 17 3 29 20 22 28 7 31 46 32 40 15 16 10 23 14 21 44 4 13 50 

Inst_Index:4395 	 City_Num:50 	 Concorde:0.059132 	 MCTS:5.908790 Improve:0.004379 	 Time:5.00 Seconds
Solution: 1 4 42 19 35 41 14 27 8 34 16 7 23 28 6 37 11 39 33 32 30 38 10 49 46 48 9 15 44 24 36 17 26 22 40 47 13 21 2 18 12 3 20 31 43 50 29 45 5 25 

Inst_Index:4396 	 City_Num:50 	 Concorde:0.054839 	 MCTS:5.483932 Improve:0.000000 	 Time:5.00 Seconds
Solution: 1 48 46 18 28 39 9 43 49 17 47 42 15 41 37 32 21 5 50 20 12 34 8 16 30 25 6 40 23 13 31 10 38 11 33 3 19 24 36 22 27 4 14 35 2 45 26 7 44 29 

Inst_Index:4397 	 City_Num:50 	 Concorde:0.059947 	 MCTS:5.994667 Improve:0.000000 	 Time:5.00 Seconds
Solution: 1 42 12 40 46 18 43 13 7 31 33 28 23 27 19 48 36 24 29 3 9 22 39 34 4 45 8 16 35 15 5 41 49 17 20 11 50 26 21 44 38 2 14 10 37 47 25 6 32 30 

Inst_Index:4398 	 City_Num:50 	 Concorde:0.058680 	 MCTS:5.867972 Improve:-0.000000 	 Time:5.00 Seconds
Solution: 1 37 8 21 13 11 29 27 47 33 16 7 26 14 4 38 15 49 36 44 2 50 3 12 19 31 30 28 42 48 25 10 45 32 23 34 20 35 9 18 39 41 43 46 22 5 6 24 40 17 

Inst_Index:4399 	 City_Num:50 	 Concorde:0.056232 	 MCTS:5.618504 Improve:0.004664 	 Time:5.00 Seconds
Solution: 1 41 47 46 25 35 44 34 15 38 17 43 19 28 8 3 18 11 13 2 7 5 24 9 23 16 36 39 4 12 14 26 10 31 30 21 50 29 42 49 32 48 37 45 40 22 27 6 33 20 

Inst_Index:4400 	 City_Num:50 	 Concorde:0.057668 	 MCTS:5.766760 Improve:-0.000000 	 Time:5.00 Seconds
Solution: 1 18 45 50 27 35 9 32 43 24 36 38 49 14 20 25 15 39 12 16 3 8 29 40 7 10 19 21 37 30 31 6 44 23 46 17 4 33 22 48 34 11 13 2 28 5 26 41 42 47 

Inst_Index:4401 	 City_Num:50 	 Concorde:0.059459 	 MCTS:5.940693 Improve:0.005237 	 Time:5.00 Seconds
Solution: 1 21 23 24 48 27 26 25 45 47 41 7 29 4 31 14 44 49 38 37 34 32 36 6 33 39 50 11 42 46 15 10 40 3 18 16 8 30 13 28 22 35 17 20 5 2 9 19 12 43 

Inst_Index:4402 	 City_Num:50 	 Concorde:0.055947 	 MCTS:5.594746 Improve:0.000000 	 Time:5.00 Seconds
Solution: 1 45 12 4 15 40 43 18 28 21 9 49 2 13 14 7 36 22 31 17 24 37 30 23 39 34 5 29 25 8 38 27 41 16 11 20 35 6 19 44 48 46 32 26 50 42 33 3 10 47 

Inst_Index:4403 	 City_Num:50 	 Concorde:0.056683 	 MCTS:5.667980 Improve:0.000325 	 Time:5.00 Seconds
Solution: 1 41 20 24 17 9 27 23 11 44 2 33 34 25 22 38 14 18 28 4 16 46 29 40 49 35 26 21 3 7 30 47 31 19 37 6 39 8 36 5 48 15 32 13 12 50 45 42 10 43 

Inst_Index:4404 	 City_Num:50 	 Concorde:0.059386 	 MCTS:5.933159 Improve:0.005403 	 Time:5.01 Seconds
Solution: 1 24 47 7 25 36 29 15 30 32 21 20 8 38 4 9 13 16 14 49 18 35 26 23 44 2 33 34 42 48 3 45 41 12 37 5 19 22 31 27 46 43 10 28 6 17 39 40 50 11 

Inst_Index:4405 	 City_Num:50 	 Concorde:0.057176 	 MCTS:5.714305 Improve:0.003298 	 Time:5.00 Seconds
Solution: 1 10 31 40 7 16 48 22 20 9 46 15 36 35 6 44 3 11 39 38 17 13 14 2 4 19 41 28 37 30 21 34 5 12 8 23 43 24 49 18 33 25 42 50 27 26 32 47 45 29 

Inst_Index:4406 	 City_Num:50 	 Concorde:0.059499 	 MCTS:5.949894 Improve:0.000000 	 Time:5.00 Seconds
Solution: 1 18 36 42 32 47 9 13 16 23 41 20 8 40 5 25 33 46 37 11 39 17 10 6 4 12 31 48 45 24 29 7 15 22 2 27 44 3 49 38 28 21 26 19 35 14 30 34 43 50 

Inst_Index:4407 	 City_Num:50 	 Concorde:0.058110 	 MCTS:5.810973 Improve:-0.000000 	 Time:5.00 Seconds
Solution: 1 15 14 35 40 24 19 36 46 48 47 34 13 32 43 28 10 6 16 7 12 29 25 30 27 42 18 26 44 37 20 50 38 9 45 5 41 31 22 8 2 33 11 21 17 23 3 39 49 4 

Inst_Index:4408 	 City_Num:50 	 Concorde:0.058753 	 MCTS:5.875301 Improve:0.000000 	 Time:5.00 Seconds
Solution: 1 49 25 31 43 26 29 35 11 16 30 34 21 14 10 32 38 39 44 27 12 8 13 37 47 19 42 40 48 3 45 18 4 20 24 28 5 36 15 41 6 46 23 33 50 7 9 17 22 2 

Inst_Index:4409 	 City_Num:50 	 Concorde:0.057243 	 MCTS:5.724254 Improve:0.000000 	 Time:5.00 Seconds
Solution: 1 46 23 2 4 32 12 36 34 15 45 3 17 26 22 9 47 43 35 42 48 27 33 13 19 21 7 25 16 28 11 24 41 39 18 29 30 40 20 49 8 37 6 38 50 14 10 5 44 31 

Inst_Index:4410 	 City_Num:50 	 Concorde:0.063131 	 MCTS:6.313054 Improve:-0.000000 	 Time:5.00 Seconds
Solution: 1 16 22 13 30 2 42 33 38 26 25 27 45 36 47 48 20 15 49 12 40 18 41 6 24 32 37 17 3 46 14 34 28 31 4 39 19 35 21 8 50 44 29 23 10 11 9 7 5 43 

Inst_Index:4411 	 City_Num:50 	 Concorde:0.056578 	 MCTS:5.657788 Improve:0.000000 	 Time:5.00 Seconds
Solution: 1 28 42 49 22 4 29 34 47 36 10 14 2 11 50 15 5 19 45 30 31 8 44 17 33 26 13 40 46 20 23 41 18 48 43 32 12 37 6 21 35 16 27 3 9 7 25 38 39 24 

Inst_Index:4412 	 City_Num:50 	 Concorde:0.054964 	 MCTS:5.496384 Improve:0.000000 	 Time:5.00 Seconds
Solution: 1 6 35 38 31 44 39 17 37 19 22 16 15 2 18 4 28 23 10 47 26 11 21 49 12 32 30 24 48 42 36 45 33 20 9 13 43 14 5 41 25 46 7 8 40 27 34 3 50 29 

Inst_Index:4413 	 City_Num:50 	 Concorde:0.053881 	 MCTS:5.388097 Improve:0.000000 	 Time:5.00 Seconds
Solution: 1 9 4 25 40 46 36 22 13 10 38 39 49 26 19 50 12 23 24 42 35 20 11 6 14 47 30 17 18 28 2 33 48 7 8 45 44 34 37 32 16 43 5 31 29 41 15 21 3 27 

Inst_Index:4414 	 City_Num:50 	 Concorde:0.059495 	 MCTS:5.937954 Improve:0.011559 	 Time:5.01 Seconds
Solution: 1 10 30 8 16 43 4 15 17 29 49 48 27 40 9 5 35 11 28 22 38 14 44 46 6 32 24 33 20 34 50 19 13 41 31 37 42 25 12 3 47 18 21 39 26 45 23 7 36 2 

Inst_Index:4415 	 City_Num:50 	 Concorde:0.058126 	 MCTS:5.812254 Improve:0.000367 	 Time:5.02 Seconds
Solution: 1 19 21 20 30 4 3 34 17 18 25 12 2 6 40 27 26 37 23 50 5 28 45 38 15 49 32 29 39 14 24 41 48 10 13 33 35 36 44 46 31 11 42 22 8 7 43 16 9 47 

Inst_Index:4416 	 City_Num:50 	 Concorde:0.052302 	 MCTS:5.230241 Improve:0.000000 	 Time:5.00 Seconds
Solution: 1 45 17 19 11 33 39 20 26 3 6 32 28 43 23 25 27 48 7 18 2 34 50 13 42 21 47 16 22 29 44 38 15 9 36 14 5 40 41 35 12 37 24 10 4 31 49 8 30 46 

Inst_Index:4417 	 City_Num:50 	 Concorde:0.057352 	 MCTS:5.731652 Improve:0.003543 	 Time:5.01 Seconds
Solution: 1 14 23 38 4 2 36 30 22 8 28 17 43 45 15 21 44 32 7 12 40 27 26 35 46 39 5 3 9 19 33 29 10 24 48 25 34 20 31 13 11 16 49 37 18 41 6 50 47 42 

Inst_Index:4418 	 City_Num:50 	 Concorde:0.056208 	 MCTS:5.620763 Improve:-0.000000 	 Time:5.00 Seconds
Solution: 1 15 26 47 19 49 23 42 43 13 25 21 24 22 11 38 10 28 40 16 17 14 7 3 48 35 32 33 36 37 46 4 18 44 39 34 12 29 6 30 31 41 5 45 9 20 8 2 50 27 

Inst_Index:4419 	 City_Num:50 	 Concorde:0.059071 	 MCTS:5.904895 Improve:0.002184 	 Time:5.00 Seconds
Solution: 1 45 25 24 43 22 48 34 38 37 13 4 15 36 31 32 3 5 35 16 6 9 47 23 29 49 12 10 50 39 30 7 26 21 33 17 28 2 19 27 14 42 44 8 20 46 40 11 41 18 

Inst_Index:4420 	 City_Num:50 	 Concorde:0.058653 	 MCTS:5.854796 Improve:0.010471 	 Time:5.00 Seconds
Solution: 1 32 26 13 3 27 20 35 14 50 7 46 42 40 10 6 43 39 2 34 15 19 11 45 33 44 30 49 29 16 24 22 12 25 17 28 38 23 9 31 36 4 5 48 47 21 41 8 37 18 

Inst_Index:4421 	 City_Num:50 	 Concorde:0.057315 	 MCTS:5.731473 Improve:0.000000 	 Time:5.00 Seconds
Solution: 1 30 41 25 28 49 44 3 48 19 5 40 39 7 6 21 10 13 24 9 36 16 27 26 18 14 12 38 22 20 50 34 37 35 45 32 8 23 17 2 42 33 11 31 43 15 4 47 46 29 

Inst_Index:4422 	 City_Num:50 	 Concorde:0.056447 	 MCTS:5.644686 Improve:-0.000000 	 Time:5.01 Seconds
Solution: 1 44 6 36 22 33 12 49 4 37 48 40 20 7 11 2 8 14 41 5 38 35 34 21 50 17 24 45 39 15 32 13 18 10 19 26 31 25 28 42 27 9 47 23 3 46 30 29 16 43 

Inst_Index:4423 	 City_Num:50 	 Concorde:0.055390 	 MCTS:5.529600 Improve:0.009442 	 Time:5.00 Seconds
Solution: 1 3 43 16 11 34 23 6 22 48 8 49 31 2 17 37 44 29 26 13 39 21 50 42 33 27 12 20 24 14 4 38 32 9 19 41 25 47 28 10 15 18 46 5 35 36 30 7 45 40 

Inst_Index:4424 	 City_Num:50 	 Concorde:0.055406 	 MCTS:5.540587 Improve:0.000000 	 Time:5.00 Seconds
Solution: 1 16 24 42 10 20 38 35 32 13 44 4 8 12 46 27 39 3 2 18 36 22 33 30 48 37 21 6 11 29 34 17 43 15 47 26 25 45 49 9 40 41 28 23 14 5 31 19 7 50 

Inst_Index:4425 	 City_Num:50 	 Concorde:0.056450 	 MCTS:5.640548 Improve:0.004454 	 Time:5.00 Seconds
Solution: 1 22 48 46 17 37 33 20 30 45 5 14 12 15 23 35 25 34 44 6 2 42 43 38 3 4 28 9 32 11 8 26 31 24 49 10 36 27 7 19 40 50 18 47 29 21 13 16 41 39 

Inst_Index:4426 	 City_Num:50 	 Concorde:0.058190 	 MCTS:5.818990 Improve:0.000000 	 Time:5.01 Seconds
Solution: 1 7 9 33 27 28 24 3 16 21 29 13 36 38 5 20 11 4 12 26 49 35 19 32 42 25 15 47 8 14 41 6 18 45 50 31 34 2 30 22 48 40 17 37 23 43 44 39 10 46 

Inst_Index:4427 	 City_Num:50 	 Concorde:0.060001 	 MCTS:5.993944 Improve:0.006173 	 Time:5.00 Seconds
Solution: 1 18 16 49 50 39 37 33 14 34 26 19 35 23 3 24 48 27 43 45 41 40 7 46 9 42 2 29 8 12 17 4 47 30 38 22 10 32 6 28 44 20 21 5 31 11 13 15 25 36 

Inst_Index:4428 	 City_Num:50 	 Concorde:0.057016 	 MCTS:5.699819 Improve:0.001825 	 Time:5.00 Seconds
Solution: 1 36 24 10 16 41 28 44 22 14 11 23 17 4 49 26 20 39 12 25 34 46 48 47 3 6 5 31 33 19 32 45 43 15 42 38 27 9 35 29 2 18 37 8 50 40 13 30 7 21 

Inst_Index:4429 	 City_Num:50 	 Concorde:0.061500 	 MCTS:6.150013 Improve:-0.000000 	 Time:5.00 Seconds
Solution: 1 32 39 25 20 19 33 35 4 28 13 40 30 24 10 43 11 45 27 36 23 44 42 46 15 18 26 22 31 34 8 17 29 50 5 6 16 2 47 49 41 12 38 3 37 48 7 21 14 9 

Inst_Index:4430 	 City_Num:50 	 Concorde:0.056461 	 MCTS:5.646122 Improve:0.000000 	 Time:5.00 Seconds
Solution: 1 17 11 45 29 18 13 32 26 3 23 25 39 16 24 20 50 27 19 37 31 34 48 35 10 2 47 8 38 42 44 33 49 21 12 36 30 41 9 46 40 4 15 7 6 43 14 5 22 28 

Inst_Index:4431 	 City_Num:50 	 Concorde:0.054915 	 MCTS:5.487236 Improve:0.004257 	 Time:5.00 Seconds
Solution: 1 2 18 32 34 37 33 48 47 19 12 44 14 41 35 30 7 26 5 39 3 49 22 9 40 6 43 24 10 13 11 17 45 29 36 46 21 38 15 50 31 28 25 20 16 4 8 42 27 23 

Inst_Index:4432 	 City_Num:50 	 Concorde:0.056123 	 MCTS:5.612306 Improve:-0.000000 	 Time:5.00 Seconds
Solution: 1 10 43 46 32 26 14 12 50 31 27 13 30 8 35 48 20 22 42 15 19 24 25 36 17 16 11 21 34 47 4 23 5 3 28 45 38 41 39 44 7 2 33 49 29 37 18 9 6 40 

Inst_Index:4433 	 City_Num:50 	 Concorde:0.053357 	 MCTS:5.335678 Improve:-0.000000 	 Time:5.00 Seconds
Solution: 1 4 14 44 16 41 46 48 33 43 2 8 31 32 40 28 25 39 17 23 19 45 11 7 5 13 49 29 37 30 27 42 10 15 24 34 9 22 35 36 18 3 21 6 26 50 47 20 12 38 

Inst_Index:4434 	 City_Num:50 	 Concorde:0.058472 	 MCTS:5.837537 Improve:0.009648 	 Time:5.00 Seconds
Solution: 1 20 24 48 12 27 33 14 49 4 11 22 29 45 47 36 3 9 43 32 7 42 46 34 15 18 6 40 39 13 10 5 35 2 23 26 21 16 44 28 37 17 25 50 8 41 19 31 30 38 

Inst_Index:4435 	 City_Num:50 	 Concorde:0.060755 	 MCTS:6.075152 Improve:0.000321 	 Time:5.00 Seconds
Solution: 1 22 14 50 30 33 27 45 21 40 19 25 16 44 10 26 31 8 39 6 12 5 11 42 17 18 49 29 3 41 47 24 9 48 4 28 15 36 43 7 37 23 2 46 32 35 13 38 20 34 

Inst_Index:4436 	 City_Num:50 	 Concorde:0.055671 	 MCTS:5.567060 Improve:0.000000 	 Time:5.00 Seconds
Solution: 1 26 9 2 6 43 31 37 12 3 38 29 11 48 34 16 21 25 23 44 10 35 33 46 15 47 36 19 4 7 13 45 5 20 14 40 8 42 18 32 24 28 27 17 50 30 41 39 22 49 

Inst_Index:4437 	 City_Num:50 	 Concorde:0.056963 	 MCTS:5.696252 Improve:-0.000000 	 Time:5.00 Seconds
Solution: 1 39 2 47 13 14 7 33 29 32 41 4 8 31 37 18 6 46 5 42 43 26 12 49 24 9 23 44 45 19 16 25 10 21 38 36 28 40 48 11 3 17 50 30 27 15 20 34 35 22 

Inst_Index:4438 	 City_Num:50 	 Concorde:0.057493 	 MCTS:5.749310 Improve:0.000000 	 Time:5.00 Seconds
Solution: 1 44 25 5 2 45 13 21 23 3 8 20 12 41 15 42 36 30 38 32 29 7 37 33 46 22 49 48 14 11 27 31 19 47 24 43 18 9 39 26 35 34 10 50 28 16 4 40 6 17 

Inst_Index:4439 	 City_Num:50 	 Concorde:0.056456 	 MCTS:5.645581 Improve:0.000000 	 Time:5.00 Seconds
Solution: 1 31 9 7 16 35 34 37 21 39 14 20 40 26 11 5 42 32 17 19 38 6 45 46 13 8 36 24 50 47 23 33 22 27 25 41 30 49 10 15 44 3 48 28 43 12 18 29 2 4 

Inst_Index:4440 	 City_Num:50 	 Concorde:0.050830 	 MCTS:5.083041 Improve:-0.000000 	 Time:5.00 Seconds
Solution: 1 21 19 24 18 5 46 27 33 37 13 7 34 3 39 32 12 43 23 49 10 11 48 38 6 40 15 50 29 8 44 36 14 41 47 30 26 35 22 42 25 28 17 2 45 16 31 4 20 9 

Inst_Index:4441 	 City_Num:50 	 Concorde:0.055058 	 MCTS:5.504690 Improve:0.001074 	 Time:5.00 Seconds
Solution: 1 31 21 14 3 47 19 11 23 39 26 16 28 49 46 10 34 8 22 18 17 35 4 13 20 32 44 43 7 27 12 30 6 38 42 2 48 24 9 45 29 15 5 33 36 41 50 37 25 40 

Inst_Index:4442 	 City_Num:50 	 Concorde:0.056404 	 MCTS:5.640447 Improve:-0.000000 	 Time:5.00 Seconds
Solution: 1 23 14 44 3 8 43 15 20 22 16 7 10 13 34 19 32 45 11 2 17 35 28 33 46 48 18 50 42 38 41 47 6 25 40 5 26 24 39 36 31 21 12 37 9 4 30 29 27 49 

Inst_Index:4443 	 City_Num:50 	 Concorde:0.059510 	 MCTS:5.950983 Improve:0.000000 	 Time:5.00 Seconds
Solution: 1 25 43 12 8 34 32 36 33 27 28 23 11 2 26 37 4 49 40 45 30 7 9 14 22 42 19 6 3 20 5 15 13 31 38 41 18 47 29 24 44 35 21 17 46 50 39 16 10 48 

Inst_Index:4444 	 City_Num:50 	 Concorde:0.050257 	 MCTS:5.025663 Improve:0.000000 	 Time:5.00 Seconds
Solution: 1 31 42 32 21 49 20 39 3 22 48 6 12 15 14 47 2 11 19 10 7 8 46 38 17 37 13 28 36 29 24 26 9 40 30 44 27 23 33 4 35 43 41 18 50 16 5 45 34 25 

Inst_Index:4445 	 City_Num:50 	 Concorde:0.057703 	 MCTS:5.769283 Improve:0.001001 	 Time:5.00 Seconds
Solution: 1 35 18 11 23 5 27 36 28 26 34 3 49 16 21 10 9 20 45 17 39 2 7 40 13 29 46 50 15 48 24 8 30 32 22 14 33 19 43 4 12 41 6 42 25 37 47 44 38 31 

Inst_Index:4446 	 City_Num:50 	 Concorde:0.061497 	 MCTS:6.148988 Improve:0.000682 	 Time:5.00 Seconds
Solution: 1 33 7 16 35 25 28 8 38 11 39 22 23 30 50 14 47 36 49 44 42 3 5 43 48 45 10 20 40 46 21 9 19 26 18 4 32 34 6 41 2 31 13 15 17 12 24 27 37 29 

Inst_Index:4447 	 City_Num:50 	 Concorde:0.059607 	 MCTS:5.960663 Improve:-0.000000 	 Time:5.00 Seconds
Solution: 1 11 6 42 26 41 3 50 20 31 13 12 29 7 33 40 27 43 34 46 45 10 48 36 8 37 18 28 16 39 49 4 19 30 14 21 15 9 35 2 47 23 17 22 25 32 5 24 44 38 

Inst_Index:4448 	 City_Num:50 	 Concorde:0.057647 	 MCTS:5.762244 Improve:0.002425 	 Time:5.00 Seconds
Solution: 1 6 18 20 11 36 9 10 27 15 16 35 30 26 19 32 5 38 46 12 23 31 41 49 47 17 40 48 43 50 25 39 33 29 4 21 24 2 37 13 28 45 22 42 7 14 44 3 34 8 

Inst_Index:4449 	 City_Num:50 	 Concorde:0.055114 	 MCTS:5.511445 Improve:0.000000 	 Time:5.00 Seconds
Solution: 1 5 19 45 20 2 3 4 49 23 9 30 50 6 22 16 8 14 42 40 28 26 36 44 12 32 15 21 38 24 46 10 31 39 43 33 37 17 11 47 29 48 34 25 7 27 41 18 13 35 

Inst_Index:4450 	 City_Num:50 	 Concorde:0.057073 	 MCTS:5.706095 Improve:0.001231 	 Time:5.00 Seconds
Solution: 1 21 11 40 16 29 17 32 13 7 47 6 37 49 26 5 28 25 18 3 24 8 19 22 14 9 27 38 46 2 31 34 10 30 12 23 41 35 33 45 50 20 39 48 43 15 42 44 4 36 

Inst_Index:4451 	 City_Num:50 	 Concorde:0.058254 	 MCTS:5.825437 Improve:-0.000000 	 Time:5.00 Seconds
Solution: 1 18 14 42 20 24 8 19 15 28 33 27 38 29 50 10 49 23 4 32 13 47 9 3 34 40 31 25 22 43 36 41 45 30 5 39 16 44 35 37 11 12 21 46 17 2 48 6 26 7 

Inst_Index:4452 	 City_Num:50 	 Concorde:0.057901 	 MCTS:5.789008 Improve:0.001100 	 Time:5.01 Seconds
Solution: 1 49 24 38 3 4 19 43 34 29 6 27 46 39 18 26 25 37 40 17 15 33 14 30 50 32 44 23 13 47 20 35 5 12 16 48 31 11 42 8 22 36 9 10 28 21 45 41 2 7 

Inst_Index:4453 	 City_Num:50 	 Concorde:0.052908 	 MCTS:5.290840 Improve:-0.000000 	 Time:5.01 Seconds
Solution: 1 20 42 16 6 44 50 17 19 4 8 9 31 25 33 37 27 49 14 47 48 36 15 35 34 18 12 28 29 40 45 30 39 24 41 10 3 5 2 38 26 22 43 21 32 46 13 23 7 11 

Inst_Index:4454 	 City_Num:50 	 Concorde:0.055676 	 MCTS:5.567632 Improve:0.000000 	 Time:5.00 Seconds
Solution: 1 13 47 16 48 39 41 18 28 10 19 35 33 24 44 26 2 25 23 11 5 27 20 50 9 21 3 42 45 40 37 17 46 14 12 31 34 15 6 30 38 7 32 29 36 8 22 4 43 49 

Inst_Index:4455 	 City_Num:50 	 Concorde:0.057052 	 MCTS:5.705246 Improve:-0.000000 	 Time:5.00 Seconds
Solution: 1 45 20 41 49 42 16 37 3 43 30 5 11 35 24 25 36 8 33 32 14 2 46 7 23 28 48 18 9 38 50 39 4 10 22 34 15 26 13 19 44 17 12 21 31 47 27 40 6 29 

Inst_Index:4456 	 City_Num:50 	 Concorde:0.058969 	 MCTS:5.896922 Improve:-0.000000 	 Time:5.00 Seconds
Solution: 1 50 3 45 29 2 18 31 8 40 21 15 22 26 20 23 28 35 17 4 37 32 43 41 9 38 47 12 16 6 13 19 10 11 48 33 49 34 44 30 25 24 42 27 14 46 5 7 39 36 

Inst_Index:4457 	 City_Num:50 	 Concorde:0.057671 	 MCTS:5.766642 Improve:0.000436 	 Time:5.01 Seconds
Solution: 1 28 47 43 48 6 42 35 7 11 3 5 26 2 33 36 10 17 27 39 25 34 49 21 18 12 20 44 46 8 13 50 29 24 31 9 23 15 14 41 40 38 16 37 45 30 32 4 19 22 

Inst_Index:4458 	 City_Num:50 	 Concorde:0.059315 	 MCTS:5.926712 Improve:0.004754 	 Time:5.00 Seconds
Solution: 1 9 18 31 25 12 36 6 27 47 40 29 16 30 2 32 8 7 3 28 4 50 37 10 26 23 11 17 21 43 14 34 19 13 39 48 41 49 38 15 45 22 5 24 42 44 46 33 20 35 

Inst_Index:4459 	 City_Num:50 	 Concorde:0.050411 	 MCTS:5.041085 Improve:0.000000 	 Time:5.00 Seconds
Solution: 1 15 36 30 25 19 29 37 24 32 31 39 38 14 21 34 50 48 22 45 8 7 40 33 26 20 6 49 11 46 10 42 4 44 28 17 23 12 35 16 43 47 3 9 2 27 41 5 13 18 

Inst_Index:4460 	 City_Num:50 	 Concorde:0.059732 	 MCTS:5.973205 Improve:-0.000000 	 Time:5.00 Seconds
Solution: 1 26 45 13 27 12 16 24 19 41 42 35 30 23 34 48 37 29 4 32 28 8 36 31 17 3 10 9 43 18 6 46 39 47 49 2 33 22 21 5 20 7 40 11 38 14 50 44 25 15 

Inst_Index:4461 	 City_Num:50 	 Concorde:0.057689 	 MCTS:5.768943 Improve:-0.000000 	 Time:5.00 Seconds
Solution: 1 31 37 15 20 27 17 6 2 32 19 35 5 46 43 24 13 40 16 44 38 47 33 3 48 21 50 36 18 25 23 49 41 7 29 22 34 14 26 39 28 4 10 8 11 45 12 42 30 9 

Inst_Index:4462 	 City_Num:50 	 Concorde:0.060382 	 MCTS:6.038230 Improve:0.000000 	 Time:5.00 Seconds
Solution: 1 30 4 48 13 21 10 19 43 31 27 15 18 32 22 14 39 41 29 35 37 33 12 8 24 50 5 36 16 20 23 17 6 26 3 46 42 34 25 40 11 2 9 45 38 7 47 49 28 44 

Inst_Index:4463 	 City_Num:50 	 Concorde:0.055578 	 MCTS:5.557785 Improve:0.000000 	 Time:5.00 Seconds
Solution: 1 40 11 50 19 29 7 3 37 9 45 21 13 31 6 26 36 17 42 22 49 27 16 32 41 33 34 5 24 2 18 14 15 38 20 4 12 39 8 43 23 25 35 10 30 48 47 44 46 28 

Inst_Index:4464 	 City_Num:50 	 Concorde:0.057463 	 MCTS:5.744738 Improve:0.001560 	 Time:5.00 Seconds
Solution: 1 45 50 25 4 21 12 39 10 5 20 17 46 9 47 23 8 38 28 30 33 34 14 35 19 24 7 6 22 29 13 43 16 40 48 2 26 41 27 18 44 42 32 36 31 11 49 3 15 37 

Inst_Index:4465 	 City_Num:50 	 Concorde:0.059110 	 MCTS:5.910998 Improve:0.000000 	 Time:5.00 Seconds
Solution: 1 12 8 37 23 7 50 30 14 6 13 43 33 48 20 41 26 17 18 42 34 40 39 47 44 35 36 15 24 38 4 45 46 31 11 25 2 3 32 10 9 29 5 28 21 16 22 19 49 27 

Inst_Index:4466 	 City_Num:50 	 Concorde:0.059739 	 MCTS:5.973882 Improve:0.000000 	 Time:5.00 Seconds
Solution: 1 46 13 10 31 40 26 3 49 45 5 28 17 36 4 35 34 47 48 6 38 12 44 33 19 41 11 39 8 22 15 14 42 27 9 24 20 50 16 43 21 2 32 18 25 37 29 30 23 7 

Inst_Index:4467 	 City_Num:50 	 Concorde:0.054567 	 MCTS:5.460607 Improve:-0.003926 	 Time:5.00 Seconds
Solution: 1 5 7 30 41 40 10 42 17 24 23 38 39 31 37 44 18 29 27 36 16 46 9 48 43 14 6 47 22 35 20 28 25 21 12 19 3 33 8 4 11 32 26 15 49 45 13 50 2 34 

Inst_Index:4468 	 City_Num:50 	 Concorde:0.056686 	 MCTS:5.668555 Improve:0.000000 	 Time:5.00 Seconds
Solution: 1 38 27 12 21 36 9 49 17 24 50 5 22 44 13 6 34 31 32 20 19 42 40 2 18 28 43 15 29 33 10 23 41 25 26 30 39 35 45 16 47 8 3 4 37 48 14 7 46 11 

Inst_Index:4469 	 City_Num:50 	 Concorde:0.055393 	 MCTS:5.539276 Improve:0.000000 	 Time:5.00 Seconds
Solution: 1 37 21 4 43 39 16 42 3 12 26 31 6 47 49 28 34 38 10 44 17 36 35 5 27 18 29 9 45 14 30 48 13 11 22 41 50 23 7 20 46 25 2 8 33 19 15 32 40 24 

Inst_Index:4470 	 City_Num:50 	 Concorde:0.057269 	 MCTS:5.722246 Improve:0.004697 	 Time:5.00 Seconds
Solution: 1 12 30 36 2 46 28 15 41 27 40 24 10 38 39 35 31 29 4 14 48 23 49 50 8 18 13 19 25 26 6 32 11 34 7 5 3 45 21 33 37 16 43 9 20 44 42 17 47 22 

Inst_Index:4471 	 City_Num:50 	 Concorde:0.056730 	 MCTS:5.672966 Improve:0.000000 	 Time:5.00 Seconds
Solution: 1 30 15 24 43 10 49 18 42 8 7 39 37 32 4 6 17 23 5 14 36 47 44 45 31 26 29 41 46 48 28 40 9 22 12 16 33 34 21 13 27 11 38 50 25 3 19 2 35 20 

Inst_Index:4472 	 City_Num:50 	 Concorde:0.059805 	 MCTS:5.980459 Improve:0.000000 	 Time:5.00 Seconds
Solution: 1 28 14 35 3 26 44 18 48 49 17 7 34 33 29 23 2 19 24 10 13 32 4 22 50 11 5 20 38 41 12 42 6 15 8 46 45 27 21 43 16 25 47 31 37 40 30 39 36 9 

Inst_Index:4473 	 City_Num:50 	 Concorde:0.058044 	 MCTS:5.804105 Improve:0.000290 	 Time:5.00 Seconds
Solution: 1 50 46 44 16 39 14 4 17 43 3 8 47 35 15 10 40 42 48 6 21 49 45 5 22 18 33 24 23 31 11 25 41 37 26 28 2 32 29 19 36 7 34 9 27 12 20 38 30 13 

Inst_Index:4474 	 City_Num:50 	 Concorde:0.060838 	 MCTS:6.104245 Improve:-0.020436 	 Time:5.00 Seconds
Solution: 1 6 15 48 4 42 36 50 27 33 35 26 28 20 9 44 12 25 2 17 3 34 16 14 40 29 49 11 19 41 7 37 21 45 8 24 30 18 39 43 13 22 47 32 38 46 31 5 23 10 

Inst_Index:4475 	 City_Num:50 	 Concorde:0.055356 	 MCTS:5.535594 Improve:0.000000 	 Time:5.00 Seconds
Solution: 1 17 27 25 8 44 4 24 45 18 48 23 38 40 14 33 32 42 6 5 41 15 9 31 47 22 10 21 28 49 36 37 7 3 13 19 30 43 16 26 29 46 20 39 50 34 2 35 11 12 

Inst_Index:4476 	 City_Num:50 	 Concorde:0.058231 	 MCTS:5.823093 Improve:0.000000 	 Time:5.00 Seconds
Solution: 1 5 13 11 32 7 33 8 20 28 48 6 36 9 27 29 24 38 3 35 26 46 50 47 37 25 39 43 44 21 41 23 40 34 16 12 17 18 14 30 22 42 10 31 19 2 49 45 15 4 

Inst_Index:4477 	 City_Num:50 	 Concorde:0.055210 	 MCTS:5.521042 Improve:-0.000000 	 Time:5.00 Seconds
Solution: 1 32 20 24 47 37 21 25 27 34 5 16 22 18 41 11 29 33 28 17 44 2 50 31 49 10 48 35 8 3 15 19 14 26 39 40 23 42 7 38 46 36 4 6 13 43 30 45 12 9 

Inst_Index:4478 	 City_Num:50 	 Concorde:0.050129 	 MCTS:5.012906 Improve:0.000000 	 Time:5.00 Seconds
Solution: 1 5 31 9 16 7 20 11 41 30 28 32 38 19 18 15 49 17 43 45 13 47 8 10 36 12 6 14 21 29 44 37 48 35 39 34 23 50 22 2 33 27 24 40 3 42 26 4 25 46 

Inst_Index:4479 	 City_Num:50 	 Concorde:0.054550 	 MCTS:5.455023 Improve:-0.000000 	 Time:5.00 Seconds
Solution: 1 5 26 45 19 25 29 11 23 38 36 15 37 46 39 35 20 47 9 14 17 24 34 10 43 12 42 2 6 33 48 3 32 4 13 41 7 21 49 50 28 44 16 30 27 22 18 40 8 31 

Inst_Index:4480 	 City_Num:50 	 Concorde:0.059492 	 MCTS:5.949210 Improve:0.000000 	 Time:5.00 Seconds
Solution: 1 39 2 10 7 21 19 41 6 42 18 40 9 26 24 47 31 25 27 5 14 16 29 13 28 4 44 8 12 32 15 38 48 36 49 33 46 37 3 17 11 50 22 30 20 43 45 34 35 23 

Inst_Index:4481 	 City_Num:50 	 Concorde:0.055529 	 MCTS:5.552852 Improve:-0.000000 	 Time:5.01 Seconds
Solution: 1 26 18 30 4 24 19 13 23 16 49 40 42 21 22 10 14 41 17 45 7 29 6 3 15 38 27 48 11 8 47 20 2 32 37 35 43 50 44 5 46 39 28 9 34 25 31 12 33 36 

Inst_Index:4482 	 City_Num:50 	 Concorde:0.057103 	 MCTS:5.702066 Improve:0.008218 	 Time:5.00 Seconds
Solution: 1 35 32 17 11 2 18 4 5 21 41 26 47 39 3 23 34 7 15 9 45 22 33 42 14 30 46 25 37 48 49 40 19 50 6 24 28 29 13 20 10 27 31 12 16 44 38 43 8 36 

Inst_Index:4483 	 City_Num:50 	 Concorde:0.060255 	 MCTS:6.025517 Improve:-0.000000 	 Time:5.00 Seconds
Solution: 1 8 16 10 19 43 14 37 3 6 36 46 4 13 23 45 26 35 9 27 25 5 21 34 38 33 12 29 7 32 42 17 24 18 41 47 40 39 11 44 20 49 50 22 15 2 28 31 30 48 

Inst_Index:4484 	 City_Num:50 	 Concorde:0.060327 	 MCTS:6.018557 Improve:0.014104 	 Time:5.00 Seconds
Solution: 1 35 6 14 46 24 44 8 33 38 5 25 4 42 12 22 50 20 23 32 18 36 2 40 19 30 10 45 16 41 26 43 34 15 17 28 39 47 27 49 29 37 3 31 9 21 48 13 11 7 

Inst_Index:4485 	 City_Num:50 	 Concorde:0.058368 	 MCTS:5.815215 Improve:0.021541 	 Time:5.01 Seconds
Solution: 1 2 43 19 41 36 25 38 6 34 31 35 47 4 49 7 10 42 5 21 33 16 13 9 28 32 45 46 12 44 23 48 15 14 37 27 11 17 39 20 29 26 18 8 50 22 24 30 3 40 

Inst_Index:4486 	 City_Num:50 	 Concorde:0.055575 	 MCTS:5.548301 Improve:0.009244 	 Time:5.00 Seconds
Solution: 1 28 3 49 26 37 17 18 40 24 43 19 50 9 25 22 44 16 33 23 29 20 15 46 48 27 42 10 7 4 45 31 5 39 12 36 41 2 13 38 30 8 14 34 32 35 11 6 47 21 

Inst_Index:4487 	 City_Num:50 	 Concorde:0.051878 	 MCTS:5.187788 Improve:0.000000 	 Time:5.00 Seconds
Solution: 1 22 11 21 10 13 48 16 42 19 30 20 7 43 32 27 24 18 28 33 12 8 29 6 38 36 34 44 2 5 37 25 40 3 35 50 4 23 17 47 49 41 46 9 39 26 31 15 14 45 

Inst_Index:4488 	 City_Num:50 	 Concorde:0.056593 	 MCTS:5.659313 Improve:-0.000000 	 Time:5.01 Seconds
Solution: 1 9 13 29 23 8 7 31 28 26 36 24 25 37 15 43 49 47 48 30 10 21 35 19 17 11 45 39 4 27 22 16 3 18 50 6 46 20 41 12 32 40 34 42 5 38 14 2 33 44 

Inst_Index:4489 	 City_Num:50 	 Concorde:0.059379 	 MCTS:5.937948 Improve:0.000000 	 Time:5.00 Seconds
Solution: 1 9 22 14 48 15 46 4 49 12 41 33 20 42 39 32 36 45 5 29 47 26 38 2 21 7 24 37 35 28 10 13 31 40 16 6 17 23 25 3 50 30 8 11 18 19 27 44 34 43 

Inst_Index:4490 	 City_Num:50 	 Concorde:0.054185 	 MCTS:5.413368 Improve:0.005144 	 Time:5.00 Seconds
Solution: 1 8 46 15 2 22 44 45 42 9 24 38 48 49 29 50 34 27 16 18 13 28 36 37 23 12 35 4 17 6 39 32 26 20 21 7 3 33 41 47 40 10 19 5 14 43 31 25 11 30 

Inst_Index:4491 	 City_Num:50 	 Concorde:0.056623 	 MCTS:5.662292 Improve:0.000000 	 Time:5.00 Seconds
Solution: 1 40 11 21 14 39 17 13 38 24 9 28 10 18 32 30 25 36 44 27 50 37 49 5 26 3 7 29 19 4 47 2 31 8 48 22 23 46 16 6 41 35 34 45 42 15 20 12 43 33 

Inst_Index:4492 	 City_Num:50 	 Concorde:0.056769 	 MCTS:5.676860 Improve:0.000000 	 Time:5.00 Seconds
Solution: 1 6 32 14 12 36 3 22 34 28 50 10 48 49 47 11 17 39 27 30 35 2 18 21 45 46 9 40 33 26 16 20 37 31 43 24 19 4 15 29 25 5 8 13 44 7 38 41 42 23 

Inst_Index:4493 	 City_Num:50 	 Concorde:0.059859 	 MCTS:5.985889 Improve:-0.000000 	 Time:5.01 Seconds
Solution: 1 26 34 41 29 27 50 35 36 17 5 15 21 19 2 37 39 4 28 30 38 7 32 22 11 45 25 31 13 47 40 20 33 44 48 46 12 16 18 10 3 14 42 43 49 24 8 23 9 6 

Inst_Index:4494 	 City_Num:50 	 Concorde:0.062611 	 MCTS:6.261128 Improve:0.000000 	 Time:5.00 Seconds
Solution: 1 40 17 28 46 18 34 42 7 49 4 31 15 30 2 13 44 20 3 29 36 32 35 24 5 48 37 19 33 16 25 9 12 45 10 39 41 22 27 21 6 38 50 14 11 47 26 8 23 43 

Inst_Index:4495 	 City_Num:50 	 Concorde:0.058004 	 MCTS:5.800443 Improve:0.000000 	 Time:5.00 Seconds
Solution: 1 25 14 8 28 27 9 48 5 6 45 15 42 31 46 13 38 20 50 12 35 23 37 47 39 22 3 40 49 41 11 26 18 17 43 34 36 4 32 30 24 10 19 29 16 44 33 2 21 7 

Inst_Index:4496 	 City_Num:50 	 Concorde:0.056109 	 MCTS:5.608772 Improve:0.002112 	 Time:5.01 Seconds
Solution: 1 8 22 38 13 7 40 41 29 11 47 4 21 39 31 44 35 30 19 10 36 17 18 26 23 32 46 50 49 3 6 15 27 2 9 28 48 5 14 25 33 34 12 42 24 16 43 20 37 45 

Inst_Index:4497 	 City_Num:50 	 Concorde:0.056637 	 MCTS:5.660519 Improve:0.003196 	 Time:5.00 Seconds
Solution: 1 18 34 12 11 35 7 10 30 31 32 3 14 48 40 21 5 2 50 20 16 45 49 28 46 39 24 29 27 38 44 42 41 19 47 13 43 6 22 37 9 15 36 17 33 8 4 26 25 23 

Inst_Index:4498 	 City_Num:50 	 Concorde:0.056492 	 MCTS:5.649249 Improve:0.000000 	 Time:5.01 Seconds
Solution: 1 44 43 47 27 26 8 7 33 19 38 15 50 49 14 35 36 12 40 46 20 24 28 29 16 10 45 39 2 3 23 37 25 6 42 17 21 31 9 30 5 41 13 22 18 11 34 32 4 48 

Inst_Index:4499 	 City_Num:50 	 Concorde:0.056644 	 MCTS:5.664403 Improve:0.000000 	 Time:5.00 Seconds
Solution: 1 43 17 19 2 49 16 40 7 34 35 6 27 4 11 9 39 36 13 30 33 21 5 3 22 28 37 25 44 8 42 10 24 46 14 45 47 31 48 26 20 41 50 38 12 18 29 15 23 32 

Inst_Index:4500 	 City_Num:50 	 Concorde:0.058323 	 MCTS:5.832269 Improve:-0.000000 	 Time:5.00 Seconds
Solution: 1 29 25 49 2 33 15 10 24 8 19 21 6 37 41 50 18 28 35 44 23 26 12 45 48 38 4 20 43 9 46 7 30 36 47 27 39 11 16 14 42 5 34 13 22 32 40 17 31 3 

Inst_Index:4501 	 City_Num:50 	 Concorde:0.059064 	 MCTS:5.906368 Improve:0.000000 	 Time:5.00 Seconds
Solution: 1 43 14 15 4 26 22 47 41 27 9 42 25 13 32 35 8 12 50 29 49 48 44 36 19 21 7 16 18 37 23 40 11 5 34 10 38 33 28 45 3 6 31 17 30 24 20 2 46 39 

Inst_Index:4502 	 City_Num:50 	 Concorde:0.055522 	 MCTS:5.549231 Improve:0.002951 	 Time:5.00 Seconds
Solution: 1 29 49 21 37 9 39 23 24 12 6 40 46 42 45 13 7 33 3 2 31 28 8 32 43 48 34 27 17 26 41 5 14 16 18 35 11 47 36 15 38 20 10 4 50 44 19 25 22 30 

Inst_Index:4503 	 City_Num:50 	 Concorde:0.056853 	 MCTS:5.685307 Improve:-0.000000 	 Time:5.01 Seconds
Solution: 1 5 24 7 35 32 25 45 20 31 2 44 49 39 40 12 16 8 22 34 28 38 3 46 41 4 30 27 18 17 10 36 42 14 37 21 48 26 6 11 29 47 9 13 50 19 15 23 33 43 

Inst_Index:4504 	 City_Num:50 	 Concorde:0.057819 	 MCTS:5.781902 Improve:0.000000 	 Time:5.00 Seconds
Solution: 1 20 8 35 15 38 41 2 47 18 9 29 33 46 30 22 39 48 32 40 21 43 10 28 25 42 16 7 34 26 5 45 13 23 6 3 37 4 19 36 44 50 27 31 24 11 14 17 49 12 

Inst_Index:4505 	 City_Num:50 	 Concorde:0.054641 	 MCTS:5.460406 Improve:0.003688 	 Time:5.01 Seconds
Solution: 1 38 7 30 3 8 37 48 23 2 19 34 33 46 20 25 31 21 4 5 43 40 16 18 32 24 44 13 47 22 42 45 41 26 49 17 29 6 12 14 9 39 10 28 35 50 15 11 27 36 

Inst_Index:4506 	 City_Num:50 	 Concorde:0.053839 	 MCTS:5.380910 Improve:0.003024 	 Time:5.00 Seconds
Solution: 1 6 2 7 29 42 18 31 10 34 4 5 43 11 48 36 25 44 30 15 38 20 41 8 33 50 17 12 28 32 19 40 13 47 9 35 49 24 21 22 14 46 16 45 37 27 23 3 26 39 

Inst_Index:4507 	 City_Num:50 	 Concorde:0.057060 	 MCTS:5.706028 Improve:-0.000000 	 Time:5.00 Seconds
Solution: 1 25 12 22 10 5 36 29 45 28 48 33 23 19 39 50 6 43 26 38 3 42 41 31 11 37 17 27 40 24 20 9 21 35 15 8 30 13 18 14 2 44 4 16 32 46 7 49 47 34 

Inst_Index:4508 	 City_Num:50 	 Concorde:0.053872 	 MCTS:5.387208 Improve:0.000000 	 Time:5.00 Seconds
Solution: 1 14 26 30 9 34 7 44 8 45 10 18 35 40 25 23 2 32 28 24 33 27 36 20 6 38 13 46 37 17 29 4 42 3 47 16 43 22 5 31 39 41 11 12 48 19 50 21 49 15 

Inst_Index:4509 	 City_Num:50 	 Concorde:0.057527 	 MCTS:5.750031 Improve:0.002715 	 Time:5.00 Seconds
Solution: 1 20 7 23 14 24 29 17 43 21 40 30 26 37 10 18 11 19 33 46 31 2 49 25 35 44 47 13 32 6 22 12 5 50 39 38 3 28 36 8 4 16 41 9 27 15 48 42 45 34 

Inst_Index:4510 	 City_Num:50 	 Concorde:0.059648 	 MCTS:5.962380 Improve:0.002453 	 Time:5.00 Seconds
Solution: 1 46 10 22 27 17 14 4 36 44 7 39 25 6 26 15 41 19 31 42 20 43 2 3 11 30 50 16 5 32 37 8 45 38 47 35 40 29 49 13 24 23 21 48 34 12 18 33 9 28 

Inst_Index:4511 	 City_Num:50 	 Concorde:0.054005 	 MCTS:5.398052 Improve:0.002405 	 Time:5.00 Seconds
Solution: 1 11 47 19 44 25 22 16 46 43 12 34 8 48 39 40 20 3 28 21 50 36 17 24 38 5 2 13 18 37 41 35 42 32 31 33 6 15 23 10 26 45 49 27 14 29 7 30 9 4 

Inst_Index:4512 	 City_Num:50 	 Concorde:0.054791 	 MCTS:5.479087 Improve:0.000000 	 Time:5.00 Seconds
Solution: 1 24 12 33 34 15 40 5 25 35 6 42 30 41 29 10 36 21 27 49 17 7 26 32 45 8 3 50 13 28 37 4 31 22 47 43 11 39 48 20 9 44 23 14 2 38 19 18 46 16 

Inst_Index:4513 	 City_Num:50 	 Concorde:0.056994 	 MCTS:5.699445 Improve:-0.000000 	 Time:5.01 Seconds
Solution: 1 20 21 5 49 14 32 46 34 41 39 22 15 50 40 25 3 38 27 29 43 16 37 9 24 45 19 47 28 17 13 33 6 36 31 30 2 35 23 42 48 11 8 7 44 12 4 26 18 10 

Inst_Index:4514 	 City_Num:50 	 Concorde:0.057218 	 MCTS:5.721836 Improve:-0.000000 	 Time:5.01 Seconds
Solution: 1 35 31 6 12 11 33 3 43 30 39 40 13 47 49 23 18 22 29 7 15 2 46 27 42 25 41 19 20 4 10 17 50 9 48 28 26 32 8 21 36 37 24 14 44 16 5 38 45 34 

Inst_Index:4515 	 City_Num:50 	 Concorde:0.058406 	 MCTS:5.836883 Improve:0.003758 	 Time:5.01 Seconds
Solution: 1 5 40 22 3 27 36 50 33 25 21 46 48 30 26 9 31 20 41 17 6 14 16 38 4 44 29 45 11 37 49 32 13 35 47 19 23 8 34 24 28 7 2 10 39 43 12 15 18 42 

Inst_Index:4516 	 City_Num:50 	 Concorde:0.054517 	 MCTS:5.447421 Improve:0.004232 	 Time:5.00 Seconds
Solution: 1 41 35 22 5 11 36 27 26 19 20 48 3 8 24 43 34 47 45 50 23 17 25 49 10 33 38 21 2 37 29 42 4 6 14 15 28 18 12 44 9 16 32 7 31 40 30 46 13 39 

Inst_Index:4517 	 City_Num:50 	 Concorde:0.055273 	 MCTS:5.527335 Improve:0.000000 	 Time:5.00 Seconds
Solution: 1 48 26 27 31 49 33 11 28 25 22 13 17 8 18 43 41 37 46 44 23 12 32 14 45 42 50 35 21 2 34 29 24 16 40 3 9 4 19 20 6 5 38 15 7 39 10 36 47 30 

Inst_Index:4518 	 City_Num:50 	 Concorde:0.055558 	 MCTS:5.554293 Improve:0.001528 	 Time:5.00 Seconds
Solution: 1 28 32 25 46 17 35 44 9 50 7 11 22 37 21 3 12 45 41 18 49 2 10 24 16 30 26 36 20 5 15 47 29 38 27 31 34 33 4 42 48 39 40 8 23 6 13 14 43 19 

Inst_Index:4519 	 City_Num:50 	 Concorde:0.058058 	 MCTS:5.805814 Improve:0.000000 	 Time:5.01 Seconds
Solution: 1 39 47 18 36 17 34 11 13 21 37 45 6 12 29 4 15 5 43 27 8 19 7 35 2 32 38 44 33 9 26 48 14 20 3 42 28 40 23 49 10 24 25 31 30 50 41 16 46 22 

Inst_Index:4520 	 City_Num:50 	 Concorde:0.051381 	 MCTS:5.138149 Improve:-0.000000 	 Time:5.00 Seconds
Solution: 1 31 21 44 12 33 18 6 24 48 36 27 47 43 19 4 8 26 9 14 34 32 7 42 11 30 23 38 16 20 28 39 22 15 46 5 13 49 10 45 40 35 37 2 29 3 41 25 17 50 

Inst_Index:4521 	 City_Num:50 	 Concorde:0.056573 	 MCTS:5.657279 Improve:0.000000 	 Time:5.00 Seconds
Solution: 1 33 16 45 24 11 13 10 17 34 23 29 40 27 9 43 48 20 41 44 46 7 8 26 38 2 4 28 37 31 35 50 3 22 42 14 19 18 5 30 6 15 36 49 21 39 32 47 25 12 

Inst_Index:4522 	 City_Num:50 	 Concorde:0.056353 	 MCTS:5.635248 Improve:0.000039 	 Time:5.00 Seconds
Solution: 1 29 36 32 24 17 35 2 8 28 3 12 13 26 18 41 45 34 47 19 40 22 42 7 46 25 23 10 50 31 21 48 44 38 20 33 15 5 49 4 6 16 11 30 39 9 27 14 43 37 

Inst_Index:4523 	 City_Num:50 	 Concorde:0.056545 	 MCTS:5.654531 Improve:0.000000 	 Time:5.00 Seconds
Solution: 1 48 15 19 34 43 9 11 32 28 23 22 4 6 13 3 44 36 21 14 29 10 39 45 26 38 47 31 8 24 27 20 5 25 37 2 49 17 12 50 33 40 18 30 7 46 35 42 41 16 

Inst_Index:4524 	 City_Num:50 	 Concorde:0.060754 	 MCTS:6.070960 Improve:0.004460 	 Time:5.00 Seconds
Solution: 1 28 10 36 14 39 27 23 33 35 44 43 9 2 22 42 18 5 7 20 38 16 26 30 19 40 31 11 4 49 13 32 50 41 12 37 46 34 25 17 21 29 47 15 24 48 3 6 45 8 

Inst_Index:4525 	 City_Num:50 	 Concorde:0.061170 	 MCTS:6.116462 Improve:0.000545 	 Time:5.00 Seconds
Solution: 1 24 2 4 46 20 12 10 30 32 38 28 7 27 22 50 19 37 45 17 9 23 14 31 3 47 43 6 11 8 44 21 40 34 48 42 5 13 16 36 39 25 35 26 29 49 33 15 41 18 

Inst_Index:4526 	 City_Num:50 	 Concorde:0.056365 	 MCTS:5.636522 Improve:-0.000000 	 Time:5.00 Seconds
Solution: 1 33 2 44 24 7 29 15 37 25 36 20 31 38 8 6 9 47 28 27 22 48 16 43 3 18 11 30 49 23 39 40 13 26 45 42 34 12 32 46 19 14 35 5 50 41 4 17 21 10 

Inst_Index:4527 	 City_Num:50 	 Concorde:0.057333 	 MCTS:5.733301 Improve:-0.000000 	 Time:5.00 Seconds
Solution: 1 41 45 12 34 6 48 40 10 39 7 50 11 24 47 2 29 5 36 42 46 32 31 35 44 27 16 26 9 17 20 23 38 22 3 4 25 13 49 18 21 28 30 33 15 19 37 43 8 14 

Inst_Index:4528 	 City_Num:50 	 Concorde:0.057575 	 MCTS:5.757529 Improve:0.000000 	 Time:5.01 Seconds
Solution: 1 44 19 7 36 18 39 42 9 45 12 2 23 16 46 28 29 30 21 26 11 37 13 50 4 32 15 8 40 47 10 20 25 41 22 48 49 43 38 3 34 5 6 31 17 33 27 24 14 35 

Inst_Index:4529 	 City_Num:50 	 Concorde:0.056029 	 MCTS:5.602921 Improve:-0.000000 	 Time:5.00 Seconds
Solution: 1 23 31 33 25 30 32 7 5 35 9 22 13 18 19 48 40 8 16 42 27 12 21 34 45 50 39 26 38 6 28 20 29 49 17 24 37 11 3 41 43 10 46 4 2 44 15 14 36 47 

Inst_Index:4530 	 City_Num:50 	 Concorde:0.059836 	 MCTS:5.983557 Improve:-0.000000 	 Time:5.00 Seconds
Solution: 1 40 44 43 12 4 10 33 37 29 38 26 18 27 21 23 46 9 49 19 32 42 35 45 5 41 47 36 31 30 50 8 2 17 25 15 13 20 34 16 24 7 6 28 39 3 11 14 48 22 

Inst_Index:4531 	 City_Num:50 	 Concorde:0.058414 	 MCTS:5.841378 Improve:-0.000000 	 Time:5.00 Seconds
Solution: 1 43 34 25 38 30 15 44 26 32 7 2 3 5 39 18 40 27 49 19 17 42 22 50 41 9 8 37 13 4 11 21 36 24 6 23 33 47 29 20 10 46 45 48 12 28 14 35 16 31 

Inst_Index:4532 	 City_Num:50 	 Concorde:0.056050 	 MCTS:5.601343 Improve:0.003642 	 Time:5.00 Seconds
Solution: 1 8 13 7 38 36 23 16 49 28 18 43 41 17 25 6 22 14 24 20 9 11 12 44 10 27 30 26 42 40 3 29 2 31 45 37 39 21 5 19 50 4 33 32 48 47 46 35 34 15 

Inst_Index:4533 	 City_Num:50 	 Concorde:0.057944 	 MCTS:5.794400 Improve:0.000000 	 Time:5.00 Seconds
Solution: 1 26 47 33 40 14 35 20 44 27 21 23 18 12 28 9 16 29 6 5 48 45 38 30 3 50 41 22 39 15 42 17 7 2 25 49 36 43 31 11 37 10 4 13 34 8 19 46 24 32 

Inst_Index:4534 	 City_Num:50 	 Concorde:0.057417 	 MCTS:5.739639 Improve:0.002022 	 Time:5.00 Seconds
Solution: 1 7 20 24 16 31 22 39 9 45 42 36 15 5 11 8 47 44 26 34 43 2 23 3 25 32 30 35 21 27 13 10 29 4 41 19 12 14 37 17 46 50 28 40 48 49 33 18 38 6 

Inst_Index:4535 	 City_Num:50 	 Concorde:0.054801 	 MCTS:5.480102 Improve:0.000000 	 Time:5.00 Seconds
Solution: 1 46 7 27 28 14 31 2 35 33 17 44 37 26 13 12 40 9 18 36 5 30 19 3 23 41 29 4 24 38 21 11 47 16 32 48 43 6 10 25 22 50 45 20 34 49 8 42 15 39 

Inst_Index:4536 	 City_Num:50 	 Concorde:0.054355 	 MCTS:5.434181 Improve:0.001289 	 Time:5.00 Seconds
Solution: 1 50 27 16 18 22 3 5 25 21 2 45 24 29 26 15 44 37 35 40 17 13 47 19 28 36 34 39 20 8 6 43 33 38 41 14 11 23 42 7 49 31 32 48 9 4 10 12 46 30 

Inst_Index:4537 	 City_Num:50 	 Concorde:0.053283 	 MCTS:5.328333 Improve:-0.000000 	 Time:5.00 Seconds
Solution: 1 18 8 24 31 42 48 10 4 32 21 13 36 39 34 33 5 20 38 44 22 45 19 11 29 16 27 17 15 6 35 23 14 9 41 12 25 40 49 47 26 28 30 7 50 37 3 43 2 46 

Inst_Index:4538 	 City_Num:50 	 Concorde:0.060141 	 MCTS:6.005257 Improve:0.008867 	 Time:5.00 Seconds
Solution: 1 50 16 32 35 12 27 2 48 13 17 18 42 26 7 49 23 30 24 34 19 36 41 8 22 37 11 33 3 46 6 15 39 44 28 9 47 40 31 25 29 14 10 38 45 43 21 20 5 4 

Inst_Index:4539 	 City_Num:50 	 Concorde:0.052021 	 MCTS:5.196703 Improve:0.005368 	 Time:5.00 Seconds
Solution: 1 7 39 2 47 24 3 26 27 31 5 15 44 21 20 45 12 42 14 33 50 22 29 10 23 17 49 9 18 48 35 11 4 36 25 16 19 30 46 41 8 43 13 32 6 37 34 40 28 38 

Inst_Index:4540 	 City_Num:50 	 Concorde:0.056068 	 MCTS:5.606825 Improve:-0.000000 	 Time:5.01 Seconds
Solution: 1 29 22 20 49 33 24 18 34 17 35 10 9 46 4 15 21 38 28 23 11 12 42 25 39 8 40 36 6 48 7 3 19 13 30 41 31 45 5 32 37 27 44 43 47 26 14 16 50 2 

Inst_Index:4541 	 City_Num:50 	 Concorde:0.052713 	 MCTS:5.271263 Improve:0.000000 	 Time:5.00 Seconds
Solution: 1 15 44 25 35 39 19 28 40 29 5 48 11 42 41 6 21 12 33 30 18 45 34 8 36 4 10 37 17 43 32 22 20 23 47 26 7 46 2 50 9 27 38 13 14 16 3 31 24 49 

Inst_Index:4542 	 City_Num:50 	 Concorde:0.056456 	 MCTS:5.638632 Improve:0.006982 	 Time:5.00 Seconds
Solution: 1 26 8 33 42 49 25 47 38 22 9 20 45 31 36 14 50 44 34 30 24 5 6 39 7 37 4 27 48 13 17 3 35 2 18 19 43 23 11 21 28 12 15 40 16 10 32 41 46 29 

Inst_Index:4543 	 City_Num:50 	 Concorde:0.052415 	 MCTS:5.238309 Improve:0.003196 	 Time:5.00 Seconds
Solution: 1 19 42 17 11 4 20 45 30 46 10 22 40 26 41 47 3 43 16 38 36 7 48 18 39 21 23 29 34 24 14 49 9 44 37 25 27 12 5 35 33 2 32 50 15 28 31 13 6 8 

Inst_Index:4544 	 City_Num:50 	 Concorde:0.054419 	 MCTS:5.441887 Improve:0.000000 	 Time:5.00 Seconds
Solution: 1 30 28 19 21 13 17 3 12 18 15 2 24 44 38 22 47 43 42 36 39 8 41 35 32 11 6 20 37 40 49 31 34 26 7 5 46 50 9 23 4 29 48 25 10 27 16 33 45 14 

Inst_Index:4545 	 City_Num:50 	 Concorde:0.059720 	 MCTS:5.968459 Improve:0.003586 	 Time:5.00 Seconds
Solution: 1 32 34 44 26 4 15 8 2 42 25 11 9 35 30 48 7 23 49 40 16 41 14 31 17 38 6 50 3 10 19 13 21 39 33 18 24 12 29 43 28 46 20 47 45 37 27 5 22 36 

Inst_Index:4546 	 City_Num:50 	 Concorde:0.055788 	 MCTS:5.577602 Improve:0.001203 	 Time:5.00 Seconds
Solution: 1 33 10 25 35 12 11 34 3 31 23 5 48 18 28 13 46 2 41 17 49 37 8 47 27 20 26 14 9 7 43 6 45 32 16 42 39 19 36 24 38 44 4 15 21 50 29 40 22 30 

Inst_Index:4547 	 City_Num:50 	 Concorde:0.054797 	 MCTS:5.479660 Improve:0.000000 	 Time:5.00 Seconds
Solution: 1 28 2 11 20 43 33 21 15 23 5 50 6 29 9 37 30 34 3 41 38 32 14 26 8 19 45 25 36 46 49 48 44 16 7 18 47 27 40 17 24 42 10 39 12 31 13 4 22 35 

Inst_Index:4548 	 City_Num:50 	 Concorde:0.055845 	 MCTS:5.577696 Improve:0.006781 	 Time:5.00 Seconds
Solution: 1 19 43 9 44 4 2 49 37 31 30 15 18 25 24 32 29 50 16 34 11 7 23 8 6 36 45 13 33 41 39 12 17 3 5 27 21 28 48 22 35 47 38 26 40 42 46 10 20 14 

Inst_Index:4549 	 City_Num:50 	 Concorde:0.056418 	 MCTS:5.641817 Improve:0.000000 	 Time:5.00 Seconds
Solution: 1 47 43 45 5 14 42 31 19 36 10 9 22 16 11 32 18 4 28 20 26 44 46 30 48 50 2 25 39 7 21 12 15 6 40 3 49 17 27 37 34 24 41 13 8 38 35 33 29 23 

Inst_Index:4550 	 City_Num:50 	 Concorde:0.055925 	 MCTS:5.592545 Improve:0.000000 	 Time:5.00 Seconds
Solution: 1 19 31 32 44 40 29 20 22 3 34 47 7 38 18 5 24 12 15 9 37 11 41 25 14 46 10 49 6 42 48 13 2 50 17 23 4 39 27 36 30 28 33 45 21 8 43 16 35 26 

Inst_Index:4551 	 City_Num:50 	 Concorde:0.055375 	 MCTS:5.534913 Improve:0.002603 	 Time:5.00 Seconds
Solution: 1 12 8 46 16 30 36 24 17 48 5 37 47 50 27 6 31 39 41 21 2 22 28 44 42 32 19 20 9 49 38 45 34 4 15 23 29 43 3 26 35 18 25 14 7 11 33 40 13 10 

Inst_Index:4552 	 City_Num:50 	 Concorde:0.052561 	 MCTS:5.256090 Improve:0.000000 	 Time:5.00 Seconds
Solution: 1 40 32 3 16 47 36 5 14 37 48 7 39 19 12 43 6 11 13 18 9 35 42 8 45 22 23 25 10 29 38 46 21 28 2 17 49 34 15 33 41 27 4 30 26 20 50 24 31 44 

Inst_Index:4553 	 City_Num:50 	 Concorde:0.056523 	 MCTS:5.652259 Improve:-0.000000 	 Time:5.00 Seconds
Solution: 1 40 48 47 15 39 35 20 8 4 44 23 18 6 45 28 9 46 49 5 21 31 25 27 32 36 17 42 38 11 12 41 30 33 26 22 37 16 13 7 19 14 10 50 2 3 43 29 24 34 

Inst_Index:4554 	 City_Num:50 	 Concorde:0.054537 	 MCTS:5.453663 Improve:-0.000000 	 Time:5.00 Seconds
Solution: 1 41 37 21 48 36 8 5 44 31 24 49 9 29 27 2 45 4 15 19 42 32 33 39 34 12 47 13 26 25 50 23 11 7 10 18 16 20 46 14 43 22 28 40 6 35 17 38 30 3 

Inst_Index:4555 	 City_Num:50 	 Concorde:0.060117 	 MCTS:6.006298 Improve:0.005388 	 Time:5.01 Seconds
Solution: 1 20 45 31 6 28 42 12 41 24 13 39 38 17 33 32 18 30 37 7 9 46 25 5 26 3 27 47 48 36 2 34 29 22 49 35 43 15 19 10 23 50 16 21 44 8 11 4 40 14 

Inst_Index:4556 	 City_Num:50 	 Concorde:0.059265 	 MCTS:5.926531 Improve:-0.000000 	 Time:5.01 Seconds
Solution: 1 5 48 13 34 26 14 4 39 46 9 36 38 3 12 11 19 15 2 42 49 17 16 23 31 30 22 18 43 20 8 27 10 44 29 21 7 28 24 6 33 25 32 40 47 50 41 37 45 35 

Inst_Index:4557 	 City_Num:50 	 Concorde:0.061162 	 MCTS:6.114208 Improve:0.001998 	 Time:5.00 Seconds
Solution: 1 13 7 40 9 22 10 14 42 3 50 18 19 45 36 35 24 48 26 46 11 25 5 31 2 28 41 30 43 12 8 6 49 29 34 44 21 16 38 4 20 47 15 39 17 27 33 23 37 32 

Inst_Index:4558 	 City_Num:50 	 Concorde:0.051590 	 MCTS:5.153778 Improve:0.005209 	 Time:5.00 Seconds
Solution: 1 48 46 14 38 41 32 28 42 49 15 12 8 6 44 4 11 34 2 25 47 20 43 17 29 16 40 9 37 18 23 22 26 35 19 36 39 3 30 7 50 24 21 13 10 5 45 27 33 31 

Inst_Index:4559 	 City_Num:50 	 Concorde:0.059556 	 MCTS:5.955642 Improve:0.000000 	 Time:5.00 Seconds
Solution: 1 25 9 35 27 23 16 37 29 49 28 42 36 41 6 22 46 40 44 26 43 3 39 4 10 24 12 7 19 38 15 33 20 32 18 17 14 8 2 30 47 50 31 34 45 5 13 11 48 21 

Inst_Index:4560 	 City_Num:50 	 Concorde:0.055429 	 MCTS:5.542861 Improve:0.000000 	 Time:5.00 Seconds
Solution: 1 37 4 45 7 26 32 46 30 8 39 25 12 47 9 35 5 16 3 2 44 23 48 33 49 15 21 14 18 41 34 43 29 10 20 27 22 6 42 11 38 36 17 13 24 50 31 28 40 19 

Inst_Index:4561 	 City_Num:50 	 Concorde:0.055982 	 MCTS:5.596271 Improve:0.001951 	 Time:5.00 Seconds
Solution: 1 45 39 11 50 33 47 36 22 25 26 37 2 46 6 19 44 12 17 10 23 42 24 15 38 27 16 49 21 34 20 41 30 29 43 7 28 8 14 48 35 31 3 13 40 32 4 9 5 18 

Inst_Index:4562 	 City_Num:50 	 Concorde:0.059196 	 MCTS:5.907681 Improve:0.011896 	 Time:5.01 Seconds
Solution: 1 18 29 31 50 11 17 5 10 26 44 24 14 30 21 40 7 28 6 27 33 25 36 8 39 32 41 45 43 9 47 34 15 3 19 2 13 16 12 23 42 20 46 37 22 35 49 38 48 4 

Inst_Index:4563 	 City_Num:50 	 Concorde:0.058794 	 MCTS:5.888127 Improve:-0.008706 	 Time:5.00 Seconds
Solution: 1 36 31 16 37 5 14 8 2 29 34 3 43 28 15 23 38 22 10 49 41 45 21 42 13 25 24 46 48 27 33 35 17 12 9 6 7 11 19 26 47 30 44 39 40 32 20 50 18 4 

Inst_Index:4564 	 City_Num:50 	 Concorde:0.054642 	 MCTS:5.464246 Improve:0.000000 	 Time:5.00 Seconds
Solution: 1 26 48 33 20 18 38 37 44 47 4 15 23 11 24 7 9 41 25 21 27 13 28 32 8 17 14 39 43 16 2 50 22 42 35 30 46 45 34 12 6 49 5 36 29 31 40 10 3 19 

Inst_Index:4565 	 City_Num:50 	 Concorde:0.058551 	 MCTS:5.855061 Improve:0.000000 	 Time:5.00 Seconds
Solution: 1 13 40 39 49 32 17 16 31 24 33 21 4 48 42 5 12 25 46 2 20 41 38 22 10 35 15 19 50 29 37 34 44 43 36 9 14 45 3 11 27 7 26 8 30 6 47 23 18 28 

Inst_Index:4566 	 City_Num:50 	 Concorde:0.060221 	 MCTS:6.022086 Improve:0.000000 	 Time:5.00 Seconds
Solution: 1 32 17 30 22 39 42 29 24 49 18 13 5 41 48 27 16 7 8 2 37 43 3 20 12 50 36 25 23 6 38 40 9 4 31 19 47 44 34 15 10 46 26 33 11 45 21 35 14 28 

Inst_Index:4567 	 City_Num:50 	 Concorde:0.059394 	 MCTS:5.932117 Improve:0.007300 	 Time:5.00 Seconds
Solution: 1 4 40 7 11 13 9 3 29 34 38 32 15 20 35 19 37 44 39 24 21 42 8 46 12 25 6 48 33 31 18 26 43 5 49 28 45 14 50 17 22 10 30 27 41 36 47 16 2 23 

Inst_Index:4568 	 City_Num:50 	 Concorde:0.056223 	 MCTS:5.622251 Improve:0.000000 	 Time:5.00 Seconds
Solution: 1 41 14 21 47 11 2 39 9 49 8 4 3 24 35 50 28 36 27 46 34 45 23 30 5 6 44 19 22 18 29 20 42 15 37 48 10 43 32 26 12 33 40 31 16 17 13 38 25 7 

Inst_Index:4569 	 City_Num:50 	 Concorde:0.056444 	 MCTS:5.644435 Improve:0.000000 	 Time:5.00 Seconds
Solution: 1 5 9 20 19 38 4 32 16 27 25 50 34 31 49 36 39 44 43 10 37 8 40 30 41 7 23 15 47 48 46 33 17 2 35 13 29 11 18 12 24 28 22 26 14 3 42 21 45 6 

Inst_Index:4570 	 City_Num:50 	 Concorde:0.055462 	 MCTS:5.546163 Improve:-0.000000 	 Time:5.00 Seconds
Solution: 1 44 5 27 20 17 38 46 23 33 13 4 43 34 14 10 12 8 18 42 50 19 11 21 47 49 30 16 22 37 29 2 40 7 48 15 6 36 26 31 35 24 45 3 39 32 28 41 9 25 

Inst_Index:4571 	 City_Num:50 	 Concorde:0.052012 	 MCTS:5.201187 Improve:0.000000 	 Time:5.01 Seconds
Solution: 1 29 32 37 10 47 22 45 36 39 40 14 16 12 24 50 25 30 17 21 4 43 19 23 42 27 15 33 11 35 28 26 46 49 6 13 48 44 7 20 3 41 38 8 9 34 5 2 18 31 

Inst_Index:4572 	 City_Num:50 	 Concorde:0.055435 	 MCTS:5.541532 Improve:0.001926 	 Time:5.00 Seconds
Solution: 1 32 13 40 6 37 47 45 50 29 26 27 31 9 8 36 44 7 21 10 28 19 2 33 4 25 14 15 41 17 35 5 34 48 12 30 22 38 16 23 11 18 49 42 43 3 46 20 24 39 

Inst_Index:4573 	 City_Num:50 	 Concorde:0.059009 	 MCTS:5.900906 Improve:0.000000 	 Time:5.00 Seconds
Solution: 1 33 23 7 14 4 38 19 11 3 42 50 5 39 2 22 45 49 40 36 48 15 46 27 34 31 12 10 47 13 24 44 16 21 30 43 18 9 20 37 6 25 28 29 26 8 35 41 17 32 

Inst_Index:4574 	 City_Num:50 	 Concorde:0.054098 	 MCTS:5.409685 Improve:0.000106 	 Time:5.00 Seconds
Solution: 1 27 35 37 6 16 5 18 29 2 36 9 46 10 13 41 15 47 33 42 31 49 3 50 11 39 20 8 38 22 24 14 43 12 28 44 25 7 48 21 19 34 30 17 45 23 32 26 40 4 

Inst_Index:4575 	 City_Num:50 	 Concorde:0.057918 	 MCTS:5.791788 Improve:0.000000 	 Time:5.00 Seconds
Solution: 1 41 35 20 17 28 48 19 10 12 37 8 6 43 2 24 26 23 29 16 15 7 47 46 49 25 33 32 4 5 18 22 36 45 14 50 30 13 42 34 40 38 11 39 9 3 44 31 27 21 

Inst_Index:4576 	 City_Num:50 	 Concorde:0.059159 	 MCTS:5.915947 Improve:-0.000000 	 Time:5.00 Seconds
Solution: 1 10 32 33 6 18 45 14 39 24 16 28 23 21 15 4 30 34 2 20 7 41 26 42 50 47 17 35 49 9 27 44 25 38 48 11 31 43 13 37 29 40 12 3 5 36 8 19 22 46 

Inst_Index:4577 	 City_Num:50 	 Concorde:0.055279 	 MCTS:5.523861 Improve:0.004047 	 Time:5.00 Seconds
Solution: 1 45 16 20 30 9 15 17 49 27 14 29 4 40 37 26 28 7 42 19 18 33 41 2 3 50 25 47 22 11 23 10 31 43 36 48 38 44 13 39 34 24 5 12 46 6 32 21 35 8 

Inst_Index:4578 	 City_Num:50 	 Concorde:0.052445 	 MCTS:5.244521 Improve:-0.000000 	 Time:5.00 Seconds
Solution: 1 49 7 31 50 17 24 10 11 29 12 37 6 45 9 47 34 8 21 33 30 23 15 20 38 18 22 41 42 19 16 46 26 36 40 14 25 5 35 39 4 44 32 2 13 28 3 48 43 27 

Inst_Index:4579 	 City_Num:50 	 Concorde:0.058140 	 MCTS:5.813993 Improve:0.000000 	 Time:5.01 Seconds
Solution: 1 17 36 20 6 27 41 32 24 42 14 49 47 46 30 9 16 38 39 44 29 8 34 5 12 19 45 40 13 11 43 35 31 2 28 22 15 4 21 33 50 48 23 3 18 37 10 26 25 7 

Inst_Index:4580 	 City_Num:50 	 Concorde:0.056841 	 MCTS:5.684107 Improve:-0.000000 	 Time:5.00 Seconds
Solution: 1 15 4 3 11 28 49 23 12 45 9 33 25 22 27 7 47 10 48 37 41 5 18 31 30 8 40 50 26 6 43 42 19 14 21 29 16 35 46 2 20 32 44 24 38 17 13 34 36 39 

Inst_Index:4581 	 City_Num:50 	 Concorde:0.058629 	 MCTS:5.862929 Improve:0.000000 	 Time:5.00 Seconds
Solution: 1 2 31 19 14 34 48 30 16 32 26 11 36 45 24 25 39 22 37 29 12 23 15 18 35 20 9 13 50 40 49 8 44 28 21 4 3 43 38 33 47 41 5 46 7 10 27 17 42 6 

Inst_Index:4582 	 City_Num:50 	 Concorde:0.057075 	 MCTS:5.707499 Improve:0.000000 	 Time:5.00 Seconds
Solution: 1 29 8 26 33 2 31 9 28 16 24 50 35 5 49 42 20 15 13 37 7 12 38 47 25 41 19 4 44 11 45 14 22 6 48 32 18 36 10 17 23 40 30 27 34 43 21 3 46 39 

Inst_Index:4583 	 City_Num:50 	 Concorde:0.058129 	 MCTS:5.812898 Improve:0.000000 	 Time:5.00 Seconds
Solution: 1 9 18 50 11 27 13 43 36 25 30 2 7 6 10 22 26 46 23 38 40 33 5 4 15 35 48 19 42 28 32 44 37 45 20 12 29 14 41 24 8 3 16 49 47 21 34 17 39 31 

Inst_Index:4584 	 City_Num:50 	 Concorde:0.050979 	 MCTS:5.097869 Improve:0.000000 	 Time:5.00 Seconds
Solution: 1 18 50 29 48 5 7 4 38 37 31 47 26 23 39 21 14 3 24 6 35 13 27 42 9 2 44 45 12 43 33 49 36 15 30 32 34 28 40 19 25 41 20 22 11 16 10 46 17 8 

Inst_Index:4585 	 City_Num:50 	 Concorde:0.057318 	 MCTS:5.731779 Improve:0.000000 	 Time:5.00 Seconds
Solution: 1 20 16 31 15 19 45 23 46 30 5 37 27 24 50 42 43 2 32 39 12 34 4 29 33 21 36 10 8 7 40 13 11 41 9 35 22 17 49 44 18 25 14 6 48 38 26 47 3 28 

Inst_Index:4586 	 City_Num:50 	 Concorde:0.060402 	 MCTS:6.040162 Improve:0.000000 	 Time:5.00 Seconds
Solution: 1 3 28 41 40 17 46 34 45 24 18 32 13 4 31 23 27 10 47 21 49 44 11 25 22 15 16 2 48 30 50 20 35 6 39 8 26 29 36 9 14 12 38 37 19 42 7 33 43 5 

Inst_Index:4587 	 City_Num:50 	 Concorde:0.056813 	 MCTS:5.675789 Improve:0.005551 	 Time:5.00 Seconds
Solution: 1 7 24 22 6 16 8 23 46 34 25 13 31 27 15 3 19 42 43 37 45 9 26 10 39 11 32 48 49 33 29 40 12 41 2 5 4 20 47 36 14 50 17 18 44 35 38 21 30 28 

Inst_Index:4588 	 City_Num:50 	 Concorde:0.057538 	 MCTS:5.753822 Improve:0.000000 	 Time:5.00 Seconds
Solution: 1 10 31 34 5 46 11 28 33 22 9 44 40 50 45 6 39 25 32 3 14 29 23 36 42 48 38 19 41 47 18 21 35 43 30 8 17 37 7 15 20 13 26 27 24 2 4 49 16 12 

Inst_Index:4589 	 City_Num:50 	 Concorde:0.056211 	 MCTS:5.621067 Improve:0.000000 	 Time:5.00 Seconds
Solution: 1 7 2 27 37 4 16 45 44 39 41 32 3 49 19 22 6 31 8 34 12 38 43 10 21 24 15 30 18 33 40 13 48 26 5 36 25 17 23 46 28 35 20 14 47 11 9 50 29 42 

Inst_Index:4590 	 City_Num:50 	 Concorde:0.057100 	 MCTS:5.710015 Improve:-0.000000 	 Time:5.00 Seconds
Solution: 1 18 49 48 21 31 15 17 16 24 13 25 3 42 4 28 45 39 14 20 46 35 12 26 5 6 32 23 10 22 27 19 11 33 47 43 8 2 44 36 41 30 7 34 29 40 50 37 38 9 

Inst_Index:4591 	 City_Num:50 	 Concorde:0.053911 	 MCTS:5.391079 Improve:-0.000000 	 Time:5.00 Seconds
Solution: 1 18 36 33 7 22 14 28 24 29 44 16 15 42 10 34 2 3 25 13 48 32 20 12 30 17 46 27 6 9 50 39 38 31 26 43 47 8 41 35 37 40 23 19 5 11 4 21 45 49 

Inst_Index:4592 	 City_Num:50 	 Concorde:0.054384 	 MCTS:5.438388 Improve:-0.000000 	 Time:5.00 Seconds
Solution: 1 35 11 16 47 5 31 39 24 46 2 13 17 34 19 15 20 7 25 30 18 12 45 23 10 3 21 14 28 43 36 26 4 37 50 48 33 8 44 40 49 32 29 38 41 9 42 27 6 22 

Inst_Index:4593 	 City_Num:50 	 Concorde:0.056283 	 MCTS:5.627880 Improve:0.000459 	 Time:5.00 Seconds
Solution: 1 32 7 50 5 21 27 38 42 20 30 15 8 28 4 49 3 14 9 16 31 24 35 48 41 23 34 11 25 45 33 10 12 22 29 6 39 19 37 13 26 17 18 40 44 36 43 2 47 46 

Inst_Index:4594 	 City_Num:50 	 Concorde:0.058758 	 MCTS:5.875849 Improve:0.000000 	 Time:5.00 Seconds
Solution: 1 5 24 41 34 25 48 32 30 42 23 49 7 13 26 27 36 4 18 29 20 16 15 38 9 21 3 33 11 37 46 10 45 44 19 28 17 43 6 39 12 40 2 50 31 22 35 14 47 8 

Inst_Index:4595 	 City_Num:50 	 Concorde:0.056467 	 MCTS:5.646685 Improve:-0.000000 	 Time:5.00 Seconds
Solution: 1 29 41 30 3 31 11 44 43 19 33 6 5 35 2 50 42 49 28 25 26 38 10 46 18 34 40 8 14 24 20 22 45 36 15 16 48 12 47 23 39 4 7 9 13 27 21 32 17 37 

Inst_Index:4596 	 City_Num:50 	 Concorde:0.054765 	 MCTS:5.471948 Improve:0.004594 	 Time:5.00 Seconds
Solution: 1 12 42 39 21 19 3 44 36 49 27 37 28 24 33 23 25 35 8 9 20 15 6 45 43 30 46 50 11 32 26 7 40 31 4 34 2 17 10 5 14 22 16 48 47 18 41 29 13 38 

Inst_Index:4597 	 City_Num:50 	 Concorde:0.058002 	 MCTS:5.800212 Improve:0.000000 	 Time:5.00 Seconds
Solution: 1 7 27 8 10 9 20 24 45 46 33 3 37 41 36 25 39 34 17 12 38 48 13 40 28 11 2 16 29 49 42 4 31 6 18 47 50 22 44 19 5 43 15 35 21 23 30 14 32 26 

Inst_Index:4598 	 City_Num:50 	 Concorde:0.054173 	 MCTS:5.417326 Improve:-0.000000 	 Time:5.00 Seconds
Solution: 1 33 21 7 12 4 22 10 20 35 16 31 30 44 17 38 43 3 15 34 24 50 14 42 5 2 48 18 40 32 29 8 37 47 25 27 19 46 39 45 9 36 49 28 41 23 6 26 11 13 

Inst_Index:4599 	 City_Num:50 	 Concorde:0.056851 	 MCTS:5.685091 Improve:0.000000 	 Time:5.00 Seconds
Solution: 1 26 45 24 21 5 13 32 46 9 20 27 19 22 38 31 41 17 10 42 30 36 23 6 33 28 50 4 25 11 16 43 12 2 44 18 48 29 34 14 47 37 49 35 8 7 15 40 3 39 

Inst_Index:4600 	 City_Num:50 	 Concorde:0.056906 	 MCTS:5.690609 Improve:0.000000 	 Time:5.00 Seconds
Solution: 1 41 8 7 10 25 21 22 32 2 15 20 19 33 34 27 16 46 38 12 48 36 9 40 30 17 49 50 3 13 11 39 43 29 44 28 18 4 23 6 37 26 45 5 14 42 35 47 24 31 

Inst_Index:4601 	 City_Num:50 	 Concorde:0.055342 	 MCTS:5.534209 Improve:0.000000 	 Time:5.00 Seconds
Solution: 1 22 44 34 14 11 6 42 5 4 25 2 30 26 32 23 18 27 38 24 20 39 3 29 17 43 37 45 10 9 47 15 40 19 31 49 48 12 46 28 21 35 33 16 50 13 41 7 36 8 

Inst_Index:4602 	 City_Num:50 	 Concorde:0.055618 	 MCTS:5.561433 Improve:0.000324 	 Time:5.00 Seconds
Solution: 1 50 31 28 46 20 33 2 16 24 14 7 43 47 48 10 37 21 34 30 6 5 11 17 19 23 41 15 26 32 18 40 35 29 42 3 36 44 27 45 12 8 49 13 4 39 9 22 38 25 

Inst_Index:4603 	 City_Num:50 	 Concorde:0.053085 	 MCTS:5.308484 Improve:0.000000 	 Time:5.00 Seconds
Solution: 1 37 45 50 30 32 36 35 15 19 13 23 46 38 29 5 27 12 49 40 39 47 14 43 18 25 6 31 16 11 3 33 21 28 8 48 26 17 9 2 22 20 24 42 10 44 7 34 4 41 

Inst_Index:4604 	 City_Num:50 	 Concorde:0.059772 	 MCTS:5.977229 Improve:0.000000 	 Time:5.00 Seconds
Solution: 1 19 7 39 34 31 24 4 10 30 12 27 18 3 29 33 37 38 49 22 36 40 14 17 42 21 32 8 28 5 20 48 16 41 43 13 15 9 35 44 50 46 45 23 11 2 47 26 6 25 

Inst_Index:4605 	 City_Num:50 	 Concorde:0.055747 	 MCTS:5.574672 Improve:-0.000000 	 Time:5.00 Seconds
Solution: 1 5 10 32 19 25 35 22 29 46 9 30 27 36 24 23 20 38 13 7 37 31 12 11 40 42 2 4 21 8 3 6 33 18 26 39 47 48 49 45 17 28 16 14 34 50 44 41 15 43 

Inst_Index:4606 	 City_Num:50 	 Concorde:0.055598 	 MCTS:5.556557 Improve:0.003284 	 Time:5.01 Seconds
Solution: 1 40 16 48 37 15 29 34 27 42 25 12 43 11 30 19 8 45 23 44 38 26 13 4 41 10 3 7 31 28 9 46 5 24 20 35 32 49 22 47 6 14 39 17 21 18 2 50 36 33 

Inst_Index:4607 	 City_Num:50 	 Concorde:0.053972 	 MCTS:5.397161 Improve:-0.000000 	 Time:5.00 Seconds
Solution: 1 2 15 18 9 25 12 44 34 6 7 41 29 13 31 32 48 38 42 26 24 47 49 20 14 37 35 23 27 46 40 5 50 28 43 45 8 39 21 11 33 17 3 22 19 10 4 36 30 16 

Inst_Index:4608 	 City_Num:50 	 Concorde:0.059011 	 MCTS:5.901066 Improve:0.000000 	 Time:5.00 Seconds
Solution: 1 34 3 50 42 11 5 15 44 41 25 39 22 23 12 35 30 13 47 33 19 31 7 14 40 17 45 6 10 9 43 46 36 8 48 21 2 27 38 49 18 4 26 28 24 37 20 29 32 16 

Inst_Index:4609 	 City_Num:50 	 Concorde:0.058265 	 MCTS:5.826535 Improve:0.000000 	 Time:5.00 Seconds
Solution: 1 38 30 8 49 10 27 4 7 48 11 3 50 16 25 35 13 9 42 24 20 37 40 19 43 23 6 21 15 47 31 41 26 14 34 22 18 46 45 12 29 2 32 17 33 44 36 5 28 39 

Inst_Index:4610 	 City_Num:50 	 Concorde:0.056021 	 MCTS:5.602085 Improve:0.000000 	 Time:5.00 Seconds
Solution: 1 25 12 35 40 43 24 11 23 17 5 38 31 6 14 34 22 10 49 26 16 44 29 4 2 20 15 30 47 50 8 21 46 37 42 13 36 3 32 45 7 41 48 33 39 18 28 19 27 9 

Inst_Index:4611 	 City_Num:50 	 Concorde:0.058494 	 MCTS:5.849358 Improve:-0.000000 	 Time:5.00 Seconds
Solution: 1 37 29 26 13 22 47 18 39 35 25 43 40 32 20 6 3 36 10 5 44 46 42 27 16 21 19 11 48 45 17 38 30 33 15 4 49 28 34 12 7 9 31 41 8 50 23 2 14 24 

Inst_Index:4612 	 City_Num:50 	 Concorde:0.054661 	 MCTS:5.466055 Improve:-0.000000 	 Time:5.00 Seconds
Solution: 1 31 36 23 44 22 11 34 21 38 29 50 49 6 17 42 7 28 19 47 4 33 20 43 35 48 27 18 5 16 8 30 10 39 12 41 14 37 32 26 13 15 46 9 25 3 45 24 2 40 

Inst_Index:4613 	 City_Num:50 	 Concorde:0.057083 	 MCTS:5.724199 Improve:-0.015930 	 Time:5.00 Seconds
Solution: 1 48 35 32 18 40 37 10 8 9 38 36 23 15 46 49 28 29 44 25 27 5 34 12 42 24 45 7 2 31 21 14 19 3 26 16 47 33 39 50 43 41 4 20 11 17 6 22 13 30 

Inst_Index:4614 	 City_Num:50 	 Concorde:0.059863 	 MCTS:5.986304 Improve:-0.000000 	 Time:5.00 Seconds
Solution: 1 32 12 29 34 41 48 36 50 17 25 15 4 23 35 7 39 38 19 5 49 44 28 47 43 45 27 30 21 26 33 37 6 11 24 18 16 42 46 20 9 2 31 3 40 8 13 10 14 22 

Inst_Index:4615 	 City_Num:50 	 Concorde:0.054276 	 MCTS:5.427601 Improve:-0.000000 	 Time:5.00 Seconds
Solution: 1 15 3 40 37 22 46 25 16 20 48 21 32 28 7 8 6 10 36 24 41 34 4 11 13 33 5 39 31 17 2 19 26 44 35 49 14 18 30 23 29 42 38 43 9 47 12 45 50 27 

Inst_Index:4616 	 City_Num:50 	 Concorde:0.058756 	 MCTS:5.875642 Improve:-0.000000 	 Time:5.00 Seconds
Solution: 1 13 30 23 45 50 44 8 3 12 11 14 17 31 35 4 20 48 7 33 22 2 15 5 46 9 47 34 19 26 6 10 18 21 16 37 25 40 24 28 29 49 32 41 27 39 38 36 42 43 

Inst_Index:4617 	 City_Num:50 	 Concorde:0.058792 	 MCTS:5.879186 Improve:0.000000 	 Time:5.00 Seconds
Solution: 1 4 5 30 20 25 11 40 14 26 47 24 23 35 15 21 27 7 36 33 49 17 48 13 10 39 43 3 12 45 31 28 6 38 8 19 9 42 46 41 34 37 18 22 44 32 29 16 2 50 

Inst_Index:4618 	 City_Num:50 	 Concorde:0.057374 	 MCTS:5.737416 Improve:-0.000000 	 Time:5.01 Seconds
Solution: 1 24 31 38 6 5 37 9 12 3 47 21 50 15 39 32 23 22 48 13 42 35 4 46 7 28 33 18 36 26 30 40 16 34 49 43 25 17 45 2 10 14 27 29 20 19 41 44 8 11 

Inst_Index:4619 	 City_Num:50 	 Concorde:0.057953 	 MCTS:5.795327 Improve:-0.000000 	 Time:5.00 Seconds
Solution: 1 23 15 8 19 49 20 18 35 5 17 26 30 22 4 16 40 14 12 31 21 27 3 13 28 33 36 2 41 47 43 7 6 25 38 42 46 45 9 50 39 32 44 24 29 34 10 48 11 37 

Inst_Index:4620 	 City_Num:50 	 Concorde:0.057950 	 MCTS:5.795044 Improve:0.000000 	 Time:5.00 Seconds
Solution: 1 15 8 50 48 21 31 24 43 16 37 39 20 9 44 29 11 2 4 25 41 35 6 32 36 17 33 47 5 28 10 7 23 46 40 19 13 22 12 45 26 38 14 49 30 3 27 18 42 34 

Inst_Index:4621 	 City_Num:50 	 Concorde:0.055525 	 MCTS:5.551706 Improve:0.000820 	 Time:5.00 Seconds
Solution: 1 12 46 22 36 44 49 13 26 38 4 19 15 3 39 33 8 5 40 7 21 24 29 32 2 6 17 48 50 23 47 30 10 28 9 14 11 45 25 16 42 35 37 34 18 31 41 20 43 27 

Inst_Index:4622 	 City_Num:50 	 Concorde:0.053927 	 MCTS:5.389014 Improve:0.003643 	 Time:5.00 Seconds
Solution: 1 33 12 36 29 27 42 30 24 8 43 20 15 4 45 10 5 47 41 46 13 18 37 25 21 28 31 7 40 17 50 35 9 2 39 6 23 22 14 19 16 44 32 11 49 48 3 26 38 34 

Inst_Index:4623 	 City_Num:50 	 Concorde:0.056755 	 MCTS:5.675455 Improve:0.000000 	 Time:5.00 Seconds
Solution: 1 40 4 30 2 12 49 35 10 48 25 39 11 32 31 36 43 46 44 26 29 22 9 14 47 45 42 24 19 27 50 28 5 34 33 23 38 37 20 8 6 16 13 7 15 17 21 41 3 18 

Inst_Index:4624 	 City_Num:50 	 Concorde:0.056214 	 MCTS:5.615746 Improve:0.005685 	 Time:5.00 Seconds
Solution: 1 20 21 30 33 36 37 26 42 17 28 27 46 47 38 35 48 11 41 25 8 5 39 50 19 14 24 12 6 7 23 31 9 10 3 32 49 2 29 4 40 44 13 18 45 16 34 22 15 43 

Inst_Index:4625 	 City_Num:50 	 Concorde:0.055147 	 MCTS:5.514708 Improve:-0.000000 	 Time:5.00 Seconds
Solution: 1 29 38 21 20 27 10 19 24 7 37 15 31 45 6 25 9 14 13 23 16 26 12 3 4 36 8 44 47 11 40 32 30 42 43 49 28 35 41 34 48 2 17 33 5 18 50 39 46 22 

Inst_Index:4626 	 City_Num:50 	 Concorde:0.057053 	 MCTS:5.705266 Improve:0.000000 	 Time:5.00 Seconds
Solution: 1 35 3 12 42 36 44 2 47 13 27 6 30 20 49 21 8 28 18 31 41 48 37 17 14 32 23 5 7 33 9 39 4 24 29 46 40 26 50 25 10 22 34 43 15 38 16 11 45 19 

Inst_Index:4627 	 City_Num:50 	 Concorde:0.055932 	 MCTS:5.591050 Improve:0.002174 	 Time:5.00 Seconds
Solution: 1 30 38 23 46 33 10 2 43 44 11 36 4 6 25 9 31 35 20 37 19 14 40 28 29 42 3 22 39 21 16 13 18 50 41 45 47 24 48 17 49 26 7 27 15 12 32 8 5 34 

Inst_Index:4628 	 City_Num:50 	 Concorde:0.059147 	 MCTS:5.914413 Improve:0.000296 	 Time:5.01 Seconds
Solution: 1 5 32 41 47 40 37 38 15 2 43 33 30 24 46 45 22 23 11 42 21 12 3 35 4 16 19 49 8 6 17 20 27 48 36 25 13 7 26 34 9 10 39 29 31 28 14 44 18 50 

Inst_Index:4629 	 City_Num:50 	 Concorde:0.058573 	 MCTS:5.857345 Improve:0.000000 	 Time:5.00 Seconds
Solution: 1 12 10 2 14 40 13 6 8 32 18 5 25 50 37 26 23 46 30 17 7 20 45 27 4 29 28 43 11 35 22 39 44 16 34 38 36 47 24 9 42 41 15 3 21 49 31 48 19 33 

Inst_Index:4630 	 City_Num:50 	 Concorde:0.062712 	 MCTS:6.271212 Improve:-0.000000 	 Time:5.00 Seconds
Solution: 1 5 6 49 36 16 23 48 14 4 45 20 37 32 46 22 27 34 15 41 31 30 42 40 13 7 28 26 35 12 50 43 21 17 47 2 10 38 39 18 9 3 25 8 11 24 19 44 29 33 

Inst_Index:4631 	 City_Num:50 	 Concorde:0.055342 	 MCTS:5.532872 Improve:0.001289 	 Time:5.00 Seconds
Solution: 1 22 28 8 32 33 17 23 34 35 43 15 18 31 40 4 36 48 14 12 26 20 19 29 6 11 5 13 21 27 30 37 42 2 9 45 44 39 24 10 3 7 38 16 25 41 46 47 50 49 

Inst_Index:4632 	 City_Num:50 	 Concorde:0.057710 	 MCTS:5.770982 Improve:0.000000 	 Time:5.00 Seconds
Solution: 1 4 36 29 8 21 2 30 46 6 47 13 39 19 7 44 50 5 32 27 11 24 31 9 33 23 22 45 3 38 34 35 26 25 12 42 43 40 41 15 14 10 48 37 17 28 16 49 18 20 

Inst_Index:4633 	 City_Num:50 	 Concorde:0.051314 	 MCTS:5.131440 Improve:0.000000 	 Time:5.00 Seconds
Solution: 1 42 31 50 13 44 33 17 32 12 14 24 19 21 41 43 30 8 28 2 11 39 48 36 6 49 45 22 29 26 38 3 20 37 10 7 27 9 35 34 4 16 5 47 18 46 25 23 15 40 

Inst_Index:4634 	 City_Num:50 	 Concorde:0.060345 	 MCTS:6.032675 Improve:0.001831 	 Time:5.00 Seconds
Solution: 1 27 15 23 36 43 9 32 7 38 21 20 17 47 33 22 28 37 12 29 19 40 48 42 26 49 34 4 6 3 14 25 31 18 46 11 30 10 8 13 2 35 24 16 50 5 39 41 45 44 

Inst_Index:4635 	 City_Num:50 	 Concorde:0.059963 	 MCTS:5.996329 Improve:0.000000 	 Time:5.00 Seconds
Solution: 1 33 3 40 42 14 16 32 21 22 7 37 4 18 6 46 45 20 28 43 41 50 11 31 44 19 30 5 34 39 25 36 12 38 29 27 13 26 17 23 49 47 24 48 15 9 10 2 35 8 

Inst_Index:4636 	 City_Num:50 	 Concorde:0.055587 	 MCTS:5.558679 Improve:0.000000 	 Time:5.00 Seconds
Solution: 1 14 44 17 11 46 22 13 21 27 34 39 41 49 6 7 10 19 25 28 20 8 40 5 23 38 47 48 16 33 35 9 32 4 29 12 31 26 36 50 3 45 43 2 30 42 15 18 24 37 

Inst_Index:4637 	 City_Num:50 	 Concorde:0.056034 	 MCTS:5.603378 Improve:-0.000000 	 Time:5.00 Seconds
Solution: 1 39 29 34 40 43 3 30 5 24 47 9 18 37 23 38 10 15 42 8 31 36 22 4 41 44 2 50 19 26 32 49 21 17 46 25 14 28 48 11 6 13 12 16 45 7 35 27 33 20 

Inst_Index:4638 	 City_Num:50 	 Concorde:0.058136 	 MCTS:5.813611 Improve:0.000000 	 Time:5.00 Seconds
Solution: 1 42 44 11 13 35 32 31 41 37 23 29 25 45 28 19 12 14 16 46 27 8 17 39 26 38 50 33 15 47 30 6 21 4 18 49 43 2 24 7 3 48 40 10 36 20 5 22 9 34 

Inst_Index:4639 	 City_Num:50 	 Concorde:0.059427 	 MCTS:5.940600 Improve:0.002088 	 Time:5.00 Seconds
Solution: 1 39 34 14 4 38 27 15 13 24 3 7 2 42 11 26 36 32 43 23 44 21 47 8 30 31 25 18 35 6 40 17 20 49 9 48 16 19 50 10 45 29 12 22 41 33 28 46 5 37 

Inst_Index:4640 	 City_Num:50 	 Concorde:0.058358 	 MCTS:5.835804 Improve:-0.000000 	 Time:5.00 Seconds
Solution: 1 35 23 27 30 31 17 42 49 40 7 50 39 24 33 8 47 28 2 25 48 6 44 9 43 41 37 15 3 11 16 18 45 29 26 32 21 13 36 22 12 14 38 46 4 5 19 20 34 10 

Inst_Index:4641 	 City_Num:50 	 Concorde:0.062179 	 MCTS:6.217949 Improve:0.000000 	 Time:5.00 Seconds
Solution: 1 48 15 44 46 45 18 22 6 20 16 4 33 25 5 35 24 7 13 37 31 50 2 42 12 30 34 26 29 32 17 14 19 21 9 36 27 39 43 40 10 3 38 11 41 23 8 47 49 28 

Inst_Index:4642 	 City_Num:50 	 Concorde:0.055180 	 MCTS:5.518026 Improve:0.000000 	 Time:5.00 Seconds
Solution: 1 23 15 37 31 2 5 35 13 50 34 29 17 36 45 42 14 26 46 3 25 32 8 10 11 40 44 30 6 9 49 7 24 21 16 4 41 19 28 38 22 48 27 12 33 20 47 39 18 43 

Inst_Index:4643 	 City_Num:50 	 Concorde:0.057255 	 MCTS:5.720699 Improve:0.004790 	 Time:5.00 Seconds
Solution: 1 25 41 36 23 32 6 19 12 28 5 21 50 37 18 26 14 22 4 42 34 10 35 44 47 24 20 29 43 8 3 13 9 39 2 49 38 33 48 40 16 17 45 31 11 27 15 46 30 7 

Inst_Index:4644 	 City_Num:50 	 Concorde:0.057728 	 MCTS:5.769968 Improve:0.002845 	 Time:5.00 Seconds
Solution: 1 29 19 30 13 6 32 24 26 46 28 33 8 7 44 43 37 50 38 40 18 23 47 36 35 15 12 2 21 45 3 39 27 5 25 48 11 17 16 42 22 20 31 10 14 9 49 4 41 34 

Inst_Index:4645 	 City_Num:50 	 Concorde:0.058197 	 MCTS:5.819652 Improve:0.000000 	 Time:5.01 Seconds
Solution: 1 50 31 17 43 18 8 11 46 42 20 3 45 30 10 5 34 28 40 9 13 35 16 39 14 44 25 49 7 24 33 48 38 26 2 22 15 47 12 21 19 37 4 27 6 23 36 32 41 29 

Inst_Index:4646 	 City_Num:50 	 Concorde:0.059675 	 MCTS:5.967518 Improve:0.000000 	 Time:5.01 Seconds
Solution: 1 17 19 46 10 48 22 16 30 11 15 38 21 32 7 34 35 23 47 8 27 33 2 13 29 25 24 31 40 26 50 45 41 43 36 6 14 39 9 12 18 28 3 49 42 5 37 4 20 44 

Inst_Index:4647 	 City_Num:50 	 Concorde:0.058690 	 MCTS:5.868990 Improve:0.000000 	 Time:5.00 Seconds
Solution: 1 7 26 27 4 10 40 20 9 3 21 12 33 46 6 19 24 18 38 35 45 2 23 31 14 41 34 49 44 50 13 48 8 42 32 28 43 36 11 39 5 25 30 16 29 17 47 15 22 37 

Inst_Index:4648 	 City_Num:50 	 Concorde:0.052971 	 MCTS:5.296495 Improve:0.000563 	 Time:5.00 Seconds
Solution: 1 17 15 14 20 48 30 7 16 34 35 6 12 38 13 24 41 46 2 37 43 33 22 5 29 45 23 42 40 32 19 10 4 49 47 3 8 18 26 9 36 28 31 44 50 39 27 25 21 11 

Inst_Index:4649 	 City_Num:50 	 Concorde:0.053732 	 MCTS:5.373243 Improve:0.000000 	 Time:5.00 Seconds
Solution: 1 9 5 48 40 3 33 12 6 38 14 46 44 10 50 20 45 22 16 31 47 29 26 32 19 35 42 30 7 25 27 34 37 41 11 13 2 28 23 43 24 15 17 36 8 4 39 49 18 21 

Inst_Index:4650 	 City_Num:50 	 Concorde:0.054624 	 MCTS:5.456954 Improve:0.005458 	 Time:5.01 Seconds
Solution: 1 27 36 9 16 44 13 50 10 38 26 12 41 23 40 34 8 3 32 22 5 48 24 45 37 39 33 42 2 29 30 14 4 19 35 28 47 43 18 17 46 49 25 15 7 11 20 31 21 6 

Inst_Index:4651 	 City_Num:50 	 Concorde:0.056659 	 MCTS:5.665931 Improve:0.000000 	 Time:5.00 Seconds
Solution: 1 6 17 38 43 25 10 21 32 26 28 50 5 37 48 33 46 4 8 24 2 23 19 13 15 27 30 29 11 20 34 49 36 3 18 14 41 44 16 31 45 9 35 12 7 42 40 47 22 39 

Inst_Index:4652 	 City_Num:50 	 Concorde:0.055322 	 MCTS:5.532242 Improve:0.000000 	 Time:5.01 Seconds
Solution: 1 38 25 49 23 22 13 4 16 6 41 30 14 43 40 5 47 39 35 21 50 48 46 19 20 24 15 3 12 11 27 37 29 36 9 45 44 17 28 32 42 34 26 18 33 7 2 10 8 31 

Inst_Index:4653 	 City_Num:50 	 Concorde:0.055986 	 MCTS:5.598574 Improve:-0.000000 	 Time:5.00 Seconds
Solution: 1 9 48 20 6 7 15 16 22 41 2 17 5 44 43 28 11 40 38 8 36 47 19 34 45 4 50 35 49 23 37 18 42 25 10 32 21 26 13 46 27 29 33 14 39 30 3 12 31 24 

Inst_Index:4654 	 City_Num:50 	 Concorde:0.054329 	 MCTS:5.432871 Improve:-0.000000 	 Time:5.01 Seconds
Solution: 1 46 19 50 9 17 49 30 7 8 10 36 12 26 38 11 3 43 20 27 25 42 45 35 39 15 44 2 47 14 48 16 24 22 6 41 32 21 31 34 37 4 33 23 18 40 13 28 29 5 

Inst_Index:4655 	 City_Num:50 	 Concorde:0.056909 	 MCTS:5.690916 Improve:-0.000000 	 Time:5.01 Seconds
Solution: 1 26 41 27 2 16 37 23 45 20 32 15 4 22 5 10 29 39 24 48 14 9 42 44 21 3 34 12 47 11 7 25 49 13 8 40 36 31 35 17 18 19 43 28 38 46 50 30 6 33 

Inst_Index:4656 	 City_Num:50 	 Concorde:0.056258 	 MCTS:5.624016 Improve:0.001751 	 Time:5.00 Seconds
Solution: 1 48 10 3 46 41 45 2 38 35 7 13 42 44 12 31 9 30 27 22 49 11 18 32 19 21 25 6 4 5 28 47 14 36 24 34 23 39 17 26 37 43 50 33 8 29 16 40 15 20 

Inst_Index:4657 	 City_Num:50 	 Concorde:0.060254 	 MCTS:6.024811 Improve:0.000549 	 Time:5.00 Seconds
Solution: 1 50 5 31 43 45 26 11 17 49 7 2 28 21 40 47 12 18 35 4 34 9 36 39 16 13 41 24 14 15 23 29 42 8 46 3 19 37 48 6 25 44 33 38 30 27 10 32 22 20 

Inst_Index:4658 	 City_Num:50 	 Concorde:0.059583 	 MCTS:5.958257 Improve:0.000000 	 Time:5.00 Seconds
Solution: 1 41 45 40 35 30 23 13 11 17 19 18 20 3 42 43 32 10 6 4 5 47 16 22 38 44 29 26 28 15 50 21 8 7 2 48 37 25 31 12 34 33 24 46 9 49 36 27 39 14 

Inst_Index:4659 	 City_Num:50 	 Concorde:0.056874 	 MCTS:5.687369 Improve:0.000000 	 Time:5.00 Seconds
Solution: 1 21 27 36 26 49 33 45 5 47 29 35 46 44 42 39 18 48 15 4 8 41 28 40 23 31 7 32 14 12 11 25 9 2 22 37 6 3 19 50 17 30 20 24 38 16 43 13 34 10 

Inst_Index:4660 	 City_Num:50 	 Concorde:0.062570 	 MCTS:6.256954 Improve:0.000000 	 Time:5.01 Seconds
Solution: 1 14 45 15 37 30 6 20 39 48 44 24 19 25 32 18 9 10 38 16 29 28 47 34 11 50 46 27 36 13 40 7 31 43 42 4 8 22 49 26 17 12 5 3 23 2 41 35 33 21 

Inst_Index:4661 	 City_Num:50 	 Concorde:0.055462 	 MCTS:5.538797 Improve:0.007423 	 Time:5.00 Seconds
Solution: 1 39 24 14 32 45 22 47 15 23 35 40 2 3 29 18 27 8 41 20 11 21 46 17 33 36 7 48 34 6 5 31 9 12 25 38 50 16 44 19 37 28 26 43 10 4 30 42 13 49 

Inst_Index:4662 	 City_Num:50 	 Concorde:0.060864 	 MCTS:6.084616 Improve:0.001808 	 Time:5.00 Seconds
Solution: 1 7 14 22 43 18 39 13 8 40 30 4 28 17 45 27 26 25 37 15 6 9 23 2 41 24 5 3 48 16 29 46 42 10 49 19 50 38 34 11 33 36 12 47 35 21 31 32 20 44 

Inst_Index:4663 	 City_Num:50 	 Concorde:0.056528 	 MCTS:5.652751 Improve:-0.000000 	 Time:5.00 Seconds
Solution: 1 18 17 45 23 8 47 21 42 7 30 36 16 48 40 24 3 31 20 2 46 6 26 12 50 43 13 41 34 35 39 11 19 49 10 33 9 4 15 28 25 38 14 22 32 37 27 5 29 44 

Inst_Index:4664 	 City_Num:50 	 Concorde:0.059908 	 MCTS:5.990772 Improve:0.000000 	 Time:5.01 Seconds
Solution: 1 23 4 34 18 45 49 37 41 46 25 19 22 48 8 42 32 21 35 29 2 30 12 5 24 39 16 43 3 26 7 10 47 20 36 9 44 13 50 28 14 33 38 27 6 40 15 11 17 31 

Inst_Index:4665 	 City_Num:50 	 Concorde:0.060070 	 MCTS:6.006341 Improve:0.000624 	 Time:5.00 Seconds
Solution: 1 29 10 14 17 21 3 50 28 12 37 7 47 34 39 45 20 43 11 30 6 2 38 8 4 25 36 9 19 5 46 27 23 15 40 33 13 41 48 44 18 42 49 24 16 31 22 26 35 32 

Inst_Index:4666 	 City_Num:50 	 Concorde:0.057715 	 MCTS:5.767398 Improve:0.004074 	 Time:5.00 Seconds
Solution: 1 19 10 28 25 34 2 43 24 4 32 30 47 33 36 5 6 17 29 39 50 7 12 40 41 44 11 46 9 49 27 38 22 35 26 8 13 14 42 21 15 37 45 18 3 31 48 16 23 20 

Inst_Index:4667 	 City_Num:50 	 Concorde:0.057898 	 MCTS:5.783199 Improve:0.006592 	 Time:5.01 Seconds
Solution: 1 42 10 41 8 22 9 37 27 23 50 2 21 14 19 46 45 26 4 12 11 18 49 25 28 3 33 36 48 29 13 35 6 47 32 40 15 44 43 16 34 31 7 5 39 38 24 30 17 20 

Inst_Index:4668 	 City_Num:50 	 Concorde:0.056957 	 MCTS:5.695720 Improve:0.000000 	 Time:5.00 Seconds
Solution: 1 27 4 9 10 28 42 48 50 47 45 6 25 33 24 41 30 23 49 20 22 39 7 36 38 18 19 12 2 26 5 40 21 44 13 43 34 14 3 16 29 11 35 17 8 46 15 32 31 37 

Inst_Index:4669 	 City_Num:50 	 Concorde:0.061158 	 MCTS:6.114700 Improve:0.001076 	 Time:5.01 Seconds
Solution: 1 45 6 11 24 48 39 23 37 31 5 22 10 13 19 4 25 30 34 9 35 16 38 3 15 43 14 42 47 44 32 50 8 36 27 12 29 2 17 26 7 28 21 46 41 40 20 33 18 49 

Inst_Index:4670 	 City_Num:50 	 Concorde:0.055726 	 MCTS:5.572639 Improve:-0.000000 	 Time:5.01 Seconds
Solution: 1 47 5 23 15 49 28 12 6 9 3 14 11 17 20 45 33 32 35 21 10 43 4 24 8 37 41 46 31 22 27 48 34 42 19 50 16 26 38 30 25 36 40 7 2 44 13 29 39 18 

Inst_Index:4671 	 City_Num:50 	 Concorde:0.059477 	 MCTS:5.947672 Improve:0.000000 	 Time:5.01 Seconds
Solution: 1 37 22 33 5 15 10 19 13 7 3 32 44 42 47 46 34 17 48 50 30 24 41 4 6 28 12 9 26 43 39 16 49 2 45 21 11 20 40 29 31 36 23 14 18 25 35 8 38 27 

Inst_Index:4672 	 City_Num:50 	 Concorde:0.058849 	 MCTS:5.884946 Improve:0.000000 	 Time:5.02 Seconds
Solution: 1 40 19 14 39 13 49 34 44 25 17 24 46 15 35 29 30 7 18 37 5 21 2 42 4 3 20 12 47 26 27 10 22 28 43 33 45 11 38 32 16 6 23 50 36 48 41 9 8 31 

Inst_Index:4673 	 City_Num:50 	 Concorde:0.059049 	 MCTS:5.904896 Improve:0.000000 	 Time:5.01 Seconds
Solution: 1 20 32 36 40 35 47 10 45 8 9 41 49 29 48 30 5 17 13 26 46 15 22 38 34 7 18 16 44 28 4 43 19 12 37 23 50 42 33 25 11 14 6 39 24 27 31 21 3 2 

Inst_Index:4674 	 City_Num:50 	 Concorde:0.060050 	 MCTS:6.005040 Improve:0.000000 	 Time:5.00 Seconds
Solution: 1 6 33 12 5 32 28 46 29 42 16 44 30 9 11 49 18 37 35 2 38 36 3 8 50 14 10 41 24 17 27 19 31 23 47 40 21 7 4 39 13 34 15 22 48 45 43 25 20 26 

Inst_Index:4675 	 City_Num:50 	 Concorde:0.055972 	 MCTS:5.597208 Improve:-0.000000 	 Time:5.01 Seconds
Solution: 1 26 18 19 20 33 6 32 36 35 44 41 30 45 29 8 13 4 17 47 9 24 49 10 28 40 39 22 21 50 37 48 7 46 23 34 43 2 11 12 38 31 5 42 14 15 27 25 3 16 

Inst_Index:4676 	 City_Num:50 	 Concorde:0.057810 	 MCTS:5.775738 Improve:0.005265 	 Time:5.02 Seconds
Solution: 1 3 50 19 40 23 26 12 20 28 13 33 15 16 37 44 7 49 47 8 46 9 4 18 41 45 17 2 24 32 30 5 31 14 27 22 21 48 35 25 34 29 36 43 6 42 38 10 39 11 

Inst_Index:4677 	 City_Num:50 	 Concorde:0.060881 	 MCTS:6.088109 Improve:0.000000 	 Time:5.00 Seconds
Solution: 1 28 44 42 22 20 15 34 18 39 38 33 36 11 32 31 8 41 23 48 49 3 47 17 9 7 13 4 6 37 2 30 14 21 26 43 12 25 45 16 50 40 24 10 5 29 27 19 46 35 

Inst_Index:4678 	 City_Num:50 	 Concorde:0.060339 	 MCTS:6.033901 Improve:-0.000000 	 Time:5.00 Seconds
Solution: 1 16 12 18 5 48 31 40 4 22 25 10 41 11 30 38 37 20 36 14 44 23 47 33 17 13 21 26 27 49 6 32 29 8 2 28 42 46 34 19 9 24 50 7 15 3 35 45 43 39 

Inst_Index:4679 	 City_Num:50 	 Concorde:0.055692 	 MCTS:5.569177 Improve:0.000000 	 Time:5.01 Seconds
Solution: 1 22 18 28 21 27 48 20 30 39 26 15 41 8 11 6 16 17 46 35 32 5 14 13 40 4 33 37 12 34 38 49 7 36 3 45 10 23 9 2 47 29 31 44 43 25 50 19 24 42 

Inst_Index:4680 	 City_Num:50 	 Concorde:0.049578 	 MCTS:4.957810 Improve:0.000000 	 Time:5.01 Seconds
Solution: 1 19 50 3 27 23 11 49 32 22 8 24 47 40 45 37 14 4 41 28 5 36 6 43 26 18 9 34 44 30 13 31 17 12 46 21 2 20 48 15 38 33 7 25 29 10 16 35 39 42 

Inst_Index:4681 	 City_Num:50 	 Concorde:0.057401 	 MCTS:5.737971 Improve:0.002143 	 Time:5.01 Seconds
Solution: 1 2 38 49 27 12 14 33 46 20 22 8 4 3 47 43 41 13 16 50 44 30 31 40 28 32 34 6 21 37 17 5 19 29 26 25 7 45 9 15 24 48 11 10 36 18 23 42 35 39 

Inst_Index:4682 	 City_Num:50 	 Concorde:0.056552 	 MCTS:5.655223 Improve:0.000000 	 Time:5.01 Seconds
Solution: 1 11 32 46 19 17 38 21 41 18 37 26 47 7 34 50 13 4 40 48 8 16 23 27 6 28 14 5 12 24 10 30 39 33 22 42 44 35 2 31 36 43 25 3 49 45 29 15 9 20 

Inst_Index:4683 	 City_Num:50 	 Concorde:0.059489 	 MCTS:5.942995 Improve:0.005916 	 Time:5.00 Seconds
Solution: 1 29 31 17 14 47 36 49 35 7 4 40 39 22 12 38 5 24 48 15 8 16 28 43 26 50 3 30 37 34 46 25 27 44 21 23 11 33 32 13 20 18 9 6 45 41 19 10 2 42 

Inst_Index:4684 	 City_Num:50 	 Concorde:0.054140 	 MCTS:5.413782 Improve:0.000262 	 Time:5.00 Seconds
Solution: 1 14 13 16 37 17 6 12 44 27 28 30 32 46 31 18 39 35 3 15 21 41 38 10 45 40 4 26 8 29 19 34 23 42 36 5 47 9 2 25 43 24 48 7 33 11 49 20 22 50 

Inst_Index:4685 	 City_Num:50 	 Concorde:0.054282 	 MCTS:5.428171 Improve:0.000000 	 Time:5.00 Seconds
Solution: 1 12 36 25 23 38 26 30 5 50 2 28 4 49 8 40 13 43 37 16 31 18 14 46 34 39 15 29 9 17 11 6 33 19 44 47 22 45 32 3 27 20 42 24 35 48 21 41 7 10 

Inst_Index:4686 	 City_Num:50 	 Concorde:0.056948 	 MCTS:5.693256 Improve:0.001554 	 Time:5.01 Seconds
Solution: 1 34 35 36 37 48 45 5 30 6 27 38 18 2 4 42 29 43 7 13 23 47 16 3 20 49 25 21 10 15 22 40 19 26 46 39 41 24 32 11 9 17 28 14 44 8 50 12 31 33 

Inst_Index:4687 	 City_Num:50 	 Concorde:0.057320 	 MCTS:5.731988 Improve:0.000000 	 Time:5.00 Seconds
Solution: 1 23 26 37 18 49 30 13 35 36 31 6 43 4 44 16 12 19 15 45 14 3 29 24 47 34 50 40 17 48 28 46 2 27 38 8 39 11 22 21 25 10 41 32 5 42 20 9 7 33 

Inst_Index:4688 	 City_Num:50 	 Concorde:0.057882 	 MCTS:5.784498 Improve:0.003683 	 Time:5.00 Seconds
Solution: 1 46 36 35 34 12 25 20 40 4 37 22 28 31 43 33 21 41 26 9 45 29 23 13 32 6 50 44 17 15 5 49 24 39 8 42 18 47 16 48 27 10 7 2 30 3 38 14 19 11 

Inst_Index:4689 	 City_Num:50 	 Concorde:0.055553 	 MCTS:5.555311 Improve:0.000000 	 Time:5.00 Seconds
Solution: 1 40 4 13 18 49 23 32 12 17 34 31 37 28 25 20 44 42 24 50 27 14 21 45 41 38 47 29 2 16 3 22 7 43 33 5 15 8 11 36 48 46 39 30 6 26 9 19 35 10 

Inst_Index:4690 	 City_Num:50 	 Concorde:0.059151 	 MCTS:5.913502 Improve:0.001646 	 Time:5.00 Seconds
Solution: 1 18 35 14 26 44 3 31 19 30 49 21 22 40 6 32 50 10 43 24 8 45 33 17 28 13 37 29 39 27 47 46 38 34 16 41 9 23 11 42 20 2 7 48 15 25 12 5 36 4 

Inst_Index:4691 	 City_Num:50 	 Concorde:0.055126 	 MCTS:5.512632 Improve:-0.000000 	 Time:5.00 Seconds
Solution: 1 10 49 37 28 19 46 39 11 48 43 9 2 18 44 38 50 3 13 7 23 36 40 16 5 30 21 34 47 31 12 27 22 24 26 14 6 45 15 25 8 33 35 42 17 20 32 41 29 4 

Inst_Index:4692 	 City_Num:50 	 Concorde:0.056497 	 MCTS:5.646824 Improve:0.002837 	 Time:5.00 Seconds
Solution: 1 9 47 46 24 27 16 28 17 15 35 31 34 20 32 38 41 22 10 6 48 25 23 29 8 3 18 2 40 50 37 30 36 26 5 49 12 14 13 7 4 45 33 39 44 42 43 19 11 21 

Inst_Index:4693 	 City_Num:50 	 Concorde:0.055273 	 MCTS:5.527301 Improve:-0.000000 	 Time:5.00 Seconds
Solution: 1 25 3 38 47 31 20 7 42 46 13 29 45 27 28 34 9 41 48 33 17 36 15 39 16 24 43 12 2 8 40 18 22 21 26 50 44 4 23 30 32 6 49 37 5 19 14 10 35 11 

Inst_Index:4694 	 City_Num:50 	 Concorde:0.056703 	 MCTS:5.668966 Improve:0.001309 	 Time:5.00 Seconds
Solution: 1 16 34 43 37 44 19 8 30 40 13 41 15 50 31 49 25 3 23 7 22 10 6 20 35 42 17 36 27 21 4 32 29 18 9 14 46 26 33 38 11 45 47 2 12 39 24 48 28 5 

Inst_Index:4695 	 City_Num:50 	 Concorde:0.057750 	 MCTS:5.773904 Improve:0.001120 	 Time:5.01 Seconds
Solution: 1 30 12 34 29 48 47 15 18 31 13 2 39 41 45 9 42 5 17 37 21 36 19 10 20 40 16 22 28 27 50 6 49 44 8 7 26 35 23 3 33 32 24 25 43 38 46 14 4 11 


Avg_Concorde_Distance: 5.697693 Avg_MCTS_Distance: 5.696599 Avg_Gap: -0.000192 Total_Time: 1566.18 Seconds 
 Beat_Best_Known_Times: 107 Match_Best_Known_Times: 202 Miss_Best_Known_Times: 4 
