Number_of_Instances_In_Current_Batch: 313

Inst_Index:9391 	 City_Num:50 	 Concorde:0.057946 	 MCTS:5.794503 Improve:0.000099 	 Time:5.01 Seconds
Solution: 1 16 50 48 37 14 4 22 18 19 10 49 30 29 33 21 45 9 27 44 40 47 20 15 42 34 35 39 6 38 12 32 5 36 7 25 11 23 41 2 43 13 31 17 3 8 24 28 26 46 

Inst_Index:9392 	 City_Num:50 	 Concorde:0.053077 	 MCTS:5.307700 Improve:0.000000 	 Time:5.00 Seconds
Solution: 1 50 26 34 29 49 11 24 37 6 38 39 42 27 25 8 45 16 43 2 12 23 47 15 35 48 7 5 46 36 3 10 22 30 31 13 33 32 14 41 28 4 9 40 19 17 21 44 20 18 

Inst_Index:9393 	 City_Num:50 	 Concorde:0.056670 	 MCTS:5.666954 Improve:-0.000000 	 Time:5.01 Seconds
Solution: 1 33 13 38 49 35 3 37 42 30 48 5 28 45 14 12 2 22 23 8 41 9 27 26 46 16 19 25 24 17 11 40 21 34 10 20 43 6 50 47 29 18 44 39 7 4 15 36 31 32 

Inst_Index:9394 	 City_Num:50 	 Concorde:0.055702 	 MCTS:5.570241 Improve:0.000000 	 Time:5.00 Seconds
Solution: 1 4 32 44 8 15 41 42 43 16 31 11 23 37 3 35 29 22 24 49 28 12 47 19 10 5 9 38 36 33 18 21 17 20 7 2 50 14 30 40 25 26 27 48 13 39 46 45 34 6 

Inst_Index:9395 	 City_Num:50 	 Concorde:0.058134 	 MCTS:5.813383 Improve:0.000000 	 Time:5.00 Seconds
Solution: 1 32 7 23 18 14 34 37 46 29 8 41 36 40 42 48 17 24 45 13 27 49 4 39 15 20 25 10 30 2 43 9 50 44 28 31 47 6 22 35 26 19 5 21 11 38 16 12 33 3 

Inst_Index:9396 	 City_Num:50 	 Concorde:0.061567 	 MCTS:6.156690 Improve:0.000000 	 Time:5.00 Seconds
Solution: 1 40 21 17 23 31 34 48 2 46 8 47 10 15 4 27 30 7 26 33 39 14 25 35 22 16 32 24 11 38 28 44 5 12 49 45 13 18 42 29 43 20 37 19 36 9 50 3 6 41 

Inst_Index:9397 	 City_Num:50 	 Concorde:0.058016 	 MCTS:5.801612 Improve:0.000000 	 Time:5.01 Seconds
Solution: 1 4 2 16 22 33 3 49 6 14 15 13 45 44 43 41 40 37 23 10 25 39 29 19 42 26 5 20 7 8 46 50 12 9 21 24 38 31 18 30 35 47 27 34 28 32 17 11 48 36 

Inst_Index:9398 	 City_Num:50 	 Concorde:0.058013 	 MCTS:5.800278 Improve:0.001014 	 Time:5.01 Seconds
Solution: 1 18 31 46 29 9 42 16 32 22 41 15 14 34 2 37 43 47 21 3 48 39 5 49 25 28 6 45 4 38 17 44 33 36 23 40 26 35 10 7 24 20 13 50 30 27 8 12 11 19 

Inst_Index:9399 	 City_Num:50 	 Concorde:0.053243 	 MCTS:5.324173 Improve:0.000083 	 Time:5.00 Seconds
Solution: 1 33 15 45 46 4 21 32 16 30 27 18 36 2 22 40 17 6 38 10 29 26 41 47 50 48 8 31 43 7 44 3 24 28 11 37 20 34 39 23 9 5 25 12 49 35 19 14 13 42 

Inst_Index:9400 	 City_Num:50 	 Concorde:0.055893 	 MCTS:5.589296 Improve:-0.000000 	 Time:5.01 Seconds
Solution: 1 9 20 18 21 50 40 28 37 3 16 10 27 36 49 2 11 6 33 30 4 8 19 38 22 48 43 5 13 14 24 23 41 7 31 42 45 44 47 12 26 39 25 17 15 32 29 34 35 46 

Inst_Index:9401 	 City_Num:50 	 Concorde:0.056353 	 MCTS:5.635263 Improve:-0.000000 	 Time:5.01 Seconds
Solution: 1 17 24 8 30 45 26 16 15 34 46 42 9 47 7 48 32 41 40 10 25 3 19 28 29 21 13 33 39 31 50 4 11 37 5 38 18 36 6 22 14 49 35 2 43 27 20 44 12 23 

Inst_Index:9402 	 City_Num:50 	 Concorde:0.062744 	 MCTS:6.274423 Improve:0.000000 	 Time:5.01 Seconds
Solution: 1 46 11 41 17 23 19 32 49 15 4 9 48 20 38 31 44 6 37 13 30 45 47 21 40 43 3 35 25 39 26 14 16 8 12 36 5 28 2 24 42 18 34 33 50 7 29 22 27 10 

Inst_Index:9403 	 City_Num:50 	 Concorde:0.056848 	 MCTS:5.684820 Improve:0.000000 	 Time:5.00 Seconds
Solution: 1 6 34 46 37 5 25 7 38 10 24 23 44 45 47 40 49 22 36 33 9 11 50 28 12 39 31 14 41 35 18 43 13 30 48 8 15 2 16 19 17 42 20 27 21 32 29 26 3 4 

Inst_Index:9404 	 City_Num:50 	 Concorde:0.054609 	 MCTS:5.460075 Improve:0.000837 	 Time:5.00 Seconds
Solution: 1 3 26 16 48 27 34 12 7 8 37 10 32 24 6 2 20 25 13 19 29 39 33 14 47 45 49 9 4 22 18 50 23 44 11 15 5 38 17 21 30 36 41 42 35 46 40 31 43 28 

Inst_Index:9405 	 City_Num:50 	 Concorde:0.057468 	 MCTS:5.746780 Improve:0.000000 	 Time:5.00 Seconds
Solution: 1 47 48 3 4 31 39 7 10 34 28 27 6 21 12 35 46 9 17 49 13 50 5 14 20 45 38 2 36 15 41 30 24 40 26 8 33 16 11 22 23 32 29 42 37 25 19 44 18 43 

Inst_Index:9406 	 City_Num:50 	 Concorde:0.060309 	 MCTS:6.030864 Improve:0.000000 	 Time:5.01 Seconds
Solution: 1 46 20 28 21 14 44 16 6 50 18 8 39 35 13 25 26 4 22 43 5 38 40 33 3 12 15 11 9 48 41 17 36 23 31 42 10 27 32 37 24 7 47 2 30 19 45 29 34 49 

Inst_Index:9407 	 City_Num:50 	 Concorde:0.052027 	 MCTS:5.194834 Improve:0.007864 	 Time:5.00 Seconds
Solution: 1 29 16 27 21 38 48 41 22 10 30 35 5 26 3 45 34 50 37 20 42 49 25 47 31 4 9 12 7 46 33 6 43 40 19 36 15 23 24 8 14 11 39 18 13 28 2 32 44 17 

Inst_Index:9408 	 City_Num:50 	 Concorde:0.054207 	 MCTS:5.415650 Improve:0.005063 	 Time:5.00 Seconds
Solution: 1 49 10 23 8 22 3 7 37 31 42 15 9 38 5 34 27 11 6 30 29 2 18 50 17 48 40 21 46 36 26 43 20 47 16 14 12 28 45 44 13 19 41 24 39 25 4 32 35 33 

Inst_Index:9409 	 City_Num:50 	 Concorde:0.058334 	 MCTS:5.833429 Improve:-0.000000 	 Time:5.01 Seconds
Solution: 1 8 15 6 44 45 36 32 19 20 30 38 14 9 17 31 50 5 18 24 21 27 48 33 2 28 22 11 49 40 43 12 13 7 26 39 25 4 23 10 16 42 47 41 37 35 3 29 46 34 

Inst_Index:9410 	 City_Num:50 	 Concorde:0.056999 	 MCTS:5.699937 Improve:0.000000 	 Time:5.00 Seconds
Solution: 1 7 40 45 50 22 42 29 19 21 33 17 23 36 49 38 3 25 46 34 15 28 5 4 30 24 35 16 10 20 11 44 48 27 32 9 37 12 39 13 14 6 41 18 2 31 43 8 26 47 

Inst_Index:9411 	 City_Num:50 	 Concorde:0.059369 	 MCTS:5.934008 Improve:0.002929 	 Time:5.02 Seconds
Solution: 1 27 7 14 13 39 31 26 33 5 20 29 32 30 9 21 48 8 23 17 2 19 18 41 47 46 10 24 40 15 6 22 49 16 3 42 43 50 37 34 35 44 45 38 12 11 25 36 28 4 

Inst_Index:9412 	 City_Num:50 	 Concorde:0.060092 	 MCTS:6.009161 Improve:0.000000 	 Time:5.00 Seconds
Solution: 1 36 39 42 13 27 17 34 4 37 38 3 48 24 9 14 50 44 8 25 2 41 28 22 7 30 43 40 46 10 11 33 32 21 16 49 23 18 31 29 5 20 26 15 35 45 6 12 19 47 

Inst_Index:9413 	 City_Num:50 	 Concorde:0.059259 	 MCTS:5.921423 Improve:0.004468 	 Time:5.00 Seconds
Solution: 1 24 19 27 37 10 41 36 2 16 30 35 49 32 29 43 39 25 46 22 45 31 38 23 47 6 50 13 48 18 17 14 21 4 26 28 9 7 33 8 20 12 44 3 34 5 40 11 15 42 

Inst_Index:9414 	 City_Num:50 	 Concorde:0.063449 	 MCTS:6.344860 Improve:0.000000 	 Time:5.00 Seconds
Solution: 1 40 29 10 37 9 45 19 28 16 21 17 44 3 25 41 46 27 48 6 18 47 32 50 23 35 14 4 34 20 39 31 42 12 30 15 13 43 8 36 26 24 49 22 33 38 5 11 7 2 

Inst_Index:9415 	 City_Num:50 	 Concorde:0.057358 	 MCTS:5.729012 Improve:0.006829 	 Time:5.00 Seconds
Solution: 1 41 24 45 30 34 32 35 13 15 39 10 18 29 28 40 50 11 49 2 38 23 21 42 17 4 36 8 22 27 6 14 12 48 25 47 43 9 16 31 46 26 20 3 33 44 19 37 7 5 

Inst_Index:9416 	 City_Num:50 	 Concorde:0.054616 	 MCTS:5.458418 Improve:0.003152 	 Time:5.00 Seconds
Solution: 1 48 45 50 19 35 11 46 18 38 25 44 14 2 31 33 40 15 4 29 20 37 21 13 42 3 26 47 24 22 34 9 39 27 43 12 36 49 30 6 10 7 41 8 32 17 28 23 5 16 

Inst_Index:9417 	 City_Num:50 	 Concorde:0.056986 	 MCTS:5.698585 Improve:0.000000 	 Time:5.01 Seconds
Solution: 1 8 24 34 23 10 2 45 39 4 37 12 7 42 33 11 13 25 21 14 36 22 46 31 49 6 27 19 29 17 47 15 40 5 18 35 43 16 20 3 41 26 32 28 38 30 48 44 9 50 

Inst_Index:9418 	 City_Num:50 	 Concorde:0.059269 	 MCTS:5.926929 Improve:0.000000 	 Time:5.01 Seconds
Solution: 1 46 37 25 40 18 3 17 28 29 8 34 9 20 35 21 2 49 42 12 15 16 22 4 48 6 10 23 13 47 27 14 11 7 43 26 24 33 41 31 36 45 39 5 30 50 38 32 19 44 

Inst_Index:9419 	 City_Num:50 	 Concorde:0.051386 	 MCTS:5.138620 Improve:-0.000000 	 Time:5.00 Seconds
Solution: 1 49 18 38 37 21 40 14 47 7 10 46 24 44 45 17 29 30 19 31 26 35 48 8 12 33 6 15 9 5 4 20 43 50 34 2 42 28 11 36 41 13 25 23 3 32 39 22 16 27 

Inst_Index:9420 	 City_Num:50 	 Concorde:0.057100 	 MCTS:5.710034 Improve:0.000000 	 Time:5.03 Seconds
Solution: 1 16 46 11 23 7 9 47 8 15 35 49 32 44 37 2 50 40 18 22 14 4 25 48 41 12 6 21 34 43 36 3 38 17 39 26 33 29 31 42 28 10 30 20 45 24 27 19 5 13 

Inst_Index:9421 	 City_Num:50 	 Concorde:0.056438 	 MCTS:5.643827 Improve:0.000000 	 Time:5.00 Seconds
Solution: 1 22 46 49 9 17 4 26 27 42 29 40 30 48 33 13 15 8 50 7 3 37 25 44 19 41 34 2 45 36 24 35 11 20 18 31 39 12 5 43 16 32 23 28 14 21 38 47 10 6 

Inst_Index:9422 	 City_Num:50 	 Concorde:0.055383 	 MCTS:5.538264 Improve:0.000000 	 Time:5.00 Seconds
Solution: 1 7 50 49 5 23 29 2 28 37 34 46 35 16 25 44 13 11 6 40 3 20 48 32 26 9 42 14 39 15 24 18 22 47 19 4 30 27 38 12 17 36 8 33 43 45 41 21 31 10 

Inst_Index:9423 	 City_Num:50 	 Concorde:0.054990 	 MCTS:5.499044 Improve:0.000000 	 Time:5.00 Seconds
Solution: 1 15 44 31 36 20 45 8 38 10 50 14 30 16 13 24 43 19 47 35 46 40 28 48 22 23 26 5 2 39 3 49 18 27 11 34 4 37 41 6 33 42 25 7 21 12 29 9 17 32 

Inst_Index:9424 	 City_Num:50 	 Concorde:0.059118 	 MCTS:5.911540 Improve:0.000276 	 Time:5.00 Seconds
Solution: 1 5 43 14 19 9 32 12 45 4 10 50 37 30 17 46 24 29 40 35 2 33 22 15 41 31 28 39 49 25 3 48 42 36 27 11 47 44 8 18 34 21 7 26 13 16 38 23 20 6 

Inst_Index:9425 	 City_Num:50 	 Concorde:0.058485 	 MCTS:5.843623 Improve:0.004876 	 Time:5.00 Seconds
Solution: 1 30 7 8 47 28 14 32 33 35 49 21 40 11 24 46 10 31 25 9 42 22 41 48 50 44 26 37 17 12 43 23 18 4 36 45 20 13 16 2 38 39 6 15 5 34 19 3 29 27 

Inst_Index:9426 	 City_Num:50 	 Concorde:0.057112 	 MCTS:5.711232 Improve:0.000000 	 Time:5.00 Seconds
Solution: 1 23 39 43 31 24 10 5 34 18 19 12 38 41 47 4 30 11 48 27 13 25 40 3 50 29 49 32 35 26 15 33 17 20 45 46 7 36 8 37 9 6 16 22 42 21 28 2 44 14 

Inst_Index:9427 	 City_Num:50 	 Concorde:0.053598 	 MCTS:5.366300 Improve:-0.006504 	 Time:5.01 Seconds
Solution: 1 4 41 36 11 38 26 13 24 32 9 35 5 47 42 31 17 46 20 21 45 16 37 2 3 14 27 6 25 30 49 19 44 29 34 18 48 22 10 23 12 39 43 40 15 28 33 50 8 7 

Inst_Index:9428 	 City_Num:50 	 Concorde:0.052102 	 MCTS:5.210206 Improve:0.000000 	 Time:5.00 Seconds
Solution: 1 32 46 9 15 31 40 16 25 48 26 20 35 45 36 17 14 38 49 6 11 27 28 12 50 4 41 44 29 3 23 47 19 8 43 22 33 34 39 18 42 13 2 37 21 7 24 5 10 30 

Inst_Index:9429 	 City_Num:50 	 Concorde:0.055291 	 MCTS:5.529124 Improve:0.000000 	 Time:5.01 Seconds
Solution: 1 7 42 36 11 9 49 40 3 25 19 10 21 26 33 34 43 2 39 48 4 35 31 5 15 47 32 27 14 12 46 6 18 8 30 16 24 29 22 13 50 37 28 44 38 23 41 45 20 17 

Inst_Index:9430 	 City_Num:50 	 Concorde:0.051126 	 MCTS:5.183854 Improve:-0.071257 	 Time:5.00 Seconds
Solution: 1 5 2 15 14 16 18 25 37 27 33 17 29 3 42 30 40 7 35 4 13 20 48 32 36 10 8 22 46 50 34 41 28 6 11 19 44 21 38 12 43 24 23 31 9 47 49 39 26 45 

Inst_Index:9431 	 City_Num:50 	 Concorde:0.054590 	 MCTS:5.458995 Improve:0.000000 	 Time:5.00 Seconds
Solution: 1 26 28 38 41 30 15 29 5 2 50 11 24 7 31 12 39 20 25 3 16 32 27 17 44 45 33 4 35 36 43 23 48 19 42 6 46 22 47 18 40 21 14 37 34 9 49 13 8 10 

Inst_Index:9432 	 City_Num:50 	 Concorde:0.056106 	 MCTS:5.608514 Improve:0.002049 	 Time:5.00 Seconds
Solution: 1 12 21 25 8 2 29 50 27 39 14 28 22 6 26 35 43 46 7 18 17 32 11 5 45 13 44 24 15 9 10 16 20 41 34 30 3 42 49 40 48 47 33 31 23 19 4 38 37 36 

Inst_Index:9433 	 City_Num:50 	 Concorde:0.059378 	 MCTS:5.929094 Improve:0.008743 	 Time:5.00 Seconds
Solution: 1 47 18 13 5 17 3 32 16 37 33 6 48 49 22 24 11 42 10 4 7 2 23 20 35 34 29 26 30 36 25 45 38 8 27 44 39 50 40 46 21 43 41 14 9 31 28 15 12 19 

Inst_Index:9434 	 City_Num:50 	 Concorde:0.055756 	 MCTS:5.570258 Improve:0.005342 	 Time:5.00 Seconds
Solution: 1 39 35 26 34 7 49 47 25 50 11 14 12 13 37 27 32 21 31 8 9 20 10 44 29 5 24 38 18 22 28 30 45 16 15 46 42 6 41 3 23 48 2 40 19 4 36 17 33 43 

Inst_Index:9435 	 City_Num:50 	 Concorde:0.057001 	 MCTS:5.700150 Improve:0.000000 	 Time:5.00 Seconds
Solution: 1 30 20 10 32 42 9 26 7 14 11 49 35 46 43 22 39 12 18 24 38 41 47 2 3 48 19 13 29 27 25 5 8 36 6 44 17 28 15 16 34 33 23 45 37 21 31 50 4 40 

Inst_Index:9436 	 City_Num:50 	 Concorde:0.053222 	 MCTS:5.314960 Improve:0.007290 	 Time:5.00 Seconds
Solution: 1 8 11 14 36 25 22 20 18 49 15 6 33 40 46 39 12 42 45 5 13 30 43 2 7 35 48 44 28 38 3 50 9 4 34 10 29 23 21 27 37 32 26 17 19 24 47 16 31 41 

Inst_Index:9437 	 City_Num:50 	 Concorde:0.056071 	 MCTS:5.607107 Improve:0.000000 	 Time:5.00 Seconds
Solution: 1 22 14 18 28 15 30 39 26 29 11 19 32 43 10 49 40 38 48 6 34 47 9 31 33 45 7 44 21 36 27 35 12 5 24 8 16 17 4 46 41 2 42 50 23 20 13 25 37 3 

Inst_Index:9438 	 City_Num:50 	 Concorde:0.059920 	 MCTS:5.988879 Improve:0.003116 	 Time:5.00 Seconds
Solution: 1 19 2 25 42 16 3 37 46 14 13 49 11 39 40 6 26 18 17 21 45 35 4 30 34 48 47 27 44 43 36 5 20 32 7 8 23 41 50 28 33 15 38 12 22 10 31 24 29 9 

Inst_Index:9439 	 City_Num:50 	 Concorde:0.059105 	 MCTS:5.910503 Improve:-0.000000 	 Time:5.01 Seconds
Solution: 1 31 17 13 50 21 11 48 22 42 46 15 4 19 43 37 8 27 20 6 18 12 28 30 25 23 10 45 40 39 16 5 3 2 36 34 9 24 49 7 14 44 26 41 29 33 47 35 32 38 

Inst_Index:9440 	 City_Num:50 	 Concorde:0.058731 	 MCTS:5.873106 Improve:-0.000000 	 Time:5.00 Seconds
Solution: 1 17 38 7 32 49 48 11 23 50 33 26 5 9 22 16 2 12 30 29 6 40 47 43 44 27 45 42 18 36 46 41 20 14 15 19 35 10 25 8 24 37 3 31 39 28 34 13 21 4 

Inst_Index:9441 	 City_Num:50 	 Concorde:0.055775 	 MCTS:5.577462 Improve:0.000000 	 Time:5.00 Seconds
Solution: 1 33 9 4 13 40 2 25 34 3 14 38 39 46 22 10 35 44 8 5 12 48 36 19 30 29 32 42 41 11 28 50 18 26 47 37 45 49 20 16 6 21 31 15 27 17 43 7 24 23 

Inst_Index:9442 	 City_Num:50 	 Concorde:0.055947 	 MCTS:5.591192 Improve:0.003551 	 Time:5.00 Seconds
Solution: 1 34 38 22 24 42 40 25 41 4 45 6 12 49 15 5 43 13 19 14 17 2 46 7 39 21 26 16 35 8 36 50 29 44 9 32 20 30 11 31 28 23 10 27 48 33 18 37 3 47 

Inst_Index:9443 	 City_Num:50 	 Concorde:0.057743 	 MCTS:5.774250 Improve:0.000000 	 Time:5.00 Seconds
Solution: 1 9 8 36 42 32 23 40 5 19 41 10 25 31 47 17 37 16 4 22 2 7 6 20 11 12 44 34 50 29 13 18 28 38 26 48 24 15 45 46 27 33 49 30 35 14 39 21 3 43 

Inst_Index:9444 	 City_Num:50 	 Concorde:0.056082 	 MCTS:5.626609 Improve:-0.018396 	 Time:5.01 Seconds
Solution: 1 21 10 44 38 35 49 42 30 36 37 45 48 12 14 25 47 29 32 40 26 41 13 50 17 28 19 20 15 11 39 5 31 7 22 9 18 33 8 27 6 2 16 24 23 4 43 46 34 3 

Inst_Index:9445 	 City_Num:50 	 Concorde:0.062170 	 MCTS:6.215350 Improve:0.001619 	 Time:5.01 Seconds
Solution: 1 2 17 32 22 9 24 50 28 13 36 42 45 21 47 49 18 41 44 16 40 3 35 14 31 4 48 20 8 43 23 30 34 26 33 11 27 10 5 46 15 19 25 7 29 12 6 39 37 38 

Inst_Index:9446 	 City_Num:50 	 Concorde:0.056745 	 MCTS:5.674543 Improve:-0.000000 	 Time:5.00 Seconds
Solution: 1 41 31 44 11 40 24 12 16 33 43 22 13 9 37 14 8 27 45 21 48 20 7 34 18 36 19 23 5 10 47 30 15 38 29 49 2 35 3 4 26 25 39 50 32 17 28 42 46 6 

Inst_Index:9447 	 City_Num:50 	 Concorde:0.055468 	 MCTS:5.546840 Improve:0.000000 	 Time:5.00 Seconds
Solution: 1 20 18 7 48 50 17 29 39 47 32 49 40 35 8 3 27 37 31 44 16 10 30 23 26 15 11 5 4 13 22 38 25 42 24 45 9 43 19 14 36 21 46 12 2 33 28 6 34 41 

Inst_Index:9448 	 City_Num:50 	 Concorde:0.055074 	 MCTS:5.506119 Improve:0.001272 	 Time:5.00 Seconds
Solution: 1 18 39 29 32 16 34 41 47 24 28 4 23 22 30 8 7 43 33 36 19 37 31 40 21 45 50 13 17 5 35 44 10 15 9 26 27 2 12 3 46 48 14 42 20 38 25 11 49 6 

Inst_Index:9449 	 City_Num:50 	 Concorde:0.060196 	 MCTS:6.019550 Improve:-0.000000 	 Time:5.00 Seconds
Solution: 1 41 10 4 2 37 7 23 3 33 43 28 47 20 14 19 45 6 8 29 44 38 36 30 18 31 17 9 48 24 39 27 42 22 46 11 21 50 26 40 16 35 34 49 25 5 12 15 32 13 

Inst_Index:9450 	 City_Num:50 	 Concorde:0.058681 	 MCTS:5.867410 Improve:0.000667 	 Time:5.00 Seconds
Solution: 1 21 11 44 19 35 27 18 15 32 2 46 40 24 20 4 43 6 23 41 47 26 16 17 10 31 3 22 9 5 42 29 14 13 50 36 48 30 28 37 7 49 12 33 45 39 25 34 38 8 

Inst_Index:9451 	 City_Num:50 	 Concorde:0.062235 	 MCTS:6.222271 Improve:0.001238 	 Time:5.01 Seconds
Solution: 1 47 41 7 15 25 10 26 16 12 14 33 3 35 20 44 11 9 24 22 38 43 21 42 27 46 19 37 34 50 2 39 13 49 30 31 48 18 36 5 17 8 29 4 45 28 23 40 32 6 

Inst_Index:9452 	 City_Num:50 	 Concorde:0.055250 	 MCTS:5.525014 Improve:0.000000 	 Time:5.00 Seconds
Solution: 1 41 17 46 35 37 11 12 48 6 4 34 47 31 16 29 36 19 50 38 45 25 15 23 10 8 22 24 32 9 26 5 49 3 7 2 30 20 39 43 44 40 21 27 42 14 13 18 33 28 

Inst_Index:9453 	 City_Num:50 	 Concorde:0.058479 	 MCTS:5.847881 Improve:-0.000000 	 Time:5.00 Seconds
Solution: 1 28 40 7 25 43 47 30 31 45 44 2 17 15 38 26 37 5 50 18 4 24 36 10 32 34 48 8 22 6 16 42 23 29 11 27 3 46 13 12 35 39 41 14 33 19 9 20 49 21 

Inst_Index:9454 	 City_Num:50 	 Concorde:0.056702 	 MCTS:5.670248 Improve:0.000000 	 Time:5.00 Seconds
Solution: 1 43 46 18 15 12 50 16 2 5 7 44 22 3 13 19 35 36 45 34 9 47 8 20 48 38 41 40 24 14 37 4 27 29 10 42 23 26 49 33 28 17 39 25 30 6 11 21 32 31 

Inst_Index:9455 	 City_Num:50 	 Concorde:0.056507 	 MCTS:5.648496 Improve:0.002163 	 Time:5.00 Seconds
Solution: 1 7 5 13 25 14 49 48 42 28 6 30 11 27 19 2 44 39 45 37 12 40 23 38 18 22 3 9 29 31 21 36 34 41 24 15 35 33 26 16 8 10 50 46 32 4 20 43 47 17 

Inst_Index:9456 	 City_Num:50 	 Concorde:0.055723 	 MCTS:5.572295 Improve:0.000000 	 Time:5.00 Seconds
Solution: 1 48 42 8 13 36 12 17 38 5 50 37 18 16 31 30 46 40 25 20 49 29 26 27 6 15 44 47 39 41 14 32 19 28 3 35 33 34 11 21 4 23 43 24 45 22 10 7 9 2 

Inst_Index:9457 	 City_Num:50 	 Concorde:0.054216 	 MCTS:5.421214 Improve:0.000421 	 Time:5.00 Seconds
Solution: 1 15 14 30 12 42 3 20 27 48 2 17 44 10 47 32 13 50 16 24 19 23 28 26 29 21 39 25 45 33 4 43 49 11 5 7 22 41 34 36 31 35 18 8 38 40 6 46 9 37 

Inst_Index:9458 	 City_Num:50 	 Concorde:0.059344 	 MCTS:5.934386 Improve:0.000000 	 Time:5.00 Seconds
Solution: 1 40 29 41 31 17 20 27 3 4 39 48 2 9 44 15 45 10 34 30 5 32 6 23 36 43 13 18 21 47 46 26 49 22 42 14 8 16 28 38 35 12 33 24 25 7 50 37 19 11 

Inst_Index:9459 	 City_Num:50 	 Concorde:0.056205 	 MCTS:5.620471 Improve:-0.000000 	 Time:5.00 Seconds
Solution: 1 46 16 43 12 21 22 9 35 7 11 49 40 17 25 2 20 6 26 34 4 31 44 3 28 33 45 23 24 41 48 29 27 18 32 37 15 30 47 8 5 19 13 50 38 39 10 42 36 14 

Inst_Index:9460 	 City_Num:50 	 Concorde:0.057952 	 MCTS:5.795213 Improve:-0.000000 	 Time:5.00 Seconds
Solution: 1 36 21 12 14 25 42 29 3 46 11 16 35 43 6 44 2 19 34 48 10 18 50 24 23 39 15 13 47 26 33 28 7 40 17 9 27 22 41 31 30 49 5 4 37 38 8 20 45 32 

Inst_Index:9461 	 City_Num:50 	 Concorde:0.056344 	 MCTS:5.634406 Improve:0.000000 	 Time:5.00 Seconds
Solution: 1 6 26 44 12 34 42 36 11 37 40 10 47 28 19 14 43 32 31 29 27 30 24 50 45 9 20 4 33 22 46 13 3 35 8 21 2 7 23 49 48 16 41 38 25 39 5 15 18 17 

Inst_Index:9462 	 City_Num:50 	 Concorde:0.059338 	 MCTS:5.933843 Improve:-0.000000 	 Time:5.00 Seconds
Solution: 1 19 35 27 6 34 24 43 2 12 14 15 49 11 29 5 13 4 39 31 46 16 22 38 3 8 28 32 47 18 20 33 21 37 17 9 45 30 26 7 40 23 42 44 41 48 50 25 36 10 

Inst_Index:9463 	 City_Num:50 	 Concorde:0.055647 	 MCTS:5.564668 Improve:0.000000 	 Time:5.00 Seconds
Solution: 1 24 3 40 31 47 33 8 7 35 2 12 37 13 45 15 9 14 49 42 43 46 18 29 11 27 34 5 17 50 20 41 32 38 39 44 36 48 19 23 25 6 4 16 21 10 28 30 26 22 

Inst_Index:9464 	 City_Num:50 	 Concorde:0.059612 	 MCTS:5.961158 Improve:-0.000000 	 Time:5.01 Seconds
Solution: 1 2 38 29 21 4 9 33 43 47 17 45 24 15 32 36 18 35 39 44 42 46 23 16 10 31 13 48 5 26 8 37 27 25 41 22 19 28 50 20 12 7 49 30 3 14 6 40 34 11 

Inst_Index:9465 	 City_Num:50 	 Concorde:0.055773 	 MCTS:5.577273 Improve:-0.000000 	 Time:5.00 Seconds
Solution: 1 10 16 5 18 25 49 17 21 3 9 50 46 24 38 6 44 22 13 41 20 32 30 29 15 28 27 40 37 14 43 42 39 12 33 47 48 2 31 7 11 26 34 4 35 36 23 19 8 45 

Inst_Index:9466 	 City_Num:50 	 Concorde:0.052213 	 MCTS:5.220033 Improve:0.001227 	 Time:5.00 Seconds
Solution: 1 10 17 47 38 37 21 40 12 27 28 42 29 50 2 24 15 39 3 8 41 26 4 13 9 22 36 46 32 44 35 20 48 14 7 6 49 30 45 43 18 23 5 33 16 19 25 31 34 11 

Inst_Index:9467 	 City_Num:50 	 Concorde:0.057210 	 MCTS:5.720981 Improve:-0.000000 	 Time:5.00 Seconds
Solution: 1 27 49 22 2 26 36 10 17 34 35 8 31 32 40 23 28 37 46 25 11 42 13 45 21 4 43 30 16 12 5 14 24 47 18 15 50 20 29 44 3 38 39 6 19 33 48 41 7 9 

Inst_Index:9468 	 City_Num:50 	 Concorde:0.056378 	 MCTS:5.637755 Improve:-0.000000 	 Time:5.00 Seconds
Solution: 1 22 26 36 28 18 33 7 11 12 16 30 9 39 23 29 14 17 3 31 6 40 42 46 20 4 25 43 13 38 50 21 45 8 41 32 5 44 35 24 27 47 48 19 37 34 49 2 10 15 

Inst_Index:9469 	 City_Num:50 	 Concorde:0.053547 	 MCTS:5.349565 Improve:0.005177 	 Time:5.00 Seconds
Solution: 1 2 45 7 49 17 37 20 41 28 34 12 29 6 16 19 32 23 25 46 10 18 14 48 5 8 44 15 21 35 4 31 38 33 27 30 9 13 43 36 40 50 24 22 47 3 42 26 11 39 

Inst_Index:9470 	 City_Num:50 	 Concorde:0.056959 	 MCTS:5.695858 Improve:-0.000000 	 Time:5.00 Seconds
Solution: 1 31 23 6 2 47 30 34 17 27 9 36 3 29 43 38 49 24 39 33 40 10 46 45 41 19 7 48 44 25 5 14 37 26 32 42 20 28 50 18 4 13 15 22 16 12 21 11 35 8 

Inst_Index:9471 	 City_Num:50 	 Concorde:0.056496 	 MCTS:5.649597 Improve:0.000000 	 Time:5.01 Seconds
Solution: 1 43 39 42 20 17 4 25 8 12 18 9 11 7 27 44 30 32 3 31 26 13 34 23 10 47 15 16 37 33 36 24 21 22 50 38 45 14 28 2 5 48 6 29 19 49 46 41 40 35 

Inst_Index:9472 	 City_Num:50 	 Concorde:0.062090 	 MCTS:6.209022 Improve:-0.000000 	 Time:5.00 Seconds
Solution: 1 50 31 27 2 43 47 32 46 14 18 4 49 35 37 3 20 44 42 45 15 10 41 5 21 22 25 16 6 28 19 30 48 34 29 33 9 11 23 24 8 38 17 13 12 39 36 7 40 26 

Inst_Index:9473 	 City_Num:50 	 Concorde:0.057071 	 MCTS:5.705041 Improve:0.002011 	 Time:5.01 Seconds
Solution: 1 6 43 40 26 49 28 9 48 46 5 34 20 12 25 10 35 17 4 22 29 7 21 41 23 44 14 42 30 37 45 13 33 32 50 38 39 19 27 31 36 15 18 16 47 8 11 3 24 2 

Inst_Index:9474 	 City_Num:50 	 Concorde:0.061000 	 MCTS:6.099982 Improve:0.000000 	 Time:5.00 Seconds
Solution: 1 30 40 28 45 47 43 42 3 49 34 25 17 5 26 29 27 44 48 8 41 21 7 12 33 23 9 39 15 13 36 19 11 37 46 22 35 6 2 18 14 20 10 31 24 50 32 38 16 4 

Inst_Index:9475 	 City_Num:50 	 Concorde:0.056341 	 MCTS:5.634074 Improve:0.000000 	 Time:5.00 Seconds
Solution: 1 3 34 43 30 46 28 35 44 32 16 4 23 5 33 50 20 47 8 24 11 18 13 27 48 17 36 45 37 38 42 29 31 49 10 22 14 7 25 26 15 39 9 21 6 12 40 2 41 19 

Inst_Index:9476 	 City_Num:50 	 Concorde:0.058774 	 MCTS:5.877356 Improve:-0.000000 	 Time:5.00 Seconds
Solution: 1 46 37 12 25 35 33 4 31 2 17 42 3 20 45 14 43 16 50 32 19 10 7 23 15 34 29 21 6 44 40 39 28 8 30 5 41 49 26 24 18 47 22 27 38 11 13 9 36 48 

Inst_Index:9477 	 City_Num:50 	 Concorde:0.058577 	 MCTS:5.857695 Improve:0.000000 	 Time:5.00 Seconds
Solution: 1 23 49 15 47 2 43 30 44 35 42 4 8 20 46 27 28 45 40 10 7 22 24 26 18 34 37 11 9 31 25 5 32 14 21 13 36 50 39 41 17 38 48 6 12 19 33 16 3 29 

Inst_Index:9478 	 City_Num:50 	 Concorde:0.062248 	 MCTS:6.224795 Improve:-0.000000 	 Time:5.00 Seconds
Solution: 1 23 12 40 10 29 7 37 31 35 2 3 16 36 46 34 50 15 18 6 22 49 19 5 47 17 44 42 45 21 27 11 8 24 48 39 20 38 25 32 33 30 13 14 43 41 26 28 9 4 

Inst_Index:9479 	 City_Num:50 	 Concorde:0.057345 	 MCTS:5.733336 Improve:0.001119 	 Time:5.00 Seconds
Solution: 1 11 46 12 17 41 37 42 43 14 7 25 23 49 30 16 32 36 21 45 29 35 28 19 18 13 33 15 27 34 22 26 6 50 48 10 20 9 47 44 40 31 39 24 38 5 4 8 2 3 

Inst_Index:9480 	 City_Num:50 	 Concorde:0.056671 	 MCTS:5.667011 Improve:0.000050 	 Time:5.00 Seconds
Solution: 1 3 43 29 49 10 12 30 23 26 34 6 22 40 5 37 15 18 48 45 47 14 41 25 21 32 33 24 16 9 13 38 44 42 36 46 11 17 28 39 7 19 31 8 27 35 2 20 50 4 

Inst_Index:9481 	 City_Num:50 	 Concorde:0.050584 	 MCTS:5.054983 Improve:0.003426 	 Time:5.00 Seconds
Solution: 1 3 37 2 13 35 6 15 41 22 14 47 31 12 44 38 4 11 20 19 27 50 33 9 32 25 26 42 40 17 48 7 34 23 46 21 30 24 18 29 45 16 49 28 10 43 5 39 36 8 

Inst_Index:9482 	 City_Num:50 	 Concorde:0.059107 	 MCTS:5.910677 Improve:0.000000 	 Time:5.01 Seconds
Solution: 1 16 43 36 27 11 45 12 44 8 9 25 49 46 6 4 7 23 42 21 10 30 14 40 32 29 26 50 33 22 5 17 35 18 39 20 38 13 19 37 2 48 3 47 24 41 15 34 31 28 

Inst_Index:9483 	 City_Num:50 	 Concorde:0.055997 	 MCTS:5.599675 Improve:-0.000000 	 Time:5.00 Seconds
Solution: 1 43 22 46 41 12 24 15 27 2 9 20 49 48 36 47 18 35 14 8 31 13 40 32 5 6 26 29 11 50 39 7 28 38 16 45 19 42 44 23 30 17 25 34 37 4 21 10 3 33 

Inst_Index:9484 	 City_Num:50 	 Concorde:0.054420 	 MCTS:5.436680 Improve:0.005318 	 Time:5.00 Seconds
Solution: 1 19 28 24 3 47 39 11 8 36 6 26 16 49 46 13 10 31 20 32 40 18 15 45 42 9 17 48 29 33 22 23 12 30 5 37 38 43 35 34 44 7 25 41 27 2 4 50 21 14 

Inst_Index:9485 	 City_Num:50 	 Concorde:0.053258 	 MCTS:5.322512 Improve:0.003245 	 Time:5.01 Seconds
Solution: 1 29 21 20 5 14 30 15 36 35 3 43 42 39 45 24 31 2 41 47 16 50 19 11 25 26 46 48 23 4 33 7 6 34 40 37 28 22 12 13 44 18 17 38 32 27 49 10 8 9 

Inst_Index:9486 	 City_Num:50 	 Concorde:0.054376 	 MCTS:5.437645 Improve:-0.000011 	 Time:5.00 Seconds
Solution: 1 41 13 29 28 34 22 37 14 38 21 18 31 3 5 19 20 24 35 16 48 23 15 49 26 4 9 46 43 8 6 45 44 42 11 32 33 2 12 40 10 36 27 17 25 47 30 50 7 39 

Inst_Index:9487 	 City_Num:50 	 Concorde:0.058565 	 MCTS:5.856484 Improve:-0.000000 	 Time:5.01 Seconds
Solution: 1 47 23 5 15 37 20 9 41 50 4 48 36 24 28 16 39 13 2 17 45 30 34 11 19 8 26 7 6 32 18 25 21 35 49 42 33 12 22 10 43 38 3 27 29 40 14 31 44 46 

Inst_Index:9488 	 City_Num:50 	 Concorde:0.057152 	 MCTS:5.715151 Improve:-0.000000 	 Time:5.01 Seconds
Solution: 1 40 28 30 36 23 42 25 18 20 4 38 33 44 45 48 24 41 35 15 9 10 5 17 7 19 37 12 49 26 11 21 22 32 13 43 47 8 2 34 39 29 6 50 3 46 27 31 14 16 

Inst_Index:9489 	 City_Num:50 	 Concorde:0.051269 	 MCTS:5.122429 Improve:0.004424 	 Time:5.00 Seconds
Solution: 1 29 26 8 47 32 41 42 22 40 13 34 19 16 15 45 17 21 30 38 12 10 49 9 3 5 28 39 14 18 24 44 31 33 25 36 46 6 37 11 20 27 50 48 35 7 2 43 23 4 

Inst_Index:9490 	 City_Num:50 	 Concorde:0.054462 	 MCTS:5.446171 Improve:0.000000 	 Time:5.01 Seconds
Solution: 1 32 35 18 30 33 17 29 45 2 50 39 9 3 28 6 44 12 26 24 8 13 49 16 25 15 34 10 46 5 20 37 21 31 38 27 42 22 36 47 40 23 19 11 48 43 4 41 14 7 

Inst_Index:9491 	 City_Num:50 	 Concorde:0.055266 	 MCTS:5.520578 Improve:0.006000 	 Time:5.00 Seconds
Solution: 1 23 46 9 7 10 31 13 47 2 3 5 22 28 19 45 26 43 24 6 39 36 33 29 15 25 30 18 21 41 14 48 37 8 50 35 20 17 49 4 11 40 27 34 38 12 32 42 16 44 

Inst_Index:9492 	 City_Num:50 	 Concorde:0.056667 	 MCTS:5.666694 Improve:-0.000000 	 Time:5.01 Seconds
Solution: 1 8 35 45 2 44 15 28 34 19 7 38 40 22 6 42 16 24 13 49 46 41 36 33 5 21 20 23 12 27 3 39 29 37 47 18 17 11 10 31 4 43 25 48 14 30 26 9 50 32 

Inst_Index:9493 	 City_Num:50 	 Concorde:0.059643 	 MCTS:5.964308 Improve:-0.000000 	 Time:5.01 Seconds
Solution: 1 14 39 48 40 33 11 43 8 36 47 30 21 35 25 46 3 6 32 18 24 19 15 5 31 4 34 49 45 38 12 20 44 26 41 10 28 22 37 7 13 23 29 50 27 9 17 42 16 2 

Inst_Index:9494 	 City_Num:50 	 Concorde:0.055652 	 MCTS:5.565156 Improve:0.000000 	 Time:5.00 Seconds
Solution: 1 45 34 43 5 32 31 27 2 11 40 37 17 44 49 24 42 38 8 7 41 29 23 13 28 46 16 3 50 20 9 25 47 26 35 33 4 39 18 22 12 48 15 36 10 30 6 14 21 19 

Inst_Index:9495 	 City_Num:50 	 Concorde:0.059136 	 MCTS:5.912013 Improve:0.001542 	 Time:5.00 Seconds
Solution: 1 2 27 8 43 32 40 14 42 30 31 41 23 17 9 25 20 11 39 13 7 26 50 24 33 46 6 3 49 18 48 45 12 16 28 37 38 4 15 35 21 47 44 34 36 29 19 10 22 5 

Inst_Index:9496 	 City_Num:50 	 Concorde:0.056362 	 MCTS:5.635339 Improve:0.000846 	 Time:5.00 Seconds
Solution: 1 39 13 15 38 32 25 5 26 20 50 30 42 7 3 49 9 21 31 14 33 35 8 44 16 11 29 34 41 28 36 48 43 46 18 2 23 4 12 40 17 10 27 22 45 6 47 24 37 19 

Inst_Index:9497 	 City_Num:50 	 Concorde:0.054575 	 MCTS:5.457509 Improve:0.000000 	 Time:5.00 Seconds
Solution: 1 4 15 7 19 22 42 13 9 3 21 36 12 24 44 10 34 41 31 16 38 18 47 27 14 20 33 23 40 11 30 50 32 2 26 6 46 39 35 8 25 48 5 37 29 17 28 45 43 49 

Inst_Index:9498 	 City_Num:50 	 Concorde:0.063740 	 MCTS:6.371815 Improve:0.002170 	 Time:5.00 Seconds
Solution: 1 36 6 41 30 27 42 50 47 21 28 34 32 29 37 7 48 18 46 25 17 40 24 14 20 4 44 43 8 5 9 11 39 23 35 26 45 16 19 49 13 15 10 31 22 12 33 38 2 3 

Inst_Index:9499 	 City_Num:50 	 Concorde:0.060137 	 MCTS:6.013367 Improve:0.000300 	 Time:5.00 Seconds
Solution: 1 21 45 18 9 2 30 46 50 48 27 40 23 44 42 6 34 17 32 12 26 24 4 19 20 14 5 10 39 37 13 22 15 41 31 3 38 16 33 35 36 49 47 43 28 25 7 11 8 29 

Inst_Index:9500 	 City_Num:50 	 Concorde:0.056666 	 MCTS:5.666555 Improve:-0.000000 	 Time:5.01 Seconds
Solution: 1 3 12 2 47 19 46 14 49 34 25 10 35 5 41 29 22 38 50 23 43 9 13 24 6 7 39 15 18 44 11 16 36 17 28 40 20 27 37 45 4 42 30 21 31 26 8 48 33 32 

Inst_Index:9501 	 City_Num:50 	 Concorde:0.057880 	 MCTS:5.788002 Improve:0.000000 	 Time:5.00 Seconds
Solution: 1 14 4 22 33 30 21 18 29 12 17 8 37 20 49 46 39 26 11 5 16 7 41 23 44 19 24 36 31 42 38 9 27 28 13 32 10 25 15 48 50 3 34 2 45 43 40 35 6 47 

Inst_Index:9502 	 City_Num:50 	 Concorde:0.062110 	 MCTS:6.211023 Improve:-0.000000 	 Time:5.01 Seconds
Solution: 1 39 32 17 25 34 8 46 41 26 3 21 13 33 48 37 24 23 28 11 47 14 50 16 29 30 10 9 19 7 35 6 31 44 12 15 38 4 45 42 5 20 18 27 36 43 2 49 40 22 

Inst_Index:9503 	 City_Num:50 	 Concorde:0.058671 	 MCTS:5.867131 Improve:0.000000 	 Time:5.00 Seconds
Solution: 1 24 48 29 25 40 36 6 47 32 42 9 30 5 37 21 3 43 8 19 27 39 50 4 41 16 2 22 14 49 31 38 10 26 35 33 34 12 13 17 45 11 46 28 23 44 15 20 7 18 

Inst_Index:9504 	 City_Num:50 	 Concorde:0.055581 	 MCTS:5.558057 Improve:0.000000 	 Time:5.00 Seconds
Solution: 1 24 43 36 6 13 28 23 26 34 50 47 17 10 48 49 32 15 29 19 39 38 18 40 45 22 31 9 16 46 5 35 21 30 20 37 33 25 8 12 4 11 3 2 44 7 41 14 42 27 

Inst_Index:9505 	 City_Num:50 	 Concorde:0.061837 	 MCTS:6.177025 Improve:0.006698 	 Time:5.01 Seconds
Solution: 1 24 48 13 2 41 22 3 37 18 44 19 15 39 29 9 23 10 50 14 38 26 34 28 4 49 8 16 36 11 27 40 25 30 32 46 7 31 43 35 47 21 20 12 5 33 17 42 6 45 

Inst_Index:9506 	 City_Num:50 	 Concorde:0.052897 	 MCTS:5.282578 Improve:0.007074 	 Time:5.01 Seconds
Solution: 1 33 34 32 18 17 30 9 40 48 14 22 25 11 3 39 42 44 8 6 47 45 37 43 13 35 29 20 46 2 10 36 41 23 7 21 19 12 50 4 31 26 28 24 27 16 49 38 15 5 

Inst_Index:9507 	 City_Num:50 	 Concorde:0.057720 	 MCTS:5.793111 Improve:-0.021124 	 Time:5.00 Seconds
Solution: 1 7 48 12 38 8 5 44 26 41 13 18 45 16 33 6 2 15 37 4 39 19 10 35 9 32 3 29 47 31 40 25 34 30 46 28 17 24 22 21 42 36 43 50 49 20 27 14 11 23 

Inst_Index:9508 	 City_Num:50 	 Concorde:0.056547 	 MCTS:5.654676 Improve:-0.000000 	 Time:5.00 Seconds
Solution: 1 29 20 18 25 4 24 26 43 16 31 15 6 2 19 5 21 39 47 37 7 3 41 9 8 12 30 40 23 27 42 11 28 50 17 35 34 46 48 36 32 14 22 33 49 38 10 45 13 44 

Inst_Index:9509 	 City_Num:50 	 Concorde:0.058931 	 MCTS:5.893083 Improve:-0.000000 	 Time:5.00 Seconds
Solution: 1 13 44 3 41 50 47 29 16 7 34 46 27 30 49 33 22 39 26 19 42 25 5 36 45 9 11 14 43 4 28 17 10 37 21 8 12 23 24 40 31 35 6 2 32 38 20 15 48 18 

Inst_Index:9510 	 City_Num:50 	 Concorde:0.056461 	 MCTS:5.646149 Improve:0.000000 	 Time:5.00 Seconds
Solution: 1 15 46 8 12 44 9 23 13 45 19 7 34 28 42 20 27 40 17 35 41 39 47 18 50 37 5 26 2 43 38 4 36 16 21 49 6 24 11 48 22 33 29 30 14 32 3 10 31 25 

Inst_Index:9511 	 City_Num:50 	 Concorde:0.057017 	 MCTS:5.701716 Improve:-0.000000 	 Time:5.00 Seconds
Solution: 1 13 17 14 8 36 26 16 41 35 9 29 32 15 4 38 30 7 37 28 46 20 23 39 12 3 42 18 5 47 45 25 10 49 11 27 48 24 19 6 43 44 21 2 31 22 34 40 33 50 

Inst_Index:9512 	 City_Num:50 	 Concorde:0.056869 	 MCTS:5.686886 Improve:0.000000 	 Time:5.00 Seconds
Solution: 1 31 22 27 23 35 24 8 11 33 12 42 37 39 25 38 18 44 19 3 47 9 17 15 4 43 41 50 45 28 7 13 26 10 36 48 2 49 32 5 21 20 34 30 14 40 29 6 46 16 

Inst_Index:9513 	 City_Num:50 	 Concorde:0.053514 	 MCTS:5.350921 Improve:0.000443 	 Time:5.02 Seconds
Solution: 1 9 25 22 36 24 3 35 39 2 13 48 12 5 26 14 41 34 6 11 30 8 28 16 50 27 47 38 20 29 31 18 49 37 40 45 43 4 44 19 17 23 46 7 15 33 32 21 42 10 

Inst_Index:9514 	 City_Num:50 	 Concorde:0.054427 	 MCTS:5.442689 Improve:0.000000 	 Time:5.00 Seconds
Solution: 1 10 36 31 2 4 32 39 11 23 13 5 30 49 37 17 7 18 16 9 21 44 12 34 46 47 20 19 27 24 15 45 25 8 33 22 43 26 28 38 41 48 50 14 29 6 3 42 35 40 

Inst_Index:9515 	 City_Num:50 	 Concorde:0.058334 	 MCTS:5.833410 Improve:-0.000000 	 Time:5.00 Seconds
Solution: 1 46 45 39 14 24 9 23 30 37 44 11 40 26 43 25 12 18 28 50 31 38 34 2 17 35 42 22 29 10 16 49 47 41 20 19 13 27 7 15 32 21 33 5 6 4 3 8 48 36 

Inst_Index:9516 	 City_Num:50 	 Concorde:0.059986 	 MCTS:5.998598 Improve:0.000000 	 Time:5.00 Seconds
Solution: 1 19 36 31 37 23 8 14 49 22 7 21 28 17 16 35 20 42 41 9 39 24 2 34 45 6 32 15 4 44 46 40 27 10 29 12 26 11 43 30 48 13 50 3 25 47 18 38 33 5 

Inst_Index:9517 	 City_Num:50 	 Concorde:0.060816 	 MCTS:6.081630 Improve:0.000000 	 Time:5.00 Seconds
Solution: 1 34 27 7 36 21 40 43 3 47 45 20 38 41 13 5 9 49 46 29 22 33 35 24 25 30 10 39 17 44 42 16 32 31 48 18 15 4 11 6 50 2 19 14 8 12 26 23 37 28 

Inst_Index:9518 	 City_Num:50 	 Concorde:0.059115 	 MCTS:5.911468 Improve:0.000000 	 Time:5.00 Seconds
Solution: 1 49 20 18 4 12 46 27 26 32 3 6 30 33 50 13 19 40 10 11 38 21 35 14 28 9 39 47 36 17 45 43 24 34 23 44 37 15 31 16 8 7 2 41 22 42 48 25 5 29 

Inst_Index:9519 	 City_Num:50 	 Concorde:0.057496 	 MCTS:5.749561 Improve:0.000000 	 Time:5.00 Seconds
Solution: 1 43 28 11 23 24 32 37 34 6 3 36 41 10 48 16 19 47 21 46 18 13 33 39 9 44 20 14 27 40 38 45 25 15 31 29 7 30 35 49 2 50 26 17 4 12 8 22 5 42 

Inst_Index:9520 	 City_Num:50 	 Concorde:0.055247 	 MCTS:5.518588 Improve:0.006104 	 Time:5.00 Seconds
Solution: 1 50 47 16 8 11 29 33 39 48 37 42 30 3 49 45 5 32 12 44 43 41 17 18 25 31 2 15 13 22 34 27 7 24 10 9 23 40 36 21 26 4 35 19 6 38 28 14 20 46 

Inst_Index:9521 	 City_Num:50 	 Concorde:0.055545 	 MCTS:5.554466 Improve:0.000000 	 Time:5.00 Seconds
Solution: 1 43 24 31 5 17 35 10 3 9 29 13 46 15 23 42 34 22 33 21 8 32 41 30 19 2 50 37 39 11 12 14 27 45 18 44 25 28 16 7 47 38 20 4 49 26 48 40 6 36 

Inst_Index:9522 	 City_Num:50 	 Concorde:0.060508 	 MCTS:6.050848 Improve:0.000000 	 Time:5.00 Seconds
Solution: 1 50 45 8 41 18 12 35 42 22 7 2 46 34 44 9 31 19 5 13 11 38 6 23 49 39 32 16 17 20 24 36 26 47 21 37 25 40 29 4 43 14 30 28 33 15 48 27 3 10 

Inst_Index:9523 	 City_Num:50 	 Concorde:0.057967 	 MCTS:5.796722 Improve:0.000000 	 Time:5.00 Seconds
Solution: 1 2 19 16 23 28 43 25 20 27 41 22 18 38 21 9 44 47 5 46 15 11 30 42 50 35 48 7 36 32 24 49 26 45 10 13 37 12 3 4 6 31 29 17 40 8 33 39 34 14 

Inst_Index:9524 	 City_Num:50 	 Concorde:0.055467 	 MCTS:5.546322 Improve:0.000426 	 Time:5.00 Seconds
Solution: 1 33 11 48 35 29 31 37 30 15 49 14 50 17 27 36 47 42 9 45 5 19 41 44 21 28 26 4 34 13 6 12 2 16 23 7 24 22 18 25 40 8 43 38 10 46 39 20 3 32 

Inst_Index:9525 	 City_Num:50 	 Concorde:0.058532 	 MCTS:5.853184 Improve:0.000000 	 Time:5.00 Seconds
Solution: 1 30 25 12 49 14 44 7 27 13 19 40 38 32 10 37 29 18 46 33 39 5 35 8 47 34 42 36 3 50 26 48 45 17 20 22 16 31 6 28 2 43 24 23 9 15 41 11 21 4 

Inst_Index:9526 	 City_Num:50 	 Concorde:0.059425 	 MCTS:5.940026 Improve:0.002461 	 Time:5.00 Seconds
Solution: 1 14 2 37 8 44 31 18 21 38 46 42 17 16 28 36 15 29 3 48 19 34 7 5 35 33 41 39 12 22 4 49 9 30 47 32 50 13 26 43 45 40 27 24 25 6 11 10 23 20 

Inst_Index:9527 	 City_Num:50 	 Concorde:0.058555 	 MCTS:5.856686 Improve:-0.001141 	 Time:5.00 Seconds
Solution: 1 9 28 40 10 45 33 18 21 30 43 16 50 36 4 38 13 46 3 44 29 42 20 32 24 48 7 6 35 25 17 34 22 8 26 47 5 49 14 12 2 27 11 23 37 19 15 41 31 39 

Inst_Index:9528 	 City_Num:50 	 Concorde:0.051944 	 MCTS:5.192895 Improve:0.001493 	 Time:5.00 Seconds
Solution: 1 19 49 17 22 15 2 36 29 48 8 34 45 33 40 35 13 38 44 30 6 42 11 18 43 12 10 28 23 50 5 21 27 7 46 26 24 3 4 32 9 37 39 41 20 14 31 16 25 47 

Inst_Index:9529 	 City_Num:50 	 Concorde:0.057762 	 MCTS:5.776221 Improve:-0.000000 	 Time:5.01 Seconds
Solution: 1 33 6 5 9 13 16 31 18 36 27 44 43 35 7 4 3 50 2 22 11 12 32 42 41 17 28 10 15 34 23 24 38 48 37 19 47 21 14 40 26 30 45 20 29 25 46 8 39 49 

Inst_Index:9530 	 City_Num:50 	 Concorde:0.055869 	 MCTS:5.582192 Improve:0.004703 	 Time:5.01 Seconds
Solution: 1 44 48 3 47 15 42 35 7 8 25 10 5 46 9 11 31 29 4 14 13 17 12 45 32 37 27 22 18 33 34 2 26 21 40 23 41 30 39 24 16 6 38 36 20 19 49 43 28 50 

Inst_Index:9531 	 City_Num:50 	 Concorde:0.060270 	 MCTS:6.026212 Improve:0.000832 	 Time:5.00 Seconds
Solution: 1 38 24 3 25 10 41 39 31 50 16 26 32 18 13 21 22 35 14 12 5 20 33 42 11 48 40 29 45 15 23 8 34 49 7 27 4 17 44 19 6 36 37 30 2 43 46 9 47 28 

Inst_Index:9532 	 City_Num:50 	 Concorde:0.057402 	 MCTS:5.738929 Improve:0.001251 	 Time:5.00 Seconds
Solution: 1 44 11 6 21 18 50 10 9 4 47 37 16 28 35 25 40 8 43 13 32 2 30 29 49 22 27 20 33 15 38 34 48 24 36 39 31 3 17 45 12 46 41 42 14 19 7 26 5 23 

Inst_Index:9533 	 City_Num:50 	 Concorde:0.058575 	 MCTS:5.857515 Improve:0.000000 	 Time:5.01 Seconds
Solution: 1 9 26 7 47 30 38 5 4 43 2 6 27 21 50 24 23 48 36 19 28 25 3 32 12 17 10 42 31 41 49 40 20 15 8 22 16 14 34 37 11 29 44 13 45 46 18 39 33 35 

Inst_Index:9534 	 City_Num:50 	 Concorde:0.055327 	 MCTS:5.532734 Improve:0.000000 	 Time:5.01 Seconds
Solution: 1 3 7 29 49 44 26 35 46 33 27 22 10 5 8 21 40 36 18 38 25 42 11 28 24 37 30 45 13 15 16 31 23 2 19 17 12 6 43 34 39 9 50 4 47 41 14 32 20 48 

Inst_Index:9535 	 City_Num:50 	 Concorde:0.058171 	 MCTS:5.813878 Improve:0.003183 	 Time:5.00 Seconds
Solution: 1 47 12 39 11 46 3 4 44 10 8 36 41 28 7 50 25 29 18 49 34 14 33 30 31 40 38 13 27 32 24 6 9 26 21 42 17 37 23 35 22 20 48 45 16 19 2 15 5 43 

Inst_Index:9536 	 City_Num:50 	 Concorde:0.060258 	 MCTS:6.024370 Improve:0.001433 	 Time:5.00 Seconds
Solution: 1 32 35 38 24 42 12 11 30 18 39 7 22 21 16 28 19 9 27 20 13 14 45 34 46 6 17 37 5 2 33 41 43 49 15 10 29 23 31 44 4 47 40 8 3 26 36 25 50 48 

Inst_Index:9537 	 City_Num:50 	 Concorde:0.056929 	 MCTS:5.692937 Improve:0.000000 	 Time:5.01 Seconds
Solution: 1 25 42 37 29 41 39 6 34 7 26 33 4 15 45 2 47 38 10 32 22 12 50 24 28 13 44 18 8 43 3 46 11 16 20 17 40 30 5 14 36 27 19 49 9 31 21 23 35 48 

Inst_Index:9538 	 City_Num:50 	 Concorde:0.054808 	 MCTS:5.480766 Improve:0.000000 	 Time:5.01 Seconds
Solution: 1 45 48 20 3 37 49 47 38 30 36 19 40 11 5 42 35 21 27 46 6 4 12 9 25 31 24 17 15 29 7 2 23 26 50 14 33 10 18 43 41 32 13 22 16 44 28 34 39 8 

Inst_Index:9539 	 City_Num:50 	 Concorde:0.054271 	 MCTS:5.427113 Improve:0.000000 	 Time:5.01 Seconds
Solution: 1 21 9 17 5 12 24 7 49 41 30 47 28 16 20 25 22 19 36 48 37 10 4 42 32 2 44 3 33 8 6 34 13 31 23 40 15 43 27 11 50 18 14 29 45 35 46 39 38 26 

Inst_Index:9540 	 City_Num:50 	 Concorde:0.058476 	 MCTS:5.847647 Improve:0.000000 	 Time:5.00 Seconds
Solution: 1 14 22 2 18 10 31 8 44 28 24 47 17 25 34 4 12 16 37 23 26 45 50 48 3 6 13 19 38 30 29 15 46 40 49 42 11 7 21 36 9 39 35 32 27 43 41 5 33 20 

Inst_Index:9541 	 City_Num:50 	 Concorde:0.054040 	 MCTS:5.404012 Improve:0.000000 	 Time:5.00 Seconds
Solution: 1 13 17 29 22 19 26 42 36 39 25 48 45 27 16 33 23 8 40 7 31 14 21 44 47 30 6 38 43 34 18 11 24 46 41 3 32 5 15 2 20 10 49 37 50 35 12 9 4 28 

Inst_Index:9542 	 City_Num:50 	 Concorde:0.056538 	 MCTS:5.653755 Improve:0.000000 	 Time:5.00 Seconds
Solution: 1 41 30 49 15 10 24 2 28 12 18 16 29 38 21 13 34 35 14 3 39 43 40 36 42 11 23 17 27 50 37 8 45 32 4 46 9 19 31 44 20 33 7 22 47 6 48 25 26 5 

Inst_Index:9543 	 City_Num:50 	 Concorde:0.060295 	 MCTS:6.029487 Improve:0.000000 	 Time:5.00 Seconds
Solution: 1 44 15 23 50 47 37 35 5 9 34 31 4 8 11 29 33 24 32 18 17 46 45 19 21 43 16 22 10 25 36 41 6 28 14 38 2 42 27 3 26 13 20 30 49 39 48 12 40 7 

Inst_Index:9544 	 City_Num:50 	 Concorde:0.056048 	 MCTS:5.597268 Improve:0.007543 	 Time:5.01 Seconds
Solution: 1 9 19 31 16 11 47 44 15 32 26 49 50 18 29 23 37 30 33 4 36 6 8 14 3 42 27 45 7 12 40 21 10 22 39 5 48 43 46 38 35 28 34 25 17 13 20 2 41 24 

Inst_Index:9545 	 City_Num:50 	 Concorde:0.062698 	 MCTS:6.269841 Improve:0.000000 	 Time:5.00 Seconds
Solution: 1 47 13 39 20 49 50 2 45 34 44 48 29 30 10 42 18 32 8 21 31 4 5 38 7 46 40 28 41 15 3 27 6 35 23 11 12 14 36 17 43 33 37 22 25 26 16 24 19 9 

Inst_Index:9546 	 City_Num:50 	 Concorde:0.058670 	 MCTS:5.866975 Improve:0.000000 	 Time:5.00 Seconds
Solution: 1 32 13 46 16 20 3 24 38 14 27 39 47 36 18 49 5 45 35 22 25 26 10 4 2 19 11 23 8 42 34 28 37 29 31 50 21 17 12 44 41 40 7 9 33 6 48 15 30 43 

Inst_Index:9547 	 City_Num:50 	 Concorde:0.055101 	 MCTS:5.509298 Improve:0.000777 	 Time:5.00 Seconds
Solution: 1 23 48 36 31 44 29 50 16 41 35 22 3 26 5 8 27 14 33 24 2 18 30 17 38 47 19 10 6 7 21 39 11 34 4 42 45 12 25 9 20 49 15 46 13 37 32 28 40 43 

Inst_Index:9548 	 City_Num:50 	 Concorde:0.058955 	 MCTS:5.893292 Improve:0.002162 	 Time:5.00 Seconds
Solution: 1 16 22 40 43 6 35 23 2 48 15 30 9 26 41 32 44 17 29 12 21 7 33 50 25 3 31 39 28 11 14 49 8 45 46 24 13 27 34 4 42 37 18 38 20 5 10 47 19 36 

Inst_Index:9549 	 City_Num:50 	 Concorde:0.055745 	 MCTS:5.574494 Improve:0.000000 	 Time:5.00 Seconds
Solution: 1 32 41 24 26 4 15 2 44 42 36 17 50 5 27 12 28 18 30 33 31 11 34 6 13 9 39 49 14 10 23 29 43 48 37 21 20 16 7 38 35 3 25 8 22 46 40 45 47 19 

Inst_Index:9550 	 City_Num:50 	 Concorde:0.054823 	 MCTS:5.475732 Improve:0.006598 	 Time:5.00 Seconds
Solution: 1 15 28 10 38 27 34 8 42 16 4 5 17 20 2 13 33 37 40 31 36 45 24 14 29 18 25 19 30 7 41 35 12 49 50 21 46 6 22 23 26 11 32 48 3 39 47 43 9 44 

Inst_Index:9551 	 City_Num:50 	 Concorde:0.057847 	 MCTS:5.784723 Improve:0.000000 	 Time:5.00 Seconds
Solution: 1 45 32 49 41 3 17 27 36 14 30 31 28 11 12 44 5 40 19 24 46 37 16 4 42 50 43 33 2 39 34 8 18 29 35 25 47 22 48 9 6 20 15 13 38 10 26 23 21 7 

Inst_Index:9552 	 City_Num:50 	 Concorde:0.054847 	 MCTS:5.484413 Improve:0.000273 	 Time:5.00 Seconds
Solution: 1 8 10 27 32 7 17 36 41 11 9 25 18 46 15 49 34 16 3 43 33 24 42 5 4 12 45 28 31 40 37 13 21 29 38 39 20 6 48 26 47 50 22 44 14 35 2 23 30 19 

Inst_Index:9553 	 City_Num:50 	 Concorde:0.056234 	 MCTS:5.623290 Improve:0.000104 	 Time:5.00 Seconds
Solution: 1 17 6 44 30 9 36 26 24 25 48 18 13 12 16 33 28 45 43 21 49 37 5 46 31 39 20 34 32 47 35 50 23 15 40 4 14 19 11 10 41 2 38 29 22 7 42 8 3 27 

Inst_Index:9554 	 City_Num:50 	 Concorde:0.053792 	 MCTS:5.378710 Improve:0.000455 	 Time:5.00 Seconds
Solution: 1 45 46 50 8 26 15 24 14 27 20 31 40 42 41 47 4 18 22 49 35 9 6 7 39 21 30 2 12 44 11 36 38 16 13 23 10 19 34 25 17 43 28 48 33 32 29 37 3 5 

Inst_Index:9555 	 City_Num:50 	 Concorde:0.053902 	 MCTS:5.390241 Improve:0.000000 	 Time:5.00 Seconds
Solution: 1 28 43 14 46 21 20 48 4 6 19 38 37 10 3 24 29 11 31 49 39 5 30 13 33 9 23 32 26 50 7 40 42 22 16 17 2 35 12 25 45 15 44 27 18 34 8 47 41 36 

Inst_Index:9556 	 City_Num:50 	 Concorde:0.056994 	 MCTS:5.699420 Improve:-0.000000 	 Time:5.00 Seconds
Solution: 1 43 6 46 16 37 49 19 31 20 7 38 39 28 22 34 30 13 44 27 10 14 25 8 3 15 5 50 4 26 35 36 11 41 45 48 12 32 18 33 47 40 23 42 24 21 9 29 2 17 

Inst_Index:9557 	 City_Num:50 	 Concorde:0.060381 	 MCTS:6.038135 Improve:-0.000000 	 Time:5.00 Seconds
Solution: 1 31 48 23 40 49 42 7 34 18 26 20 41 50 12 10 44 30 36 14 32 9 6 15 4 5 16 21 28 11 19 2 35 13 45 33 24 46 39 8 25 47 3 27 38 43 37 17 29 22 

Inst_Index:9558 	 City_Num:50 	 Concorde:0.056414 	 MCTS:5.641365 Improve:0.000000 	 Time:5.00 Seconds
Solution: 1 22 49 36 46 27 13 23 38 3 44 9 20 19 6 29 30 47 34 41 26 10 5 15 37 21 18 11 42 39 14 17 48 8 25 12 24 16 40 50 45 7 32 2 43 31 4 28 35 33 

Inst_Index:9559 	 City_Num:50 	 Concorde:0.058094 	 MCTS:5.809397 Improve:0.000000 	 Time:5.00 Seconds
Solution: 1 37 26 38 28 8 2 12 43 16 39 46 22 5 3 49 9 7 48 35 44 10 24 32 34 30 17 31 20 36 27 11 21 4 40 23 45 33 47 25 41 42 14 13 18 6 29 50 15 19 

Inst_Index:9560 	 City_Num:50 	 Concorde:0.053442 	 MCTS:5.341935 Improve:0.002226 	 Time:5.00 Seconds
Solution: 1 42 26 41 50 2 19 34 3 6 47 7 37 17 22 27 31 20 35 11 39 38 24 25 8 49 28 14 36 40 46 15 13 30 44 32 23 10 16 29 5 18 9 45 43 21 4 12 48 33 

Inst_Index:9561 	 City_Num:50 	 Concorde:0.056874 	 MCTS:5.687399 Improve:0.000000 	 Time:5.00 Seconds
Solution: 1 27 21 20 11 23 13 37 41 34 48 19 22 33 30 39 4 12 9 31 24 36 17 6 7 46 10 44 8 5 45 50 18 28 49 14 38 42 26 29 40 35 3 47 2 43 32 16 25 15 

Inst_Index:9562 	 City_Num:50 	 Concorde:0.058925 	 MCTS:5.892471 Improve:0.000000 	 Time:5.00 Seconds
Solution: 1 44 42 10 28 25 21 17 3 23 11 19 50 47 4 30 12 22 38 5 8 31 14 33 9 27 24 41 39 15 29 20 34 18 37 45 16 7 6 40 26 2 35 49 32 36 48 13 46 43 

Inst_Index:9563 	 City_Num:50 	 Concorde:0.055945 	 MCTS:5.594484 Improve:0.000000 	 Time:5.00 Seconds
Solution: 1 20 26 49 50 42 39 21 38 30 23 33 41 29 46 37 19 14 40 34 32 43 24 22 31 16 44 13 25 5 7 4 6 2 35 27 3 18 9 45 17 36 11 10 12 8 48 47 15 28 

Inst_Index:9564 	 City_Num:50 	 Concorde:0.056577 	 MCTS:5.644395 Improve:0.013262 	 Time:5.00 Seconds
Solution: 1 42 5 12 43 3 33 35 15 44 27 38 22 50 4 28 13 10 11 14 21 2 37 19 20 46 24 30 8 34 45 9 6 25 18 40 47 48 31 49 41 36 23 29 7 32 16 26 17 39 

Inst_Index:9565 	 City_Num:50 	 Concorde:0.052466 	 MCTS:5.245689 Improve:0.000894 	 Time:5.00 Seconds
Solution: 1 50 32 44 14 25 38 35 8 47 49 18 3 28 29 48 13 11 12 7 36 2 40 6 23 4 19 21 5 26 16 24 27 31 39 10 46 30 43 17 15 45 9 22 33 42 34 37 20 41 

Inst_Index:9566 	 City_Num:50 	 Concorde:0.059056 	 MCTS:5.905647 Improve:0.000000 	 Time:5.00 Seconds
Solution: 1 21 42 39 11 19 26 46 28 3 13 20 41 29 5 23 47 9 17 2 16 18 43 6 33 38 24 40 37 48 32 45 22 35 4 27 36 10 25 8 14 30 15 7 34 31 49 50 44 12 

Inst_Index:9567 	 City_Num:50 	 Concorde:0.057733 	 MCTS:5.773336 Improve:0.000000 	 Time:5.00 Seconds
Solution: 1 43 31 37 30 33 3 47 2 16 27 38 32 41 49 11 17 50 18 36 29 42 8 5 9 13 20 15 35 22 45 7 40 26 4 19 48 24 46 34 39 21 10 23 28 44 6 12 14 25 

Inst_Index:9568 	 City_Num:50 	 Concorde:0.058060 	 MCTS:5.805988 Improve:0.000000 	 Time:5.00 Seconds
Solution: 1 13 34 35 10 48 20 29 36 18 28 3 23 27 5 26 14 44 6 43 9 15 37 39 24 40 21 19 31 45 7 8 33 41 49 46 16 38 25 17 12 42 47 4 11 50 32 22 30 2 

Inst_Index:9569 	 City_Num:50 	 Concorde:0.059909 	 MCTS:5.990626 Improve:0.000224 	 Time:5.00 Seconds
Solution: 1 26 33 46 25 16 45 14 13 11 22 10 40 2 31 23 41 37 34 6 32 9 42 29 36 43 18 44 49 17 5 19 20 35 47 7 27 28 12 30 38 48 15 39 21 50 3 8 24 4 

Inst_Index:9570 	 City_Num:50 	 Concorde:0.055360 	 MCTS:5.532879 Improve:0.003105 	 Time:5.00 Seconds
Solution: 1 31 28 20 26 40 41 16 9 8 34 47 50 39 23 27 3 48 15 19 36 35 30 5 29 12 18 46 2 44 38 43 24 13 49 33 14 6 42 21 45 22 10 17 7 32 37 25 11 4 

Inst_Index:9571 	 City_Num:50 	 Concorde:0.058825 	 MCTS:5.879573 Improve:0.002916 	 Time:5.00 Seconds
Solution: 1 39 38 28 30 11 9 42 26 19 18 5 3 23 8 49 48 6 13 29 34 2 45 15 24 14 44 25 16 10 41 4 27 7 47 22 36 35 32 31 21 43 20 17 33 12 37 50 46 40 

Inst_Index:9572 	 City_Num:50 	 Concorde:0.058814 	 MCTS:5.881394 Improve:0.000000 	 Time:5.00 Seconds
Solution: 1 34 45 14 10 19 36 23 2 26 11 37 42 16 20 32 3 38 30 12 43 25 7 50 17 18 6 24 40 22 8 35 46 27 21 15 5 44 4 33 9 41 39 13 31 29 28 47 49 48 

Inst_Index:9573 	 City_Num:50 	 Concorde:0.056346 	 MCTS:5.647919 Improve:-0.013303 	 Time:5.00 Seconds
Solution: 1 27 9 47 33 34 50 12 17 37 8 6 30 16 29 28 20 44 31 5 14 19 41 42 26 15 49 32 39 21 4 40 23 3 24 7 46 35 38 45 2 10 43 11 36 13 25 48 18 22 

Inst_Index:9574 	 City_Num:50 	 Concorde:0.058808 	 MCTS:5.880832 Improve:0.000000 	 Time:5.01 Seconds
Solution: 1 13 25 14 15 20 42 23 36 5 41 4 28 47 46 39 49 7 24 3 18 30 8 43 44 16 22 26 21 6 33 2 32 29 17 40 34 10 50 12 38 9 35 11 45 48 27 19 37 31 

Inst_Index:9575 	 City_Num:50 	 Concorde:0.054786 	 MCTS:5.473395 Improve:0.005246 	 Time:5.00 Seconds
Solution: 1 24 34 21 19 6 3 35 15 46 8 25 2 7 5 45 30 27 50 26 22 49 42 43 38 48 36 39 10 9 44 28 13 29 16 37 41 40 47 33 32 17 14 11 18 12 4 31 20 23 

Inst_Index:9576 	 City_Num:50 	 Concorde:0.055586 	 MCTS:5.556271 Improve:0.002331 	 Time:5.00 Seconds
Solution: 1 4 19 24 8 36 31 26 18 41 40 38 9 16 12 20 43 39 15 25 42 21 7 46 48 14 50 2 29 45 10 37 33 35 3 23 44 28 32 6 30 17 49 5 13 11 22 47 27 34 

Inst_Index:9577 	 City_Num:50 	 Concorde:0.059665 	 MCTS:5.966459 Improve:-0.000000 	 Time:5.00 Seconds
Solution: 1 45 3 6 38 17 7 2 11 46 21 15 31 18 25 35 28 22 10 32 43 23 40 13 19 42 27 5 16 44 24 41 26 49 29 8 39 12 4 30 48 47 33 36 14 34 20 9 37 50 

Inst_Index:9578 	 City_Num:50 	 Concorde:0.056310 	 MCTS:5.630501 Improve:0.000475 	 Time:5.00 Seconds
Solution: 1 36 18 5 8 43 38 39 40 35 49 3 37 28 26 44 25 33 10 48 20 50 24 34 27 12 16 29 46 30 32 14 31 4 41 7 21 13 23 47 17 19 22 45 42 15 9 6 11 2 

Inst_Index:9579 	 City_Num:50 	 Concorde:0.058041 	 MCTS:5.804139 Improve:0.000000 	 Time:5.00 Seconds
Solution: 1 34 7 13 47 23 20 36 8 28 15 35 26 32 16 48 21 3 46 5 18 50 19 40 4 37 6 27 42 33 17 49 38 9 31 39 10 30 11 44 29 41 2 24 14 25 22 12 43 45 

Inst_Index:9580 	 City_Num:50 	 Concorde:0.054651 	 MCTS:5.488224 Improve:-0.023121 	 Time:5.00 Seconds
Solution: 1 23 32 37 13 11 43 10 30 46 4 3 15 42 7 48 20 2 50 26 39 31 49 29 35 9 12 28 33 38 21 44 24 19 47 14 45 18 5 34 40 25 6 41 27 16 8 17 22 36 

Inst_Index:9581 	 City_Num:50 	 Concorde:0.055734 	 MCTS:5.572757 Improve:0.000690 	 Time:5.00 Seconds
Solution: 1 11 9 18 32 47 42 24 30 6 5 38 36 22 23 37 15 20 19 31 2 44 25 8 17 34 43 7 33 3 29 39 48 21 46 50 27 12 45 13 10 16 49 14 28 41 35 26 4 40 

Inst_Index:9582 	 City_Num:50 	 Concorde:0.055956 	 MCTS:5.595591 Improve:-0.000000 	 Time:5.01 Seconds
Solution: 1 6 43 39 48 23 40 3 29 18 30 16 4 15 12 17 8 5 32 37 36 10 24 42 50 11 2 45 31 38 28 33 25 22 47 27 46 49 20 13 44 35 9 19 34 14 21 26 7 41 

Inst_Index:9583 	 City_Num:50 	 Concorde:0.059258 	 MCTS:5.925782 Improve:0.000000 	 Time:5.00 Seconds
Solution: 1 35 38 22 29 34 39 45 8 6 17 10 36 50 28 32 27 20 15 2 23 37 48 26 30 5 21 43 7 47 12 14 16 9 25 31 4 24 13 18 40 46 41 44 42 49 19 33 11 3 

Inst_Index:9584 	 City_Num:50 	 Concorde:0.056635 	 MCTS:5.663494 Improve:0.000000 	 Time:5.00 Seconds
Solution: 1 34 26 37 50 35 42 43 27 10 17 36 32 47 7 44 15 41 24 5 12 39 40 3 22 45 23 28 49 33 46 16 29 38 2 25 8 30 14 48 20 21 18 4 6 11 19 13 31 9 

Inst_Index:9585 	 City_Num:50 	 Concorde:0.058490 	 MCTS:5.849007 Improve:0.000000 	 Time:5.00 Seconds
Solution: 1 50 42 3 7 18 11 35 29 38 14 28 20 36 12 24 27 23 8 46 21 43 40 17 31 33 45 30 15 2 22 39 19 47 13 10 5 48 49 26 25 34 41 4 32 37 44 6 16 9 

Inst_Index:9586 	 City_Num:50 	 Concorde:0.059097 	 MCTS:5.909684 Improve:0.000000 	 Time:5.02 Seconds
Solution: 1 43 41 35 13 6 8 29 21 20 18 2 5 7 4 9 27 32 24 11 45 28 23 26 25 38 17 19 15 14 3 44 34 48 16 40 31 39 30 50 42 10 12 37 36 46 47 22 33 49 

Inst_Index:9587 	 City_Num:50 	 Concorde:0.057741 	 MCTS:5.774065 Improve:-0.000000 	 Time:5.00 Seconds
Solution: 1 20 31 35 34 18 47 29 41 16 11 40 42 8 6 7 15 36 28 22 43 13 4 3 10 48 49 30 33 32 25 45 5 39 44 2 37 19 17 38 26 21 23 24 12 14 46 9 27 50 

Inst_Index:9588 	 City_Num:50 	 Concorde:0.056094 	 MCTS:5.609427 Improve:0.000000 	 Time:5.01 Seconds
Solution: 1 35 9 50 7 25 19 38 23 11 30 37 49 41 10 21 2 33 29 39 8 46 31 28 14 22 3 16 24 15 5 48 32 12 40 13 27 44 34 42 45 36 4 43 26 17 20 47 18 6 

Inst_Index:9589 	 City_Num:50 	 Concorde:0.056635 	 MCTS:5.663486 Improve:0.000000 	 Time:5.00 Seconds
Solution: 1 45 21 12 33 41 30 13 29 31 14 3 49 46 19 39 8 32 47 36 48 5 28 24 23 37 25 34 7 43 15 18 38 4 22 10 50 26 6 20 40 42 35 27 44 11 9 2 16 17 

Inst_Index:9590 	 City_Num:50 	 Concorde:0.059323 	 MCTS:5.932279 Improve:0.000000 	 Time:5.01 Seconds
Solution: 1 42 29 47 12 6 2 15 8 24 38 35 23 13 32 27 22 3 19 46 44 39 5 9 43 7 26 40 17 20 50 30 16 11 37 18 36 48 25 21 34 14 49 41 33 4 31 28 45 10 

Inst_Index:9591 	 City_Num:50 	 Concorde:0.054317 	 MCTS:5.431693 Improve:0.000000 	 Time:5.00 Seconds
Solution: 1 2 45 22 32 37 16 33 3 38 41 40 29 42 50 21 49 6 18 19 14 46 13 9 7 10 23 24 27 35 15 17 48 11 4 44 8 47 20 26 30 34 12 5 31 25 39 36 43 28 

Inst_Index:9592 	 City_Num:50 	 Concorde:0.058048 	 MCTS:5.804776 Improve:0.000000 	 Time:5.00 Seconds
Solution: 1 9 32 11 39 19 38 23 25 31 29 3 33 35 17 36 47 45 28 18 5 44 30 13 48 40 7 26 37 20 4 41 27 22 49 6 24 42 46 8 34 12 16 14 10 15 21 2 50 43 

Inst_Index:9593 	 City_Num:50 	 Concorde:0.054387 	 MCTS:5.437016 Improve:0.001653 	 Time:5.00 Seconds
Solution: 1 30 47 8 48 20 21 50 35 32 7 10 27 25 26 12 29 34 5 11 41 38 15 37 45 19 13 9 14 39 44 46 36 33 28 16 18 17 4 24 40 22 31 6 43 2 23 42 3 49 

Inst_Index:9594 	 City_Num:50 	 Concorde:0.055126 	 MCTS:5.512500 Improve:0.000056 	 Time:5.01 Seconds
Solution: 1 15 37 21 25 14 13 50 31 18 36 10 42 11 22 24 23 48 32 9 16 6 49 28 5 19 7 4 39 29 17 41 43 34 12 26 27 20 45 3 38 44 35 46 8 30 40 2 33 47 

Inst_Index:9595 	 City_Num:50 	 Concorde:0.055901 	 MCTS:5.590146 Improve:0.000000 	 Time:5.00 Seconds
Solution: 1 26 31 44 9 47 29 45 40 20 6 21 15 32 34 10 43 18 48 50 19 13 33 49 24 23 28 35 27 25 16 14 5 37 38 41 2 30 22 4 11 12 46 36 7 39 3 8 42 17 

Inst_Index:9596 	 City_Num:50 	 Concorde:0.058698 	 MCTS:5.867110 Improve:0.002737 	 Time:5.01 Seconds
Solution: 1 3 40 14 22 44 45 47 49 20 18 50 29 39 16 34 2 15 31 32 46 43 25 48 17 19 27 8 11 12 33 9 6 10 24 35 36 23 28 37 30 21 4 7 41 42 5 13 38 26 

Inst_Index:9597 	 City_Num:50 	 Concorde:0.053849 	 MCTS:5.384865 Improve:0.000000 	 Time:5.00 Seconds
Solution: 1 25 27 16 43 45 48 35 42 50 31 11 32 23 7 34 20 49 30 26 36 15 13 14 10 22 33 18 21 3 4 19 2 41 39 46 5 38 8 47 29 40 12 6 37 9 24 17 44 28 

Inst_Index:9598 	 City_Num:50 	 Concorde:0.058240 	 MCTS:5.823955 Improve:-0.000000 	 Time:5.00 Seconds
Solution: 1 24 50 45 22 37 33 40 41 25 18 27 12 39 32 23 31 49 43 8 16 48 38 47 10 13 28 4 14 44 17 7 2 29 42 46 9 36 35 30 34 5 11 3 21 15 19 6 20 26 

Inst_Index:9599 	 City_Num:50 	 Concorde:0.055662 	 MCTS:5.566242 Improve:0.000000 	 Time:5.00 Seconds
Solution: 1 46 3 18 15 14 36 10 29 9 12 50 22 2 38 39 4 40 25 31 23 21 49 5 33 6 24 32 7 41 43 13 19 34 35 30 27 8 48 20 42 16 11 17 44 47 26 45 37 28 

Inst_Index:9600 	 City_Num:50 	 Concorde:0.058638 	 MCTS:5.863442 Improve:0.000312 	 Time:5.00 Seconds
Solution: 1 17 7 9 32 14 13 16 36 20 49 42 35 41 25 40 44 21 24 19 2 11 37 3 12 8 33 5 39 31 28 4 46 45 38 22 43 26 34 48 50 23 10 18 27 6 47 29 30 15 

Inst_Index:9601 	 City_Num:50 	 Concorde:0.059560 	 MCTS:5.956038 Improve:0.000000 	 Time:5.01 Seconds
Solution: 1 22 3 50 14 37 27 39 21 31 18 7 9 48 29 13 25 49 40 6 10 26 4 47 32 15 34 35 23 38 5 30 2 20 46 36 8 17 45 19 33 28 11 44 12 43 42 41 24 16 

Inst_Index:9602 	 City_Num:50 	 Concorde:0.056548 	 MCTS:5.654645 Improve:0.000202 	 Time:5.00 Seconds
Solution: 1 44 23 4 18 37 16 14 30 10 5 11 43 35 2 28 39 25 7 50 19 13 41 29 36 9 48 6 31 3 40 22 33 17 12 34 27 15 24 49 46 47 20 26 32 45 42 38 21 8 

Inst_Index:9603 	 City_Num:50 	 Concorde:0.057303 	 MCTS:5.730122 Improve:0.000169 	 Time:5.00 Seconds
Solution: 1 46 3 17 32 29 43 8 39 13 20 2 49 40 26 33 44 11 16 47 15 31 21 14 9 35 48 42 22 19 7 12 27 50 25 24 10 30 28 4 5 18 23 38 45 41 34 37 36 6 

Inst_Index:9604 	 City_Num:50 	 Concorde:0.060885 	 MCTS:6.088470 Improve:0.000000 	 Time:5.00 Seconds
Solution: 1 40 13 19 49 11 25 42 33 18 7 37 28 12 26 21 15 48 31 41 16 5 46 30 27 44 35 4 14 8 29 36 6 38 2 43 20 32 24 23 39 10 22 17 45 50 3 47 34 9 

Inst_Index:9605 	 City_Num:50 	 Concorde:0.058138 	 MCTS:5.813791 Improve:0.000000 	 Time:5.00 Seconds
Solution: 1 32 39 31 10 50 36 17 22 18 35 11 21 34 8 5 23 45 46 19 41 3 47 40 9 12 16 14 28 24 29 27 20 44 38 42 25 49 48 37 6 4 15 30 43 13 33 7 2 26 

Inst_Index:9606 	 City_Num:50 	 Concorde:0.058816 	 MCTS:5.881621 Improve:0.000000 	 Time:5.00 Seconds
Solution: 1 5 32 10 19 28 21 13 38 42 18 29 41 12 40 44 23 27 20 14 16 9 43 15 47 46 35 50 8 45 26 37 24 48 4 49 33 25 36 6 7 11 31 39 17 22 34 2 3 30 

Inst_Index:9607 	 City_Num:50 	 Concorde:0.055122 	 MCTS:5.506422 Improve:0.005748 	 Time:5.00 Seconds
Solution: 1 36 41 14 38 35 30 19 32 33 4 12 26 5 28 24 40 11 45 8 6 42 10 48 37 21 2 39 31 17 47 25 7 49 22 23 13 16 46 3 43 15 27 20 9 29 34 18 44 50 

Inst_Index:9608 	 City_Num:50 	 Concorde:0.056395 	 MCTS:5.639518 Improve:0.000000 	 Time:5.00 Seconds
Solution: 1 36 47 16 41 19 48 17 49 21 26 15 34 5 6 4 27 11 43 14 35 32 20 13 42 7 24 23 44 39 50 10 30 28 8 31 12 3 9 25 29 45 33 37 22 18 2 40 46 38 

Inst_Index:9609 	 City_Num:50 	 Concorde:0.061454 	 MCTS:6.145415 Improve:-0.000000 	 Time:5.00 Seconds
Solution: 1 11 37 42 16 25 2 43 8 4 17 47 44 9 6 18 49 35 41 33 22 15 45 19 31 21 39 20 3 48 27 12 36 34 24 14 5 7 40 10 28 29 38 46 13 30 50 23 26 32 

Inst_Index:9610 	 City_Num:50 	 Concorde:0.057439 	 MCTS:5.743858 Improve:0.000000 	 Time:5.00 Seconds
Solution: 1 2 17 21 15 50 29 10 14 47 3 26 32 40 49 36 13 37 39 9 42 11 6 4 44 23 46 5 27 8 16 38 12 24 25 22 30 43 45 35 41 28 18 34 7 19 31 48 33 20 

Inst_Index:9611 	 City_Num:50 	 Concorde:0.060021 	 MCTS:5.995857 Improve:0.006210 	 Time:5.01 Seconds
Solution: 1 30 31 38 17 23 37 26 49 7 33 46 2 9 11 40 25 13 43 4 20 32 41 10 19 22 44 47 29 24 3 5 18 16 6 39 48 42 21 28 45 14 36 27 12 50 35 15 8 34 

Inst_Index:9612 	 City_Num:50 	 Concorde:0.059504 	 MCTS:5.950381 Improve:0.000000 	 Time:5.00 Seconds
Solution: 1 48 18 9 28 6 3 32 34 20 23 44 22 36 42 21 13 24 12 49 7 8 4 17 19 50 38 16 45 27 31 5 46 39 14 47 35 25 30 37 41 26 2 10 11 40 43 15 33 29 

Inst_Index:9613 	 City_Num:50 	 Concorde:0.055935 	 MCTS:5.593496 Improve:-0.000000 	 Time:5.01 Seconds
Solution: 1 40 46 43 3 36 26 44 41 32 38 2 42 28 6 34 49 29 18 30 35 13 12 4 23 16 37 7 11 48 24 20 45 21 47 15 33 50 27 17 9 25 14 39 22 5 8 31 19 10 

Inst_Index:9614 	 City_Num:50 	 Concorde:0.057514 	 MCTS:5.751429 Improve:-0.000000 	 Time:5.00 Seconds
Solution: 1 20 7 41 27 34 16 33 50 10 37 14 18 4 29 23 19 25 11 43 45 24 21 35 6 22 48 15 5 38 46 8 31 49 39 2 12 47 17 44 42 26 36 13 3 9 40 32 28 30 

Inst_Index:9615 	 City_Num:50 	 Concorde:0.056819 	 MCTS:5.681867 Improve:-0.000000 	 Time:5.00 Seconds
Solution: 1 7 48 49 17 23 47 28 13 44 6 3 24 21 29 38 36 18 14 11 4 2 32 22 37 46 16 5 30 27 34 41 45 43 19 8 42 50 20 9 31 33 25 26 35 10 12 15 40 39 

Inst_Index:9616 	 City_Num:50 	 Concorde:0.057059 	 MCTS:5.704258 Improve:0.001652 	 Time:5.01 Seconds
Solution: 1 2 50 9 14 13 28 31 22 47 3 43 33 8 17 26 10 21 42 4 25 35 36 41 5 30 39 23 24 32 45 34 11 6 38 12 7 16 19 44 37 40 20 29 49 15 27 18 48 46 

Inst_Index:9617 	 City_Num:50 	 Concorde:0.056664 	 MCTS:5.662900 Improve:0.003519 	 Time:5.01 Seconds
Solution: 1 50 33 3 27 26 37 40 6 11 21 34 25 9 38 5 18 39 20 43 29 28 49 36 19 32 10 46 31 35 42 24 12 4 45 17 23 15 2 13 44 14 7 16 41 48 47 8 22 30 

Inst_Index:9618 	 City_Num:50 	 Concorde:0.055321 	 MCTS:5.532084 Improve:-0.000000 	 Time:5.00 Seconds
Solution: 1 24 29 42 47 7 30 36 22 19 18 6 43 12 39 17 15 5 25 9 23 27 37 34 3 28 14 40 33 45 48 46 11 8 35 4 21 38 44 31 13 20 10 49 2 16 26 41 32 50 

Inst_Index:9619 	 City_Num:50 	 Concorde:0.055359 	 MCTS:5.535901 Improve:0.000000 	 Time:5.00 Seconds
Solution: 1 18 42 31 49 30 10 14 2 37 20 38 19 28 15 40 32 41 7 12 25 27 50 4 34 17 23 16 26 33 8 48 11 46 35 6 47 9 5 22 3 36 45 29 43 24 44 21 13 39 

Inst_Index:9620 	 City_Num:50 	 Concorde:0.053687 	 MCTS:5.368691 Improve:0.000000 	 Time:5.00 Seconds
Solution: 1 22 3 49 14 29 26 13 8 32 20 33 25 24 21 30 11 39 15 10 48 18 38 41 34 19 4 46 9 47 40 37 43 50 2 23 36 35 28 44 31 12 45 16 42 6 17 7 5 27 

Inst_Index:9621 	 City_Num:50 	 Concorde:0.055051 	 MCTS:5.505060 Improve:-0.000000 	 Time:5.00 Seconds
Solution: 1 47 33 41 15 20 13 6 23 35 27 16 48 26 4 32 12 22 17 25 3 29 42 38 28 19 34 50 46 30 49 21 31 37 2 11 8 24 7 5 40 39 10 43 9 18 36 44 14 45 

Inst_Index:9622 	 City_Num:50 	 Concorde:0.055898 	 MCTS:5.589817 Improve:0.000000 	 Time:5.00 Seconds
Solution: 1 38 44 17 33 2 22 42 21 49 23 30 12 4 7 27 26 16 19 34 25 43 10 18 41 3 9 40 24 36 8 47 48 37 20 28 32 46 13 39 15 50 11 35 5 29 31 45 6 14 

Inst_Index:9623 	 City_Num:50 	 Concorde:0.056479 	 MCTS:5.644394 Improve:0.003483 	 Time:5.00 Seconds
Solution: 1 37 13 7 48 6 26 33 12 20 25 28 44 17 50 9 34 5 35 31 2 30 15 41 27 29 40 38 4 47 43 32 45 36 19 3 10 24 22 49 46 8 39 11 42 16 18 23 21 14 

Inst_Index:9624 	 City_Num:50 	 Concorde:0.053442 	 MCTS:5.344231 Improve:0.000000 	 Time:5.00 Seconds
Solution: 1 31 34 16 25 28 13 20 29 33 7 39 36 11 4 9 19 42 49 37 2 50 6 10 46 41 12 47 26 17 45 23 32 27 8 18 43 22 24 48 15 40 38 30 21 44 5 14 35 3 

Inst_Index:9625 	 City_Num:50 	 Concorde:0.056255 	 MCTS:5.625520 Improve:0.000000 	 Time:5.01 Seconds
Solution: 1 27 50 10 14 24 11 12 35 18 31 42 34 9 40 25 8 16 38 32 4 41 13 26 22 30 17 15 28 44 6 46 20 47 2 45 39 36 3 21 7 49 33 5 37 19 29 23 48 43 

Inst_Index:9626 	 City_Num:50 	 Concorde:0.056235 	 MCTS:5.623511 Improve:-0.000000 	 Time:5.01 Seconds
Solution: 1 42 23 30 8 19 36 12 47 43 18 4 3 21 50 37 48 28 26 33 11 32 25 22 46 41 34 44 10 5 40 27 6 39 20 15 49 31 7 2 38 24 14 29 9 17 13 45 35 16 

Inst_Index:9627 	 City_Num:50 	 Concorde:0.054430 	 MCTS:5.442988 Improve:0.000000 	 Time:5.01 Seconds
Solution: 1 26 23 9 38 36 49 46 19 41 4 20 22 24 45 32 44 11 17 47 8 34 35 42 12 33 10 2 29 50 14 39 15 31 7 28 3 48 13 25 18 27 21 6 40 43 16 37 30 5 

Inst_Index:9628 	 City_Num:50 	 Concorde:0.059048 	 MCTS:5.904684 Improve:0.000108 	 Time:5.00 Seconds
Solution: 1 32 15 8 3 23 35 41 13 16 40 36 9 4 39 11 20 26 34 2 28 24 46 45 21 5 22 14 44 42 6 19 18 31 33 38 29 49 30 10 47 27 50 7 25 43 37 17 48 12 

Inst_Index:9629 	 City_Num:50 	 Concorde:0.055808 	 MCTS:5.579335 Improve:0.001464 	 Time:5.01 Seconds
Solution: 1 4 28 12 47 18 42 2 31 34 10 8 11 27 6 39 46 15 43 41 36 48 49 9 17 35 45 13 7 44 24 37 21 29 5 40 33 30 23 38 50 26 3 14 22 32 19 25 20 16 

Inst_Index:9630 	 City_Num:50 	 Concorde:0.058603 	 MCTS:5.860347 Improve:-0.000000 	 Time:5.00 Seconds
Solution: 1 49 15 50 44 31 35 38 37 7 11 34 25 40 14 32 10 20 22 46 33 30 28 3 16 12 19 24 45 18 47 39 26 42 13 43 5 4 21 2 17 36 27 48 9 8 6 29 23 41 

Inst_Index:9631 	 City_Num:50 	 Concorde:0.062358 	 MCTS:6.227143 Improve:0.008684 	 Time:5.01 Seconds
Solution: 1 8 24 26 6 27 47 37 20 46 36 42 9 12 3 38 22 23 11 28 34 25 19 10 45 49 44 17 33 31 21 39 41 48 5 35 40 15 30 14 13 16 2 50 18 29 32 7 43 4 

Inst_Index:9632 	 City_Num:50 	 Concorde:0.051066 	 MCTS:5.103656 Improve:0.002973 	 Time:5.00 Seconds
Solution: 1 40 2 42 29 44 45 47 27 16 25 23 22 32 21 34 36 38 9 3 5 46 13 39 26 49 17 37 35 20 10 18 28 4 43 50 19 24 8 6 48 14 11 31 33 12 30 15 7 41 

Inst_Index:9633 	 City_Num:50 	 Concorde:0.057481 	 MCTS:5.748050 Improve:-0.000000 	 Time:5.01 Seconds
Solution: 1 17 36 40 50 5 44 31 49 18 46 4 28 10 35 7 30 9 19 22 37 41 34 21 43 11 2 26 48 20 42 27 38 39 23 12 47 25 45 24 13 15 3 29 16 14 8 6 32 33 

Inst_Index:9634 	 City_Num:50 	 Concorde:0.056674 	 MCTS:5.667426 Improve:0.000000 	 Time:5.00 Seconds
Solution: 1 24 8 46 44 14 20 5 15 47 28 25 22 19 31 27 29 21 12 3 38 33 16 10 26 41 11 39 42 49 23 4 18 13 32 34 2 7 17 37 35 30 45 6 9 50 36 40 43 48 

Inst_Index:9635 	 City_Num:50 	 Concorde:0.056727 	 MCTS:5.672735 Improve:0.000000 	 Time:5.00 Seconds
Solution: 1 23 31 16 19 29 35 47 30 9 22 24 36 3 7 38 18 45 13 21 39 6 5 15 42 8 11 27 17 34 44 46 28 33 10 43 2 4 50 20 37 48 14 26 32 49 40 12 25 41 

Inst_Index:9636 	 City_Num:50 	 Concorde:0.057604 	 MCTS:5.760401 Improve:-0.000000 	 Time:5.00 Seconds
Solution: 1 35 40 48 26 38 49 41 36 19 28 24 45 34 12 16 9 3 43 10 23 46 44 22 32 18 29 30 13 25 2 8 27 39 42 31 4 21 33 6 37 7 5 15 11 50 17 20 47 14 

Inst_Index:9637 	 City_Num:50 	 Concorde:0.053900 	 MCTS:5.389027 Improve:0.000964 	 Time:5.00 Seconds
Solution: 1 21 4 45 20 5 48 18 32 41 39 28 11 43 50 13 30 40 14 46 17 10 24 23 34 22 19 49 25 31 6 26 42 29 47 27 12 7 2 9 15 3 33 8 16 37 35 38 44 36 

Inst_Index:9638 	 City_Num:50 	 Concorde:0.059883 	 MCTS:5.987668 Improve:0.000673 	 Time:5.00 Seconds
Solution: 1 13 21 42 11 29 10 43 24 15 38 4 32 28 30 47 41 23 31 8 35 50 25 36 48 45 12 34 39 5 27 40 44 2 14 49 7 19 46 18 26 9 20 6 33 16 3 22 37 17 

Inst_Index:9639 	 City_Num:50 	 Concorde:0.058943 	 MCTS:5.894226 Improve:0.000084 	 Time:5.00 Seconds
Solution: 1 12 13 46 16 42 19 23 18 33 24 15 7 21 48 37 4 39 14 41 26 49 20 5 44 36 2 11 45 32 31 47 30 25 50 29 3 35 38 8 43 34 9 22 28 40 27 10 6 17 

Inst_Index:9640 	 City_Num:50 	 Concorde:0.056806 	 MCTS:5.680563 Improve:0.000000 	 Time:5.01 Seconds
Solution: 1 23 42 34 8 28 13 31 17 38 44 33 32 39 35 45 16 3 4 43 10 18 7 15 9 29 47 6 22 41 37 19 27 40 20 12 36 5 48 50 26 14 11 2 24 25 49 21 30 46 

Inst_Index:9641 	 City_Num:50 	 Concorde:0.054574 	 MCTS:5.457404 Improve:0.000000 	 Time:5.00 Seconds
Solution: 1 40 23 16 30 5 41 8 13 45 7 9 48 21 25 17 29 46 39 15 47 28 2 42 49 6 34 31 22 35 32 24 38 37 12 11 44 36 19 3 50 33 18 14 27 4 20 43 26 10 

Inst_Index:9642 	 City_Num:50 	 Concorde:0.055310 	 MCTS:5.531042 Improve:0.000000 	 Time:5.00 Seconds
Solution: 1 21 9 32 19 27 46 49 2 43 5 20 3 39 31 22 24 44 14 17 29 18 45 26 50 6 28 4 47 11 15 23 33 10 35 48 7 13 30 38 8 37 34 12 16 41 25 36 42 40 

Inst_Index:9643 	 City_Num:50 	 Concorde:0.057273 	 MCTS:5.727314 Improve:0.000000 	 Time:5.00 Seconds
Solution: 1 11 24 39 18 47 23 19 3 46 38 17 20 44 30 31 16 22 37 7 26 5 12 27 45 15 48 13 29 8 25 2 42 21 43 9 50 36 4 10 34 40 32 41 49 28 14 35 6 33 

Inst_Index:9644 	 City_Num:50 	 Concorde:0.053535 	 MCTS:5.353508 Improve:0.000000 	 Time:5.01 Seconds
Solution: 1 15 32 39 47 24 20 10 46 29 19 5 31 4 11 8 22 44 28 14 12 27 2 23 34 49 48 42 41 21 35 17 6 38 43 50 40 16 7 9 26 36 18 25 45 30 3 33 13 37 

Inst_Index:9645 	 City_Num:50 	 Concorde:0.056362 	 MCTS:5.635738 Improve:0.000472 	 Time:5.00 Seconds
Solution: 1 22 36 30 11 35 14 4 46 15 12 21 41 24 43 2 33 40 47 39 44 23 38 32 42 26 17 29 3 28 45 19 25 5 48 8 10 9 50 37 16 18 34 20 6 49 27 31 7 13 

Inst_Index:9646 	 City_Num:50 	 Concorde:0.059085 	 MCTS:5.908501 Improve:0.000000 	 Time:5.00 Seconds
Solution: 1 21 4 41 35 20 34 14 44 2 13 3 33 19 37 30 38 25 7 29 22 11 28 10 48 8 18 49 9 17 27 43 45 16 32 42 15 5 50 31 12 36 23 47 46 6 40 24 39 26 

Inst_Index:9647 	 City_Num:50 	 Concorde:0.056848 	 MCTS:5.683270 Improve:0.001492 	 Time:5.00 Seconds
Solution: 1 47 34 10 48 19 12 26 46 8 21 5 35 40 9 41 18 31 43 25 37 7 6 28 23 33 13 2 42 3 44 24 36 45 4 50 49 17 39 15 22 30 32 16 38 20 29 11 27 14 

Inst_Index:9648 	 City_Num:50 	 Concorde:0.061320 	 MCTS:6.131961 Improve:0.000000 	 Time:5.00 Seconds
Solution: 1 11 34 50 18 45 44 37 48 33 38 13 28 24 35 20 12 31 40 17 25 47 27 42 15 23 9 29 22 16 3 4 14 21 8 7 2 36 41 5 43 30 39 32 26 49 46 19 10 6 

Inst_Index:9649 	 City_Num:50 	 Concorde:0.059405 	 MCTS:5.940471 Improve:0.000000 	 Time:5.00 Seconds
Solution: 1 20 22 29 43 21 14 19 44 13 2 39 16 5 47 24 33 40 37 41 31 36 34 8 18 49 26 30 45 48 50 11 6 9 46 25 38 10 42 27 7 28 17 12 15 35 4 32 23 3 

Inst_Index:9650 	 City_Num:50 	 Concorde:0.059224 	 MCTS:5.922419 Improve:-0.000000 	 Time:5.00 Seconds
Solution: 1 35 25 28 36 34 29 47 49 16 45 10 26 13 6 19 48 7 24 4 50 3 18 21 15 44 11 17 8 46 9 32 43 5 38 20 22 27 30 39 41 33 2 42 23 31 12 14 40 37 

Inst_Index:9651 	 City_Num:50 	 Concorde:0.055405 	 MCTS:5.540467 Improve:0.000000 	 Time:5.00 Seconds
Solution: 1 42 25 48 3 2 6 49 4 34 21 35 46 26 18 45 31 36 22 12 20 43 11 50 38 19 40 32 16 29 33 10 41 27 30 28 14 9 7 5 44 15 24 8 17 39 37 23 13 47 

Inst_Index:9652 	 City_Num:50 	 Concorde:0.061511 	 MCTS:6.151139 Improve:0.000000 	 Time:5.00 Seconds
Solution: 1 33 28 24 11 19 23 9 45 12 10 35 15 42 37 36 34 3 16 31 4 17 18 26 30 39 22 49 40 41 47 2 44 43 5 27 48 25 7 20 46 38 6 50 13 29 14 32 21 8 

Inst_Index:9653 	 City_Num:50 	 Concorde:0.054417 	 MCTS:5.441701 Improve:0.000000 	 Time:5.00 Seconds
Solution: 1 30 31 39 46 34 24 41 38 49 6 26 17 36 44 50 37 21 5 27 40 22 10 25 19 32 2 23 8 18 29 33 12 16 11 35 47 28 15 43 14 7 4 3 20 45 13 9 48 42 

Inst_Index:9654 	 City_Num:50 	 Concorde:0.060118 	 MCTS:6.011792 Improve:-0.000000 	 Time:5.00 Seconds
Solution: 1 12 48 21 16 27 23 35 11 7 10 15 6 46 24 17 3 14 26 47 36 2 22 8 25 38 18 28 34 5 32 44 43 50 33 45 31 42 39 4 13 37 29 40 41 49 30 19 9 20 

Inst_Index:9655 	 City_Num:50 	 Concorde:0.056612 	 MCTS:5.661184 Improve:0.000000 	 Time:5.00 Seconds
Solution: 1 29 37 43 16 4 48 9 27 31 32 14 20 45 22 17 46 40 18 42 6 34 25 44 41 39 21 8 11 30 2 33 28 38 50 15 49 7 47 13 19 3 12 10 24 5 26 23 36 35 

Inst_Index:9656 	 City_Num:50 	 Concorde:0.062715 	 MCTS:6.265224 Improve:0.006268 	 Time:5.00 Seconds
Solution: 1 24 37 35 30 23 49 27 39 42 14 28 15 20 48 7 31 44 17 11 4 21 43 22 25 12 29 36 3 10 16 26 34 33 41 18 50 9 5 32 46 6 19 47 13 2 45 38 40 8 

Inst_Index:9657 	 City_Num:50 	 Concorde:0.057367 	 MCTS:5.736722 Improve:-0.000000 	 Time:5.00 Seconds
Solution: 1 9 44 27 17 38 36 7 19 48 20 6 22 45 12 33 50 43 5 32 13 24 34 49 28 41 40 37 46 16 15 31 18 25 3 8 21 26 39 47 29 23 14 10 42 11 4 30 2 35 

Inst_Index:9658 	 City_Num:50 	 Concorde:0.057971 	 MCTS:5.797128 Improve:-0.000000 	 Time:5.00 Seconds
Solution: 1 50 19 4 14 6 44 41 40 36 39 37 10 43 24 38 9 16 25 18 45 17 11 5 28 29 46 32 20 30 35 26 48 33 12 7 8 42 34 27 47 2 23 13 31 22 21 3 15 49 

Inst_Index:9659 	 City_Num:50 	 Concorde:0.053249 	 MCTS:5.322543 Improve:0.002369 	 Time:5.00 Seconds
Solution: 1 27 6 33 41 13 12 17 7 31 40 16 44 34 9 24 25 42 5 36 50 10 28 21 11 43 46 3 8 4 19 35 30 14 26 23 32 49 29 39 2 22 47 38 15 18 37 45 48 20 

Inst_Index:9660 	 City_Num:50 	 Concorde:0.056194 	 MCTS:5.619435 Improve:-0.000000 	 Time:5.00 Seconds
Solution: 1 50 11 39 18 14 40 12 26 4 32 23 7 34 42 15 16 36 21 8 19 33 24 43 48 17 37 30 22 10 9 13 49 5 29 3 44 38 25 31 46 47 41 2 6 20 27 45 28 35 

Inst_Index:9661 	 City_Num:50 	 Concorde:0.062625 	 MCTS:6.262143 Improve:0.000377 	 Time:5.00 Seconds
Solution: 1 6 13 25 43 8 22 46 18 45 15 42 19 35 14 49 26 41 28 3 16 40 21 11 2 5 23 12 38 9 17 7 39 44 48 36 37 30 50 27 47 4 20 34 29 24 32 10 33 31 

Inst_Index:9662 	 City_Num:50 	 Concorde:0.055653 	 MCTS:5.563467 Improve:0.001803 	 Time:5.00 Seconds
Solution: 1 41 42 21 17 36 22 37 9 28 27 29 6 30 4 33 12 39 25 7 45 31 18 40 50 47 48 46 38 34 49 15 3 14 13 11 10 32 2 23 16 44 20 43 19 35 24 8 26 5 

Inst_Index:9663 	 City_Num:50 	 Concorde:0.059000 	 MCTS:5.897814 Improve:0.002215 	 Time:5.00 Seconds
Solution: 1 5 34 36 38 14 39 32 37 19 20 22 3 50 11 2 40 30 29 8 43 35 44 17 16 41 31 10 48 45 9 25 33 15 12 47 6 24 7 4 28 21 46 18 26 23 13 27 42 49 

Inst_Index:9664 	 City_Num:50 	 Concorde:0.057405 	 MCTS:5.740529 Improve:-0.000000 	 Time:5.00 Seconds
Solution: 1 42 26 21 47 35 27 25 20 49 31 38 36 6 8 41 2 15 24 5 23 45 29 14 43 34 39 33 32 19 10 44 46 4 50 17 37 3 7 40 13 22 28 16 18 30 12 9 11 48 

Inst_Index:9665 	 City_Num:50 	 Concorde:0.052576 	 MCTS:5.257599 Improve:0.000000 	 Time:5.00 Seconds
Solution: 1 25 20 38 32 8 29 50 2 17 11 37 14 9 15 7 31 22 19 46 28 12 44 41 34 43 13 3 48 33 47 18 5 26 10 27 35 21 39 42 6 24 4 16 40 30 36 23 49 45 

Inst_Index:9666 	 City_Num:50 	 Concorde:0.057546 	 MCTS:5.754619 Improve:-0.000000 	 Time:5.00 Seconds
Solution: 1 30 23 13 48 18 31 16 10 9 27 12 50 42 26 35 45 40 3 15 25 36 4 44 6 47 21 37 32 41 17 2 49 8 28 34 29 20 19 43 7 11 14 33 46 24 22 38 5 39 

Inst_Index:9667 	 City_Num:50 	 Concorde:0.054563 	 MCTS:5.449961 Improve:0.006319 	 Time:5.00 Seconds
Solution: 1 23 19 40 31 16 50 42 12 34 38 26 47 13 43 3 32 15 45 18 10 17 48 24 21 11 39 25 9 5 27 41 14 36 4 33 8 46 2 29 6 22 35 44 49 28 20 37 7 30 

Inst_Index:9668 	 City_Num:50 	 Concorde:0.053865 	 MCTS:5.386512 Improve:-0.000000 	 Time:5.00 Seconds
Solution: 1 20 7 45 36 26 8 28 41 15 23 34 37 9 5 3 2 11 13 46 29 30 49 44 14 33 27 31 22 25 4 19 47 18 39 40 16 6 17 32 10 48 35 43 42 38 24 12 21 50 

Inst_Index:9669 	 City_Num:50 	 Concorde:0.060422 	 MCTS:6.040233 Improve:0.001994 	 Time:5.00 Seconds
Solution: 1 3 30 14 38 29 12 26 42 33 16 18 19 17 43 24 50 44 39 15 37 13 2 25 20 9 46 28 5 21 47 23 8 31 48 7 36 35 11 4 32 22 41 6 27 45 40 34 49 10 

Inst_Index:9670 	 City_Num:50 	 Concorde:0.055551 	 MCTS:5.555132 Improve:0.000000 	 Time:5.01 Seconds
Solution: 1 22 47 24 16 17 35 10 43 42 30 7 26 5 20 8 38 25 46 50 18 40 3 31 29 37 48 19 14 41 34 23 12 49 39 11 4 33 44 27 13 32 36 6 15 9 45 28 21 2 

Inst_Index:9671 	 City_Num:50 	 Concorde:0.056072 	 MCTS:5.607195 Improve:0.000000 	 Time:5.00 Seconds
Solution: 1 23 27 42 49 22 8 20 21 26 38 15 43 35 9 13 36 46 28 24 17 4 29 39 7 31 25 34 11 2 18 19 50 45 3 16 5 47 12 41 48 40 30 33 14 6 37 10 44 32 

Inst_Index:9672 	 City_Num:50 	 Concorde:0.053092 	 MCTS:5.308969 Improve:0.000260 	 Time:5.00 Seconds
Solution: 1 4 33 11 28 10 2 27 22 3 19 6 8 20 29 25 43 47 31 30 16 40 39 37 14 13 5 24 18 42 45 26 50 49 12 23 15 32 34 41 17 9 21 36 38 7 48 35 44 46 

Inst_Index:9673 	 City_Num:50 	 Concorde:0.056543 	 MCTS:5.659482 Improve:-0.005226 	 Time:5.00 Seconds
Solution: 1 7 28 15 20 11 38 33 37 49 36 9 24 46 34 35 4 41 29 19 30 10 3 40 27 14 39 16 32 47 23 43 25 18 50 21 2 13 6 48 45 5 44 42 8 31 12 17 26 22 

Inst_Index:9674 	 City_Num:50 	 Concorde:0.058219 	 MCTS:5.821888 Improve:-0.000000 	 Time:5.00 Seconds
Solution: 1 46 41 4 44 16 3 43 39 24 36 35 21 15 8 11 28 50 14 47 40 9 7 37 13 18 19 5 17 45 2 33 23 32 6 22 34 42 20 10 31 26 25 48 27 29 49 30 38 12 

Inst_Index:9675 	 City_Num:50 	 Concorde:0.058684 	 MCTS:5.864751 Improve:0.003693 	 Time:5.00 Seconds
Solution: 1 17 26 29 9 3 44 46 48 15 30 18 38 33 5 49 37 23 20 27 2 16 28 40 41 4 45 39 13 47 25 14 36 10 12 35 42 22 24 11 8 6 34 50 7 31 32 43 21 19 

Inst_Index:9676 	 City_Num:50 	 Concorde:0.060632 	 MCTS:6.063186 Improve:0.000000 	 Time:5.00 Seconds
Solution: 1 42 18 10 8 7 4 11 17 39 16 28 30 41 36 40 44 19 29 21 26 3 49 35 31 23 14 47 15 32 37 33 12 45 48 9 34 46 24 2 22 6 25 27 5 20 43 13 38 50 

Inst_Index:9677 	 City_Num:50 	 Concorde:0.054754 	 MCTS:5.475358 Improve:0.000000 	 Time:5.00 Seconds
Solution: 1 3 20 45 30 48 11 50 46 43 19 34 7 44 39 38 5 40 41 6 8 16 33 14 29 13 22 31 18 42 9 27 26 4 49 12 35 15 47 25 23 32 28 2 21 17 37 24 36 10 

Inst_Index:9678 	 City_Num:50 	 Concorde:0.059619 	 MCTS:5.960358 Improve:0.001499 	 Time:5.00 Seconds
Solution: 1 47 35 10 34 29 38 13 43 30 50 40 48 12 15 19 28 45 11 22 17 4 21 7 5 2 49 37 3 20 23 31 16 14 24 44 25 6 27 9 26 36 8 41 18 33 39 32 42 46 

Inst_Index:9679 	 City_Num:50 	 Concorde:0.055387 	 MCTS:5.534897 Improve:0.003761 	 Time:5.00 Seconds
Solution: 1 45 41 24 42 27 25 16 43 14 4 5 6 26 46 39 8 29 31 28 36 40 38 19 47 32 10 44 2 3 18 22 9 20 34 21 30 17 37 13 15 7 49 48 11 23 33 12 50 35 

Inst_Index:9680 	 City_Num:50 	 Concorde:0.059754 	 MCTS:5.972237 Improve:0.003152 	 Time:5.00 Seconds
Solution: 1 7 45 39 40 6 18 25 22 36 5 30 48 46 13 47 32 16 34 21 8 4 31 12 49 43 23 10 24 19 2 33 41 20 38 37 44 26 50 9 28 3 15 29 27 14 11 35 42 17 

Inst_Index:9681 	 City_Num:50 	 Concorde:0.056834 	 MCTS:5.683366 Improve:-0.000000 	 Time:5.00 Seconds
Solution: 1 17 34 42 36 9 13 2 11 39 10 35 50 12 3 7 40 28 5 22 38 25 44 23 15 47 49 24 48 18 30 6 26 4 14 43 21 41 20 19 27 46 8 16 37 33 31 29 32 45 

Inst_Index:9682 	 City_Num:50 	 Concorde:0.053926 	 MCTS:5.392632 Improve:0.000000 	 Time:5.00 Seconds
Solution: 1 17 32 48 9 50 49 27 26 31 10 3 42 24 21 35 8 2 6 18 11 16 45 13 12 43 7 47 38 4 23 25 22 28 44 40 36 46 5 39 41 20 37 34 30 15 29 33 14 19 

Inst_Index:9683 	 City_Num:50 	 Concorde:0.054181 	 MCTS:5.418102 Improve:-0.000000 	 Time:5.00 Seconds
Solution: 1 28 7 30 14 27 13 29 34 46 5 49 11 35 8 32 23 43 22 18 48 3 20 6 41 16 44 26 10 40 24 4 15 21 37 17 25 31 47 33 19 39 45 50 2 12 38 36 42 9 

Inst_Index:9684 	 City_Num:50 	 Concorde:0.052804 	 MCTS:5.280386 Improve:-0.000000 	 Time:5.00 Seconds
Solution: 1 27 40 22 9 24 37 12 33 7 28 15 25 47 19 5 50 35 42 30 11 23 16 26 39 45 49 31 2 14 10 48 32 18 29 38 36 13 46 41 43 3 44 20 34 6 4 17 8 21 

Inst_Index:9685 	 City_Num:50 	 Concorde:0.057744 	 MCTS:5.774418 Improve:-0.000000 	 Time:5.00 Seconds
Solution: 1 10 27 35 18 32 4 29 42 22 19 24 13 7 34 45 14 48 3 41 20 25 38 8 2 23 39 21 47 46 37 50 30 44 16 5 28 31 43 11 15 17 26 49 36 6 33 9 12 40 

Inst_Index:9686 	 City_Num:50 	 Concorde:0.055805 	 MCTS:5.580521 Improve:-0.000000 	 Time:5.00 Seconds
Solution: 1 14 31 12 46 27 49 43 24 42 23 32 33 5 4 39 19 28 10 41 35 45 17 2 15 26 6 36 34 8 9 18 21 22 44 50 25 7 20 16 47 30 13 40 48 38 3 29 37 11 

Inst_Index:9687 	 City_Num:50 	 Concorde:0.062177 	 MCTS:6.217738 Improve:0.000000 	 Time:5.01 Seconds
Solution: 1 13 46 5 12 27 42 29 15 7 24 22 14 31 16 17 18 33 47 39 50 36 8 4 48 19 40 49 6 3 30 41 35 10 23 37 25 28 44 43 2 34 32 9 45 26 21 38 11 20 

Inst_Index:9688 	 City_Num:50 	 Concorde:0.058007 	 MCTS:5.795757 Improve:0.004971 	 Time:5.00 Seconds
Solution: 1 13 48 30 27 15 31 20 28 11 5 37 12 24 47 9 8 44 42 29 32 40 35 25 19 6 34 49 43 21 4 33 26 41 2 50 46 45 3 36 38 39 14 18 17 23 10 16 22 7 

Inst_Index:9689 	 City_Num:50 	 Concorde:0.056961 	 MCTS:5.696125 Improve:-0.000000 	 Time:5.00 Seconds
Solution: 1 27 22 37 38 7 36 40 28 12 26 35 20 41 13 43 24 4 39 18 21 5 45 10 17 14 32 3 25 6 16 23 2 47 48 29 19 11 46 42 8 33 30 50 49 15 31 9 44 34 

Inst_Index:9690 	 City_Num:50 	 Concorde:0.058269 	 MCTS:5.826906 Improve:-0.000000 	 Time:5.00 Seconds
Solution: 1 36 9 48 7 16 30 28 18 19 26 6 23 17 31 2 21 44 8 3 22 4 47 40 14 5 35 13 50 45 39 38 15 42 25 27 49 12 46 24 11 29 10 37 32 34 41 20 33 43 

Inst_Index:9691 	 City_Num:50 	 Concorde:0.052960 	 MCTS:5.295987 Improve:0.000000 	 Time:5.00 Seconds
Solution: 1 2 4 40 43 23 15 12 46 50 9 22 24 7 35 36 10 45 49 8 37 11 20 26 38 39 6 34 3 47 27 28 30 42 33 44 32 5 41 25 29 19 13 18 16 14 17 21 31 48 

Inst_Index:9692 	 City_Num:50 	 Concorde:0.058290 	 MCTS:5.829025 Improve:0.000000 	 Time:5.00 Seconds
Solution: 1 32 12 44 20 24 25 26 7 41 38 13 40 18 48 29 45 6 15 49 47 3 9 19 27 37 34 4 16 42 39 22 5 35 28 2 23 10 46 43 8 17 30 31 11 36 50 33 14 21 

Inst_Index:9693 	 City_Num:50 	 Concorde:0.054362 	 MCTS:5.430960 Improve:0.005213 	 Time:5.00 Seconds
Solution: 1 38 35 15 40 13 49 28 31 12 48 44 26 17 32 16 9 8 45 34 42 33 2 30 47 6 11 18 24 27 43 29 10 46 50 23 39 7 41 3 36 19 14 21 20 22 4 5 37 25 

Inst_Index:9694 	 City_Num:50 	 Concorde:0.056825 	 MCTS:5.681078 Improve:0.001385 	 Time:5.00 Seconds
Solution: 1 8 27 23 42 18 49 39 6 37 40 13 14 35 36 17 50 44 26 4 48 47 25 45 29 22 31 10 24 2 30 43 21 7 46 33 38 41 3 28 20 16 19 32 9 5 15 12 11 34 

Inst_Index:9695 	 City_Num:50 	 Concorde:0.053911 	 MCTS:5.390499 Improve:0.000642 	 Time:5.00 Seconds
Solution: 1 22 40 5 16 2 48 23 30 15 38 39 29 4 41 7 9 36 32 19 21 13 37 33 46 26 20 18 3 6 27 17 10 42 8 50 45 31 12 11 25 43 47 49 14 35 34 44 24 28 

Inst_Index:9696 	 City_Num:50 	 Concorde:0.060348 	 MCTS:6.034785 Improve:0.000000 	 Time:5.00 Seconds
Solution: 1 48 34 20 41 9 4 30 11 49 5 10 23 25 35 39 50 21 38 45 42 37 32 33 18 16 15 26 31 27 14 17 7 12 8 24 29 28 19 40 3 46 13 22 2 47 6 44 36 43 

Inst_Index:9697 	 City_Num:50 	 Concorde:0.054980 	 MCTS:5.497977 Improve:-0.000000 	 Time:5.00 Seconds
Solution: 1 31 25 24 27 2 39 41 8 16 40 35 20 10 5 18 46 32 26 33 47 49 14 36 15 21 12 45 23 43 38 6 42 3 30 4 9 34 22 50 13 28 17 37 48 44 7 29 19 11 

Inst_Index:9698 	 City_Num:50 	 Concorde:0.058710 	 MCTS:5.870989 Improve:0.000000 	 Time:5.00 Seconds
Solution: 1 21 31 18 29 19 30 37 32 7 4 12 42 14 20 48 2 34 36 16 13 39 45 40 41 15 17 43 44 47 38 49 25 26 8 11 35 3 9 46 28 23 10 6 24 33 27 50 22 5 

Inst_Index:9699 	 City_Num:50 	 Concorde:0.054179 	 MCTS:5.417922 Improve:0.000000 	 Time:5.00 Seconds
Solution: 1 14 28 43 30 25 26 11 37 20 21 41 4 47 33 42 48 45 10 50 5 31 18 17 8 36 49 16 44 27 12 46 22 38 39 23 24 3 15 2 29 9 32 34 13 40 7 19 35 6 

Inst_Index:9700 	 City_Num:50 	 Concorde:0.056044 	 MCTS:5.604373 Improve:0.000000 	 Time:5.00 Seconds
Solution: 1 25 20 19 2 26 48 7 34 14 15 12 17 31 40 3 29 16 46 30 33 4 50 42 22 24 27 45 11 41 44 43 13 5 36 6 49 23 8 28 18 32 9 35 37 10 38 39 21 47 

Inst_Index:9701 	 City_Num:50 	 Concorde:0.056743 	 MCTS:5.674331 Improve:0.000000 	 Time:5.00 Seconds
Solution: 1 36 10 40 20 11 28 13 38 19 9 31 17 49 50 45 5 18 14 29 44 2 21 27 24 47 25 48 3 16 7 22 30 43 35 37 39 26 12 32 8 42 41 34 23 15 33 6 4 46 

Inst_Index:9702 	 City_Num:50 	 Concorde:0.055394 	 MCTS:5.539435 Improve:-0.000000 	 Time:5.00 Seconds
Solution: 1 16 41 33 9 47 45 11 32 10 5 29 21 8 23 6 31 39 17 44 50 46 12 48 25 15 26 4 30 20 36 7 35 40 3 24 27 38 18 22 14 13 19 28 43 34 42 2 49 37 

Inst_Index:9703 	 City_Num:50 	 Concorde:0.054597 	 MCTS:5.465687 Improve:-0.005956 	 Time:5.00 Seconds
Solution: 1 28 33 42 7 40 44 46 29 5 32 21 20 41 10 31 18 36 6 25 49 43 3 16 8 12 38 17 22 48 34 4 15 37 35 2 14 27 45 19 50 24 30 47 13 9 11 26 39 23 


Avg_Concorde_Distance: 5.700769 Avg_MCTS_Distance: 5.700387 Avg_Gap: -0.000063 Total_Time: 1566.77 Seconds 
 Beat_Best_Known_Times: 103 Match_Best_Known_Times: 200 Miss_Best_Known_Times: 10 
