Number_of_Instances_In_Current_Batch: 313

Inst_Index:7200 	 City_Num:50 	 Concorde:0.055142 	 MCTS:5.510121 Improve:0.004129 	 Time:5.00 Seconds
Solution: 1 3 7 6 24 49 43 44 19 32 41 14 11 37 31 4 10 35 17 18 12 36 22 26 25 50 42 23 38 9 47 34 8 5 45 20 16 21 33 13 46 15 30 48 28 27 39 40 2 29 

Inst_Index:7201 	 City_Num:50 	 Concorde:0.056085 	 MCTS:5.608516 Improve:0.000000 	 Time:5.00 Seconds
Solution: 1 23 18 25 7 42 38 49 43 34 17 50 22 9 27 19 30 26 31 20 13 41 8 36 35 2 44 37 10 12 6 4 24 33 47 16 39 14 48 29 11 15 46 5 45 3 28 21 32 40 

Inst_Index:7202 	 City_Num:50 	 Concorde:0.055088 	 MCTS:5.508839 Improve:0.000000 	 Time:5.00 Seconds
Solution: 1 48 31 15 17 27 34 11 33 21 43 4 19 45 18 22 47 40 7 5 2 49 30 8 37 16 14 44 50 42 12 26 36 38 41 35 9 10 25 32 3 13 39 6 28 24 20 46 23 29 

Inst_Index:7203 	 City_Num:50 	 Concorde:0.057854 	 MCTS:5.785420 Improve:0.000000 	 Time:5.01 Seconds
Solution: 1 18 24 3 15 11 2 37 20 39 28 26 17 45 41 16 29 19 22 21 10 4 47 14 27 6 43 12 34 8 30 13 25 44 5 23 31 9 36 50 38 33 32 49 48 42 46 40 7 35 

Inst_Index:7204 	 City_Num:50 	 Concorde:0.057228 	 MCTS:5.722776 Improve:-0.000000 	 Time:5.00 Seconds
Solution: 1 8 4 34 43 10 35 25 15 47 21 13 23 20 24 18 38 7 19 12 33 32 48 44 6 30 42 39 31 9 17 2 29 49 37 3 41 26 28 45 14 46 16 36 11 50 27 40 22 5 

Inst_Index:7205 	 City_Num:50 	 Concorde:0.058916 	 MCTS:5.889949 Improve:0.001686 	 Time:5.02 Seconds
Solution: 1 45 12 37 32 24 11 20 36 17 47 26 3 13 41 42 8 22 23 6 33 28 21 46 34 27 16 10 39 29 43 40 31 35 25 2 38 5 14 4 49 44 9 7 18 30 48 19 50 15 

Inst_Index:7206 	 City_Num:50 	 Concorde:0.056723 	 MCTS:5.702950 Improve:-0.030666 	 Time:5.01 Seconds
Solution: 1 2 20 16 31 26 45 35 18 36 4 48 30 23 32 42 29 25 12 40 46 21 13 27 3 11 43 5 15 24 6 9 28 37 34 50 39 10 49 47 41 38 22 19 44 7 17 8 14 33 

Inst_Index:7207 	 City_Num:50 	 Concorde:0.055211 	 MCTS:5.518536 Improve:0.002565 	 Time:5.00 Seconds
Solution: 1 44 6 11 48 13 34 19 26 25 5 28 24 30 42 40 16 31 8 32 43 14 39 47 41 33 50 9 23 49 10 18 36 17 45 3 27 20 15 37 29 46 7 38 2 35 21 22 12 4 

Inst_Index:7208 	 City_Num:50 	 Concorde:0.058594 	 MCTS:5.854407 Improve:0.005027 	 Time:5.00 Seconds
Solution: 1 3 23 12 2 40 36 44 21 48 31 7 16 20 5 50 41 33 17 47 29 15 13 25 22 45 24 6 14 28 46 39 43 4 18 42 37 38 34 26 19 9 35 30 10 27 32 11 49 8 

Inst_Index:7209 	 City_Num:50 	 Concorde:0.055710 	 MCTS:5.570131 Improve:0.000844 	 Time:5.00 Seconds
Solution: 1 48 22 41 29 46 24 13 31 9 3 27 10 5 26 44 39 49 19 33 37 32 45 16 42 4 43 15 34 36 21 35 30 25 7 28 14 6 8 2 23 47 38 50 11 40 20 18 17 12 

Inst_Index:7210 	 City_Num:50 	 Concorde:0.057932 	 MCTS:5.791030 Improve:0.002186 	 Time:5.00 Seconds
Solution: 1 34 33 13 25 45 35 20 30 24 17 44 27 23 18 38 21 50 2 11 22 12 28 16 8 26 29 39 19 4 15 9 41 7 31 14 47 3 49 46 43 6 32 36 37 42 10 48 40 5 

Inst_Index:7211 	 City_Num:50 	 Concorde:0.053267 	 MCTS:5.326734 Improve:-0.000000 	 Time:5.00 Seconds
Solution: 1 24 22 30 29 41 10 28 4 21 47 40 32 9 26 33 6 27 17 48 38 11 13 2 50 16 34 19 23 35 5 45 36 43 39 14 8 49 12 31 18 46 7 37 42 20 3 44 15 25 

Inst_Index:7212 	 City_Num:50 	 Concorde:0.058587 	 MCTS:5.858740 Improve:0.000000 	 Time:5.00 Seconds
Solution: 1 11 19 38 12 3 31 50 13 32 36 8 18 27 23 10 17 28 29 16 21 44 37 39 6 49 40 42 43 34 41 24 35 4 46 30 9 25 7 5 22 33 47 26 20 15 48 14 2 45 

Inst_Index:7213 	 City_Num:50 	 Concorde:0.057632 	 MCTS:5.761826 Improve:0.001409 	 Time:5.00 Seconds
Solution: 1 25 29 3 18 28 5 10 38 32 49 42 17 7 50 22 23 20 46 41 36 19 44 30 11 47 21 40 33 39 31 13 34 6 4 14 48 43 35 16 2 26 45 9 27 24 15 37 12 8 

Inst_Index:7214 	 City_Num:50 	 Concorde:0.058676 	 MCTS:5.865779 Improve:0.001846 	 Time:5.00 Seconds
Solution: 1 25 19 38 41 31 12 14 39 44 45 15 9 16 34 28 43 30 7 27 49 33 2 8 47 21 48 10 20 4 3 13 42 50 32 26 18 35 40 46 24 22 6 11 29 37 36 5 23 17 

Inst_Index:7215 	 City_Num:50 	 Concorde:0.055214 	 MCTS:5.521398 Improve:0.000000 	 Time:5.00 Seconds
Solution: 1 34 45 41 47 5 42 26 37 2 15 24 3 33 23 4 22 44 21 36 29 40 7 32 10 20 12 6 14 50 11 39 13 9 25 31 30 43 38 8 17 19 49 16 35 28 46 18 48 27 

Inst_Index:7216 	 City_Num:50 	 Concorde:0.054714 	 MCTS:5.468620 Improve:0.002758 	 Time:5.00 Seconds
Solution: 1 46 21 20 26 47 38 27 16 41 10 33 42 23 14 19 2 34 18 12 22 30 29 3 24 13 15 5 28 4 43 35 8 6 9 31 45 37 39 50 44 32 36 40 7 25 49 11 48 17 

Inst_Index:7217 	 City_Num:50 	 Concorde:0.054758 	 MCTS:5.475816 Improve:-0.000000 	 Time:5.00 Seconds
Solution: 1 36 48 35 27 17 15 32 39 22 31 14 42 20 24 11 34 19 7 40 49 5 44 21 8 23 38 47 43 41 18 13 10 2 45 30 4 33 26 25 9 28 50 29 3 46 16 37 12 6 

Inst_Index:7218 	 City_Num:50 	 Concorde:0.055227 	 MCTS:5.522701 Improve:0.000000 	 Time:5.01 Seconds
Solution: 1 46 35 8 50 17 10 31 24 40 21 44 38 30 5 22 3 12 23 32 33 49 9 13 4 11 27 48 45 37 47 7 6 19 34 39 25 36 18 14 2 20 29 15 16 28 26 42 41 43 

Inst_Index:7219 	 City_Num:50 	 Concorde:0.057182 	 MCTS:5.714441 Improve:0.003752 	 Time:5.00 Seconds
Solution: 1 14 40 41 30 49 5 20 48 22 37 38 43 26 28 15 2 50 24 42 31 47 3 25 33 13 39 7 32 19 10 12 9 8 35 4 21 34 29 6 16 45 36 11 18 23 46 44 27 17 

Inst_Index:7220 	 City_Num:50 	 Concorde:0.057136 	 MCTS:5.721478 Improve:-0.007829 	 Time:5.01 Seconds
Solution: 1 46 47 39 37 8 28 22 27 42 16 40 36 24 43 49 41 33 44 10 14 38 13 15 35 11 21 5 4 45 3 20 29 25 48 17 30 19 32 31 12 2 18 7 6 26 23 9 50 34 

Inst_Index:7221 	 City_Num:50 	 Concorde:0.057297 	 MCTS:5.720395 Improve:0.009326 	 Time:5.00 Seconds
Solution: 1 2 16 17 31 8 46 23 21 34 25 4 15 5 13 26 43 42 27 10 47 40 45 49 9 50 36 38 33 11 30 19 7 37 18 3 48 44 29 24 35 22 14 12 6 41 20 28 32 39 

Inst_Index:7222 	 City_Num:50 	 Concorde:0.058651 	 MCTS:5.865069 Improve:0.000000 	 Time:5.01 Seconds
Solution: 1 40 22 6 12 49 27 23 19 39 38 41 15 8 47 32 13 16 5 50 42 10 33 2 28 9 44 43 7 4 14 45 36 35 34 31 17 24 20 46 11 26 18 21 3 48 25 30 37 29 

Inst_Index:7223 	 City_Num:50 	 Concorde:0.059564 	 MCTS:5.956363 Improve:-0.000000 	 Time:5.00 Seconds
Solution: 1 25 30 2 42 19 4 36 40 35 37 32 15 8 50 27 23 3 22 48 47 20 24 33 45 17 29 49 14 6 39 13 18 16 11 9 12 26 7 21 28 44 41 43 34 10 46 31 38 5 

Inst_Index:7224 	 City_Num:50 	 Concorde:0.056246 	 MCTS:5.624402 Improve:0.000247 	 Time:5.00 Seconds
Solution: 1 32 47 24 36 19 35 9 7 27 11 14 41 38 12 8 2 33 30 31 22 3 29 50 49 18 45 21 43 26 20 37 10 13 5 6 48 40 16 39 34 46 4 42 17 25 23 44 28 15 

Inst_Index:7225 	 City_Num:50 	 Concorde:0.055809 	 MCTS:5.580889 Improve:-0.000000 	 Time:5.00 Seconds
Solution: 1 33 8 27 50 45 28 29 9 26 44 6 7 41 37 49 25 30 4 43 48 12 32 22 19 47 35 2 34 38 16 11 20 42 5 15 40 10 24 14 3 31 17 39 21 23 46 13 18 36 

Inst_Index:7226 	 City_Num:50 	 Concorde:0.058677 	 MCTS:5.862494 Improve:0.005212 	 Time:5.01 Seconds
Solution: 1 26 44 3 5 45 14 33 25 19 31 17 29 42 40 30 46 2 32 34 41 15 23 48 39 28 4 35 12 13 47 43 36 10 8 49 21 50 24 11 38 22 16 9 18 37 6 27 7 20 

Inst_Index:7227 	 City_Num:50 	 Concorde:0.056131 	 MCTS:5.613148 Improve:0.000000 	 Time:5.00 Seconds
Solution: 1 37 30 39 35 21 48 47 3 44 41 36 26 8 49 46 38 12 34 4 27 31 29 16 22 10 2 20 24 42 7 45 28 9 32 5 40 19 13 17 6 15 14 18 50 23 25 33 43 11 

Inst_Index:7228 	 City_Num:50 	 Concorde:0.059025 	 MCTS:5.902481 Improve:0.000000 	 Time:5.00 Seconds
Solution: 1 13 37 42 19 15 17 25 39 27 24 38 28 31 23 9 8 43 48 22 14 20 6 40 41 11 47 30 46 10 18 2 16 4 35 36 34 32 50 49 26 33 44 21 45 12 3 29 7 5 

Inst_Index:7229 	 City_Num:50 	 Concorde:0.055506 	 MCTS:5.542325 Improve:0.008303 	 Time:5.00 Seconds
Solution: 1 50 40 3 9 33 34 27 48 21 17 2 42 36 16 6 25 7 10 46 29 5 35 37 26 15 31 44 32 30 43 23 18 12 24 41 38 4 39 45 13 14 19 11 22 47 49 20 8 28 

Inst_Index:7230 	 City_Num:50 	 Concorde:0.057215 	 MCTS:5.719350 Improve:0.002164 	 Time:5.00 Seconds
Solution: 1 38 8 37 14 20 3 46 33 36 9 12 17 39 21 42 18 13 11 2 19 45 24 43 40 47 50 6 15 44 32 27 10 7 48 4 26 30 31 28 23 16 49 22 35 34 41 29 5 25 

Inst_Index:7231 	 City_Num:50 	 Concorde:0.060031 	 MCTS:6.003140 Improve:0.000000 	 Time:5.01 Seconds
Solution: 1 18 30 11 13 16 38 25 41 2 17 31 42 50 33 48 7 26 40 21 14 20 23 39 19 43 27 10 34 28 45 37 3 15 6 44 12 47 4 5 36 35 29 49 32 8 22 9 24 46 

Inst_Index:7232 	 City_Num:50 	 Concorde:0.060076 	 MCTS:6.007555 Improve:-0.000000 	 Time:5.00 Seconds
Solution: 1 14 38 21 23 4 27 19 16 9 22 32 50 48 24 47 11 39 34 40 12 35 5 13 41 31 30 2 7 25 36 15 29 3 33 49 17 42 8 18 46 37 43 45 20 6 10 26 44 28 

Inst_Index:7233 	 City_Num:50 	 Concorde:0.055704 	 MCTS:5.570362 Improve:-0.000000 	 Time:5.00 Seconds
Solution: 1 17 38 40 15 45 16 34 7 8 13 36 49 28 18 25 29 50 11 19 32 41 2 14 33 5 35 23 9 44 21 48 39 6 37 10 20 30 42 27 3 12 47 43 46 24 31 22 26 4 

Inst_Index:7234 	 City_Num:50 	 Concorde:0.058937 	 MCTS:5.893676 Improve:0.000000 	 Time:5.00 Seconds
Solution: 1 7 12 48 49 18 33 3 23 11 35 8 45 21 37 46 6 29 13 2 22 32 42 19 9 10 38 41 39 25 28 44 16 17 31 40 26 47 50 14 15 30 20 27 34 36 5 43 24 4 

Inst_Index:7235 	 City_Num:50 	 Concorde:0.058035 	 MCTS:5.803463 Improve:0.000000 	 Time:5.01 Seconds
Solution: 1 10 31 24 8 27 4 7 37 30 50 41 2 16 25 29 26 21 48 15 32 6 45 11 34 42 14 28 9 18 35 44 5 22 36 49 40 17 38 13 19 3 20 46 39 33 23 43 47 12 

Inst_Index:7236 	 City_Num:50 	 Concorde:0.057734 	 MCTS:5.771378 Improve:0.002014 	 Time:5.00 Seconds
Solution: 1 12 44 35 40 48 3 37 20 47 33 22 13 24 15 28 46 25 11 19 26 4 21 8 9 39 42 2 50 38 45 27 34 29 7 31 5 41 23 36 17 10 18 16 43 6 32 14 30 49 

Inst_Index:7237 	 City_Num:50 	 Concorde:0.057282 	 MCTS:5.726163 Improve:0.001990 	 Time:5.00 Seconds
Solution: 1 24 15 13 5 42 2 43 25 3 33 45 37 9 31 22 32 17 35 28 8 19 29 46 40 20 39 16 23 27 38 34 36 26 14 49 50 7 4 6 41 10 44 18 12 21 11 48 30 47 

Inst_Index:7238 	 City_Num:50 	 Concorde:0.056588 	 MCTS:5.655165 Improve:0.003667 	 Time:5.00 Seconds
Solution: 1 6 19 20 10 24 47 5 37 11 35 2 48 50 43 40 27 28 15 12 30 45 16 25 41 42 22 46 38 3 33 13 21 4 29 14 34 26 32 8 17 44 36 49 23 7 18 9 31 39 

Inst_Index:7239 	 City_Num:50 	 Concorde:0.053424 	 MCTS:5.340981 Improve:0.001429 	 Time:5.00 Seconds
Solution: 1 35 10 24 9 14 47 23 45 18 12 25 38 50 15 31 29 7 39 4 16 22 28 46 6 36 19 20 34 26 21 13 17 33 32 2 44 8 37 42 5 41 43 30 11 3 48 49 27 40 

Inst_Index:7240 	 City_Num:50 	 Concorde:0.055135 	 MCTS:5.513452 Improve:0.000000 	 Time:5.00 Seconds
Solution: 1 47 18 19 20 25 38 6 3 33 46 11 24 4 2 44 9 35 49 8 36 41 32 50 16 28 48 23 27 22 26 12 21 13 39 10 37 14 42 34 43 30 5 45 15 40 17 31 29 7 

Inst_Index:7241 	 City_Num:50 	 Concorde:0.056625 	 MCTS:5.659198 Improve:0.003274 	 Time:5.00 Seconds
Solution: 1 9 12 21 25 41 6 40 38 48 39 13 29 33 8 20 24 31 23 26 44 17 5 15 37 27 32 11 22 47 42 14 2 43 35 3 28 19 10 50 7 18 4 45 46 30 34 36 49 16 

Inst_Index:7242 	 City_Num:50 	 Concorde:0.056976 	 MCTS:5.692151 Improve:0.005425 	 Time:5.01 Seconds
Solution: 1 48 39 26 38 3 18 17 43 15 20 35 4 36 22 33 50 14 44 32 46 27 24 16 23 8 2 7 41 30 42 45 10 5 19 11 28 31 21 13 29 25 6 40 34 47 37 49 9 12 

Inst_Index:7243 	 City_Num:50 	 Concorde:0.060684 	 MCTS:6.068402 Improve:0.000000 	 Time:5.01 Seconds
Solution: 1 2 19 44 43 48 31 37 50 34 14 42 49 3 4 22 6 23 7 15 12 18 38 8 30 13 11 40 9 33 29 35 45 28 36 5 47 10 32 27 46 16 24 21 41 17 26 25 20 39 

Inst_Index:7244 	 City_Num:50 	 Concorde:0.060650 	 MCTS:6.064968 Improve:-0.000000 	 Time:5.02 Seconds
Solution: 1 9 29 13 40 34 47 8 7 16 39 41 31 45 12 27 17 20 25 14 43 49 15 11 38 18 32 48 22 35 44 36 42 46 10 28 19 37 5 3 23 2 30 33 21 26 6 4 50 24 

Inst_Index:7245 	 City_Num:50 	 Concorde:0.057100 	 MCTS:5.709959 Improve:0.000000 	 Time:5.00 Seconds
Solution: 1 11 16 35 27 21 19 25 42 9 10 45 23 34 22 36 4 29 33 31 50 18 20 3 44 49 14 2 6 40 39 37 15 8 43 26 13 7 41 12 5 47 46 30 28 38 24 48 32 17 

Inst_Index:7246 	 City_Num:50 	 Concorde:0.056286 	 MCTS:5.621933 Improve:0.006623 	 Time:5.00 Seconds
Solution: 1 32 49 30 18 38 10 46 9 15 11 41 36 25 43 48 7 22 13 21 27 26 33 23 16 6 19 35 5 31 3 47 8 45 24 29 44 37 4 17 42 50 40 20 2 14 12 39 28 34 

Inst_Index:7247 	 City_Num:50 	 Concorde:0.060367 	 MCTS:6.031736 Improve:0.004919 	 Time:5.00 Seconds
Solution: 1 5 18 48 25 20 47 24 9 43 41 6 31 42 14 19 49 10 32 27 23 45 50 46 8 17 29 16 30 4 3 44 39 21 34 22 38 11 35 13 33 37 40 15 12 28 36 2 7 26 

Inst_Index:7248 	 City_Num:50 	 Concorde:0.058084 	 MCTS:5.808357 Improve:-0.000000 	 Time:5.00 Seconds
Solution: 1 44 5 13 24 30 35 6 16 8 18 2 9 49 12 43 7 17 40 36 47 50 19 32 23 41 39 48 34 15 26 4 27 20 31 3 29 28 11 22 46 25 45 33 14 42 37 38 21 10 

Inst_Index:7249 	 City_Num:50 	 Concorde:0.057958 	 MCTS:5.795831 Improve:0.000000 	 Time:5.02 Seconds
Solution: 1 37 36 19 23 8 48 22 31 39 21 5 40 11 35 7 26 15 29 18 9 30 50 17 20 42 45 28 13 41 38 16 34 27 47 44 3 14 32 25 2 24 4 46 12 6 10 49 33 43 

Inst_Index:7250 	 City_Num:50 	 Concorde:0.059210 	 MCTS:5.921021 Improve:0.000000 	 Time:5.00 Seconds
Solution: 1 48 42 17 32 7 27 25 6 46 47 5 15 49 40 19 28 20 35 29 3 34 37 36 12 4 2 13 10 21 50 11 43 39 8 18 9 45 41 24 26 44 23 14 30 16 33 22 31 38 

Inst_Index:7251 	 City_Num:50 	 Concorde:0.057579 	 MCTS:5.753426 Improve:0.004457 	 Time:5.00 Seconds
Solution: 1 5 29 8 41 2 19 16 9 3 43 37 33 13 18 22 32 21 44 49 40 26 17 45 35 12 30 42 31 11 4 47 34 7 27 46 48 36 38 20 50 15 25 10 39 24 6 14 23 28 

Inst_Index:7252 	 City_Num:50 	 Concorde:0.054312 	 MCTS:5.431174 Improve:-0.000000 	 Time:5.00 Seconds
Solution: 1 43 33 39 31 8 17 49 22 10 27 46 36 5 34 21 11 28 19 40 12 44 30 29 23 26 41 45 35 3 25 9 4 13 38 20 48 7 18 2 6 24 37 32 42 15 16 47 50 14 

Inst_Index:7253 	 City_Num:50 	 Concorde:0.057366 	 MCTS:5.736201 Improve:0.000403 	 Time:5.00 Seconds
Solution: 1 49 30 32 36 48 42 25 6 3 40 20 35 46 2 4 29 14 41 47 45 44 8 5 50 27 15 19 21 13 39 31 16 24 9 28 23 22 18 10 11 26 17 37 12 33 43 34 38 7 

Inst_Index:7254 	 City_Num:50 	 Concorde:0.056714 	 MCTS:5.671419 Improve:0.000000 	 Time:5.00 Seconds
Solution: 1 34 16 46 11 28 41 32 7 22 40 17 35 5 39 13 33 6 15 27 38 36 2 37 31 18 30 45 44 49 21 29 9 23 24 42 26 47 10 19 3 14 50 8 12 43 20 4 25 48 

Inst_Index:7255 	 City_Num:50 	 Concorde:0.055627 	 MCTS:5.555194 Improve:0.007514 	 Time:5.00 Seconds
Solution: 1 36 44 8 16 33 37 20 19 26 42 34 27 10 23 46 14 32 49 35 45 12 17 3 21 11 47 18 41 5 38 24 29 9 31 13 2 50 22 30 43 48 15 28 6 39 7 4 25 40 

Inst_Index:7256 	 City_Num:50 	 Concorde:0.058062 	 MCTS:5.812051 Improve:-0.005843 	 Time:5.02 Seconds
Solution: 1 16 21 13 45 34 29 7 38 25 10 23 41 48 43 9 31 28 49 22 39 2 15 30 18 5 50 35 14 6 37 27 33 44 47 17 4 20 36 12 11 8 24 42 32 26 19 40 46 3 

Inst_Index:7257 	 City_Num:50 	 Concorde:0.058034 	 MCTS:5.803448 Improve:0.000000 	 Time:5.00 Seconds
Solution: 1 50 3 15 22 4 13 49 46 27 39 29 12 42 18 33 21 2 20 19 14 41 26 9 44 17 10 45 36 6 30 25 37 28 38 31 48 23 35 47 24 7 8 11 43 5 32 34 40 16 

Inst_Index:7258 	 City_Num:50 	 Concorde:0.056113 	 MCTS:5.611279 Improve:-0.000000 	 Time:5.02 Seconds
Solution: 1 16 28 26 15 21 36 49 46 30 32 50 7 14 40 13 24 34 37 25 17 22 33 39 20 5 18 31 42 11 35 45 4 43 3 2 48 10 12 44 47 23 9 6 19 41 29 27 8 38 

Inst_Index:7259 	 City_Num:50 	 Concorde:0.055399 	 MCTS:5.539862 Improve:0.000000 	 Time:5.00 Seconds
Solution: 1 42 25 49 24 26 8 6 10 45 28 3 21 14 37 9 41 39 12 34 15 5 13 47 22 4 19 33 7 48 31 36 50 35 30 17 27 18 29 11 43 46 20 40 32 44 23 38 2 16 

Inst_Index:7260 	 City_Num:50 	 Concorde:0.057166 	 MCTS:5.716643 Improve:-0.000000 	 Time:5.00 Seconds
Solution: 1 6 48 47 31 13 15 21 29 42 24 46 30 2 40 38 34 28 3 50 22 26 4 49 10 11 5 17 23 16 37 35 14 45 19 32 8 36 9 25 43 27 7 44 39 18 41 20 12 33 

Inst_Index:7261 	 City_Num:50 	 Concorde:0.055633 	 MCTS:5.554148 Improve:0.009116 	 Time:5.00 Seconds
Solution: 1 16 39 46 42 34 4 37 27 43 21 14 7 29 22 18 38 44 5 13 3 20 2 24 41 45 30 50 26 11 10 35 28 31 47 8 17 36 19 32 15 25 40 12 33 23 49 48 9 6 

Inst_Index:7262 	 City_Num:50 	 Concorde:0.058978 	 MCTS:5.897774 Improve:0.000000 	 Time:5.00 Seconds
Solution: 1 33 41 10 44 16 26 2 50 6 18 34 45 4 30 8 48 12 17 11 27 32 21 43 49 35 42 24 29 28 20 15 31 9 46 40 22 14 7 5 25 38 13 39 3 37 47 19 36 23 

Inst_Index:7263 	 City_Num:50 	 Concorde:0.059068 	 MCTS:5.906793 Improve:0.000000 	 Time:5.00 Seconds
Solution: 1 18 46 50 29 19 40 24 31 27 15 13 21 8 48 35 17 22 20 41 39 26 25 6 10 43 5 33 32 47 7 30 37 16 2 12 9 14 28 3 49 42 45 36 23 11 34 4 38 44 

Inst_Index:7264 	 City_Num:50 	 Concorde:0.059087 	 MCTS:5.904856 Improve:0.003855 	 Time:5.00 Seconds
Solution: 1 33 46 30 3 17 41 11 45 5 32 42 22 36 40 26 23 4 10 47 27 35 37 20 43 8 44 7 6 39 18 38 15 48 21 50 16 34 12 25 2 28 24 19 31 49 13 29 14 9 

Inst_Index:7265 	 City_Num:50 	 Concorde:0.053587 	 MCTS:5.355559 Improve:0.003116 	 Time:5.00 Seconds
Solution: 1 13 26 20 24 28 3 40 19 45 35 6 10 43 16 38 4 31 8 7 18 37 33 9 34 49 42 30 15 47 46 23 21 25 22 5 12 32 11 48 50 36 41 44 29 39 2 14 17 27 

Inst_Index:7266 	 City_Num:50 	 Concorde:0.056323 	 MCTS:5.628507 Improve:0.003751 	 Time:5.01 Seconds
Solution: 1 11 38 43 10 17 5 25 47 27 46 23 41 28 22 20 44 16 2 12 9 48 30 18 39 36 45 8 24 21 34 15 13 3 49 40 6 31 35 42 29 26 50 37 32 7 33 14 4 19 

Inst_Index:7267 	 City_Num:50 	 Concorde:0.056404 	 MCTS:5.640385 Improve:0.000000 	 Time:5.01 Seconds
Solution: 1 35 45 43 28 15 6 9 46 31 47 4 36 37 16 48 50 42 33 11 12 39 3 10 40 13 26 23 22 29 19 27 2 24 17 30 44 32 5 20 14 8 49 38 18 21 25 41 34 7 

Inst_Index:7268 	 City_Num:50 	 Concorde:0.057148 	 MCTS:5.725412 Improve:-0.010615 	 Time:5.00 Seconds
Solution: 1 49 20 5 18 35 27 8 13 45 4 30 11 32 31 36 15 34 33 29 26 7 24 17 39 43 42 19 47 23 6 12 16 40 37 14 50 41 21 44 3 28 2 10 25 46 48 22 9 38 

Inst_Index:7269 	 City_Num:50 	 Concorde:0.057381 	 MCTS:5.733364 Improve:0.004766 	 Time:5.00 Seconds
Solution: 1 46 15 5 19 28 50 49 30 13 24 40 23 17 21 27 44 32 8 26 39 34 31 3 6 35 2 37 4 12 18 29 16 48 33 10 42 47 43 36 20 14 25 11 7 45 38 41 22 9 

Inst_Index:7270 	 City_Num:50 	 Concorde:0.057074 	 MCTS:5.707445 Improve:0.000000 	 Time:5.00 Seconds
Solution: 1 10 39 22 6 31 26 46 5 19 18 9 35 29 33 17 32 40 28 14 43 15 34 30 45 37 4 13 25 16 21 3 12 2 38 11 24 47 27 49 23 48 20 8 41 42 7 36 50 44 

Inst_Index:7271 	 City_Num:50 	 Concorde:0.059683 	 MCTS:5.963304 Improve:0.005017 	 Time:5.00 Seconds
Solution: 1 11 37 39 20 28 17 27 12 9 7 50 47 25 8 44 23 45 48 21 43 4 18 14 29 40 49 13 6 5 34 32 38 33 35 31 26 2 10 41 3 15 24 16 46 22 30 42 19 36 

Inst_Index:7272 	 City_Num:50 	 Concorde:0.054575 	 MCTS:5.457490 Improve:0.000000 	 Time:5.00 Seconds
Solution: 1 16 2 9 3 43 18 38 25 31 33 5 32 8 50 27 7 40 47 41 20 49 4 36 42 26 11 24 23 12 6 28 34 10 44 46 13 22 17 15 29 21 19 14 37 48 35 45 30 39 

Inst_Index:7273 	 City_Num:50 	 Concorde:0.057553 	 MCTS:5.755275 Improve:-0.000000 	 Time:5.01 Seconds
Solution: 1 8 28 42 29 44 48 41 33 26 45 17 24 3 37 21 16 13 22 49 43 25 23 27 50 35 11 47 40 15 19 4 31 18 9 30 10 32 5 12 2 46 36 14 7 38 6 34 20 39 

Inst_Index:7274 	 City_Num:50 	 Concorde:0.057395 	 MCTS:5.739217 Improve:0.000287 	 Time:5.01 Seconds
Solution: 1 18 10 4 47 28 34 12 42 37 38 36 31 15 46 24 30 50 32 45 27 8 5 11 2 6 20 39 22 16 33 7 23 17 40 29 35 13 48 43 9 49 44 26 41 14 3 19 21 25 

Inst_Index:7275 	 City_Num:50 	 Concorde:0.057255 	 MCTS:5.725470 Improve:0.000000 	 Time:5.00 Seconds
Solution: 1 49 19 42 46 6 47 12 7 8 25 28 22 17 33 15 50 44 43 14 37 48 35 13 31 38 4 2 34 45 30 18 10 41 32 40 9 5 16 11 24 3 36 26 23 21 39 29 27 20 

Inst_Index:7276 	 City_Num:50 	 Concorde:0.052773 	 MCTS:5.275834 Improve:0.001442 	 Time:5.00 Seconds
Solution: 1 19 6 47 36 16 3 41 17 23 42 31 35 48 29 49 14 25 7 24 12 4 44 2 13 15 10 18 22 8 32 20 27 39 40 50 38 26 30 21 34 45 11 9 37 33 5 46 28 43 

Inst_Index:7277 	 City_Num:50 	 Concorde:0.059494 	 MCTS:5.949375 Improve:0.000000 	 Time:5.01 Seconds
Solution: 1 15 16 41 45 7 39 20 42 21 4 37 40 8 12 25 33 47 22 23 49 46 9 26 50 31 35 13 17 27 30 32 38 36 3 19 18 11 24 14 43 34 6 10 29 2 44 5 48 28 

Inst_Index:7278 	 City_Num:50 	 Concorde:0.056468 	 MCTS:5.646811 Improve:-0.000000 	 Time:5.00 Seconds
Solution: 1 47 40 34 24 26 2 7 27 35 38 4 9 45 21 17 20 16 36 10 8 22 12 41 39 3 30 6 32 18 25 43 42 50 48 33 28 5 46 49 19 37 13 14 23 44 31 15 29 11 

Inst_Index:7279 	 City_Num:50 	 Concorde:0.058354 	 MCTS:5.835365 Improve:-0.000000 	 Time:5.00 Seconds
Solution: 1 23 24 33 47 45 6 21 16 37 20 19 40 43 38 5 35 30 28 9 14 46 22 10 7 26 42 17 49 44 11 34 18 12 8 2 32 13 3 41 48 50 4 31 27 36 15 29 39 25 

Inst_Index:7280 	 City_Num:50 	 Concorde:0.051988 	 MCTS:5.196731 Improve:0.002112 	 Time:5.00 Seconds
Solution: 1 41 37 48 23 13 21 31 35 27 44 8 46 7 14 17 47 36 5 12 15 39 38 20 16 45 50 10 4 22 2 11 32 24 19 33 49 30 18 9 28 40 43 26 25 34 42 29 6 3 

Inst_Index:7281 	 City_Num:50 	 Concorde:0.056394 	 MCTS:5.636318 Improve:0.003117 	 Time:5.00 Seconds
Solution: 1 38 2 33 43 11 28 47 50 34 35 20 21 30 16 19 17 18 42 24 8 7 26 32 15 22 12 39 9 37 14 41 23 45 6 13 44 27 10 29 31 3 49 5 4 25 48 40 46 36 

Inst_Index:7282 	 City_Num:50 	 Concorde:0.061135 	 MCTS:6.111209 Improve:0.002321 	 Time:5.00 Seconds
Solution: 1 47 31 37 23 7 45 16 40 43 13 18 28 50 8 20 42 44 5 38 41 2 14 32 46 29 12 49 33 24 27 19 48 21 22 4 25 30 36 3 17 15 34 6 39 10 26 9 11 35 

Inst_Index:7283 	 City_Num:50 	 Concorde:0.058386 	 MCTS:5.838624 Improve:0.000000 	 Time:5.00 Seconds
Solution: 1 41 28 37 3 30 34 15 10 21 32 44 45 18 29 40 38 12 46 22 49 20 16 14 11 39 42 43 13 47 8 48 4 24 31 17 35 6 50 26 25 7 27 33 5 36 2 23 19 9 

Inst_Index:7284 	 City_Num:50 	 Concorde:0.054535 	 MCTS:5.453458 Improve:0.000000 	 Time:5.00 Seconds
Solution: 1 13 50 10 33 27 14 30 2 17 8 21 16 28 20 45 34 32 9 36 19 23 43 12 40 25 3 7 5 24 46 15 6 48 11 37 39 38 26 44 42 22 49 41 35 18 4 29 47 31 

Inst_Index:7285 	 City_Num:50 	 Concorde:0.057018 	 MCTS:5.700361 Improve:0.001482 	 Time:5.00 Seconds
Solution: 1 4 42 31 20 32 27 45 28 23 48 33 10 36 44 11 13 25 43 22 21 40 39 12 15 19 8 24 46 38 3 34 49 5 50 9 35 41 14 6 30 2 18 47 26 37 29 7 17 16 

Inst_Index:7286 	 City_Num:50 	 Concorde:0.054670 	 MCTS:5.466954 Improve:0.000000 	 Time:5.00 Seconds
Solution: 1 17 25 11 40 7 27 3 42 21 6 32 12 49 41 44 46 15 22 13 8 24 26 14 5 10 50 30 33 19 31 9 23 34 45 38 2 37 16 39 28 47 20 36 18 29 4 43 35 48 

Inst_Index:7287 	 City_Num:50 	 Concorde:0.056692 	 MCTS:5.669197 Improve:0.000000 	 Time:5.00 Seconds
Solution: 1 41 31 6 32 17 37 10 11 21 4 39 20 14 3 8 50 43 33 27 2 23 5 29 46 38 47 45 13 15 9 40 7 25 35 28 34 42 19 24 44 26 22 18 12 36 16 30 49 48 

Inst_Index:7288 	 City_Num:50 	 Concorde:0.050509 	 MCTS:5.050899 Improve:-0.000000 	 Time:5.00 Seconds
Solution: 1 10 9 48 11 35 4 39 7 8 22 27 24 45 43 34 30 29 50 12 3 36 25 47 17 20 42 49 28 2 5 13 19 16 15 46 40 21 18 31 23 26 41 44 6 14 32 37 38 33 

Inst_Index:7289 	 City_Num:50 	 Concorde:0.060536 	 MCTS:6.053634 Improve:0.000000 	 Time:5.00 Seconds
Solution: 1 30 31 22 50 9 12 25 36 3 13 10 11 8 46 40 14 38 47 6 41 19 32 7 16 2 42 23 33 44 43 5 20 4 39 18 21 24 26 37 48 45 27 17 15 49 35 34 29 28 

Inst_Index:7290 	 City_Num:50 	 Concorde:0.058923 	 MCTS:5.892217 Improve:0.000086 	 Time:5.00 Seconds
Solution: 1 24 15 10 2 11 29 38 37 31 42 48 40 8 39 9 33 5 3 12 36 47 14 23 45 27 49 30 26 6 7 25 22 21 50 18 34 4 20 16 32 43 35 46 44 19 13 28 17 41 

Inst_Index:7291 	 City_Num:50 	 Concorde:0.058907 	 MCTS:5.890682 Improve:0.000000 	 Time:5.01 Seconds
Solution: 1 4 42 13 39 47 10 36 32 24 50 41 33 22 38 37 5 12 27 31 16 28 49 26 21 2 19 34 17 29 30 3 14 25 45 43 9 23 15 7 20 18 48 8 11 35 46 40 6 44 

Inst_Index:7292 	 City_Num:50 	 Concorde:0.057668 	 MCTS:5.766763 Improve:-0.000000 	 Time:5.00 Seconds
Solution: 1 41 20 12 13 6 15 23 3 28 14 16 17 21 40 42 46 22 19 5 30 11 2 35 27 33 36 32 44 45 18 10 29 50 31 24 38 25 43 7 48 49 9 8 39 26 34 4 37 47 

Inst_Index:7293 	 City_Num:50 	 Concorde:0.057098 	 MCTS:5.703663 Improve:0.006124 	 Time:5.00 Seconds
Solution: 1 8 5 34 35 27 49 38 15 39 13 17 3 37 29 40 19 25 7 23 24 48 22 21 14 20 45 10 46 41 2 11 30 18 12 4 16 50 6 33 32 44 31 42 26 28 9 43 36 47 

Inst_Index:7294 	 City_Num:50 	 Concorde:0.058049 	 MCTS:5.806348 Improve:-0.001402 	 Time:5.00 Seconds
Solution: 1 31 8 25 48 15 47 44 7 12 9 39 26 11 23 18 35 33 37 22 32 13 50 17 38 34 4 30 36 42 43 46 27 6 28 14 41 19 3 40 24 10 49 45 29 16 2 5 21 20 

Inst_Index:7295 	 City_Num:50 	 Concorde:0.057398 	 MCTS:5.739838 Improve:0.000000 	 Time:5.00 Seconds
Solution: 1 9 31 50 43 34 3 19 6 37 10 45 16 29 25 28 17 14 44 5 27 36 18 4 48 47 22 40 46 8 42 24 13 30 12 41 7 20 26 35 39 21 32 23 49 11 15 2 38 33 

Inst_Index:7296 	 City_Num:50 	 Concorde:0.058345 	 MCTS:5.840513 Improve:-0.006019 	 Time:5.00 Seconds
Solution: 1 39 3 26 23 45 6 38 22 12 33 27 5 47 30 25 34 19 28 49 13 48 7 36 41 24 2 31 37 9 15 40 50 14 32 16 21 18 11 35 46 20 10 42 43 44 29 8 17 4 

Inst_Index:7297 	 City_Num:50 	 Concorde:0.058934 	 MCTS:5.893365 Improve:0.000000 	 Time:5.00 Seconds
Solution: 1 15 36 8 31 33 34 48 19 16 37 29 39 12 7 23 13 10 24 28 4 44 30 45 25 32 42 9 35 43 38 20 5 41 6 46 22 18 14 2 3 11 17 27 50 49 40 26 21 47 

Inst_Index:7298 	 City_Num:50 	 Concorde:0.056775 	 MCTS:5.677265 Improve:0.000220 	 Time:5.00 Seconds
Solution: 1 34 16 13 33 17 8 6 22 30 9 41 24 29 10 27 48 42 12 45 37 50 5 19 47 43 23 2 21 31 7 36 28 35 11 46 39 44 14 3 32 40 38 4 49 18 20 15 26 25 

Inst_Index:7299 	 City_Num:50 	 Concorde:0.059520 	 MCTS:5.952003 Improve:0.000000 	 Time:5.00 Seconds
Solution: 1 14 37 15 17 12 44 20 40 41 33 11 18 4 35 21 48 8 22 10 39 34 50 3 29 43 42 13 23 49 27 30 24 26 2 36 5 32 28 47 7 31 6 16 45 19 25 9 46 38 

Inst_Index:7300 	 City_Num:50 	 Concorde:0.060433 	 MCTS:6.043321 Improve:0.000000 	 Time:5.00 Seconds
Solution: 1 38 14 43 36 41 27 40 45 46 5 20 26 8 15 37 16 17 34 42 7 32 31 44 50 30 21 49 10 6 33 13 12 48 9 4 47 11 24 19 29 2 35 18 28 25 39 22 23 3 

Inst_Index:7301 	 City_Num:50 	 Concorde:0.056065 	 MCTS:5.606480 Improve:0.000000 	 Time:5.00 Seconds
Solution: 1 14 19 18 50 16 40 26 28 9 35 24 23 6 17 27 33 36 30 46 34 39 10 45 38 21 49 4 29 7 12 20 25 11 3 22 44 42 8 32 48 15 5 37 41 43 2 31 13 47 

Inst_Index:7302 	 City_Num:50 	 Concorde:0.054035 	 MCTS:5.403475 Improve:-0.000000 	 Time:5.00 Seconds
Solution: 1 35 48 50 44 43 31 24 5 12 47 20 6 19 8 17 33 49 18 37 13 38 27 42 26 39 16 40 21 23 30 36 25 7 11 41 9 22 3 46 14 10 15 32 34 28 2 4 29 45 

Inst_Index:7303 	 City_Num:50 	 Concorde:0.060757 	 MCTS:6.067096 Improve:0.008625 	 Time:5.00 Seconds
Solution: 1 15 32 18 4 45 34 10 23 21 47 42 49 19 24 46 39 41 8 50 38 20 35 25 6 33 14 7 17 13 28 11 48 29 16 30 2 31 37 44 9 40 3 22 36 5 43 12 26 27 

Inst_Index:7304 	 City_Num:50 	 Concorde:0.053753 	 MCTS:5.371234 Improve:0.004082 	 Time:5.00 Seconds
Solution: 1 41 3 13 37 19 40 49 31 6 15 21 5 29 10 14 8 50 43 25 24 36 26 48 44 34 23 32 39 22 4 42 45 47 17 35 12 46 11 7 30 2 38 33 20 18 9 16 28 27 

Inst_Index:7305 	 City_Num:50 	 Concorde:0.048554 	 MCTS:4.855417 Improve:-0.000000 	 Time:5.00 Seconds
Solution: 1 35 23 39 50 34 24 45 28 15 32 25 27 38 17 20 13 31 40 48 4 3 26 14 36 18 7 37 30 22 42 33 5 16 43 29 10 47 21 6 19 9 46 41 2 8 12 44 49 11 

Inst_Index:7306 	 City_Num:50 	 Concorde:0.056855 	 MCTS:5.678057 Improve:0.007424 	 Time:5.00 Seconds
Solution: 1 24 16 30 47 8 21 34 26 15 22 49 46 27 17 25 23 11 31 39 18 28 14 33 13 32 3 12 2 50 44 5 29 7 35 9 20 6 42 19 4 36 10 38 43 41 37 48 45 40 

Inst_Index:7307 	 City_Num:50 	 Concorde:0.058007 	 MCTS:5.800681 Improve:-0.000000 	 Time:5.00 Seconds
Solution: 1 34 31 17 4 15 14 7 11 47 13 27 36 44 41 10 40 9 29 2 26 6 37 12 20 45 24 3 48 18 25 46 5 35 19 22 43 32 21 42 49 33 30 50 8 39 28 23 38 16 

Inst_Index:7308 	 City_Num:50 	 Concorde:0.054225 	 MCTS:5.422480 Improve:0.000000 	 Time:5.00 Seconds
Solution: 1 18 36 17 50 5 20 39 40 9 31 14 35 30 45 44 33 37 41 32 22 8 10 2 34 29 38 19 15 46 4 48 28 3 47 27 24 49 43 7 6 42 12 23 11 21 26 16 13 25 

Inst_Index:7309 	 City_Num:50 	 Concorde:0.054801 	 MCTS:5.480093 Improve:0.000000 	 Time:5.00 Seconds
Solution: 1 15 20 29 12 27 44 37 5 6 46 40 8 34 31 13 42 32 41 2 23 39 36 11 24 10 3 38 22 28 21 33 47 26 16 7 25 9 35 14 49 30 45 17 4 43 19 50 48 18 

Inst_Index:7310 	 City_Num:50 	 Concorde:0.055885 	 MCTS:5.588497 Improve:-0.000000 	 Time:5.00 Seconds
Solution: 1 32 26 30 49 19 35 11 2 10 15 34 24 8 42 46 36 13 29 21 3 50 17 47 4 37 43 9 16 38 31 48 12 25 20 40 18 27 45 33 6 44 28 41 39 14 23 5 7 22 

Inst_Index:7311 	 City_Num:50 	 Concorde:0.056137 	 MCTS:5.613678 Improve:0.000000 	 Time:5.00 Seconds
Solution: 1 25 47 30 3 9 23 50 41 16 17 32 29 36 24 10 26 18 44 14 2 22 33 37 42 35 15 43 39 11 49 4 13 46 48 40 34 7 20 5 27 28 45 21 8 38 6 31 19 12 

Inst_Index:7312 	 City_Num:50 	 Concorde:0.058896 	 MCTS:5.889586 Improve:-0.000000 	 Time:5.00 Seconds
Solution: 1 7 32 17 43 3 41 31 46 15 5 10 11 36 25 30 14 22 44 37 28 26 2 18 19 13 33 9 39 34 48 27 4 8 23 16 12 24 50 49 29 45 47 40 20 42 21 38 6 35 

Inst_Index:7313 	 City_Num:50 	 Concorde:0.059844 	 MCTS:5.974986 Improve:0.009457 	 Time:5.01 Seconds
Solution: 1 32 4 16 29 10 14 39 26 45 8 30 9 27 28 18 17 25 12 31 49 36 13 43 6 47 40 33 20 41 38 15 42 24 48 19 5 44 50 21 34 2 22 3 37 35 7 46 11 23 

Inst_Index:7314 	 City_Num:50 	 Concorde:0.055264 	 MCTS:5.526444 Improve:0.000000 	 Time:5.00 Seconds
Solution: 1 27 7 22 2 9 40 44 32 38 29 23 14 5 18 31 28 50 21 48 45 13 35 42 47 34 36 4 15 30 43 24 11 17 49 10 6 20 25 8 26 19 16 46 3 33 12 37 41 39 

Inst_Index:7315 	 City_Num:50 	 Concorde:0.062116 	 MCTS:6.211585 Improve:0.000000 	 Time:5.00 Seconds
Solution: 1 28 37 3 10 16 25 29 48 39 27 9 43 4 19 47 8 49 18 35 24 17 45 41 7 14 6 31 15 21 23 50 32 42 26 33 22 30 38 11 2 46 12 36 20 40 5 44 34 13 

Inst_Index:7316 	 City_Num:50 	 Concorde:0.057451 	 MCTS:5.745129 Improve:0.000000 	 Time:5.00 Seconds
Solution: 1 35 25 5 42 7 31 18 17 40 32 15 26 2 30 8 23 50 27 9 3 41 48 12 33 13 45 28 29 4 21 20 19 34 37 38 44 14 11 6 47 39 22 43 24 49 46 10 36 16 

Inst_Index:7317 	 City_Num:50 	 Concorde:0.056790 	 MCTS:5.678984 Improve:0.000000 	 Time:5.00 Seconds
Solution: 1 38 30 6 50 12 24 39 19 46 11 13 47 17 10 34 15 9 23 44 3 37 20 49 21 7 5 40 32 18 26 25 42 4 2 43 36 27 31 16 14 41 29 8 45 33 22 35 28 48 

Inst_Index:7318 	 City_Num:50 	 Concorde:0.057408 	 MCTS:5.740794 Improve:0.000000 	 Time:5.00 Seconds
Solution: 1 4 36 33 24 42 7 9 23 45 38 22 5 25 20 48 8 12 13 16 18 39 6 29 30 40 28 14 46 41 37 34 26 50 21 19 47 27 49 44 10 3 31 32 43 2 11 15 17 35 

Inst_Index:7319 	 City_Num:50 	 Concorde:0.054113 	 MCTS:5.409061 Improve:0.002236 	 Time:5.00 Seconds
Solution: 1 28 9 44 21 19 16 46 26 36 32 47 42 11 6 27 25 49 37 4 50 17 40 20 34 23 35 45 31 38 41 14 48 8 5 15 3 24 29 7 10 13 18 33 12 2 43 39 22 30 

Inst_Index:7320 	 City_Num:50 	 Concorde:0.060476 	 MCTS:6.047146 Improve:0.000464 	 Time:5.01 Seconds
Solution: 1 29 27 50 31 19 23 44 20 9 13 37 16 5 8 42 33 15 41 24 21 2 10 18 47 30 7 26 3 14 6 38 28 36 48 32 45 11 49 22 39 43 46 40 25 12 35 4 17 34 

Inst_Index:7321 	 City_Num:50 	 Concorde:0.056216 	 MCTS:5.621618 Improve:0.000000 	 Time:5.00 Seconds
Solution: 1 16 13 43 24 30 44 36 18 14 3 10 11 6 23 22 5 38 27 19 46 47 33 26 32 8 21 17 7 45 2 9 40 31 28 35 20 25 39 12 34 37 48 41 49 50 42 4 29 15 

Inst_Index:7322 	 City_Num:50 	 Concorde:0.058874 	 MCTS:5.887443 Improve:-0.000000 	 Time:5.01 Seconds
Solution: 1 49 35 50 4 39 16 29 15 21 38 22 17 12 36 41 24 30 26 44 8 45 34 13 46 11 31 18 23 37 47 2 43 32 33 3 40 42 25 5 7 20 14 19 27 9 28 10 6 48 

Inst_Index:7323 	 City_Num:50 	 Concorde:0.049911 	 MCTS:4.991136 Improve:0.000000 	 Time:5.00 Seconds
Solution: 1 9 16 6 24 2 4 29 7 19 26 20 27 3 5 45 13 12 10 37 46 17 14 21 23 28 36 32 8 25 18 50 43 39 41 34 33 49 35 11 47 40 15 22 38 30 44 48 42 31 

Inst_Index:7324 	 City_Num:50 	 Concorde:0.057725 	 MCTS:5.772480 Improve:0.000000 	 Time:5.00 Seconds
Solution: 1 33 34 37 44 11 32 46 18 7 9 23 16 43 48 36 20 27 15 25 5 31 21 22 49 45 3 17 42 38 2 19 4 30 41 29 13 6 8 39 47 50 28 10 26 12 24 40 35 14 

Inst_Index:7325 	 City_Num:50 	 Concorde:0.055363 	 MCTS:5.536342 Improve:0.000000 	 Time:5.01 Seconds
Solution: 1 11 13 17 16 5 39 6 15 49 31 40 32 34 26 45 25 10 23 28 20 18 22 37 50 2 48 27 33 4 46 14 29 44 30 35 42 43 38 41 19 47 12 9 24 21 36 7 3 8 

Inst_Index:7326 	 City_Num:50 	 Concorde:0.058741 	 MCTS:5.874139 Improve:0.000000 	 Time:5.00 Seconds
Solution: 1 16 20 27 12 3 4 11 39 32 6 33 10 8 17 2 43 40 36 26 18 5 9 24 50 23 30 41 46 13 29 37 22 31 45 25 44 48 21 19 14 49 34 35 38 42 28 47 15 7 

Inst_Index:7327 	 City_Num:50 	 Concorde:0.055598 	 MCTS:5.559796 Improve:0.000000 	 Time:5.00 Seconds
Solution: 1 45 23 46 42 9 22 44 29 47 49 10 15 21 48 16 28 7 12 11 3 18 37 2 25 24 20 13 14 40 5 6 31 30 27 35 34 19 32 8 36 4 17 39 43 41 38 33 50 26 

Inst_Index:7328 	 City_Num:50 	 Concorde:0.062209 	 MCTS:6.218423 Improve:0.002513 	 Time:5.00 Seconds
Solution: 1 47 32 13 28 14 42 29 34 9 39 7 26 3 38 19 21 8 17 16 15 36 20 46 11 10 48 33 45 35 25 44 50 4 2 27 43 5 31 37 40 12 23 49 6 30 24 22 41 18 

Inst_Index:7329 	 City_Num:50 	 Concorde:0.056754 	 MCTS:5.665293 Improve:0.010100 	 Time:5.00 Seconds
Solution: 1 46 12 19 33 35 22 28 3 10 49 31 29 18 30 50 20 44 24 45 27 41 6 47 32 8 9 4 14 34 36 21 11 26 16 7 38 15 40 25 23 37 39 2 42 5 43 48 17 13 

Inst_Index:7330 	 City_Num:50 	 Concorde:0.054656 	 MCTS:5.465406 Improve:0.000188 	 Time:5.01 Seconds
Solution: 1 48 18 44 42 14 22 34 37 35 5 30 23 24 28 16 9 15 3 29 19 50 4 17 2 27 46 13 39 7 43 49 21 31 6 41 40 12 38 47 25 10 8 20 32 11 36 33 26 45 

Inst_Index:7331 	 City_Num:50 	 Concorde:0.055568 	 MCTS:5.556801 Improve:0.000000 	 Time:5.00 Seconds
Solution: 1 33 46 17 5 36 37 34 41 3 44 49 19 43 30 12 29 10 38 26 25 28 21 35 50 48 22 42 24 27 8 45 7 32 4 23 9 11 31 20 2 6 16 14 39 18 13 47 15 40 

Inst_Index:7332 	 City_Num:50 	 Concorde:0.056173 	 MCTS:5.616355 Improve:0.000906 	 Time:5.00 Seconds
Solution: 1 20 31 27 35 5 22 3 19 11 16 28 24 10 37 36 6 34 18 26 48 7 45 40 4 44 47 43 39 25 23 33 21 49 12 30 14 15 50 29 42 38 46 9 17 41 8 32 2 13 

Inst_Index:7333 	 City_Num:50 	 Concorde:0.056883 	 MCTS:5.688348 Improve:-0.000000 	 Time:5.00 Seconds
Solution: 1 15 9 17 23 28 6 20 11 44 10 46 40 22 7 16 38 4 5 50 33 12 34 29 32 45 21 25 43 3 19 49 35 48 41 42 24 13 26 39 18 47 8 36 37 14 31 30 27 2 

Inst_Index:7334 	 City_Num:50 	 Concorde:0.059684 	 MCTS:5.968362 Improve:0.000000 	 Time:5.00 Seconds
Solution: 1 25 44 7 6 19 4 30 48 16 3 43 31 20 22 49 37 13 41 9 8 50 46 12 24 34 35 38 17 23 47 42 5 40 18 11 27 33 39 45 28 26 2 29 10 15 14 32 21 36 

Inst_Index:7335 	 City_Num:50 	 Concorde:0.059125 	 MCTS:5.911838 Improve:0.000656 	 Time:5.00 Seconds
Solution: 1 38 7 49 39 9 40 3 8 37 17 32 24 45 22 25 29 23 14 15 50 47 6 2 26 36 48 10 44 33 13 30 18 43 20 21 34 16 19 42 41 31 5 46 12 11 28 4 27 35 

Inst_Index:7336 	 City_Num:50 	 Concorde:0.054757 	 MCTS:5.475750 Improve:0.000000 	 Time:5.00 Seconds
Solution: 1 50 12 41 31 46 8 18 17 34 19 10 29 2 30 37 20 40 9 25 35 5 28 7 27 38 15 49 11 22 43 32 21 39 47 4 42 16 44 45 26 23 33 3 36 48 24 14 13 6 

Inst_Index:7337 	 City_Num:50 	 Concorde:0.055945 	 MCTS:5.594491 Improve:0.000000 	 Time:5.00 Seconds
Solution: 1 9 25 2 41 34 42 18 14 32 48 45 8 28 39 35 40 37 15 43 17 6 16 38 23 44 3 13 22 47 5 12 50 33 49 7 29 26 30 27 31 21 46 36 19 24 20 4 11 10 

Inst_Index:7338 	 City_Num:50 	 Concorde:0.053712 	 MCTS:5.371184 Improve:0.000000 	 Time:5.00 Seconds
Solution: 1 35 6 47 2 15 10 42 49 3 18 34 26 30 40 36 29 7 13 24 11 20 39 21 33 46 14 25 43 27 38 4 31 23 44 8 37 16 48 22 12 32 41 50 28 45 9 19 17 5 

Inst_Index:7339 	 City_Num:50 	 Concorde:0.058195 	 MCTS:5.819467 Improve:0.000000 	 Time:5.00 Seconds
Solution: 1 40 48 33 42 9 30 28 2 17 5 47 15 38 41 29 39 25 10 36 12 27 11 3 16 7 4 18 31 44 21 35 19 50 14 23 49 20 8 13 45 37 22 32 46 24 34 43 6 26 

Inst_Index:7340 	 City_Num:50 	 Concorde:0.058210 	 MCTS:5.819759 Improve:0.001220 	 Time:5.01 Seconds
Solution: 1 6 46 30 41 47 31 14 36 43 22 13 39 50 48 40 28 24 27 18 35 11 16 8 20 49 32 25 29 26 33 5 7 19 4 9 44 15 45 17 12 38 21 2 3 37 10 23 42 34 

Inst_Index:7341 	 City_Num:50 	 Concorde:0.051195 	 MCTS:5.119464 Improve:0.000000 	 Time:5.01 Seconds
Solution: 1 12 34 37 45 15 13 43 31 9 28 2 21 3 27 41 20 47 50 30 36 46 24 49 26 6 4 35 29 22 8 23 33 11 25 18 16 38 10 40 7 42 5 14 48 17 44 39 32 19 

Inst_Index:7342 	 City_Num:50 	 Concorde:0.057891 	 MCTS:5.789119 Improve:0.000000 	 Time:5.01 Seconds
Solution: 1 35 34 39 42 28 26 37 38 33 10 48 19 14 32 5 18 22 31 47 43 2 13 30 20 6 16 11 29 12 45 40 17 25 7 50 4 23 8 27 36 24 9 46 3 44 49 21 15 41 

Inst_Index:7343 	 City_Num:50 	 Concorde:0.056154 	 MCTS:5.686037 Improve:-0.070650 	 Time:5.01 Seconds
Solution: 1 15 10 3 43 35 32 37 13 16 18 49 9 2 48 36 47 7 19 23 28 30 5 42 12 39 50 46 27 25 22 11 31 45 8 20 40 17 21 44 6 33 34 4 38 14 24 26 41 29 

Inst_Index:7344 	 City_Num:50 	 Concorde:0.055749 	 MCTS:5.574945 Improve:0.000000 	 Time:5.02 Seconds
Solution: 1 12 40 45 15 49 23 33 19 46 22 32 21 8 3 30 11 13 37 20 4 39 5 35 36 24 26 9 44 43 50 14 34 38 42 25 16 29 18 48 10 6 41 2 17 28 47 27 7 31 

Inst_Index:7345 	 City_Num:50 	 Concorde:0.059674 	 MCTS:5.967407 Improve:-0.000000 	 Time:5.00 Seconds
Solution: 1 44 39 16 22 7 30 21 15 19 29 3 6 2 35 46 10 41 4 36 47 34 11 14 8 24 12 31 25 42 13 17 38 45 40 27 37 33 32 18 5 9 48 50 20 28 23 26 49 43 

Inst_Index:7346 	 City_Num:50 	 Concorde:0.060752 	 MCTS:6.075217 Improve:0.000000 	 Time:5.00 Seconds
Solution: 1 16 19 25 10 20 8 11 4 33 35 2 38 36 47 15 9 30 23 7 17 41 3 27 44 50 21 13 28 45 29 46 49 5 12 22 43 48 31 34 14 18 26 24 42 6 39 40 37 32 

Inst_Index:7347 	 City_Num:50 	 Concorde:0.053224 	 MCTS:5.322411 Improve:0.000000 	 Time:5.00 Seconds
Solution: 1 46 42 35 7 30 11 25 50 10 31 29 5 38 48 32 43 40 3 36 6 23 22 4 34 39 17 45 14 44 19 33 27 28 24 12 13 18 9 47 49 15 41 20 26 37 2 8 21 16 

Inst_Index:7348 	 City_Num:50 	 Concorde:0.055927 	 MCTS:5.592731 Improve:0.000000 	 Time:5.00 Seconds
Solution: 1 39 14 18 26 2 32 11 34 8 24 47 49 27 15 17 38 37 12 29 45 19 13 3 16 20 35 33 5 46 22 43 7 4 31 48 6 30 28 44 25 21 40 9 41 23 50 36 10 42 

Inst_Index:7349 	 City_Num:50 	 Concorde:0.056542 	 MCTS:5.654172 Improve:0.000000 	 Time:5.00 Seconds
Solution: 1 5 31 15 18 23 27 47 46 34 40 25 16 22 42 20 19 11 17 21 32 36 29 4 2 10 7 8 41 49 12 30 6 13 39 48 3 14 50 24 9 28 26 44 38 45 35 33 37 43 

Inst_Index:7350 	 City_Num:50 	 Concorde:0.052928 	 MCTS:5.292817 Improve:0.000000 	 Time:5.00 Seconds
Solution: 1 25 47 42 16 3 41 27 13 9 37 31 32 26 48 22 38 23 7 50 17 12 6 24 43 2 44 8 45 15 29 11 30 49 46 21 33 14 39 40 18 34 4 5 28 35 36 20 19 10 

Inst_Index:7351 	 City_Num:50 	 Concorde:0.060102 	 MCTS:6.005461 Improve:0.004788 	 Time:5.01 Seconds
Solution: 1 22 50 18 4 3 15 20 24 17 32 41 16 39 13 49 33 47 10 42 2 30 36 45 25 9 31 48 29 14 7 21 8 27 28 23 46 38 40 11 34 5 26 6 44 37 19 35 43 12 

Inst_Index:7352 	 City_Num:50 	 Concorde:0.055186 	 MCTS:5.512073 Improve:0.006495 	 Time:5.01 Seconds
Solution: 1 43 4 7 5 25 26 2 37 35 50 30 28 29 14 31 42 12 13 21 16 15 49 34 32 33 27 39 22 45 36 46 8 11 18 48 3 9 10 41 24 40 38 6 17 44 47 19 20 23 

Inst_Index:7353 	 City_Num:50 	 Concorde:0.058683 	 MCTS:5.866516 Improve:0.001803 	 Time:5.00 Seconds
Solution: 1 46 16 44 8 27 24 49 40 31 2 15 35 10 26 28 29 18 20 9 30 41 6 33 17 23 5 3 11 48 45 25 19 4 47 21 50 38 32 34 39 36 12 42 22 43 37 13 7 14 

Inst_Index:7354 	 City_Num:50 	 Concorde:0.054365 	 MCTS:5.434001 Improve:0.002547 	 Time:5.00 Seconds
Solution: 1 17 40 12 39 7 22 29 9 45 14 38 19 6 28 20 42 48 47 34 41 32 46 50 37 27 8 23 36 43 18 33 25 3 13 24 30 21 16 10 5 11 2 44 35 26 15 49 4 31 

Inst_Index:7355 	 City_Num:50 	 Concorde:0.057259 	 MCTS:5.722486 Improve:0.003404 	 Time:5.00 Seconds
Solution: 1 18 30 35 32 3 37 4 2 16 12 39 26 6 48 8 22 14 41 15 45 19 31 20 7 21 38 17 9 33 13 28 49 24 46 44 27 50 29 11 5 25 36 42 43 40 23 34 47 10 

Inst_Index:7356 	 City_Num:50 	 Concorde:0.058012 	 MCTS:5.801150 Improve:0.000000 	 Time:5.00 Seconds
Solution: 1 39 50 23 20 7 30 48 28 10 36 2 25 27 26 12 29 37 46 24 6 34 42 8 19 35 22 3 5 41 17 31 38 49 9 21 45 11 18 13 43 15 16 4 33 40 44 47 14 32 

Inst_Index:7357 	 City_Num:50 	 Concorde:0.057954 	 MCTS:5.790258 Improve:0.005168 	 Time:5.00 Seconds
Solution: 1 18 14 22 29 5 3 11 23 34 39 48 19 26 36 43 33 42 2 49 12 32 35 9 24 10 25 37 38 40 30 8 50 44 16 41 45 20 7 17 6 4 13 46 21 47 28 31 27 15 

Inst_Index:7358 	 City_Num:50 	 Concorde:0.055524 	 MCTS:5.552382 Improve:0.000000 	 Time:5.01 Seconds
Solution: 1 43 14 23 26 28 15 17 22 19 50 35 46 36 49 45 27 9 48 24 25 4 33 37 11 21 29 32 39 42 6 31 5 34 10 18 47 7 40 13 44 8 41 12 38 3 2 20 30 16 

Inst_Index:7359 	 City_Num:50 	 Concorde:0.050259 	 MCTS:5.025884 Improve:-0.000000 	 Time:5.00 Seconds
Solution: 1 34 24 36 11 47 29 43 12 4 8 19 16 40 5 26 27 38 21 42 22 15 45 28 50 14 23 32 30 17 39 35 46 9 31 33 25 2 49 18 44 41 37 6 10 3 20 13 48 7 

Inst_Index:7360 	 City_Num:50 	 Concorde:0.057908 	 MCTS:5.794857 Improve:-0.004028 	 Time:5.01 Seconds
Solution: 1 24 10 35 27 49 32 47 7 22 48 39 38 43 8 17 45 14 34 20 28 18 13 4 9 12 40 19 2 6 29 25 11 36 26 15 50 44 31 16 3 23 46 21 33 41 37 30 5 42 

Inst_Index:7361 	 City_Num:50 	 Concorde:0.057646 	 MCTS:5.764602 Improve:0.000000 	 Time:5.00 Seconds
Solution: 1 25 10 29 9 16 6 37 4 22 17 18 7 35 50 33 12 49 41 31 26 27 11 43 13 44 24 2 47 3 42 40 45 46 38 8 30 36 20 34 19 5 14 23 48 21 39 32 15 28 

Inst_Index:7362 	 City_Num:50 	 Concorde:0.052382 	 MCTS:5.238245 Improve:-0.000000 	 Time:5.00 Seconds
Solution: 1 32 24 47 27 18 48 44 5 45 17 12 42 28 3 10 25 43 34 30 15 4 13 50 8 22 16 38 40 9 49 2 20 26 31 33 19 39 21 11 7 46 37 14 41 23 36 29 6 35 

Inst_Index:7363 	 City_Num:50 	 Concorde:0.057319 	 MCTS:5.728524 Improve:0.003389 	 Time:5.00 Seconds
Solution: 1 45 12 17 10 36 33 48 26 22 8 28 46 42 30 49 31 39 34 15 19 35 44 5 13 20 3 16 6 7 23 11 4 24 14 25 21 18 29 41 9 43 37 47 38 27 32 50 2 40 

Inst_Index:7364 	 City_Num:50 	 Concorde:0.059204 	 MCTS:5.920376 Improve:0.000000 	 Time:5.00 Seconds
Solution: 1 39 10 11 34 13 19 21 42 50 3 37 49 16 32 35 7 9 31 36 8 27 41 30 5 20 47 28 6 38 48 29 23 40 14 46 22 33 4 2 15 43 26 44 12 18 17 45 25 24 

Inst_Index:7365 	 City_Num:50 	 Concorde:0.061903 	 MCTS:6.189528 Improve:0.000817 	 Time:5.00 Seconds
Solution: 1 27 40 34 47 2 9 11 28 12 23 50 42 19 49 21 36 39 5 4 43 17 45 44 24 37 22 38 25 15 29 3 48 20 7 26 30 14 41 8 35 31 33 16 10 32 46 13 6 18 

Inst_Index:7366 	 City_Num:50 	 Concorde:0.057136 	 MCTS:5.712320 Improve:0.001319 	 Time:5.00 Seconds
Solution: 1 47 40 23 38 26 28 31 39 6 22 45 50 7 4 11 15 12 42 41 3 14 8 21 17 48 13 46 49 24 29 16 10 34 36 44 33 9 37 32 2 25 19 20 43 27 35 18 30 5 

Inst_Index:7367 	 City_Num:50 	 Concorde:0.050531 	 MCTS:5.053095 Improve:-0.000000 	 Time:5.00 Seconds
Solution: 1 4 32 38 23 47 24 10 45 5 41 33 19 46 30 27 25 35 49 17 26 3 43 34 28 18 36 50 15 21 7 12 44 8 14 22 37 48 9 29 16 11 13 31 42 39 2 6 40 20 

Inst_Index:7368 	 City_Num:50 	 Concorde:0.057672 	 MCTS:5.767221 Improve:0.000000 	 Time:5.01 Seconds
Solution: 1 47 48 42 16 8 36 43 23 11 25 35 18 9 50 13 2 32 30 3 12 49 40 45 28 31 17 21 10 44 29 27 20 37 38 4 5 46 6 14 33 26 19 22 39 34 7 15 24 41 

Inst_Index:7369 	 City_Num:50 	 Concorde:0.061582 	 MCTS:6.158193 Improve:-0.000000 	 Time:5.01 Seconds
Solution: 1 18 33 39 28 45 25 15 2 13 8 17 29 50 22 11 40 16 10 27 23 7 36 19 4 5 14 21 6 26 3 49 46 12 43 20 34 48 41 31 38 44 47 9 35 37 42 24 32 30 

Inst_Index:7370 	 City_Num:50 	 Concorde:0.058739 	 MCTS:5.869262 Improve:0.004644 	 Time:5.00 Seconds
Solution: 1 18 37 38 14 42 7 13 35 41 32 29 22 44 3 4 31 50 8 11 27 48 12 40 23 25 24 28 15 20 36 16 21 19 47 45 10 49 9 34 5 2 46 33 30 17 26 6 43 39 

Inst_Index:7371 	 City_Num:50 	 Concorde:0.058601 	 MCTS:5.860120 Improve:0.000000 	 Time:5.00 Seconds
Solution: 1 27 39 17 16 29 13 3 9 2 18 37 4 36 50 19 8 44 24 7 47 41 20 11 30 10 45 28 5 35 15 32 25 34 40 14 38 46 43 31 48 49 33 22 42 23 26 21 6 12 

Inst_Index:7372 	 City_Num:50 	 Concorde:0.056702 	 MCTS:5.670198 Improve:0.000000 	 Time:5.00 Seconds
Solution: 1 40 27 41 29 34 19 2 32 18 46 17 37 11 26 25 14 42 50 35 5 15 8 43 48 23 31 39 20 3 24 4 6 33 30 16 47 12 49 9 10 13 21 28 7 45 38 44 36 22 

Inst_Index:7373 	 City_Num:50 	 Concorde:0.057449 	 MCTS:5.744858 Improve:0.000000 	 Time:5.00 Seconds
Solution: 1 3 23 4 43 24 34 20 42 11 27 40 29 49 44 9 21 19 12 47 25 41 26 39 28 48 45 6 36 32 5 35 15 31 50 7 17 13 2 37 33 38 18 8 46 30 14 10 22 16 

Inst_Index:7374 	 City_Num:50 	 Concorde:0.059194 	 MCTS:5.917758 Improve:0.001593 	 Time:5.00 Seconds
Solution: 1 33 37 9 39 34 3 47 35 25 21 15 27 16 5 11 4 42 17 38 28 18 22 46 50 2 10 45 12 49 29 26 23 32 36 14 31 24 8 48 30 41 7 43 19 6 13 40 44 20 

Inst_Index:7375 	 City_Num:50 	 Concorde:0.059227 	 MCTS:5.921208 Improve:0.001455 	 Time:5.00 Seconds
Solution: 1 8 41 23 42 43 32 18 35 36 27 13 14 20 30 37 2 45 46 26 25 16 44 19 49 15 4 5 24 6 31 29 40 28 50 10 11 33 34 9 12 17 21 47 38 39 3 48 7 22 

Inst_Index:7376 	 City_Num:50 	 Concorde:0.056007 	 MCTS:5.593772 Improve:0.006922 	 Time:5.00 Seconds
Solution: 1 25 16 3 42 10 23 50 49 15 21 44 22 40 5 45 43 30 14 36 2 33 8 48 7 12 13 17 34 35 4 24 32 9 6 26 20 31 28 41 39 38 27 37 46 19 18 11 47 29 

Inst_Index:7377 	 City_Num:50 	 Concorde:0.058278 	 MCTS:5.827331 Improve:0.000476 	 Time:5.00 Seconds
Solution: 1 24 5 43 35 21 26 11 29 41 36 9 27 30 34 37 18 8 47 7 14 16 10 42 50 49 39 3 15 44 2 25 48 22 40 6 20 23 45 31 32 17 46 13 19 12 28 4 33 38 

Inst_Index:7378 	 City_Num:50 	 Concorde:0.057959 	 MCTS:5.795861 Improve:0.000000 	 Time:5.00 Seconds
Solution: 1 38 44 2 39 30 22 23 18 40 21 14 34 45 8 3 5 11 7 36 49 32 27 31 25 6 41 50 29 10 12 19 20 33 42 48 43 28 24 13 37 17 47 4 15 16 26 9 35 46 

Inst_Index:7379 	 City_Num:50 	 Concorde:0.053869 	 MCTS:5.410637 Improve:-0.023742 	 Time:5.00 Seconds
Solution: 1 23 49 42 20 11 24 26 29 41 9 43 13 30 28 8 48 37 4 10 35 44 39 46 50 31 45 27 21 12 22 38 17 40 7 34 15 19 36 47 32 3 5 16 25 33 14 2 18 6 

Inst_Index:7380 	 City_Num:50 	 Concorde:0.054554 	 MCTS:5.455393 Improve:0.000000 	 Time:5.01 Seconds
Solution: 1 13 32 29 38 12 39 2 50 46 20 22 17 40 5 3 37 25 47 33 6 43 18 15 9 49 41 10 27 28 30 34 7 45 35 4 14 19 21 16 23 24 42 31 11 26 48 36 8 44 

Inst_Index:7381 	 City_Num:50 	 Concorde:0.057719 	 MCTS:5.771273 Improve:0.000628 	 Time:5.01 Seconds
Solution: 1 3 13 2 4 45 35 7 31 9 40 41 16 36 49 34 48 18 37 44 30 10 33 17 25 6 27 12 50 22 14 5 47 38 19 28 32 21 8 23 46 20 43 42 39 26 29 11 24 15 

Inst_Index:7382 	 City_Num:50 	 Concorde:0.057489 	 MCTS:5.748902 Improve:0.000000 	 Time:5.01 Seconds
Solution: 1 4 25 10 26 20 8 43 3 12 5 41 47 42 37 40 30 35 24 16 39 9 45 28 38 32 31 27 48 29 50 15 14 34 33 22 13 6 21 49 44 11 19 7 17 23 18 2 46 36 

Inst_Index:7383 	 City_Num:50 	 Concorde:0.053833 	 MCTS:5.383337 Improve:-0.000000 	 Time:5.00 Seconds
Solution: 1 11 15 29 13 28 42 10 3 23 21 12 49 4 9 47 25 5 22 35 33 40 50 37 26 44 38 16 32 39 30 43 18 17 24 20 14 36 8 34 6 46 19 2 48 31 7 27 41 45 

Inst_Index:7384 	 City_Num:50 	 Concorde:0.051175 	 MCTS:5.117455 Improve:0.000000 	 Time:5.00 Seconds
Solution: 1 8 11 33 15 45 7 6 42 39 38 25 35 26 13 46 36 44 49 31 34 41 17 23 4 19 27 29 24 43 20 32 2 12 21 22 18 28 30 9 40 37 14 10 3 5 16 50 47 48 

Inst_Index:7385 	 City_Num:50 	 Concorde:0.055307 	 MCTS:5.524953 Improve:0.005787 	 Time:5.01 Seconds
Solution: 1 49 7 17 31 28 41 29 10 20 13 25 50 35 2 48 44 38 3 19 21 23 24 36 43 37 4 40 11 12 47 27 33 22 26 9 32 39 18 34 15 5 46 6 42 8 14 30 45 16 

Inst_Index:7386 	 City_Num:50 	 Concorde:0.055119 	 MCTS:5.510357 Improve:0.001493 	 Time:5.01 Seconds
Solution: 1 12 32 20 7 8 2 6 38 41 29 23 34 26 13 50 40 46 27 37 44 30 18 31 16 25 49 24 43 19 3 45 9 35 47 10 22 15 11 33 21 4 28 39 48 36 17 14 5 42 

Inst_Index:7387 	 City_Num:50 	 Concorde:0.055204 	 MCTS:5.520419 Improve:-0.000000 	 Time:5.00 Seconds
Solution: 1 29 50 36 4 25 49 21 26 12 7 30 33 47 42 19 39 17 3 24 16 5 11 37 45 2 46 22 9 14 43 23 48 20 40 41 31 15 27 35 10 38 28 34 44 8 32 13 18 6 

Inst_Index:7388 	 City_Num:50 	 Concorde:0.055752 	 MCTS:5.571657 Improve:0.003503 	 Time:5.00 Seconds
Solution: 1 44 50 36 39 42 37 27 25 20 26 7 10 24 15 3 6 49 45 5 32 14 19 43 38 8 2 48 28 41 4 46 35 16 31 22 17 21 9 30 40 18 29 34 12 13 33 47 23 11 

Inst_Index:7389 	 City_Num:50 	 Concorde:0.053260 	 MCTS:5.325893 Improve:0.000058 	 Time:5.00 Seconds
Solution: 1 46 7 27 13 25 14 40 28 35 29 38 16 34 24 21 48 10 23 50 30 4 12 44 33 5 41 20 31 9 47 36 39 22 19 11 32 15 2 6 43 3 17 18 49 8 26 37 45 42 

Inst_Index:7390 	 City_Num:50 	 Concorde:0.055212 	 MCTS:5.521244 Improve:-0.000000 	 Time:5.00 Seconds
Solution: 1 3 47 40 21 33 9 46 48 26 45 7 42 22 50 44 8 30 49 29 35 13 19 10 28 2 12 36 38 23 15 31 14 43 34 20 16 32 17 25 27 24 37 4 11 5 41 39 6 18 

Inst_Index:7391 	 City_Num:50 	 Concorde:0.056394 	 MCTS:5.627729 Improve:0.011654 	 Time:5.00 Seconds
Solution: 1 4 31 16 34 12 22 41 46 5 35 38 28 23 32 33 17 44 26 39 30 49 9 42 6 45 2 8 37 50 20 48 36 27 29 15 43 19 18 25 7 47 10 14 3 40 11 24 13 21 

Inst_Index:7392 	 City_Num:50 	 Concorde:0.062001 	 MCTS:6.200141 Improve:0.000000 	 Time:5.00 Seconds
Solution: 1 14 40 35 6 13 26 41 39 10 16 37 20 36 43 5 11 32 38 15 2 8 49 50 46 30 47 21 44 29 24 48 9 33 34 42 4 7 22 18 25 28 45 23 31 17 27 12 19 3 

Inst_Index:7393 	 City_Num:50 	 Concorde:0.056864 	 MCTS:5.686442 Improve:0.000000 	 Time:5.00 Seconds
Solution: 1 37 11 22 40 30 3 33 50 32 43 41 18 8 27 49 39 14 31 38 28 24 7 2 5 29 26 16 42 34 44 20 21 13 19 23 17 46 35 12 48 36 6 10 4 25 45 47 9 15 

Inst_Index:7394 	 City_Num:50 	 Concorde:0.054063 	 MCTS:5.406269 Improve:0.000000 	 Time:5.00 Seconds
Solution: 1 3 39 29 50 28 4 36 43 7 6 48 40 35 31 37 18 8 16 25 26 33 32 38 41 14 15 11 2 23 12 17 49 21 30 9 24 10 20 27 34 42 22 13 44 46 45 19 5 47 

Inst_Index:7395 	 City_Num:50 	 Concorde:0.058286 	 MCTS:5.828570 Improve:-0.000000 	 Time:5.00 Seconds
Solution: 1 24 16 46 7 6 14 37 8 26 4 41 38 35 40 27 10 22 48 17 49 50 13 18 33 43 31 5 9 45 29 20 21 47 25 32 2 15 23 34 28 44 42 11 12 39 19 3 30 36 

Inst_Index:7396 	 City_Num:50 	 Concorde:0.057357 	 MCTS:5.735681 Improve:0.000000 	 Time:5.00 Seconds
Solution: 1 6 11 47 20 2 46 5 36 24 44 34 43 26 13 48 16 17 42 49 30 12 8 33 41 50 45 22 23 7 38 21 28 29 18 14 25 10 37 15 3 4 40 35 19 27 32 31 9 39 

Inst_Index:7397 	 City_Num:50 	 Concorde:0.057673 	 MCTS:5.767334 Improve:-0.000000 	 Time:5.03 Seconds
Solution: 1 50 37 6 2 18 41 42 21 40 36 45 43 32 44 48 27 23 31 15 25 12 29 26 28 33 30 20 34 14 39 22 8 4 7 3 46 9 24 19 10 5 38 16 49 35 17 47 11 13 

Inst_Index:7398 	 City_Num:50 	 Concorde:0.057236 	 MCTS:5.717734 Improve:0.005881 	 Time:5.00 Seconds
Solution: 1 44 5 39 24 31 10 34 33 16 8 30 47 38 9 2 3 45 32 6 40 7 28 11 29 36 22 48 18 4 27 26 20 42 41 17 37 21 43 23 46 13 49 15 50 14 35 12 19 25 

Inst_Index:7399 	 City_Num:50 	 Concorde:0.059475 	 MCTS:5.947494 Improve:-0.000000 	 Time:5.00 Seconds
Solution: 1 10 33 13 14 8 32 4 39 43 7 44 40 24 20 42 22 37 3 21 46 11 28 29 26 41 35 38 34 36 9 23 31 27 19 30 18 25 16 5 2 15 45 17 49 47 6 50 48 12 

Inst_Index:7400 	 City_Num:50 	 Concorde:0.052170 	 MCTS:5.216951 Improve:0.000000 	 Time:5.00 Seconds
Solution: 1 2 27 14 5 45 36 13 23 44 17 18 31 40 35 26 32 47 25 28 37 3 12 42 30 41 33 15 29 7 22 11 46 24 16 43 8 50 19 21 4 6 38 20 39 48 10 49 34 9 

Inst_Index:7401 	 City_Num:50 	 Concorde:0.056908 	 MCTS:5.690841 Improve:-0.000000 	 Time:5.00 Seconds
Solution: 1 3 15 30 39 7 17 35 2 18 14 5 6 11 19 12 43 47 49 48 24 8 33 29 21 13 28 42 46 36 38 9 44 34 27 20 50 4 40 41 32 45 22 26 23 37 31 16 10 25 

Inst_Index:7402 	 City_Num:50 	 Concorde:0.061643 	 MCTS:6.164255 Improve:-0.000000 	 Time:5.00 Seconds
Solution: 1 40 32 17 30 14 20 44 28 9 38 7 18 46 35 39 2 21 26 27 41 31 34 36 12 49 6 47 4 23 43 8 11 25 42 3 33 45 24 29 19 50 48 37 5 22 16 10 15 13 

Inst_Index:7403 	 City_Num:50 	 Concorde:0.054187 	 MCTS:5.418681 Improve:-0.000000 	 Time:5.00 Seconds
Solution: 1 46 9 34 27 30 6 23 37 39 7 42 4 32 10 44 15 16 3 25 35 28 24 8 49 38 13 50 5 31 22 45 43 21 48 17 12 11 29 14 36 40 20 18 47 26 2 19 41 33 

Inst_Index:7404 	 City_Num:50 	 Concorde:0.057712 	 MCTS:5.771241 Improve:-0.000000 	 Time:5.00 Seconds
Solution: 1 25 18 32 28 19 26 49 30 3 7 44 34 35 48 41 2 29 23 43 13 17 33 47 16 46 9 24 31 10 11 14 15 45 6 12 8 40 37 5 42 27 22 4 21 50 36 38 20 39 

Inst_Index:7405 	 City_Num:50 	 Concorde:0.055789 	 MCTS:5.578932 Improve:0.000000 	 Time:5.00 Seconds
Solution: 1 23 50 26 33 2 3 29 35 39 38 17 20 48 32 22 10 21 28 18 36 41 34 43 12 40 7 11 9 31 37 30 15 8 16 6 5 45 25 27 24 42 47 49 4 44 14 46 13 19 

Inst_Index:7406 	 City_Num:50 	 Concorde:0.062324 	 MCTS:6.232426 Improve:0.000000 	 Time:5.00 Seconds
Solution: 1 7 22 5 18 33 47 10 20 45 32 23 28 25 3 27 6 50 34 24 17 8 43 40 11 12 37 16 35 26 2 41 15 14 36 38 31 44 42 9 30 4 49 48 29 19 46 39 21 13 

Inst_Index:7407 	 City_Num:50 	 Concorde:0.057690 	 MCTS:5.768984 Improve:-0.000000 	 Time:5.02 Seconds
Solution: 1 23 6 32 30 38 28 14 4 41 15 44 19 21 11 12 22 5 31 16 48 40 35 18 24 8 47 50 39 37 7 34 2 33 20 45 3 25 9 13 27 26 49 10 42 17 29 36 46 43 

Inst_Index:7408 	 City_Num:50 	 Concorde:0.054135 	 MCTS:5.413455 Improve:-0.000000 	 Time:5.00 Seconds
Solution: 1 36 7 24 22 33 12 30 31 16 21 20 10 48 25 35 40 11 15 39 46 19 37 34 9 23 6 3 50 4 49 26 2 32 5 13 44 18 42 38 17 14 28 45 27 47 43 8 41 29 

Inst_Index:7409 	 City_Num:50 	 Concorde:0.058364 	 MCTS:5.833434 Improve:0.002924 	 Time:5.00 Seconds
Solution: 1 29 24 21 48 38 49 32 45 18 16 35 34 33 40 27 36 15 22 2 20 7 17 43 14 4 41 10 8 26 50 30 46 9 47 23 3 42 25 44 31 5 12 28 6 39 19 11 37 13 

Inst_Index:7410 	 City_Num:50 	 Concorde:0.050098 	 MCTS:5.008654 Improve:0.001114 	 Time:5.00 Seconds
Solution: 1 30 38 29 44 27 43 17 45 21 26 13 35 37 34 4 28 19 36 25 6 24 3 39 42 10 49 9 5 40 7 16 18 47 12 32 14 31 46 20 22 41 8 23 15 48 50 2 33 11 

Inst_Index:7411 	 City_Num:50 	 Concorde:0.052770 	 MCTS:5.277006 Improve:-0.000000 	 Time:5.00 Seconds
Solution: 1 39 26 45 21 35 38 2 30 10 9 32 31 48 15 13 23 4 50 20 29 8 3 44 41 33 7 6 14 18 40 34 43 11 5 28 25 12 37 36 17 46 24 16 22 27 19 42 49 47 

Inst_Index:7412 	 City_Num:50 	 Concorde:0.057229 	 MCTS:5.722893 Improve:0.000000 	 Time:5.00 Seconds
Solution: 1 12 28 31 33 13 5 22 25 41 29 2 43 24 3 17 48 15 45 20 49 27 6 50 32 47 44 11 23 18 19 46 10 4 42 36 34 37 39 38 35 40 16 14 9 8 26 30 7 21 

Inst_Index:7413 	 City_Num:50 	 Concorde:0.058125 	 MCTS:5.812465 Improve:0.000000 	 Time:5.01 Seconds
Solution: 1 17 31 48 50 26 35 45 47 22 12 27 32 4 39 3 25 16 21 49 33 38 6 40 7 18 34 19 11 2 46 43 29 15 9 14 44 41 20 5 24 36 28 10 8 13 37 30 42 23 

Inst_Index:7414 	 City_Num:50 	 Concorde:0.056696 	 MCTS:5.669583 Improve:-0.000000 	 Time:5.01 Seconds
Solution: 1 37 26 8 27 48 4 16 47 38 6 14 28 31 39 42 45 9 35 18 30 20 3 33 10 49 50 17 5 2 19 7 23 12 44 13 11 43 21 34 46 24 29 32 22 25 36 40 41 15 

Inst_Index:7415 	 City_Num:50 	 Concorde:0.051954 	 MCTS:5.188051 Improve:0.007380 	 Time:5.00 Seconds
Solution: 1 44 20 25 23 7 29 11 21 30 13 22 31 6 26 12 5 16 27 49 47 42 8 50 24 4 48 46 9 41 10 45 40 38 14 36 2 19 33 17 18 15 3 32 37 43 39 35 34 28 

Inst_Index:7416 	 City_Num:50 	 Concorde:0.055712 	 MCTS:5.571174 Improve:-0.000000 	 Time:5.00 Seconds
Solution: 1 33 3 48 20 10 44 35 31 38 13 27 17 8 5 11 25 28 24 6 2 7 41 21 4 29 15 50 23 26 47 40 46 49 9 45 30 39 16 22 14 37 32 19 43 36 34 18 12 42 

Inst_Index:7417 	 City_Num:50 	 Concorde:0.057372 	 MCTS:5.737195 Improve:0.000000 	 Time:5.01 Seconds
Solution: 1 39 6 37 31 49 7 19 10 13 43 34 23 44 2 36 5 47 15 17 24 20 9 27 46 35 25 45 50 16 40 28 26 30 48 42 32 12 4 3 11 22 14 18 33 41 38 8 21 29 

Inst_Index:7418 	 City_Num:50 	 Concorde:0.056265 	 MCTS:5.626463 Improve:0.000000 	 Time:5.00 Seconds
Solution: 1 26 32 46 43 30 37 12 34 40 29 5 48 47 33 44 45 6 15 2 11 8 4 31 10 42 36 24 22 35 14 19 3 16 13 50 28 27 25 7 23 41 39 17 9 20 49 18 38 21 

Inst_Index:7419 	 City_Num:50 	 Concorde:0.059502 	 MCTS:5.944533 Improve:0.005675 	 Time:5.00 Seconds
Solution: 1 50 34 19 38 30 33 49 10 20 22 35 3 23 24 26 44 11 37 8 6 16 45 7 25 29 36 27 15 48 46 2 14 31 42 32 47 17 12 39 21 40 9 13 43 18 4 41 5 28 

Inst_Index:7420 	 City_Num:50 	 Concorde:0.058739 	 MCTS:5.871040 Improve:0.002812 	 Time:5.01 Seconds
Solution: 1 5 9 35 46 24 36 16 26 39 44 30 11 13 27 10 40 41 4 28 33 22 12 25 32 7 19 20 29 8 15 2 37 23 45 50 6 14 49 21 34 38 43 42 18 31 17 48 3 47 

Inst_Index:7421 	 City_Num:50 	 Concorde:0.056263 	 MCTS:5.626318 Improve:0.000000 	 Time:5.00 Seconds
Solution: 1 39 8 6 32 26 48 34 16 13 14 17 37 44 19 4 29 24 10 28 22 5 21 7 46 11 41 9 27 45 31 50 20 42 23 15 47 40 2 43 18 33 35 25 38 36 49 30 3 12 

Inst_Index:7422 	 City_Num:50 	 Concorde:0.058182 	 MCTS:5.818232 Improve:0.000000 	 Time:5.00 Seconds
Solution: 1 10 42 49 23 43 46 3 35 44 4 41 36 26 11 37 20 16 28 17 48 2 9 31 19 34 24 14 45 6 32 47 5 18 22 38 7 27 29 8 15 13 33 40 25 50 21 12 39 30 

Inst_Index:7423 	 City_Num:50 	 Concorde:0.056499 	 MCTS:5.648859 Improve:0.001035 	 Time:5.00 Seconds
Solution: 1 15 21 33 9 42 39 7 19 23 44 17 12 28 4 48 46 13 27 3 16 37 6 22 43 45 50 20 11 26 36 49 40 18 8 47 25 34 35 10 2 32 41 14 29 5 31 38 24 30 

Inst_Index:7424 	 City_Num:50 	 Concorde:0.053940 	 MCTS:5.393524 Improve:0.000517 	 Time:5.00 Seconds
Solution: 1 36 42 43 4 2 21 46 3 39 28 14 26 24 47 5 44 38 11 12 45 25 41 29 27 23 33 34 31 49 20 19 35 37 40 15 30 8 9 10 13 18 7 22 6 48 32 16 50 17 

Inst_Index:7425 	 City_Num:50 	 Concorde:0.056828 	 MCTS:5.673920 Improve:0.008877 	 Time:5.00 Seconds
Solution: 1 37 15 19 45 24 4 6 40 26 14 3 25 2 9 46 44 13 33 27 28 38 50 29 49 43 21 23 36 47 11 42 41 31 39 34 8 10 20 16 7 32 48 30 22 12 18 35 17 5 

Inst_Index:7426 	 City_Num:50 	 Concorde:0.055680 	 MCTS:5.568040 Improve:0.000000 	 Time:5.00 Seconds
Solution: 1 13 40 34 7 4 41 32 25 28 21 11 45 46 27 36 26 16 39 9 20 3 38 23 17 15 44 5 19 30 37 33 49 42 12 48 18 29 8 43 47 10 22 14 24 2 50 6 31 35 

Inst_Index:7427 	 City_Num:50 	 Concorde:0.059363 	 MCTS:5.936261 Improve:-0.000000 	 Time:5.00 Seconds
Solution: 1 2 25 26 17 34 30 50 22 40 41 45 19 35 44 23 27 43 11 18 29 14 12 6 46 21 4 20 24 10 49 32 8 5 37 38 3 16 48 28 7 39 36 47 33 15 13 9 31 42 

Inst_Index:7428 	 City_Num:50 	 Concorde:0.054855 	 MCTS:5.485452 Improve:-0.000000 	 Time:5.00 Seconds
Solution: 1 34 2 7 36 44 15 32 27 8 23 11 19 26 5 16 37 35 3 39 14 46 45 12 24 43 28 6 49 4 48 50 10 20 18 41 25 47 17 38 42 13 21 30 31 33 40 9 22 29 

Inst_Index:7429 	 City_Num:50 	 Concorde:0.059920 	 MCTS:5.989280 Improve:0.002676 	 Time:5.01 Seconds
Solution: 1 6 40 36 41 45 14 47 30 4 48 29 24 43 18 12 11 31 46 44 35 9 8 22 33 27 42 2 37 15 17 13 49 19 34 32 10 5 26 7 28 38 23 16 20 39 21 25 50 3 

Inst_Index:7430 	 City_Num:50 	 Concorde:0.055682 	 MCTS:5.566682 Improve:0.001553 	 Time:5.00 Seconds
Solution: 1 25 13 2 12 45 36 47 24 37 21 10 8 28 5 48 4 30 3 49 43 32 27 14 22 9 18 11 44 31 39 38 41 42 16 6 19 34 7 33 17 20 23 50 26 15 29 35 40 46 

Inst_Index:7431 	 City_Num:50 	 Concorde:0.056500 	 MCTS:5.648859 Improve:0.001133 	 Time:5.00 Seconds
Solution: 1 31 29 25 26 35 38 36 49 10 24 8 44 13 19 6 47 27 32 23 40 41 22 2 7 42 14 45 28 9 20 30 3 15 37 11 18 4 5 48 21 39 12 33 17 50 43 16 46 34 

Inst_Index:7432 	 City_Num:50 	 Concorde:0.056133 	 MCTS:5.608754 Improve:0.004525 	 Time:5.00 Seconds
Solution: 1 27 37 5 23 10 12 17 15 34 50 49 42 4 44 20 24 26 41 46 9 28 11 48 40 38 45 32 19 36 13 8 35 14 6 39 18 33 25 22 7 30 47 21 16 2 43 29 3 31 

Inst_Index:7433 	 City_Num:50 	 Concorde:0.058497 	 MCTS:5.849720 Improve:0.000000 	 Time:5.00 Seconds
Solution: 1 45 33 35 2 26 19 21 32 5 30 15 50 31 28 3 14 44 22 17 29 41 10 36 38 49 12 23 8 24 9 42 37 4 16 48 7 47 25 6 13 11 34 20 43 27 46 40 18 39 

Inst_Index:7434 	 City_Num:50 	 Concorde:0.053603 	 MCTS:5.355997 Improve:0.004313 	 Time:5.00 Seconds
Solution: 1 30 16 31 6 36 23 8 47 45 22 28 44 38 21 41 20 5 13 14 17 4 10 40 18 24 48 37 35 25 42 34 9 12 50 15 3 11 33 43 26 2 27 29 7 39 32 49 46 19 

Inst_Index:7435 	 City_Num:50 	 Concorde:0.054372 	 MCTS:5.433929 Improve:0.003309 	 Time:5.00 Seconds
Solution: 1 38 49 39 42 32 11 26 35 18 37 45 36 23 8 3 25 33 16 22 15 43 28 31 14 6 19 21 2 29 40 13 12 48 5 24 46 27 47 44 17 10 41 30 34 50 4 9 7 20 

Inst_Index:7436 	 City_Num:50 	 Concorde:0.057183 	 MCTS:5.718308 Improve:0.000000 	 Time:5.00 Seconds
Solution: 1 36 21 39 23 50 41 42 5 8 28 3 48 24 40 15 31 16 6 32 18 43 35 47 20 9 49 19 27 13 2 38 10 12 46 14 4 22 11 45 34 37 44 25 26 33 30 17 7 29 

Inst_Index:7437 	 City_Num:50 	 Concorde:0.058858 	 MCTS:5.885786 Improve:0.000000 	 Time:5.00 Seconds
Solution: 1 33 7 17 8 3 46 38 50 32 11 34 25 5 35 28 30 27 21 44 39 43 20 16 31 2 18 49 37 14 10 6 42 13 41 45 19 36 48 15 23 24 47 12 9 4 22 29 40 26 

Inst_Index:7438 	 City_Num:50 	 Concorde:0.058181 	 MCTS:5.816959 Improve:0.001156 	 Time:5.00 Seconds
Solution: 1 48 28 7 42 45 40 31 25 43 3 18 14 32 36 35 9 4 33 34 27 26 11 29 30 49 39 15 19 2 8 12 6 41 17 21 10 46 5 37 16 24 50 22 20 44 13 47 23 38 

Inst_Index:7439 	 City_Num:50 	 Concorde:0.055913 	 MCTS:5.591220 Improve:0.000100 	 Time:5.00 Seconds
Solution: 1 12 27 41 10 45 14 26 13 16 17 31 42 46 23 18 50 3 28 39 38 33 4 34 7 44 29 22 32 35 21 43 9 19 20 11 47 15 37 30 8 25 49 48 24 36 2 40 5 6 

Inst_Index:7440 	 City_Num:50 	 Concorde:0.054937 	 MCTS:5.493657 Improve:0.000000 	 Time:5.00 Seconds
Solution: 1 37 47 26 22 33 24 42 45 16 25 43 35 23 49 32 46 13 9 6 2 34 14 5 17 38 27 15 8 20 18 10 39 44 31 30 4 21 29 40 41 28 50 3 7 19 12 11 48 36 

Inst_Index:7441 	 City_Num:50 	 Concorde:0.055136 	 MCTS:5.513627 Improve:0.000000 	 Time:5.00 Seconds
Solution: 1 28 35 32 18 31 42 50 29 23 2 16 48 3 40 8 45 30 5 14 25 19 34 22 49 27 44 11 13 9 12 4 41 7 46 24 36 21 39 6 26 17 10 20 38 15 43 33 37 47 

Inst_Index:7442 	 City_Num:50 	 Concorde:0.058943 	 MCTS:5.890306 Improve:0.004034 	 Time:5.01 Seconds
Solution: 1 50 7 39 32 14 17 21 47 9 26 37 28 16 11 8 43 25 20 49 5 19 24 31 4 40 18 12 38 35 46 45 13 29 48 33 36 30 34 27 10 41 6 22 15 3 42 23 2 44 

Inst_Index:7443 	 City_Num:50 	 Concorde:0.059430 	 MCTS:5.942957 Improve:-0.000000 	 Time:5.00 Seconds
Solution: 1 4 48 13 11 42 44 43 20 47 8 34 30 9 37 35 27 38 3 26 36 33 31 39 32 12 6 21 49 14 29 5 28 17 22 23 41 15 2 16 25 10 19 46 40 45 18 50 7 24 

Inst_Index:7444 	 City_Num:50 	 Concorde:0.056804 	 MCTS:5.680405 Improve:0.000000 	 Time:5.00 Seconds
Solution: 1 46 21 28 42 15 7 48 35 24 3 19 33 16 50 38 32 26 41 22 8 40 30 34 31 39 9 25 11 10 45 23 5 2 18 17 27 44 6 47 29 12 36 20 13 14 37 49 43 4 

Inst_Index:7445 	 City_Num:50 	 Concorde:0.054877 	 MCTS:5.483747 Improve:0.003910 	 Time:5.00 Seconds
Solution: 1 43 6 18 14 46 21 40 35 22 10 24 36 23 30 50 48 2 12 33 9 19 11 3 29 34 8 37 13 26 42 32 31 20 7 5 17 25 28 41 38 27 4 39 47 49 15 45 16 44 

Inst_Index:7446 	 City_Num:50 	 Concorde:0.054843 	 MCTS:5.482950 Improve:0.001377 	 Time:5.00 Seconds
Solution: 1 21 8 39 17 13 43 40 50 19 9 23 38 26 45 10 6 29 22 31 7 2 5 16 4 42 14 12 28 46 20 47 34 24 37 36 48 41 11 15 25 30 35 44 49 32 33 3 27 18 

Inst_Index:7447 	 City_Num:50 	 Concorde:0.055616 	 MCTS:5.561594 Improve:-0.000000 	 Time:5.00 Seconds
Solution: 1 24 34 7 14 19 43 50 35 32 11 8 33 31 46 26 2 30 42 44 10 47 27 49 13 20 18 5 28 6 40 22 21 16 25 15 4 39 37 48 45 12 9 36 38 17 3 29 41 23 

Inst_Index:7448 	 City_Num:50 	 Concorde:0.051825 	 MCTS:5.182459 Improve:0.000063 	 Time:5.00 Seconds
Solution: 1 8 26 50 13 48 31 38 20 3 6 14 45 4 15 30 2 34 10 22 18 32 46 36 43 49 9 19 35 39 27 23 11 25 40 41 33 5 24 29 21 37 17 16 12 42 44 28 47 7 

Inst_Index:7449 	 City_Num:50 	 Concorde:0.052798 	 MCTS:5.276223 Improve:0.003591 	 Time:5.00 Seconds
Solution: 1 28 38 33 22 35 36 41 9 25 32 10 16 7 14 6 2 49 15 45 23 42 44 40 11 19 24 47 37 18 43 3 26 4 48 31 5 46 30 39 34 8 27 20 12 29 13 50 17 21 

Inst_Index:7450 	 City_Num:50 	 Concorde:0.057035 	 MCTS:5.703497 Improve:-0.000000 	 Time:5.01 Seconds
Solution: 1 21 37 25 28 14 24 44 12 18 40 4 34 43 8 16 50 41 30 20 3 29 11 13 19 7 33 47 17 38 9 2 36 10 5 15 35 42 45 32 26 6 23 49 39 22 48 31 27 46 

Inst_Index:7451 	 City_Num:50 	 Concorde:0.057470 	 MCTS:5.746975 Improve:-0.000000 	 Time:5.00 Seconds
Solution: 1 47 18 26 32 7 5 15 20 31 9 42 2 11 30 10 22 16 28 29 45 44 27 23 48 49 38 37 25 6 43 35 12 36 19 8 34 50 33 24 46 40 39 14 13 21 4 3 41 17 

Inst_Index:7452 	 City_Num:50 	 Concorde:0.056064 	 MCTS:5.601807 Improve:0.004569 	 Time:5.00 Seconds
Solution: 1 2 13 3 21 37 26 4 22 6 20 17 50 7 48 31 45 38 9 30 24 14 10 28 8 46 25 29 18 12 16 15 33 11 41 19 49 35 39 44 47 23 5 34 42 27 43 40 32 36 

Inst_Index:7453 	 City_Num:50 	 Concorde:0.060134 	 MCTS:6.013404 Improve:0.000000 	 Time:5.00 Seconds
Solution: 1 11 25 38 46 47 33 18 30 48 43 45 8 27 34 28 21 13 31 20 50 9 19 4 40 44 39 22 5 35 14 2 17 15 12 32 6 49 41 29 24 7 10 37 42 26 23 3 36 16 

Inst_Index:7454 	 City_Num:50 	 Concorde:0.057160 	 MCTS:5.716017 Improve:0.000000 	 Time:5.01 Seconds
Solution: 1 17 48 16 47 18 20 9 29 40 32 28 46 25 45 35 15 4 31 50 42 23 3 43 22 30 36 37 38 44 6 11 8 39 19 13 5 14 26 49 33 24 21 27 10 41 2 12 34 7 

Inst_Index:7455 	 City_Num:50 	 Concorde:0.059369 	 MCTS:5.935003 Improve:0.001916 	 Time:5.00 Seconds
Solution: 1 21 10 33 4 38 11 18 48 17 27 3 44 6 35 40 30 32 49 50 28 5 31 19 26 22 45 13 12 46 43 23 9 34 42 47 7 15 14 24 29 37 36 39 8 2 20 25 41 16 

Inst_Index:7456 	 City_Num:50 	 Concorde:0.057221 	 MCTS:5.718619 Improve:0.003530 	 Time:5.02 Seconds
Solution: 1 22 9 41 14 17 31 42 49 43 23 8 5 16 30 39 3 21 34 33 35 4 10 26 2 27 24 44 50 12 28 15 45 40 36 29 13 6 47 48 37 20 19 32 25 11 18 38 7 46 

Inst_Index:7457 	 City_Num:50 	 Concorde:0.055915 	 MCTS:5.591461 Improve:0.000000 	 Time:5.00 Seconds
Solution: 1 44 36 26 47 50 30 43 28 29 35 33 15 24 12 6 49 20 11 9 21 37 34 38 8 22 18 23 5 42 40 39 41 25 16 19 17 3 14 7 27 4 13 46 31 45 48 32 2 10 

Inst_Index:7458 	 City_Num:50 	 Concorde:0.049982 	 MCTS:4.987343 Improve:0.010823 	 Time:5.00 Seconds
Solution: 1 37 9 15 7 38 20 45 6 25 26 46 48 34 16 13 17 24 43 2 8 12 21 18 40 11 33 49 5 32 36 19 22 29 4 28 50 30 47 23 14 42 3 39 35 31 27 41 10 44 

Inst_Index:7459 	 City_Num:50 	 Concorde:0.055930 	 MCTS:5.592999 Improve:-0.000000 	 Time:5.00 Seconds
Solution: 1 49 31 30 6 47 46 15 38 25 48 41 2 42 50 35 28 4 37 44 3 36 12 16 19 21 13 7 32 20 40 8 26 23 9 45 27 14 34 17 43 39 5 22 11 10 18 33 24 29 

Inst_Index:7460 	 City_Num:50 	 Concorde:0.054040 	 MCTS:5.402619 Improve:0.001408 	 Time:5.00 Seconds
Solution: 1 6 9 5 3 41 24 37 20 15 25 39 14 26 34 35 10 8 19 50 47 11 44 48 7 46 21 27 13 45 29 18 4 38 23 17 32 12 40 33 31 49 28 36 22 42 43 30 2 16 

Inst_Index:7461 	 City_Num:50 	 Concorde:0.056704 	 MCTS:5.670362 Improve:0.000000 	 Time:5.00 Seconds
Solution: 1 41 3 48 47 4 43 9 35 8 26 34 19 10 27 29 20 14 6 7 12 38 36 46 24 23 42 11 45 32 37 16 15 25 30 40 31 22 44 49 21 50 13 28 33 5 18 17 39 2 

Inst_Index:7462 	 City_Num:50 	 Concorde:0.057912 	 MCTS:5.791150 Improve:0.000000 	 Time:5.00 Seconds
Solution: 1 34 41 18 19 12 11 29 28 14 30 21 3 8 35 5 45 16 2 23 6 47 17 36 49 24 50 37 32 9 31 42 46 39 26 33 38 13 48 7 44 43 4 25 22 40 20 27 10 15 

Inst_Index:7463 	 City_Num:50 	 Concorde:0.056637 	 MCTS:5.663727 Improve:0.000000 	 Time:5.00 Seconds
Solution: 1 40 11 45 26 48 42 7 36 2 22 15 6 47 16 23 31 34 9 32 35 28 5 25 12 39 19 50 20 24 3 10 33 44 4 14 29 27 43 30 49 21 18 17 38 46 37 8 13 41 

Inst_Index:7464 	 City_Num:50 	 Concorde:0.057404 	 MCTS:5.736936 Improve:0.003436 	 Time:5.00 Seconds
Solution: 1 37 11 35 2 3 38 19 20 47 6 34 26 9 21 32 42 48 50 44 10 23 15 39 4 36 33 31 28 49 45 17 25 14 29 27 18 43 16 30 13 7 46 12 41 5 24 40 22 8 

Inst_Index:7465 	 City_Num:50 	 Concorde:0.056516 	 MCTS:5.651585 Improve:0.000000 	 Time:5.00 Seconds
Solution: 1 25 6 34 29 10 44 41 50 46 15 42 20 5 2 28 33 39 13 32 3 47 31 26 19 49 48 30 40 12 9 24 17 11 22 4 27 21 37 35 7 38 23 14 16 36 8 18 43 45 

Inst_Index:7466 	 City_Num:50 	 Concorde:0.054031 	 MCTS:5.403086 Improve:-0.000000 	 Time:5.00 Seconds
Solution: 1 36 41 19 43 13 14 17 22 49 47 45 7 34 9 30 15 23 10 40 18 11 27 50 6 24 32 35 39 28 37 4 42 3 2 26 12 33 25 38 29 31 8 44 46 48 21 16 5 20 

Inst_Index:7467 	 City_Num:50 	 Concorde:0.056201 	 MCTS:5.620051 Improve:0.000000 	 Time:5.00 Seconds
Solution: 1 2 7 8 49 40 6 32 45 10 31 24 14 25 18 20 21 9 27 15 47 23 5 26 16 19 34 43 46 44 38 17 11 39 12 22 3 41 42 13 4 33 30 37 48 36 50 29 35 28 

Inst_Index:7468 	 City_Num:50 	 Concorde:0.059141 	 MCTS:5.909251 Improve:0.004822 	 Time:5.00 Seconds
Solution: 1 6 33 5 34 30 44 45 4 29 2 12 46 7 49 50 22 39 23 19 25 21 31 26 16 3 40 10 48 36 43 8 38 42 41 14 11 24 20 13 35 47 32 27 28 37 18 9 17 15 

Inst_Index:7469 	 City_Num:50 	 Concorde:0.054267 	 MCTS:5.426654 Improve:-0.000000 	 Time:5.00 Seconds
Solution: 1 37 45 25 36 8 3 31 40 49 30 22 50 6 42 2 39 27 17 21 24 15 47 34 16 7 18 5 33 9 23 13 19 38 10 14 48 29 41 20 26 35 43 28 12 4 11 44 46 32 

Inst_Index:7470 	 City_Num:50 	 Concorde:0.056762 	 MCTS:5.676229 Improve:0.000000 	 Time:5.00 Seconds
Solution: 1 36 38 33 41 15 18 32 2 19 3 5 30 29 14 34 8 17 22 6 4 20 39 44 47 35 50 28 46 48 37 40 24 42 10 25 16 43 13 45 49 12 21 27 23 26 31 9 7 11 

Inst_Index:7471 	 City_Num:50 	 Concorde:0.057683 	 MCTS:5.768340 Improve:0.000000 	 Time:5.00 Seconds
Solution: 1 37 32 42 13 34 9 44 22 33 40 36 17 28 6 35 43 15 46 18 5 39 47 24 4 30 3 41 2 20 26 16 7 31 48 25 45 19 38 29 8 21 14 10 11 50 49 27 12 23 

Inst_Index:7472 	 City_Num:50 	 Concorde:0.059456 	 MCTS:5.945583 Improve:0.000000 	 Time:5.00 Seconds
Solution: 1 19 48 7 40 33 34 4 22 36 5 42 45 3 10 30 44 2 21 46 11 24 17 13 32 18 27 39 41 50 28 38 9 31 26 43 25 49 15 37 47 8 14 23 12 35 6 29 16 20 

Inst_Index:7473 	 City_Num:50 	 Concorde:0.057973 	 MCTS:5.812830 Improve:-0.015564 	 Time:5.00 Seconds
Solution: 1 16 27 12 10 25 2 48 36 6 49 47 21 35 5 29 46 9 8 31 33 40 17 26 19 45 28 34 7 4 43 22 38 18 23 32 39 15 20 50 14 37 11 42 24 13 3 44 41 30 

Inst_Index:7474 	 City_Num:50 	 Concorde:0.052342 	 MCTS:5.226334 Improve:0.007825 	 Time:5.00 Seconds
Solution: 1 39 11 16 19 3 33 44 37 35 17 20 48 38 47 18 9 23 36 31 14 10 28 45 13 4 15 12 41 42 32 29 27 22 49 26 24 50 30 46 40 21 2 7 8 34 5 6 25 43 

Inst_Index:7475 	 City_Num:50 	 Concorde:0.055867 	 MCTS:5.586727 Improve:-0.000000 	 Time:5.00 Seconds
Solution: 1 34 42 43 17 9 11 5 8 48 46 23 30 13 31 25 45 22 35 14 21 38 29 7 4 41 18 47 26 3 28 12 16 10 32 6 20 40 50 2 36 15 49 33 19 27 37 39 24 44 

Inst_Index:7476 	 City_Num:50 	 Concorde:0.060049 	 MCTS:6.004842 Improve:0.000042 	 Time:5.00 Seconds
Solution: 1 39 32 41 9 26 8 23 37 13 45 22 43 47 4 15 5 34 17 21 16 3 40 25 6 42 33 11 30 14 44 49 31 24 29 18 46 36 50 10 48 35 19 20 7 28 12 27 38 2 

Inst_Index:7477 	 City_Num:50 	 Concorde:0.058561 	 MCTS:5.856097 Improve:0.000000 	 Time:5.00 Seconds
Solution: 1 27 39 50 30 19 16 26 18 5 4 14 43 35 7 20 40 9 24 32 25 6 31 2 33 47 29 21 46 36 8 44 34 11 15 10 12 42 23 22 45 13 3 41 17 28 48 49 38 37 

Inst_Index:7478 	 City_Num:50 	 Concorde:0.061675 	 MCTS:6.164041 Improve:0.003412 	 Time:5.00 Seconds
Solution: 1 29 3 18 42 36 43 47 28 46 25 22 39 17 34 32 37 13 15 33 10 23 11 35 8 45 24 38 20 27 14 31 9 30 5 19 48 49 44 16 40 12 50 41 4 21 6 7 26 2 

Inst_Index:7479 	 City_Num:50 	 Concorde:0.058696 	 MCTS:5.884841 Improve:-0.015279 	 Time:5.00 Seconds
Solution: 1 50 35 33 3 19 6 31 7 22 43 8 20 4 29 10 11 14 47 2 32 15 49 25 21 36 24 39 44 41 28 48 12 37 42 34 16 9 30 13 27 5 26 18 45 40 23 46 38 17 

Inst_Index:7480 	 City_Num:50 	 Concorde:0.056102 	 MCTS:5.610170 Improve:-0.000000 	 Time:5.00 Seconds
Solution: 1 21 50 3 45 49 26 42 44 46 48 18 47 31 40 25 34 16 17 41 5 12 19 4 10 15 36 38 29 2 30 28 39 33 32 22 24 8 35 11 27 23 7 13 14 43 9 20 6 37 

Inst_Index:7481 	 City_Num:50 	 Concorde:0.059224 	 MCTS:5.922415 Improve:0.000000 	 Time:5.00 Seconds
Solution: 1 24 22 29 9 36 8 28 14 25 6 16 49 50 17 21 30 27 33 46 35 45 47 5 44 10 11 41 13 23 18 31 12 43 48 32 20 3 34 4 39 26 19 40 38 2 37 15 42 7 

Inst_Index:7482 	 City_Num:50 	 Concorde:0.056373 	 MCTS:5.637136 Improve:0.000171 	 Time:5.00 Seconds
Solution: 1 42 36 39 8 50 33 25 44 6 29 30 43 31 12 41 49 22 9 34 45 10 14 16 2 18 7 28 37 3 20 32 21 38 5 23 24 47 46 4 27 48 35 40 26 13 19 15 17 11 

Inst_Index:7483 	 City_Num:50 	 Concorde:0.055621 	 MCTS:5.561522 Improve:0.000605 	 Time:5.00 Seconds
Solution: 1 2 35 3 49 34 39 11 31 27 6 20 29 15 7 40 25 32 5 42 33 10 30 13 14 24 23 43 41 26 50 21 37 47 12 38 17 48 16 8 4 22 18 36 44 28 45 46 9 19 

Inst_Index:7484 	 City_Num:50 	 Concorde:0.054634 	 MCTS:5.463442 Improve:-0.000000 	 Time:5.00 Seconds
Solution: 1 36 10 19 49 3 25 5 9 33 50 41 35 14 22 48 46 43 21 8 38 37 29 7 34 12 6 45 27 30 11 42 20 2 23 28 40 15 32 17 31 18 39 47 24 16 13 44 26 4 

Inst_Index:7485 	 City_Num:50 	 Concorde:0.058235 	 MCTS:5.823504 Improve:-0.000000 	 Time:5.00 Seconds
Solution: 1 47 6 36 15 9 25 48 21 5 2 20 31 26 45 49 30 18 41 10 27 23 35 40 8 42 44 7 34 50 22 38 14 24 37 39 46 29 4 12 19 33 3 32 11 28 17 43 16 13 

Inst_Index:7486 	 City_Num:50 	 Concorde:0.059391 	 MCTS:5.938125 Improve:0.000931 	 Time:5.00 Seconds
Solution: 1 46 44 35 21 36 2 6 13 34 31 49 29 3 26 16 10 50 33 7 18 38 39 9 47 32 48 5 15 11 40 30 4 14 28 43 19 27 20 25 24 42 37 12 8 41 23 17 45 22 

Inst_Index:7487 	 City_Num:50 	 Concorde:0.050598 	 MCTS:5.059767 Improve:-0.000000 	 Time:5.00 Seconds
Solution: 1 33 45 26 10 46 41 39 13 2 32 19 8 6 11 42 37 40 24 20 12 23 35 4 7 17 27 18 43 28 3 14 38 47 44 48 5 29 36 50 30 9 25 16 21 22 15 49 34 31 

Inst_Index:7488 	 City_Num:50 	 Concorde:0.056790 	 MCTS:5.678976 Improve:0.000000 	 Time:5.00 Seconds
Solution: 1 31 23 22 17 8 13 49 50 28 35 42 40 44 9 32 14 4 34 7 20 19 33 29 11 41 26 21 6 47 5 43 46 2 12 16 24 45 48 36 3 30 15 10 39 25 38 37 27 18 

Inst_Index:7489 	 City_Num:50 	 Concorde:0.058023 	 MCTS:5.800503 Improve:0.001812 	 Time:5.00 Seconds
Solution: 1 47 16 12 37 41 43 9 13 3 21 50 6 28 34 48 39 15 29 22 20 23 27 30 31 14 46 17 10 40 26 4 5 45 44 18 24 42 38 35 8 33 49 7 32 36 25 2 19 11 

Inst_Index:7490 	 City_Num:50 	 Concorde:0.056961 	 MCTS:5.696124 Improve:0.000000 	 Time:5.00 Seconds
Solution: 1 48 34 3 47 25 22 8 2 5 40 35 36 31 16 6 26 17 18 30 37 21 33 32 10 29 24 43 42 15 38 14 9 49 46 12 4 45 23 13 11 44 19 28 7 27 50 41 20 39 

Inst_Index:7491 	 City_Num:50 	 Concorde:0.055703 	 MCTS:5.570314 Improve:-0.000000 	 Time:5.01 Seconds
Solution: 1 21 24 5 16 7 40 46 39 34 27 33 38 13 43 35 6 45 50 12 49 30 36 2 11 17 4 32 47 44 20 18 15 10 22 26 25 42 37 8 48 29 41 28 14 19 31 9 23 3 

Inst_Index:7492 	 City_Num:50 	 Concorde:0.059231 	 MCTS:5.923147 Improve:0.000000 	 Time:5.01 Seconds
Solution: 1 50 41 31 2 5 43 27 36 47 11 6 22 13 26 12 32 24 17 39 15 28 20 7 35 18 21 42 30 37 14 4 44 3 29 9 33 8 25 38 46 34 49 45 23 40 19 48 10 16 

Inst_Index:7493 	 City_Num:50 	 Concorde:0.053148 	 MCTS:5.314786 Improve:-0.000000 	 Time:5.00 Seconds
Solution: 1 42 2 45 9 33 38 49 7 4 36 6 41 24 37 20 27 31 43 22 30 12 17 23 16 14 48 15 40 44 5 21 39 34 26 28 50 10 8 11 13 32 29 47 18 3 25 35 46 19 

Inst_Index:7494 	 City_Num:50 	 Concorde:0.057277 	 MCTS:5.727684 Improve:0.000000 	 Time:5.00 Seconds
Solution: 1 39 40 2 37 15 10 26 50 27 17 31 29 16 35 13 7 9 22 5 8 25 45 49 19 11 18 14 44 12 46 48 24 23 47 42 36 33 20 38 28 43 32 6 3 41 30 34 21 4 

Inst_Index:7495 	 City_Num:50 	 Concorde:0.055509 	 MCTS:5.545398 Improve:0.005542 	 Time:5.00 Seconds
Solution: 1 25 24 40 22 49 41 9 18 33 45 4 31 28 3 42 39 26 30 7 16 29 11 2 35 48 34 14 32 50 8 5 19 44 10 21 47 36 37 17 13 6 15 43 20 12 27 23 38 46 

Inst_Index:7496 	 City_Num:50 	 Concorde:0.054873 	 MCTS:5.483366 Improve:0.003947 	 Time:5.00 Seconds
Solution: 1 28 7 49 14 45 48 24 12 36 46 10 8 15 35 18 4 25 5 26 29 22 19 21 30 50 27 47 38 37 9 32 42 20 2 17 33 31 3 39 13 40 34 16 23 43 11 44 6 41 

Inst_Index:7497 	 City_Num:50 	 Concorde:0.061117 	 MCTS:6.111744 Improve:-0.000000 	 Time:5.00 Seconds
Solution: 1 11 49 3 21 48 42 6 26 24 25 33 5 23 8 47 19 38 27 13 36 41 16 17 15 34 22 14 43 4 50 37 28 31 35 30 45 44 9 46 40 2 7 10 20 29 18 32 12 39 

Inst_Index:7498 	 City_Num:50 	 Concorde:0.054472 	 MCTS:5.447196 Improve:-0.000000 	 Time:5.00 Seconds
Solution: 1 35 30 31 28 32 12 47 21 37 24 26 43 17 16 22 18 50 39 42 36 19 6 23 3 20 2 7 14 25 38 29 13 48 4 49 33 8 44 34 27 10 45 9 41 46 15 5 11 40 

Inst_Index:7499 	 City_Num:50 	 Concorde:0.059611 	 MCTS:5.959928 Improve:0.001134 	 Time:5.00 Seconds
Solution: 1 29 27 38 10 36 37 28 31 50 49 35 2 6 19 25 48 34 20 47 12 7 39 30 26 42 16 13 14 32 8 17 15 24 11 5 46 9 44 18 45 33 4 22 21 43 23 40 41 3 

Inst_Index:7500 	 City_Num:50 	 Concorde:0.058288 	 MCTS:5.826175 Improve:0.002626 	 Time:5.00 Seconds
Solution: 1 46 42 14 13 4 23 12 43 2 50 20 7 17 24 39 41 9 25 22 27 11 15 47 37 38 5 21 29 34 30 28 49 45 48 3 32 31 8 10 44 33 40 26 35 18 6 19 16 36 

Inst_Index:7501 	 City_Num:50 	 Concorde:0.057839 	 MCTS:5.783863 Improve:-0.000000 	 Time:5.00 Seconds
Solution: 1 45 27 23 26 48 9 40 36 43 8 24 4 28 3 20 39 35 5 10 33 44 19 18 38 22 13 31 47 37 25 21 50 49 17 34 11 14 2 15 46 29 30 42 16 6 7 41 32 12 

Inst_Index:7502 	 City_Num:50 	 Concorde:0.055359 	 MCTS:5.531251 Improve:0.004648 	 Time:5.00 Seconds
Solution: 1 17 37 6 47 7 12 38 49 48 45 10 20 34 5 2 25 32 19 29 35 13 27 4 41 42 16 33 18 44 26 21 39 14 23 40 31 28 3 8 50 46 30 9 43 24 36 11 22 15 

Inst_Index:7503 	 City_Num:50 	 Concorde:0.061885 	 MCTS:6.188526 Improve:0.000000 	 Time:5.00 Seconds
Solution: 1 7 42 45 31 44 11 30 43 16 17 22 40 23 28 9 25 8 12 14 24 34 13 2 5 33 4 48 50 41 21 36 46 27 38 32 20 10 47 49 39 26 37 18 15 29 3 19 35 6 

Inst_Index:7504 	 City_Num:50 	 Concorde:0.058246 	 MCTS:5.824646 Improve:-0.000000 	 Time:5.00 Seconds
Solution: 1 23 13 25 15 20 31 38 17 14 24 37 33 2 11 30 29 47 45 10 49 48 21 36 42 16 40 7 43 34 28 8 39 26 19 12 4 18 5 50 27 9 41 22 32 35 46 3 44 6 

Inst_Index:7505 	 City_Num:50 	 Concorde:0.052798 	 MCTS:5.279258 Improve:0.000500 	 Time:5.00 Seconds
Solution: 1 36 21 25 8 38 42 35 11 28 17 41 22 44 5 47 15 48 30 49 20 26 39 31 23 13 50 3 9 43 16 40 7 34 12 46 32 29 19 6 10 14 24 4 33 37 45 27 18 2 

Inst_Index:7506 	 City_Num:50 	 Concorde:0.058437 	 MCTS:5.843691 Improve:0.000000 	 Time:5.01 Seconds
Solution: 1 18 33 30 21 23 41 35 25 43 8 16 15 39 27 38 28 11 9 40 2 24 26 32 48 46 3 37 29 50 10 5 42 20 12 7 22 49 14 36 17 31 13 19 34 44 47 6 45 4 

Inst_Index:7507 	 City_Num:50 	 Concorde:0.056075 	 MCTS:5.607484 Improve:-0.000000 	 Time:5.00 Seconds
Solution: 1 10 6 15 39 32 48 28 27 25 11 36 16 23 21 13 22 44 19 40 34 30 42 8 38 33 12 45 17 37 5 26 2 50 43 31 29 41 24 4 18 9 14 7 49 47 35 3 20 46 

Inst_Index:7508 	 City_Num:50 	 Concorde:0.051205 	 MCTS:5.116822 Improve:0.003713 	 Time:5.00 Seconds
Solution: 1 43 11 2 9 40 36 7 50 30 31 19 21 5 17 15 48 12 16 34 25 35 45 22 41 28 10 33 18 26 42 20 47 14 23 46 24 3 8 32 49 27 44 6 4 38 13 39 29 37 

Inst_Index:7509 	 City_Num:50 	 Concorde:0.059338 	 MCTS:5.932272 Improve:0.001522 	 Time:5.00 Seconds
Solution: 1 4 19 3 11 49 22 32 29 14 7 20 46 23 37 42 16 36 33 8 31 27 39 34 48 30 6 50 2 17 26 25 28 35 44 12 9 10 5 21 45 41 24 13 15 40 47 43 38 18 

Inst_Index:7510 	 City_Num:50 	 Concorde:0.056321 	 MCTS:5.632122 Improve:-0.000000 	 Time:5.01 Seconds
Solution: 1 21 7 22 12 25 3 17 16 15 20 14 45 28 9 44 13 35 24 19 34 10 6 33 39 43 26 41 8 29 36 30 49 38 2 32 47 37 31 46 50 23 4 48 42 18 11 27 40 5 

Inst_Index:7511 	 City_Num:50 	 Concorde:0.060163 	 MCTS:6.016315 Improve:-0.000000 	 Time:5.00 Seconds
Solution: 1 50 26 27 24 36 16 48 37 18 32 49 15 34 6 14 23 44 39 5 31 46 30 35 11 25 42 45 33 10 47 3 28 12 22 41 38 20 19 2 9 7 8 43 4 40 13 17 21 29 

Inst_Index:7512 	 City_Num:50 	 Concorde:0.059027 	 MCTS:5.898529 Improve:0.004160 	 Time:5.00 Seconds
Solution: 1 15 26 22 8 42 44 25 13 5 35 28 7 16 30 37 32 38 47 31 3 23 46 34 19 29 10 48 6 36 14 49 45 33 21 2 41 18 27 43 11 9 39 20 50 12 4 17 40 24 


Avg_Concorde_Distance: 5.681120 Avg_MCTS_Distance: 5.680465 Avg_Gap: -0.000116 Total_Time: 1566.72 Seconds 
 Beat_Best_Known_Times: 118 Match_Best_Known_Times: 184 Miss_Best_Known_Times: 11 
