Number_of_Instances_In_Current_Batch: 313

Inst_Index:5948 	 City_Num:50 	 Concorde:0.060579 	 MCTS:6.053941 Improve:0.003970 	 Time:5.00 Seconds
Solution: 1 18 21 11 24 37 16 2 5 9 34 13 43 42 31 27 26 40 28 45 10 25 29 3 48 17 23 22 14 47 36 44 38 12 41 20 32 8 30 19 4 33 6 49 46 7 15 35 50 39 

Inst_Index:5949 	 City_Num:50 	 Concorde:0.057939 	 MCTS:5.791030 Improve:0.002860 	 Time:5.00 Seconds
Solution: 1 6 14 34 5 39 30 45 23 49 15 43 33 11 24 8 16 3 20 42 29 38 9 18 36 7 12 22 25 19 48 10 2 32 41 50 13 28 44 27 26 35 37 17 47 21 4 31 46 40 

Inst_Index:5950 	 City_Num:50 	 Concorde:0.059149 	 MCTS:5.913144 Improve:0.001711 	 Time:5.00 Seconds
Solution: 1 36 41 9 28 25 7 32 18 50 27 34 31 43 22 47 10 48 29 12 6 39 44 38 24 8 30 26 16 35 49 13 20 21 2 42 14 15 5 40 33 19 46 3 23 17 11 37 4 45 

Inst_Index:5951 	 City_Num:50 	 Concorde:0.057908 	 MCTS:5.789394 Improve:0.001408 	 Time:5.00 Seconds
Solution: 1 15 36 32 31 24 38 4 9 21 22 18 35 47 50 28 20 5 26 13 39 10 34 44 14 30 6 40 45 19 46 48 3 29 23 27 11 17 42 2 8 16 37 25 41 49 43 7 33 12 

Inst_Index:5952 	 City_Num:50 	 Concorde:0.055845 	 MCTS:5.584532 Improve:0.000000 	 Time:5.00 Seconds
Solution: 1 36 2 33 20 43 48 22 19 47 13 3 35 15 39 16 14 25 11 29 31 49 9 34 37 50 45 40 21 23 38 30 5 44 26 7 6 18 28 12 24 8 27 4 41 42 32 10 46 17 

Inst_Index:5953 	 City_Num:50 	 Concorde:0.055704 	 MCTS:5.570405 Improve:0.000000 	 Time:5.00 Seconds
Solution: 1 36 45 31 19 49 38 20 33 23 47 30 37 24 2 11 40 9 35 27 6 50 44 15 41 26 5 25 46 43 42 39 13 17 48 3 21 14 16 22 28 4 32 18 29 10 8 34 7 12 

Inst_Index:5954 	 City_Num:50 	 Concorde:0.056016 	 MCTS:5.601584 Improve:-0.000000 	 Time:5.00 Seconds
Solution: 1 25 17 39 29 13 5 12 14 28 11 18 24 31 3 10 33 37 50 43 38 34 41 19 20 8 23 40 4 26 46 48 35 7 47 49 45 16 44 22 21 30 15 2 42 6 36 27 9 32 

Inst_Index:5955 	 City_Num:50 	 Concorde:0.058487 	 MCTS:5.861068 Improve:-0.012414 	 Time:5.00 Seconds
Solution: 1 49 27 38 5 10 37 3 30 43 22 28 46 35 9 6 32 4 34 17 31 25 14 42 47 20 19 11 15 29 16 50 48 2 12 39 7 13 23 24 36 33 45 44 18 40 26 8 21 41 

Inst_Index:5956 	 City_Num:50 	 Concorde:0.055990 	 MCTS:5.609226 Improve:-0.010201 	 Time:5.00 Seconds
Solution: 1 4 47 49 31 17 50 43 45 32 16 28 33 23 34 3 5 25 7 11 18 26 6 13 14 24 44 15 2 37 46 38 12 35 10 19 42 8 30 48 20 40 9 22 41 21 36 29 39 27 

Inst_Index:5957 	 City_Num:50 	 Concorde:0.050939 	 MCTS:5.093883 Improve:0.000000 	 Time:5.00 Seconds
Solution: 1 42 11 45 39 47 20 25 30 15 28 8 17 35 38 27 22 9 29 4 44 48 19 5 32 34 16 12 10 24 43 50 7 33 14 49 41 2 40 18 36 31 23 13 46 3 21 37 26 6 

Inst_Index:5958 	 City_Num:50 	 Concorde:0.055768 	 MCTS:5.570300 Improve:0.006529 	 Time:5.00 Seconds
Solution: 1 39 18 3 14 10 44 4 41 21 29 16 33 22 50 24 6 23 7 2 34 32 40 38 15 49 28 19 17 47 26 5 36 25 48 42 30 27 35 11 43 13 20 31 46 8 45 37 9 12 

Inst_Index:5959 	 City_Num:50 	 Concorde:0.059379 	 MCTS:5.933850 Improve:0.004036 	 Time:5.00 Seconds
Solution: 1 38 9 22 31 33 17 8 29 35 14 24 21 23 34 50 16 3 5 18 10 6 32 48 47 20 25 46 40 26 44 2 15 7 36 4 19 37 42 49 27 45 43 13 11 41 30 28 12 39 

Inst_Index:5960 	 City_Num:50 	 Concorde:0.053257 	 MCTS:5.325690 Improve:-0.000000 	 Time:5.00 Seconds
Solution: 1 2 29 50 41 32 10 33 22 3 13 46 12 14 30 4 5 34 7 16 24 21 35 18 44 47 27 36 31 49 38 45 8 26 37 20 40 43 17 25 39 15 23 42 11 9 28 6 19 48 

Inst_Index:5961 	 City_Num:50 	 Concorde:0.058793 	 MCTS:5.879291 Improve:0.000000 	 Time:5.00 Seconds
Solution: 1 37 10 22 31 47 26 45 18 33 13 11 49 41 16 4 6 20 38 14 7 39 15 23 24 5 34 50 29 25 30 27 8 17 42 35 36 32 9 12 3 46 43 44 28 40 21 48 2 19 

Inst_Index:5962 	 City_Num:50 	 Concorde:0.059663 	 MCTS:5.966308 Improve:0.000000 	 Time:5.00 Seconds
Solution: 1 3 2 42 40 14 44 48 38 10 36 16 41 11 34 17 20 47 29 21 45 12 24 18 8 22 32 33 26 50 13 28 43 25 49 37 31 30 46 9 39 6 7 27 35 23 15 19 4 5 

Inst_Index:5963 	 City_Num:50 	 Concorde:0.060738 	 MCTS:6.073805 Improve:-0.000000 	 Time:5.00 Seconds
Solution: 1 46 4 19 45 30 17 27 49 36 35 38 18 21 28 25 29 20 9 11 8 24 12 23 50 48 10 37 43 7 40 42 26 13 2 14 34 41 33 31 39 3 32 16 6 22 15 47 5 44 

Inst_Index:5964 	 City_Num:50 	 Concorde:0.056633 	 MCTS:5.663276 Improve:-0.000000 	 Time:5.00 Seconds
Solution: 1 29 42 18 44 35 3 34 17 49 38 16 19 23 48 15 11 41 28 26 7 22 5 46 33 20 25 32 31 30 10 21 8 43 36 27 47 45 40 4 6 9 50 12 14 13 24 37 2 39 

Inst_Index:5965 	 City_Num:50 	 Concorde:0.056383 	 MCTS:5.638257 Improve:0.000000 	 Time:5.00 Seconds
Solution: 1 2 4 20 48 21 32 10 42 6 16 30 11 22 34 13 37 5 36 24 29 26 18 38 15 45 49 46 8 31 23 27 35 33 14 50 25 44 12 9 43 17 40 41 28 7 39 19 3 47 

Inst_Index:5966 	 City_Num:50 	 Concorde:0.056222 	 MCTS:5.622161 Improve:0.000000 	 Time:5.00 Seconds
Solution: 1 29 14 15 38 12 10 44 46 41 11 34 43 19 17 25 26 45 16 23 31 18 42 47 20 30 37 49 24 36 8 50 28 22 7 35 9 27 5 33 2 21 3 6 32 4 13 48 39 40 

Inst_Index:5967 	 City_Num:50 	 Concorde:0.054827 	 MCTS:5.482715 Improve:-0.000000 	 Time:5.00 Seconds
Solution: 1 43 13 27 41 50 39 40 8 35 29 20 28 7 22 46 2 30 6 31 23 19 16 17 14 24 32 15 5 38 37 21 25 47 48 12 44 49 10 18 42 26 4 3 33 9 34 45 11 36 

Inst_Index:5968 	 City_Num:50 	 Concorde:0.056670 	 MCTS:5.667045 Improve:0.000000 	 Time:5.00 Seconds
Solution: 1 25 42 40 24 44 45 41 29 50 49 37 21 13 16 2 35 38 4 48 26 12 43 39 11 8 14 32 9 15 3 31 19 27 28 20 46 30 17 22 5 7 23 34 6 33 36 18 10 47 

Inst_Index:5969 	 City_Num:50 	 Concorde:0.057629 	 MCTS:5.760288 Improve:0.002628 	 Time:5.00 Seconds
Solution: 1 42 36 17 9 43 37 14 38 45 47 13 41 27 46 48 2 16 23 24 15 21 8 7 44 29 30 26 5 35 40 49 34 31 25 50 19 20 33 18 4 28 6 11 10 39 32 22 12 3 

Inst_Index:5970 	 City_Num:50 	 Concorde:0.056840 	 MCTS:5.683761 Improve:0.000206 	 Time:5.00 Seconds
Solution: 1 14 10 27 13 15 50 35 45 17 2 34 28 3 32 29 49 46 21 42 33 30 41 37 47 7 20 12 4 25 24 31 11 23 6 16 22 48 19 5 26 40 43 38 8 18 36 39 44 9 

Inst_Index:5971 	 City_Num:50 	 Concorde:0.061309 	 MCTS:6.130897 Improve:0.000000 	 Time:5.01 Seconds
Solution: 1 40 23 3 19 47 21 4 48 8 30 32 39 33 36 18 22 41 49 10 9 13 27 24 12 46 26 2 6 45 44 16 25 43 28 35 5 34 17 14 11 50 20 29 7 31 38 42 37 15 

Inst_Index:5972 	 City_Num:50 	 Concorde:0.057108 	 MCTS:5.710846 Improve:-0.000000 	 Time:5.00 Seconds
Solution: 1 17 42 10 18 50 19 9 37 11 25 12 41 2 31 4 40 39 28 8 46 32 23 21 49 44 29 43 16 7 30 6 35 36 22 14 15 20 34 47 45 5 26 33 13 24 3 38 27 48 

Inst_Index:5973 	 City_Num:50 	 Concorde:0.058411 	 MCTS:5.851966 Improve:-0.010826 	 Time:5.00 Seconds
Solution: 1 21 5 3 18 7 2 16 9 48 40 27 15 31 28 30 6 24 13 38 11 17 35 50 12 34 4 39 36 46 49 10 32 8 25 42 47 29 14 44 19 23 33 41 43 45 22 26 20 37 

Inst_Index:5974 	 City_Num:50 	 Concorde:0.054894 	 MCTS:5.487652 Improve:0.001715 	 Time:5.00 Seconds
Solution: 1 10 49 32 40 26 24 15 50 39 31 11 23 35 6 43 38 17 48 37 47 13 12 45 27 25 21 4 9 16 19 20 44 5 36 8 14 28 22 29 33 42 34 3 41 46 2 30 7 18 

Inst_Index:5975 	 City_Num:50 	 Concorde:0.054865 	 MCTS:5.486545 Improve:-0.000000 	 Time:5.00 Seconds
Solution: 1 39 7 45 20 12 16 26 35 4 6 28 38 5 33 32 40 25 21 30 2 19 44 22 18 42 48 24 13 41 10 34 36 27 9 11 17 50 37 49 43 47 8 31 3 29 46 14 15 23 

Inst_Index:5976 	 City_Num:50 	 Concorde:0.057929 	 MCTS:5.792941 Improve:-0.000000 	 Time:5.00 Seconds
Solution: 1 29 19 24 32 27 18 35 37 25 48 44 26 2 14 7 22 45 5 20 42 9 46 6 40 10 47 43 33 50 13 16 21 41 38 31 15 30 11 34 23 36 8 4 39 3 49 12 17 28 

Inst_Index:5977 	 City_Num:50 	 Concorde:0.055520 	 MCTS:5.555844 Improve:-0.003834 	 Time:5.00 Seconds
Solution: 1 30 32 8 20 44 41 45 18 46 24 33 19 6 25 26 16 34 3 40 23 39 21 4 13 48 36 2 12 5 47 37 43 15 42 38 17 28 14 29 22 11 9 49 27 31 10 50 7 35 

Inst_Index:5978 	 City_Num:50 	 Concorde:0.062354 	 MCTS:6.235422 Improve:0.000000 	 Time:5.00 Seconds
Solution: 1 17 9 15 35 14 25 37 2 4 28 45 8 12 36 5 46 30 20 41 29 47 48 43 11 23 19 39 40 44 6 34 32 22 16 3 24 49 42 38 7 33 13 21 27 26 50 31 10 18 

Inst_Index:5979 	 City_Num:50 	 Concorde:0.058350 	 MCTS:5.834987 Improve:0.000000 	 Time:5.00 Seconds
Solution: 1 30 42 2 46 44 20 22 47 7 16 21 4 13 38 28 17 48 5 10 15 12 26 50 37 39 49 41 36 24 35 18 29 14 43 33 27 3 23 6 19 45 40 34 32 9 31 25 8 11 

Inst_Index:5980 	 City_Num:50 	 Concorde:0.057819 	 MCTS:5.775675 Improve:0.006211 	 Time:5.00 Seconds
Solution: 1 47 25 40 8 16 28 38 2 23 13 46 7 22 34 5 6 27 3 4 42 48 44 9 17 30 43 11 29 39 20 33 21 36 31 50 24 12 19 10 45 41 35 14 37 18 49 26 15 32 

Inst_Index:5981 	 City_Num:50 	 Concorde:0.057166 	 MCTS:5.716640 Improve:0.000000 	 Time:5.00 Seconds
Solution: 1 37 13 2 15 14 12 22 26 35 48 3 23 11 4 44 32 9 21 47 18 17 24 33 30 38 41 34 7 40 27 31 49 43 25 19 29 39 28 8 20 45 42 6 10 36 46 50 16 5 

Inst_Index:5982 	 City_Num:50 	 Concorde:0.057610 	 MCTS:5.760997 Improve:0.000000 	 Time:5.02 Seconds
Solution: 1 42 23 7 46 5 31 19 37 47 25 18 13 14 22 29 27 11 26 20 3 9 41 6 15 39 36 44 16 48 49 40 28 21 50 8 12 2 43 34 38 32 45 33 4 17 24 35 30 10 

Inst_Index:5983 	 City_Num:50 	 Concorde:0.056989 	 MCTS:5.698862 Improve:-0.000000 	 Time:5.00 Seconds
Solution: 1 38 17 6 10 37 44 18 39 41 28 33 30 12 50 14 40 2 3 19 34 11 49 32 23 36 4 46 22 29 13 47 45 31 27 43 24 35 8 7 15 16 42 21 20 9 26 48 5 25 

Inst_Index:5984 	 City_Num:50 	 Concorde:0.059694 	 MCTS:5.964291 Improve:0.005060 	 Time:5.01 Seconds
Solution: 1 43 25 24 34 15 2 26 21 4 35 41 7 8 33 48 28 32 16 17 46 5 19 37 45 47 11 20 42 9 14 50 10 44 6 31 39 38 13 30 23 3 27 29 40 18 49 22 12 36 

Inst_Index:5985 	 City_Num:50 	 Concorde:0.055065 	 MCTS:5.497616 Improve:0.008836 	 Time:5.00 Seconds
Solution: 1 50 36 10 16 23 26 13 3 20 37 25 47 45 11 39 17 48 41 22 12 9 32 46 49 28 30 40 44 2 7 35 4 21 14 15 38 33 24 29 31 34 5 42 6 8 19 43 27 18 

Inst_Index:5986 	 City_Num:50 	 Concorde:0.056882 	 MCTS:5.688161 Improve:-0.000000 	 Time:5.00 Seconds
Solution: 1 11 25 27 34 46 2 31 37 20 32 8 19 9 23 18 48 21 22 17 45 26 29 5 42 15 7 16 50 12 6 30 44 24 3 33 40 10 47 39 14 36 35 28 49 4 41 13 38 43 

Inst_Index:5987 	 City_Num:50 	 Concorde:0.056509 	 MCTS:5.637271 Improve:0.013656 	 Time:5.00 Seconds
Solution: 1 31 24 4 39 37 49 18 47 3 48 25 28 30 23 22 41 13 21 44 32 2 42 19 15 16 35 46 20 6 11 9 36 50 17 33 34 12 29 45 8 5 7 14 26 38 40 27 10 43 

Inst_Index:5988 	 City_Num:50 	 Concorde:0.059683 	 MCTS:5.966432 Improve:0.001877 	 Time:5.00 Seconds
Solution: 1 50 10 16 14 17 18 46 15 8 31 28 34 39 2 3 30 29 27 42 23 47 12 20 19 5 37 35 44 11 32 40 13 33 38 24 21 22 6 9 26 25 41 4 43 36 48 7 49 45 

Inst_Index:5989 	 City_Num:50 	 Concorde:0.057332 	 MCTS:5.733247 Improve:0.000000 	 Time:5.00 Seconds
Solution: 1 38 23 20 45 19 34 2 27 49 29 44 35 26 31 22 18 16 14 37 32 41 25 46 42 30 11 12 21 47 17 13 36 39 4 28 40 50 24 48 15 33 7 9 6 5 43 10 3 8 

Inst_Index:5990 	 City_Num:50 	 Concorde:0.053395 	 MCTS:5.339461 Improve:0.000000 	 Time:5.00 Seconds
Solution: 1 32 9 24 29 7 19 40 34 50 41 3 30 42 16 2 44 36 5 14 49 35 6 38 31 18 10 27 26 45 46 8 23 39 25 21 20 43 28 11 22 12 17 33 47 48 4 13 37 15 

Inst_Index:5991 	 City_Num:50 	 Concorde:0.061349 	 MCTS:6.134917 Improve:0.000000 	 Time:5.01 Seconds
Solution: 1 7 2 10 27 9 38 12 5 16 34 48 50 47 33 18 42 36 24 40 44 39 17 30 20 26 25 45 41 14 21 23 35 13 46 4 29 3 37 28 31 6 22 43 32 49 11 15 8 19 

Inst_Index:5992 	 City_Num:50 	 Concorde:0.058629 	 MCTS:5.862884 Improve:0.000000 	 Time:5.00 Seconds
Solution: 1 16 30 43 20 19 38 39 42 47 21 33 18 40 50 45 27 12 6 48 41 24 44 22 34 26 2 49 5 46 31 25 32 10 14 7 15 28 3 36 37 35 9 4 13 17 8 29 11 23 

Inst_Index:5993 	 City_Num:50 	 Concorde:0.056182 	 MCTS:5.616987 Improve:0.001230 	 Time:5.00 Seconds
Solution: 1 2 13 44 48 6 16 41 42 7 50 30 15 22 39 38 10 37 45 43 25 11 5 32 33 18 14 3 21 4 49 26 29 12 9 34 28 31 35 40 23 36 17 20 8 24 46 19 47 27 

Inst_Index:5994 	 City_Num:50 	 Concorde:0.059914 	 MCTS:5.991389 Improve:0.000000 	 Time:5.00 Seconds
Solution: 1 44 46 22 35 36 10 43 4 33 14 28 40 49 48 26 8 20 6 19 27 3 16 23 15 13 31 29 37 47 41 12 45 2 18 21 34 25 30 50 11 17 9 7 24 39 38 5 42 32 

Inst_Index:5995 	 City_Num:50 	 Concorde:0.055926 	 MCTS:5.592593 Improve:0.000000 	 Time:5.00 Seconds
Solution: 1 46 21 18 32 25 44 43 23 5 45 26 35 2 37 49 8 39 9 6 34 50 15 22 41 13 11 40 31 10 48 17 38 4 28 33 29 19 24 42 16 47 7 12 14 20 27 3 36 30 

Inst_Index:5996 	 City_Num:50 	 Concorde:0.057494 	 MCTS:5.749398 Improve:-0.000000 	 Time:5.00 Seconds
Solution: 1 20 26 48 42 35 32 44 17 40 30 5 36 34 45 25 13 9 49 12 8 10 46 7 33 6 18 19 27 41 2 22 23 50 28 29 24 37 47 3 11 16 31 15 38 43 14 4 39 21 

Inst_Index:5997 	 City_Num:50 	 Concorde:0.058256 	 MCTS:5.825575 Improve:0.000000 	 Time:5.00 Seconds
Solution: 1 5 11 40 14 23 17 12 10 32 47 3 16 37 31 36 48 49 46 2 30 28 35 29 33 8 21 41 45 34 24 50 15 6 9 19 26 43 13 7 27 39 25 4 20 18 42 22 38 44 

Inst_Index:5998 	 City_Num:50 	 Concorde:0.055978 	 MCTS:5.597791 Improve:0.000000 	 Time:5.00 Seconds
Solution: 1 30 14 9 41 38 10 12 11 27 36 29 49 17 46 42 5 23 22 4 13 8 24 15 33 48 16 26 44 47 18 21 19 3 40 2 50 39 43 37 6 34 28 7 35 32 45 20 31 25 

Inst_Index:5999 	 City_Num:50 	 Concorde:0.057571 	 MCTS:5.757079 Improve:0.000000 	 Time:5.01 Seconds
Solution: 1 50 29 17 45 40 38 21 19 34 4 32 18 10 46 37 14 43 13 49 15 47 12 5 26 24 2 3 7 41 16 23 20 44 8 31 6 35 30 27 33 36 28 48 9 22 39 42 11 25 

Inst_Index:6000 	 City_Num:50 	 Concorde:0.051141 	 MCTS:5.114140 Improve:0.000000 	 Time:5.00 Seconds
Solution: 1 35 30 40 39 10 6 43 32 4 33 9 36 47 25 49 48 17 44 15 16 28 50 21 7 34 20 3 12 46 27 11 29 13 37 5 23 24 22 38 41 42 2 14 45 19 26 18 8 31 

Inst_Index:6001 	 City_Num:50 	 Concorde:0.060972 	 MCTS:6.097193 Improve:0.000000 	 Time:5.00 Seconds
Solution: 1 41 12 39 8 36 30 34 28 13 45 50 31 19 10 47 11 40 35 43 2 15 16 4 14 44 38 33 46 27 49 6 48 3 25 29 37 32 7 24 21 26 20 5 23 9 17 18 22 42 

Inst_Index:6002 	 City_Num:50 	 Concorde:0.055432 	 MCTS:5.543207 Improve:-0.000000 	 Time:5.00 Seconds
Solution: 1 28 29 27 15 32 5 19 46 24 10 41 16 17 8 50 49 42 23 44 25 12 39 40 37 33 4 22 48 7 47 9 3 21 20 34 18 36 14 6 11 26 38 30 13 31 2 35 45 43 

Inst_Index:6003 	 City_Num:50 	 Concorde:0.055433 	 MCTS:5.540337 Improve:0.002983 	 Time:5.00 Seconds
Solution: 1 15 48 44 32 27 46 28 24 34 35 3 39 41 30 29 40 22 37 8 49 23 10 14 16 33 17 42 13 12 2 18 38 4 26 21 19 7 5 31 47 9 11 20 6 50 36 45 43 25 

Inst_Index:6004 	 City_Num:50 	 Concorde:0.056477 	 MCTS:5.643986 Improve:0.003671 	 Time:5.00 Seconds
Solution: 1 18 21 17 32 35 4 26 22 2 45 42 41 33 50 24 20 6 7 23 37 16 11 29 46 47 14 44 8 10 40 34 49 27 15 19 13 25 31 12 39 48 30 5 38 28 3 43 36 9 

Inst_Index:6005 	 City_Num:50 	 Concorde:0.054065 	 MCTS:5.400683 Improve:0.005818 	 Time:5.00 Seconds
Solution: 1 32 48 45 8 14 31 16 25 18 35 50 20 4 6 26 28 19 15 46 36 33 38 29 43 37 47 44 27 40 9 2 17 3 24 39 12 34 23 30 11 21 22 13 49 5 7 41 42 10 

Inst_Index:6006 	 City_Num:50 	 Concorde:0.056529 	 MCTS:5.652945 Improve:-0.000000 	 Time:5.00 Seconds
Solution: 1 42 14 28 7 26 31 27 25 46 19 18 39 47 17 6 37 35 22 32 43 23 10 16 45 33 4 2 24 50 12 15 20 38 30 13 29 40 36 8 5 3 34 48 9 21 49 11 41 44 

Inst_Index:6007 	 City_Num:50 	 Concorde:0.054281 	 MCTS:5.427593 Improve:0.000557 	 Time:5.00 Seconds
Solution: 1 8 6 5 7 34 29 28 37 48 15 25 20 32 50 11 16 26 43 17 44 33 23 9 46 45 22 47 14 35 36 27 4 40 2 24 3 38 12 19 49 42 41 39 13 10 31 21 18 30 

Inst_Index:6008 	 City_Num:50 	 Concorde:0.054213 	 MCTS:5.420666 Improve:0.000674 	 Time:5.00 Seconds
Solution: 1 38 10 35 12 45 36 25 22 17 4 5 43 9 33 15 28 26 42 44 2 19 34 32 24 39 41 46 3 11 21 37 16 47 31 49 14 40 48 13 29 8 6 27 50 20 30 18 7 23 

Inst_Index:6009 	 City_Num:50 	 Concorde:0.057750 	 MCTS:5.772314 Improve:0.002700 	 Time:5.00 Seconds
Solution: 1 25 46 20 36 29 4 31 10 7 15 24 49 23 6 9 48 28 41 42 32 35 45 18 16 27 11 43 2 12 40 13 22 47 26 34 8 17 38 21 33 37 39 44 19 50 30 14 5 3 

Inst_Index:6010 	 City_Num:50 	 Concorde:0.055538 	 MCTS:5.547267 Improve:0.006498 	 Time:5.03 Seconds
Solution: 1 46 6 28 34 26 7 23 24 13 3 43 50 18 21 17 44 49 11 38 37 41 14 15 10 22 40 35 16 2 8 9 27 25 19 31 42 4 36 39 45 33 29 48 20 47 5 32 12 30 

Inst_Index:6011 	 City_Num:50 	 Concorde:0.054635 	 MCTS:5.463503 Improve:0.000000 	 Time:5.00 Seconds
Solution: 1 17 9 3 7 36 39 24 50 26 10 8 14 23 32 6 34 25 5 35 4 22 21 30 11 49 31 44 2 27 28 38 43 37 16 12 47 41 42 48 33 45 46 19 18 40 20 29 15 13 

Inst_Index:6012 	 City_Num:50 	 Concorde:0.057676 	 MCTS:5.766828 Improve:0.000791 	 Time:5.00 Seconds
Solution: 1 3 13 40 26 48 11 12 34 24 16 21 8 38 33 23 31 4 39 46 9 7 19 17 6 25 41 10 30 44 15 43 2 18 5 32 22 37 20 49 27 35 45 28 42 29 47 36 14 50 

Inst_Index:6013 	 City_Num:50 	 Concorde:0.062270 	 MCTS:6.227042 Improve:0.000000 	 Time:5.01 Seconds
Solution: 1 3 47 6 44 42 13 36 46 24 40 18 20 15 26 43 35 9 48 8 32 27 22 50 45 29 25 12 10 30 28 11 41 33 23 49 2 31 16 38 19 37 17 7 4 39 5 14 34 21 

Inst_Index:6014 	 City_Num:50 	 Concorde:0.053320 	 MCTS:5.329759 Improve:0.002270 	 Time:5.00 Seconds
Solution: 1 47 33 7 5 15 14 41 38 19 30 49 25 31 43 28 13 4 29 45 37 39 12 23 27 18 50 48 9 2 44 17 6 35 20 34 8 26 24 46 36 21 22 42 10 32 40 11 3 16 

Inst_Index:6015 	 City_Num:50 	 Concorde:0.059388 	 MCTS:5.938785 Improve:0.000000 	 Time:5.00 Seconds
Solution: 1 4 18 50 29 7 34 25 38 6 10 39 28 30 43 46 3 40 33 13 22 11 15 42 47 37 17 44 16 36 8 31 27 12 20 21 24 14 35 23 32 26 19 45 48 41 49 2 5 9 

Inst_Index:6016 	 City_Num:50 	 Concorde:0.058527 	 MCTS:5.852663 Improve:0.000000 	 Time:5.00 Seconds
Solution: 1 38 13 32 24 47 19 14 48 30 11 46 49 34 9 28 10 17 42 26 7 50 36 40 31 15 2 6 25 41 29 8 16 43 37 21 45 12 35 20 44 39 33 5 4 18 3 27 22 23 

Inst_Index:6017 	 City_Num:50 	 Concorde:0.059896 	 MCTS:5.989633 Improve:-0.000000 	 Time:5.00 Seconds
Solution: 1 28 9 34 3 13 41 27 30 16 4 8 40 32 23 39 17 35 38 49 45 12 29 47 26 25 15 24 44 50 43 6 42 20 14 46 31 21 48 11 2 19 33 18 36 7 5 10 22 37 

Inst_Index:6018 	 City_Num:50 	 Concorde:0.055495 	 MCTS:5.549464 Improve:0.000000 	 Time:5.00 Seconds
Solution: 1 49 3 9 18 30 47 20 12 25 43 34 48 28 13 31 14 16 4 27 32 39 22 29 40 45 42 33 15 37 7 23 38 17 46 50 44 36 8 41 11 35 19 24 6 5 21 2 26 10 

Inst_Index:6019 	 City_Num:50 	 Concorde:0.054062 	 MCTS:5.406223 Improve:-0.000000 	 Time:5.00 Seconds
Solution: 1 48 44 18 38 23 30 37 45 11 8 31 50 25 13 34 35 22 32 47 46 12 9 17 24 42 10 26 5 15 4 36 20 2 28 14 7 27 43 19 3 41 39 40 6 33 29 21 49 16 

Inst_Index:6020 	 City_Num:50 	 Concorde:0.058721 	 MCTS:5.872149 Improve:0.000000 	 Time:5.00 Seconds
Solution: 1 41 28 17 21 42 35 2 45 4 33 23 26 34 10 8 24 31 39 25 47 6 32 38 44 14 40 37 46 13 27 9 5 29 18 3 43 30 48 49 36 15 22 19 20 50 11 12 7 16 

Inst_Index:6021 	 City_Num:50 	 Concorde:0.055439 	 MCTS:5.543852 Improve:0.000000 	 Time:5.00 Seconds
Solution: 1 21 25 32 34 16 37 28 19 9 41 26 15 22 4 38 17 5 46 44 23 30 3 13 31 47 39 11 49 40 29 42 12 27 2 18 48 45 50 8 33 20 24 7 43 14 35 36 10 6 

Inst_Index:6022 	 City_Num:50 	 Concorde:0.057139 	 MCTS:5.713941 Improve:-0.000000 	 Time:5.00 Seconds
Solution: 1 18 9 26 27 36 23 12 4 28 19 10 44 17 20 16 50 37 31 32 22 29 2 15 38 8 35 34 48 5 30 39 11 42 46 40 41 3 21 45 43 13 33 6 24 47 14 25 49 7 

Inst_Index:6023 	 City_Num:50 	 Concorde:0.053552 	 MCTS:5.355164 Improve:0.000000 	 Time:5.00 Seconds
Solution: 1 41 17 33 39 29 36 27 26 44 24 3 11 32 34 38 8 31 48 2 15 18 10 37 25 9 5 16 45 7 6 35 30 22 21 13 28 46 23 14 40 12 42 47 4 49 50 20 43 19 

Inst_Index:6024 	 City_Num:50 	 Concorde:0.057348 	 MCTS:5.734788 Improve:-0.000000 	 Time:5.00 Seconds
Solution: 1 23 48 34 45 2 22 15 12 43 21 13 44 20 14 40 16 19 7 11 5 32 38 39 26 17 29 27 50 6 9 49 47 37 3 36 33 4 24 46 35 28 42 8 31 30 10 18 41 25 

Inst_Index:6025 	 City_Num:50 	 Concorde:0.061182 	 MCTS:6.117062 Improve:0.001158 	 Time:5.00 Seconds
Solution: 1 48 46 19 3 31 47 14 34 13 26 38 20 41 4 43 9 12 17 23 49 29 40 28 39 32 21 27 33 42 44 6 50 18 8 35 10 45 30 25 7 16 36 37 5 24 15 2 22 11 

Inst_Index:6026 	 City_Num:50 	 Concorde:0.058839 	 MCTS:5.883920 Improve:0.000000 	 Time:5.00 Seconds
Solution: 1 42 43 25 7 29 9 11 16 37 39 46 12 40 14 10 36 4 8 50 6 26 44 38 3 45 47 32 2 23 35 30 31 41 19 5 33 49 34 27 17 22 13 18 15 28 21 20 48 24 

Inst_Index:6027 	 City_Num:50 	 Concorde:0.057402 	 MCTS:5.740238 Improve:0.000000 	 Time:5.00 Seconds
Solution: 1 10 34 41 47 45 7 17 5 50 23 16 43 36 49 39 18 20 21 11 28 2 44 37 22 14 30 12 35 32 40 48 4 13 46 3 6 42 9 31 15 24 19 8 27 26 29 25 38 33 

Inst_Index:6028 	 City_Num:50 	 Concorde:0.059961 	 MCTS:5.996092 Improve:0.000000 	 Time:5.00 Seconds
Solution: 1 9 2 33 20 37 18 5 25 10 44 35 16 24 13 46 4 48 38 27 42 34 31 40 6 19 47 14 11 29 41 15 43 30 49 21 7 12 3 50 39 45 36 32 17 28 26 8 22 23 

Inst_Index:6029 	 City_Num:50 	 Concorde:0.059068 	 MCTS:5.904885 Improve:0.001905 	 Time:5.00 Seconds
Solution: 1 7 25 47 37 2 19 11 43 29 5 3 23 27 42 17 34 28 6 10 18 9 33 21 39 13 32 44 24 46 15 12 35 36 40 38 20 4 31 48 26 41 14 16 30 8 49 50 22 45 

Inst_Index:6030 	 City_Num:50 	 Concorde:0.059129 	 MCTS:5.912861 Improve:0.000000 	 Time:5.00 Seconds
Solution: 1 36 37 45 42 31 44 43 30 50 33 8 16 14 18 28 46 11 22 38 20 19 34 25 17 47 5 4 12 49 48 21 6 29 10 24 26 3 40 39 7 15 2 23 35 27 9 41 13 32 

Inst_Index:6031 	 City_Num:50 	 Concorde:0.052733 	 MCTS:5.273334 Improve:0.000000 	 Time:5.00 Seconds
Solution: 1 36 2 30 42 26 18 25 7 44 5 24 17 34 50 49 39 22 11 15 13 48 38 40 45 3 43 31 33 47 9 14 27 10 29 28 23 4 46 35 19 20 16 37 6 41 12 21 32 8 

Inst_Index:6032 	 City_Num:50 	 Concorde:0.058977 	 MCTS:5.897737 Improve:-0.000000 	 Time:5.00 Seconds
Solution: 1 50 23 14 37 35 10 11 9 30 27 5 47 40 25 38 31 21 7 6 4 8 16 29 20 33 17 36 19 41 18 43 45 34 42 44 2 13 24 26 49 32 15 39 22 12 48 3 46 28 

Inst_Index:6033 	 City_Num:50 	 Concorde:0.060378 	 MCTS:6.031892 Improve:0.005878 	 Time:5.00 Seconds
Solution: 1 25 42 45 33 44 3 31 7 19 14 34 2 15 27 6 4 10 36 41 9 21 16 23 11 30 46 38 40 35 50 22 43 20 5 49 29 28 47 24 17 13 39 32 37 12 18 48 8 26 

Inst_Index:6034 	 City_Num:50 	 Concorde:0.060979 	 MCTS:6.097949 Improve:-0.000000 	 Time:5.00 Seconds
Solution: 1 26 24 17 40 21 11 10 25 32 20 5 45 19 23 35 15 9 41 8 29 4 49 47 36 6 48 34 16 46 13 37 18 33 2 12 39 42 22 28 44 50 27 30 43 38 3 31 14 7 

Inst_Index:6035 	 City_Num:50 	 Concorde:0.057039 	 MCTS:5.734523 Improve:-0.030574 	 Time:5.00 Seconds
Solution: 1 8 29 38 5 36 17 48 16 19 37 24 25 15 26 32 49 4 45 23 50 33 27 11 18 10 35 22 41 6 40 13 28 43 47 7 42 14 39 46 3 20 12 30 44 9 34 2 31 21 

Inst_Index:6036 	 City_Num:50 	 Concorde:0.059461 	 MCTS:5.946060 Improve:0.000000 	 Time:5.00 Seconds
Solution: 1 50 10 11 15 46 2 18 6 42 9 7 17 4 44 27 14 12 41 25 5 49 34 43 29 31 28 22 13 21 20 35 38 19 45 30 48 39 8 3 32 47 26 23 24 36 37 33 16 40 

Inst_Index:6037 	 City_Num:50 	 Concorde:0.052346 	 MCTS:5.233182 Improve:0.001378 	 Time:5.00 Seconds
Solution: 1 2 8 33 36 16 11 42 44 20 27 19 39 6 25 23 13 14 30 38 43 5 47 18 21 28 35 3 32 29 15 7 45 50 22 12 24 46 48 17 34 40 4 9 49 10 41 31 37 26 

Inst_Index:6038 	 City_Num:50 	 Concorde:0.057471 	 MCTS:5.747119 Improve:-0.000000 	 Time:5.01 Seconds
Solution: 1 4 17 27 48 24 37 45 26 40 22 2 20 18 34 50 42 46 30 3 7 35 43 49 13 44 29 41 23 36 31 28 16 14 15 10 32 12 47 25 21 19 38 6 8 9 39 11 33 5 

Inst_Index:6039 	 City_Num:50 	 Concorde:0.059570 	 MCTS:5.956095 Improve:0.000902 	 Time:5.00 Seconds
Solution: 1 47 23 6 19 9 42 7 15 30 13 16 10 21 4 35 17 20 46 39 5 41 38 32 29 34 2 37 48 3 24 28 11 27 31 14 33 40 36 8 12 50 22 44 49 43 45 18 25 26 

Inst_Index:6040 	 City_Num:50 	 Concorde:0.059194 	 MCTS:5.917364 Improve:0.002085 	 Time:5.00 Seconds
Solution: 1 9 40 37 24 43 36 35 27 45 44 26 4 29 22 48 21 20 7 14 15 32 19 5 16 2 28 34 12 11 33 17 49 10 46 18 38 8 13 30 6 41 3 25 47 39 31 50 42 23 

Inst_Index:6041 	 City_Num:50 	 Concorde:0.056929 	 MCTS:5.692854 Improve:0.000000 	 Time:5.00 Seconds
Solution: 1 44 40 12 48 38 45 41 34 37 25 29 43 15 17 42 30 32 20 4 47 11 31 19 8 50 22 3 21 14 26 5 27 36 33 24 7 9 10 6 28 39 23 13 35 46 16 2 49 18 

Inst_Index:6042 	 City_Num:50 	 Concorde:0.059820 	 MCTS:5.982047 Improve:0.000000 	 Time:5.00 Seconds
Solution: 1 40 50 15 41 8 44 49 27 7 18 29 23 46 39 42 16 22 26 45 19 3 30 48 33 2 17 35 32 10 6 25 21 20 37 34 36 31 4 43 13 47 24 12 11 28 38 5 14 9 

Inst_Index:6043 	 City_Num:50 	 Concorde:0.055926 	 MCTS:5.588541 Improve:0.004083 	 Time:5.00 Seconds
Solution: 1 13 7 10 19 29 8 34 15 35 3 26 45 31 41 22 37 16 46 2 18 48 47 33 21 42 4 36 12 38 39 17 11 44 14 50 40 5 23 30 27 28 9 32 20 43 24 6 25 49 

Inst_Index:6044 	 City_Num:50 	 Concorde:0.057172 	 MCTS:5.717200 Improve:-0.000000 	 Time:5.00 Seconds
Solution: 1 12 13 40 30 20 31 43 33 45 32 44 3 26 48 39 16 23 41 42 4 10 9 22 15 5 2 28 47 17 14 7 50 8 11 27 29 38 35 21 37 46 6 36 18 19 49 34 24 25 

Inst_Index:6045 	 City_Num:50 	 Concorde:0.056737 	 MCTS:5.673747 Improve:0.000000 	 Time:5.00 Seconds
Solution: 1 25 35 39 48 20 9 2 47 40 16 7 17 3 45 8 38 6 34 50 12 26 44 18 31 46 27 30 22 24 36 49 23 21 28 13 33 15 43 37 10 42 19 4 32 11 29 5 41 14 

Inst_Index:6046 	 City_Num:50 	 Concorde:0.053952 	 MCTS:5.395189 Improve:0.000000 	 Time:5.00 Seconds
Solution: 1 37 38 25 43 39 42 19 46 20 12 47 48 23 30 9 27 50 2 14 28 11 34 41 3 36 8 35 32 49 21 24 26 18 45 13 22 10 4 44 29 40 15 5 6 33 31 16 7 17 

Inst_Index:6047 	 City_Num:50 	 Concorde:0.051776 	 MCTS:5.180281 Improve:-0.002698 	 Time:5.00 Seconds
Solution: 1 19 20 15 44 31 35 30 47 10 50 21 39 17 14 26 4 37 7 29 11 13 9 8 42 3 34 16 40 2 28 46 48 49 32 12 23 22 45 36 24 5 27 6 18 38 43 41 33 25 

Inst_Index:6048 	 City_Num:50 	 Concorde:0.060300 	 MCTS:6.030034 Improve:-0.000000 	 Time:5.00 Seconds
Solution: 1 14 4 15 27 2 30 25 48 13 20 39 50 19 17 12 11 23 32 37 3 22 45 46 42 38 41 8 44 28 10 47 34 24 6 18 21 49 7 29 36 5 9 33 43 31 26 35 16 40 

Inst_Index:6049 	 City_Num:50 	 Concorde:0.058752 	 MCTS:5.875205 Improve:-0.000000 	 Time:5.00 Seconds
Solution: 1 22 24 43 11 21 41 17 14 9 6 46 38 49 29 28 33 47 39 26 2 44 48 45 18 3 12 8 31 42 20 34 35 32 25 13 15 23 37 50 7 5 10 19 4 36 30 40 16 27 

Inst_Index:6050 	 City_Num:50 	 Concorde:0.060445 	 MCTS:6.040296 Improve:0.004214 	 Time:5.00 Seconds
Solution: 1 2 20 38 24 29 16 14 45 26 12 31 40 7 49 9 6 17 44 34 3 22 11 25 23 15 8 30 46 42 33 37 21 35 10 43 47 18 5 41 19 4 13 28 36 32 27 50 48 39 

Inst_Index:6051 	 City_Num:50 	 Concorde:0.050448 	 MCTS:5.044843 Improve:0.000000 	 Time:5.00 Seconds
Solution: 1 3 41 37 38 6 33 46 29 43 35 2 47 34 7 22 21 16 12 48 31 17 40 19 20 14 27 26 18 10 24 28 50 13 4 45 32 15 11 9 49 39 42 8 44 30 25 23 5 36 

Inst_Index:6052 	 City_Num:50 	 Concorde:0.058006 	 MCTS:5.800150 Improve:0.000455 	 Time:5.00 Seconds
Solution: 1 13 38 11 39 4 28 22 31 35 26 6 44 18 21 29 8 23 32 12 16 46 5 43 19 42 7 20 37 15 48 2 33 9 14 17 25 3 36 45 10 30 40 47 27 34 49 50 24 41 

Inst_Index:6053 	 City_Num:50 	 Concorde:0.055623 	 MCTS:5.559154 Improve:0.003177 	 Time:5.00 Seconds
Solution: 1 29 39 27 8 32 14 16 21 5 26 24 48 25 10 41 2 17 42 37 23 12 34 7 45 22 6 20 33 46 19 40 4 49 18 11 13 50 3 9 47 36 38 35 31 28 44 43 15 30 

Inst_Index:6054 	 City_Num:50 	 Concorde:0.054231 	 MCTS:5.423091 Improve:0.000000 	 Time:5.00 Seconds
Solution: 1 33 2 23 15 34 21 16 43 45 37 3 27 32 29 49 6 28 44 14 4 47 41 31 25 17 42 35 8 18 36 22 40 5 24 46 7 26 10 11 9 30 19 48 13 12 50 39 38 20 

Inst_Index:6055 	 City_Num:50 	 Concorde:0.056509 	 MCTS:5.646935 Improve:0.003990 	 Time:5.00 Seconds
Solution: 1 47 18 32 4 30 27 50 19 9 45 10 25 17 15 42 24 31 12 14 22 21 35 34 23 3 13 33 16 41 26 11 48 43 46 6 2 28 20 36 37 40 29 49 5 39 8 38 44 7 

Inst_Index:6056 	 City_Num:50 	 Concorde:0.058229 	 MCTS:5.822868 Improve:0.000000 	 Time:5.00 Seconds
Solution: 1 15 27 40 20 31 25 48 39 22 33 30 50 23 49 6 21 8 14 7 45 19 36 24 26 46 2 17 42 35 43 3 29 16 13 5 37 12 44 34 47 38 41 18 4 28 32 9 10 11 

Inst_Index:6057 	 City_Num:50 	 Concorde:0.058555 	 MCTS:5.854136 Improve:0.001384 	 Time:5.00 Seconds
Solution: 1 39 29 9 16 19 35 47 38 26 8 28 2 41 50 15 14 13 33 31 25 3 45 18 24 46 27 6 49 7 32 12 22 5 4 23 20 44 48 37 43 30 11 21 42 40 36 17 10 34 

Inst_Index:6058 	 City_Num:50 	 Concorde:0.057743 	 MCTS:5.774253 Improve:-0.000000 	 Time:5.00 Seconds
Solution: 1 44 9 36 12 2 28 13 19 26 27 5 23 21 8 42 38 22 7 37 43 47 17 46 25 45 18 31 32 50 40 4 29 39 34 15 10 30 41 16 48 49 11 33 24 35 3 14 6 20 

Inst_Index:6059 	 City_Num:50 	 Concorde:0.052429 	 MCTS:5.242922 Improve:0.000000 	 Time:5.00 Seconds
Solution: 1 40 6 32 11 43 8 25 28 41 9 24 27 33 37 7 20 5 10 14 31 50 18 23 3 36 46 38 2 39 45 12 29 49 21 19 16 17 35 13 26 47 44 42 4 30 48 15 22 34 

Inst_Index:6060 	 City_Num:50 	 Concorde:0.059183 	 MCTS:5.918301 Improve:-0.000000 	 Time:5.00 Seconds
Solution: 1 27 5 6 22 38 19 10 25 24 13 33 50 43 34 2 42 30 7 26 49 3 45 32 28 20 48 47 35 8 46 17 14 29 21 36 40 23 16 41 9 31 37 11 18 44 4 15 12 39 

Inst_Index:6061 	 City_Num:50 	 Concorde:0.055938 	 MCTS:5.593752 Improve:0.000000 	 Time:5.01 Seconds
Solution: 1 44 3 42 45 12 32 31 16 48 5 34 10 13 25 30 6 39 8 11 37 40 29 22 23 38 46 2 41 15 43 20 7 17 9 49 28 19 47 33 27 4 35 14 24 21 18 36 50 26 

Inst_Index:6062 	 City_Num:50 	 Concorde:0.058214 	 MCTS:5.817885 Improve:0.003532 	 Time:5.00 Seconds
Solution: 1 18 21 30 50 9 13 12 22 29 46 7 35 41 24 33 43 37 28 47 40 6 42 49 15 16 25 10 5 44 27 17 34 45 31 11 2 36 32 8 3 19 48 39 23 38 14 4 20 26 

Inst_Index:6063 	 City_Num:50 	 Concorde:0.056452 	 MCTS:5.645162 Improve:0.000000 	 Time:5.00 Seconds
Solution: 1 41 13 11 37 17 25 45 27 4 18 39 2 26 46 44 40 47 14 8 36 20 35 23 43 32 10 38 49 3 12 21 28 50 24 15 22 19 9 33 42 6 48 30 29 5 34 16 7 31 

Inst_Index:6064 	 City_Num:50 	 Concorde:0.057021 	 MCTS:5.702055 Improve:-0.000000 	 Time:5.00 Seconds
Solution: 1 37 18 5 3 14 45 2 50 25 16 44 46 41 4 22 36 24 34 17 30 40 26 12 33 11 20 28 42 43 47 15 32 8 48 6 39 27 23 49 10 21 7 38 19 35 31 13 29 9 

Inst_Index:6065 	 City_Num:50 	 Concorde:0.061557 	 MCTS:6.150059 Improve:0.005679 	 Time:5.00 Seconds
Solution: 1 47 33 37 10 4 11 7 31 26 46 41 50 45 29 17 49 6 40 25 19 13 18 36 15 48 28 32 39 43 16 44 27 9 21 2 22 3 23 34 20 30 5 8 35 38 42 24 14 12 

Inst_Index:6066 	 City_Num:50 	 Concorde:0.060516 	 MCTS:6.051149 Improve:0.000411 	 Time:5.00 Seconds
Solution: 1 48 19 47 49 50 36 12 17 31 41 5 33 18 9 3 16 28 34 27 42 25 15 44 39 35 43 4 30 14 40 8 13 45 24 26 37 11 22 23 10 46 20 21 2 7 29 6 38 32 

Inst_Index:6067 	 City_Num:50 	 Concorde:0.053379 	 MCTS:5.336397 Improve:0.001549 	 Time:5.00 Seconds
Solution: 1 7 6 50 20 9 32 37 49 39 10 25 33 22 19 29 47 26 16 3 8 27 34 43 31 41 46 40 48 11 21 17 30 2 24 28 5 38 23 42 44 35 13 15 45 12 4 36 14 18 

Inst_Index:6068 	 City_Num:50 	 Concorde:0.058913 	 MCTS:5.891337 Improve:0.000000 	 Time:5.00 Seconds
Solution: 1 42 14 23 8 28 11 20 30 36 43 25 17 50 49 4 44 41 2 10 3 35 21 15 19 22 31 47 16 33 40 34 7 38 9 13 18 26 29 37 6 32 12 24 46 48 39 27 45 5 

Inst_Index:6069 	 City_Num:50 	 Concorde:0.054052 	 MCTS:5.405187 Improve:0.000000 	 Time:5.00 Seconds
Solution: 1 5 3 6 11 43 39 33 27 30 26 16 21 40 29 17 22 7 48 19 24 9 35 23 13 34 18 10 49 14 50 20 15 45 41 38 31 12 2 4 44 42 46 47 32 37 36 8 25 28 

Inst_Index:6070 	 City_Num:50 	 Concorde:0.059298 	 MCTS:5.929825 Improve:-0.000000 	 Time:5.00 Seconds
Solution: 1 6 20 2 39 24 14 42 33 15 44 10 28 36 13 29 12 47 45 7 21 22 48 43 50 30 46 9 40 3 4 11 17 41 31 19 37 38 16 5 27 23 18 8 34 32 26 49 35 25 

Inst_Index:6071 	 City_Num:50 	 Concorde:0.059336 	 MCTS:5.933153 Improve:0.000456 	 Time:5.00 Seconds
Solution: 1 42 11 28 7 26 49 33 44 34 3 40 32 8 45 47 12 9 36 46 2 29 43 20 38 19 35 27 31 50 22 14 21 41 18 10 16 5 23 17 48 13 15 39 4 37 6 30 25 24 

Inst_Index:6072 	 City_Num:50 	 Concorde:0.055628 	 MCTS:5.562849 Improve:0.000000 	 Time:5.00 Seconds
Solution: 1 30 12 33 14 46 34 39 42 21 10 44 9 15 48 17 29 49 8 16 27 47 20 37 22 28 3 32 36 35 23 40 41 13 4 25 50 26 31 18 5 19 11 43 7 2 6 24 38 45 

Inst_Index:6073 	 City_Num:50 	 Concorde:0.051990 	 MCTS:5.198975 Improve:0.000000 	 Time:5.00 Seconds
Solution: 1 4 45 42 37 38 18 15 6 28 24 41 27 39 16 10 46 9 5 47 11 30 3 23 48 14 33 13 50 40 29 31 8 25 7 49 17 32 26 21 34 19 36 44 22 35 43 20 2 12 

Inst_Index:6074 	 City_Num:50 	 Concorde:0.053169 	 MCTS:5.314964 Improve:0.001983 	 Time:5.00 Seconds
Solution: 1 12 35 45 26 28 16 49 47 33 19 43 6 36 44 32 4 21 2 42 11 50 10 25 29 31 39 14 20 23 8 5 37 3 13 22 40 34 30 7 27 48 15 17 41 46 18 9 24 38 

Inst_Index:6075 	 City_Num:50 	 Concorde:0.059277 	 MCTS:5.927663 Improve:-0.000000 	 Time:5.00 Seconds
Solution: 1 14 18 37 42 20 34 15 36 43 16 29 4 44 30 25 47 41 19 26 49 9 45 38 12 32 6 39 13 8 50 17 40 5 22 10 3 33 48 24 31 23 27 46 11 21 28 2 7 35 

Inst_Index:6076 	 City_Num:50 	 Concorde:0.057720 	 MCTS:5.771957 Improve:-0.000000 	 Time:5.00 Seconds
Solution: 1 44 15 12 22 10 48 29 30 27 35 3 26 31 45 39 8 33 11 19 43 34 46 21 47 49 24 41 13 28 36 4 16 25 20 37 38 17 9 6 14 50 23 42 5 2 7 18 40 32 

Inst_Index:6077 	 City_Num:50 	 Concorde:0.059041 	 MCTS:5.904124 Improve:0.000000 	 Time:5.00 Seconds
Solution: 1 2 7 16 21 34 50 18 38 19 17 40 4 41 8 20 30 14 42 13 12 36 47 5 49 25 37 48 3 27 15 28 24 32 11 39 31 9 22 29 46 44 23 10 33 26 45 35 6 43 

Inst_Index:6078 	 City_Num:50 	 Concorde:0.053037 	 MCTS:5.298481 Improve:0.005224 	 Time:5.00 Seconds
Solution: 1 17 28 36 38 20 41 30 49 50 6 9 37 29 40 23 18 7 5 4 26 47 11 27 45 19 21 12 43 34 24 44 35 13 33 15 48 42 22 46 8 32 31 39 3 10 2 25 16 14 

Inst_Index:6079 	 City_Num:50 	 Concorde:0.059987 	 MCTS:5.998698 Improve:-0.000000 	 Time:5.00 Seconds
Solution: 1 26 49 4 39 12 17 50 21 31 47 37 38 3 27 11 14 18 42 5 8 46 41 28 7 9 6 43 40 44 45 34 48 36 29 16 24 15 23 20 22 33 35 13 19 32 10 2 30 25 

Inst_Index:6080 	 City_Num:50 	 Concorde:0.055749 	 MCTS:5.574949 Improve:-0.000000 	 Time:5.01 Seconds
Solution: 1 11 37 23 46 6 5 25 28 48 36 13 33 8 16 22 26 40 42 35 18 4 2 20 45 17 19 41 15 10 38 32 21 31 50 47 9 29 7 24 39 27 34 12 3 14 49 44 30 43 

Inst_Index:6081 	 City_Num:50 	 Concorde:0.056160 	 MCTS:5.615965 Improve:-0.000000 	 Time:5.00 Seconds
Solution: 1 12 24 45 23 21 42 5 11 32 39 34 4 33 18 50 30 10 20 36 44 49 40 22 31 19 25 47 6 38 43 46 7 48 14 29 17 13 15 8 27 26 28 35 2 41 3 37 16 9 

Inst_Index:6082 	 City_Num:50 	 Concorde:0.055170 	 MCTS:5.517003 Improve:-0.000000 	 Time:5.00 Seconds
Solution: 1 15 25 27 38 30 3 41 11 26 10 4 33 49 19 24 29 20 17 22 5 45 40 43 35 37 21 2 14 6 18 39 28 12 9 48 23 46 36 16 7 31 34 13 42 44 50 8 32 47 

Inst_Index:6083 	 City_Num:50 	 Concorde:0.061283 	 MCTS:6.121269 Improve:0.007004 	 Time:5.00 Seconds
Solution: 1 4 28 7 47 35 12 45 34 40 2 14 10 13 36 43 15 24 27 50 17 22 48 19 21 37 46 11 26 9 33 8 42 49 31 3 38 44 39 20 5 25 41 18 30 16 23 29 32 6 

Inst_Index:6084 	 City_Num:50 	 Concorde:0.059930 	 MCTS:5.993037 Improve:-0.000000 	 Time:5.00 Seconds
Solution: 1 12 5 45 48 14 16 11 32 40 13 19 9 29 4 23 28 30 22 8 24 15 50 38 3 10 31 49 26 20 46 39 21 6 2 44 7 25 41 17 36 35 18 27 37 47 43 33 34 42 

Inst_Index:6085 	 City_Num:50 	 Concorde:0.055431 	 MCTS:5.542922 Improve:0.000148 	 Time:5.00 Seconds
Solution: 1 23 4 30 12 35 3 36 34 45 10 13 29 32 19 9 27 28 5 6 18 40 14 39 44 21 17 50 20 22 49 8 31 16 7 15 46 42 37 43 11 24 2 26 38 47 41 48 25 33 

Inst_Index:6086 	 City_Num:50 	 Concorde:0.057766 	 MCTS:5.774869 Improve:0.001734 	 Time:5.00 Seconds
Solution: 1 26 24 40 9 35 12 18 38 49 33 42 37 31 6 2 39 45 15 22 28 16 30 44 7 10 48 27 3 47 36 14 23 41 25 20 11 4 5 13 50 46 43 34 21 19 32 8 17 29 

Inst_Index:6087 	 City_Num:50 	 Concorde:0.056413 	 MCTS:5.641311 Improve:0.000000 	 Time:5.00 Seconds
Solution: 1 10 46 45 4 33 47 37 27 35 11 41 43 16 23 24 3 25 48 42 44 32 30 14 15 19 2 21 5 31 17 28 6 18 26 34 7 36 38 50 9 39 49 13 22 12 40 29 20 8 

Inst_Index:6088 	 City_Num:50 	 Concorde:0.057164 	 MCTS:5.715414 Improve:0.001004 	 Time:5.00 Seconds
Solution: 1 8 14 16 49 17 2 50 48 25 32 6 28 35 44 5 43 20 47 30 3 46 31 34 42 18 37 23 36 41 10 22 38 13 24 39 12 19 40 7 4 45 26 29 15 27 21 9 11 33 

Inst_Index:6089 	 City_Num:50 	 Concorde:0.058794 	 MCTS:5.879068 Improve:0.000307 	 Time:5.00 Seconds
Solution: 1 34 32 37 33 26 45 44 11 20 39 22 31 15 12 47 30 41 27 19 29 40 4 24 21 42 6 17 5 9 13 3 28 8 35 49 18 36 14 43 2 25 10 7 46 16 23 38 50 48 

Inst_Index:6090 	 City_Num:50 	 Concorde:0.055774 	 MCTS:5.575553 Improve:0.001800 	 Time:5.00 Seconds
Solution: 1 45 2 24 33 17 4 16 21 34 13 11 47 6 9 7 42 12 23 32 22 14 41 46 20 36 19 8 26 30 49 38 35 29 40 50 28 44 18 31 5 15 43 10 25 48 27 3 37 39 

Inst_Index:6091 	 City_Num:50 	 Concorde:0.057615 	 MCTS:5.760547 Improve:0.000952 	 Time:5.00 Seconds
Solution: 1 19 22 49 41 6 48 4 27 31 39 15 25 24 50 8 47 3 33 2 13 38 12 9 37 34 36 23 30 46 42 18 28 20 7 40 35 32 11 5 14 43 29 21 26 45 10 17 16 44 

Inst_Index:6092 	 City_Num:50 	 Concorde:0.055749 	 MCTS:5.573254 Improve:0.001691 	 Time:5.00 Seconds
Solution: 1 3 24 9 31 44 28 26 46 22 32 30 38 11 10 43 40 15 37 48 35 6 36 42 29 7 4 13 2 41 39 19 25 16 21 12 23 45 17 47 8 33 20 50 49 14 34 5 27 18 

Inst_Index:6093 	 City_Num:50 	 Concorde:0.055327 	 MCTS:5.525034 Improve:0.007696 	 Time:5.00 Seconds
Solution: 1 43 36 15 16 33 3 23 45 28 38 39 11 10 35 13 24 34 50 5 26 44 32 18 14 42 29 6 19 49 4 31 9 8 17 30 37 22 27 40 25 47 21 48 46 12 7 20 2 41 

Inst_Index:6094 	 City_Num:50 	 Concorde:0.058182 	 MCTS:5.818232 Improve:0.000000 	 Time:5.00 Seconds
Solution: 1 45 46 30 23 20 22 27 43 10 44 33 36 18 40 24 17 2 31 47 16 11 19 6 9 8 48 39 41 7 29 14 21 26 4 49 38 3 35 13 5 32 50 15 42 34 12 37 28 25 

Inst_Index:6095 	 City_Num:50 	 Concorde:0.058860 	 MCTS:5.877224 Improve:0.008738 	 Time:5.00 Seconds
Solution: 1 31 29 40 5 35 15 38 24 34 2 23 22 25 30 45 11 48 36 14 20 9 26 41 42 13 46 33 21 28 16 49 3 6 47 43 12 7 10 17 4 37 18 19 27 39 8 50 32 44 

Inst_Index:6096 	 City_Num:50 	 Concorde:0.057709 	 MCTS:5.767818 Improve:0.003125 	 Time:5.00 Seconds
Solution: 1 22 50 16 13 8 47 39 34 30 11 42 48 43 2 14 4 40 32 9 6 7 5 45 36 49 24 15 26 19 23 25 12 20 27 44 35 38 17 28 18 33 10 29 41 46 21 31 37 3 

Inst_Index:6097 	 City_Num:50 	 Concorde:0.056928 	 MCTS:5.692818 Improve:0.000000 	 Time:5.00 Seconds
Solution: 1 19 12 48 2 16 50 47 15 3 27 26 25 45 9 39 36 28 23 46 7 42 32 21 31 24 37 33 10 29 17 49 6 4 22 43 41 38 30 8 13 18 14 40 34 20 35 44 5 11 

Inst_Index:6098 	 City_Num:50 	 Concorde:0.053409 	 MCTS:5.340886 Improve:0.000000 	 Time:5.00 Seconds
Solution: 1 31 28 26 7 29 18 45 6 42 33 19 15 39 47 34 20 11 48 49 12 30 37 17 36 10 5 50 8 38 25 13 22 16 23 27 3 9 44 2 21 46 41 35 14 24 4 32 40 43 

Inst_Index:6099 	 City_Num:50 	 Concorde:0.049811 	 MCTS:4.981068 Improve:0.000000 	 Time:5.00 Seconds
Solution: 1 7 29 30 13 35 44 42 18 50 17 39 37 34 38 12 28 49 15 8 31 21 27 3 32 46 20 5 48 22 33 24 6 19 36 2 43 9 25 10 16 14 26 23 11 45 4 41 40 47 

Inst_Index:6100 	 City_Num:50 	 Concorde:0.059507 	 MCTS:5.949720 Improve:0.001020 	 Time:5.00 Seconds
Solution: 1 3 17 45 14 9 30 20 44 13 23 46 7 5 12 39 2 47 8 6 22 48 10 33 19 31 40 21 16 49 36 18 28 43 35 38 37 41 25 32 4 27 11 50 42 26 24 15 34 29 

Inst_Index:6101 	 City_Num:50 	 Concorde:0.055223 	 MCTS:5.519356 Improve:0.002936 	 Time:5.00 Seconds
Solution: 1 43 9 31 40 44 15 42 19 25 22 24 50 8 4 30 28 3 36 27 2 47 17 20 45 48 41 38 37 10 26 14 12 13 23 6 16 33 5 35 34 7 49 18 46 39 29 32 21 11 

Inst_Index:6102 	 City_Num:50 	 Concorde:0.056916 	 MCTS:5.686648 Improve:0.004975 	 Time:5.00 Seconds
Solution: 1 32 46 34 8 26 36 23 19 43 3 10 9 22 38 29 2 30 12 42 7 5 17 4 11 20 15 27 40 44 33 50 49 14 16 41 18 13 39 28 48 21 37 6 25 24 35 31 45 47 

Inst_Index:6103 	 City_Num:50 	 Concorde:0.049485 	 MCTS:4.948547 Improve:0.000000 	 Time:5.00 Seconds
Solution: 1 9 31 26 36 40 11 19 18 27 25 29 42 39 50 28 37 30 46 5 33 41 23 17 21 43 45 24 38 35 34 7 49 44 4 48 10 22 2 14 15 32 47 20 16 8 12 6 13 3 

Inst_Index:6104 	 City_Num:50 	 Concorde:0.057106 	 MCTS:5.707229 Improve:0.003341 	 Time:5.00 Seconds
Solution: 1 31 48 2 25 7 16 49 38 35 12 30 47 27 22 5 29 33 6 18 45 19 3 28 20 37 50 14 9 42 46 4 34 11 13 21 26 8 15 17 44 36 24 23 43 10 39 40 32 41 

Inst_Index:6105 	 City_Num:50 	 Concorde:0.054899 	 MCTS:5.489878 Improve:-0.000000 	 Time:5.00 Seconds
Solution: 1 16 45 19 12 18 20 39 48 25 38 41 26 44 30 33 46 11 22 14 9 6 29 7 15 4 47 8 24 5 40 13 10 37 49 23 32 36 28 3 17 27 42 35 50 2 31 34 21 43 

Inst_Index:6106 	 City_Num:50 	 Concorde:0.061253 	 MCTS:6.125299 Improve:0.000000 	 Time:5.00 Seconds
Solution: 1 7 41 36 43 46 40 11 30 21 12 14 27 3 33 10 16 50 32 39 29 2 38 9 20 18 17 48 13 44 15 37 31 34 23 49 24 22 5 28 42 47 35 8 4 19 6 25 26 45 

Inst_Index:6107 	 City_Num:50 	 Concorde:0.056274 	 MCTS:5.625707 Improve:0.001733 	 Time:5.00 Seconds
Solution: 1 49 22 34 3 46 25 9 48 27 38 24 50 13 42 11 40 33 44 37 21 23 5 16 36 18 30 35 2 45 20 28 7 26 39 8 17 47 31 4 6 15 29 14 32 12 43 10 19 41 

Inst_Index:6108 	 City_Num:50 	 Concorde:0.059637 	 MCTS:5.957890 Improve:0.005762 	 Time:5.00 Seconds
Solution: 1 38 21 33 27 46 6 4 8 39 23 41 42 29 47 31 40 48 37 43 17 22 19 26 13 2 12 34 49 32 45 25 30 18 16 9 11 50 35 5 24 15 10 7 28 14 36 3 20 44 

Inst_Index:6109 	 City_Num:50 	 Concorde:0.061508 	 MCTS:6.150803 Improve:0.000000 	 Time:5.00 Seconds
Solution: 1 19 30 47 18 42 6 29 12 43 36 4 39 32 16 9 17 25 23 8 5 38 49 14 28 34 21 11 41 22 37 33 20 48 3 40 31 35 46 26 10 24 50 2 27 45 15 13 7 44 

Inst_Index:6110 	 City_Num:50 	 Concorde:0.059796 	 MCTS:5.979590 Improve:-0.000000 	 Time:5.00 Seconds
Solution: 1 19 48 6 47 18 2 44 23 45 50 43 14 31 4 21 49 30 16 35 42 32 26 15 10 8 3 40 9 38 22 46 28 36 34 29 20 7 37 5 12 13 25 41 17 39 11 24 33 27 

Inst_Index:6111 	 City_Num:50 	 Concorde:0.060482 	 MCTS:6.051867 Improve:-0.003697 	 Time:5.00 Seconds
Solution: 1 15 50 48 35 4 26 8 45 46 29 18 17 13 32 25 39 22 24 9 27 38 12 19 2 23 14 10 5 21 7 43 6 41 3 34 47 20 49 11 28 31 36 30 42 44 40 37 33 16 

Inst_Index:6112 	 City_Num:50 	 Concorde:0.058842 	 MCTS:5.880429 Improve:0.003788 	 Time:5.00 Seconds
Solution: 1 24 21 37 45 27 23 29 6 30 48 13 39 28 43 8 2 20 5 35 41 42 50 25 4 34 44 19 15 10 22 3 7 9 32 12 26 17 16 31 36 38 46 47 40 14 33 18 49 11 

Inst_Index:6113 	 City_Num:50 	 Concorde:0.059748 	 MCTS:5.974757 Improve:-0.000000 	 Time:5.00 Seconds
Solution: 1 33 34 35 32 23 38 37 18 22 41 4 15 19 45 42 13 46 6 31 3 40 11 49 28 25 36 26 39 43 7 9 48 44 17 14 10 21 50 12 30 20 5 27 29 47 8 24 2 16 

Inst_Index:6114 	 City_Num:50 	 Concorde:0.059570 	 MCTS:5.956954 Improve:0.000000 	 Time:5.00 Seconds
Solution: 1 19 13 43 39 50 7 42 37 27 11 47 40 5 16 4 18 30 8 9 29 2 35 45 38 10 6 22 23 48 26 12 25 36 46 15 44 33 49 34 24 32 28 31 21 20 14 3 41 17 

Inst_Index:6115 	 City_Num:50 	 Concorde:0.057418 	 MCTS:5.741842 Improve:0.000000 	 Time:5.00 Seconds
Solution: 1 10 33 44 13 15 14 2 5 29 30 47 24 16 38 12 49 32 4 26 20 50 11 34 19 35 39 31 25 48 42 43 37 46 3 7 40 22 23 28 21 9 17 18 41 8 45 6 27 36 

Inst_Index:6116 	 City_Num:50 	 Concorde:0.059935 	 MCTS:5.993499 Improve:-0.000000 	 Time:5.00 Seconds
Solution: 1 49 2 34 4 26 32 8 43 22 24 50 9 21 47 28 3 12 39 31 27 15 37 20 5 14 13 35 45 10 33 48 25 42 40 38 36 6 46 19 23 29 44 11 41 7 17 30 16 18 

Inst_Index:6117 	 City_Num:50 	 Concorde:0.056850 	 MCTS:5.684981 Improve:0.000000 	 Time:5.00 Seconds
Solution: 1 20 3 30 42 32 46 41 6 9 7 10 21 22 8 45 2 16 19 39 13 17 18 11 37 47 33 35 12 44 50 31 23 40 43 14 38 49 34 4 28 29 36 5 24 26 25 15 27 48 

Inst_Index:6118 	 City_Num:50 	 Concorde:0.056543 	 MCTS:5.654288 Improve:0.000000 	 Time:5.00 Seconds
Solution: 1 47 5 15 20 26 40 8 39 3 44 23 50 12 21 29 34 16 31 46 43 27 11 4 42 2 6 37 45 35 25 13 17 41 9 19 30 38 22 14 33 36 24 7 28 10 32 49 18 48 

Inst_Index:6119 	 City_Num:50 	 Concorde:0.055367 	 MCTS:5.536651 Improve:0.000000 	 Time:5.00 Seconds
Solution: 1 41 9 50 32 27 45 16 29 5 22 24 30 11 28 35 46 6 40 10 37 43 47 14 38 25 26 49 44 4 39 31 8 36 19 17 48 3 23 13 42 7 12 33 21 34 2 20 15 18 

Inst_Index:6120 	 City_Num:50 	 Concorde:0.059680 	 MCTS:5.968040 Improve:0.000000 	 Time:5.00 Seconds
Solution: 1 27 32 47 37 36 41 35 48 3 49 14 44 38 29 22 12 33 6 18 26 50 45 40 5 28 25 11 21 23 10 17 31 15 4 2 16 8 46 34 30 19 42 43 13 39 9 20 7 24 

Inst_Index:6121 	 City_Num:50 	 Concorde:0.056396 	 MCTS:5.639614 Improve:0.000000 	 Time:5.00 Seconds
Solution: 1 28 22 18 12 24 3 5 25 4 41 2 38 20 23 11 29 40 31 36 7 10 39 8 16 30 35 14 21 49 6 47 50 44 17 37 32 33 46 34 43 19 15 13 9 27 26 45 48 42 

Inst_Index:6122 	 City_Num:50 	 Concorde:0.061992 	 MCTS:6.199202 Improve:0.000000 	 Time:5.00 Seconds
Solution: 1 15 17 38 19 35 50 2 20 22 45 30 3 21 7 29 34 43 37 40 25 48 26 24 9 42 5 41 6 23 44 47 28 14 4 18 33 13 8 31 36 32 49 10 16 39 27 12 11 46 

Inst_Index:6123 	 City_Num:50 	 Concorde:0.054449 	 MCTS:5.444875 Improve:0.000000 	 Time:5.00 Seconds
Solution: 1 6 50 9 24 10 31 13 34 43 46 38 20 41 8 16 49 12 15 19 36 7 47 26 23 4 37 30 48 5 17 44 21 42 11 39 33 27 22 40 29 2 14 18 32 3 28 45 35 25 

Inst_Index:6124 	 City_Num:50 	 Concorde:0.057492 	 MCTS:5.748195 Improve:0.001028 	 Time:5.02 Seconds
Solution: 1 40 39 26 25 31 13 22 48 34 23 4 38 47 24 14 33 5 42 8 10 9 41 15 12 44 28 20 49 17 7 35 30 18 46 43 6 32 21 36 27 3 16 2 19 29 11 50 37 45 

Inst_Index:6125 	 City_Num:50 	 Concorde:0.057076 	 MCTS:5.707584 Improve:0.000000 	 Time:5.00 Seconds
Solution: 1 26 11 39 3 4 47 34 35 5 9 18 38 36 44 48 13 29 14 40 2 32 7 30 10 27 21 31 6 22 33 19 20 43 15 49 25 37 23 16 45 46 50 17 28 8 24 42 41 12 

Inst_Index:6126 	 City_Num:50 	 Concorde:0.058018 	 MCTS:5.801807 Improve:-0.000000 	 Time:5.00 Seconds
Solution: 1 45 43 37 26 30 23 9 24 2 19 13 25 18 50 27 16 46 22 3 38 29 8 33 48 34 42 40 49 36 15 11 41 44 21 20 32 47 39 35 10 31 14 5 7 4 12 6 28 17 

Inst_Index:6127 	 City_Num:50 	 Concorde:0.052564 	 MCTS:5.256428 Improve:-0.000000 	 Time:5.00 Seconds
Solution: 1 34 7 27 14 6 29 28 15 33 13 2 31 49 9 50 40 23 18 8 22 12 10 32 26 30 38 42 16 19 45 44 36 37 46 48 17 35 20 4 24 5 47 39 41 3 43 21 25 11 

Inst_Index:6128 	 City_Num:50 	 Concorde:0.058068 	 MCTS:5.806797 Improve:-0.000000 	 Time:5.00 Seconds
Solution: 1 19 21 9 40 26 34 30 5 49 44 50 16 20 13 37 17 23 27 3 39 11 31 12 45 46 22 28 7 43 15 18 41 36 4 35 42 38 29 32 6 33 10 47 14 24 48 8 2 25 

Inst_Index:6129 	 City_Num:50 	 Concorde:0.059646 	 MCTS:5.964605 Improve:0.000000 	 Time:5.00 Seconds
Solution: 1 24 17 2 7 26 15 44 34 30 27 19 3 5 43 50 22 23 38 31 8 49 29 42 12 18 45 39 16 11 41 10 4 14 46 9 36 35 37 40 25 13 20 47 21 32 6 48 28 33 

Inst_Index:6130 	 City_Num:50 	 Concorde:0.057237 	 MCTS:5.720789 Improve:0.002940 	 Time:5.00 Seconds
Solution: 1 45 33 36 29 23 32 5 2 17 25 20 47 7 27 50 21 37 35 15 46 22 24 43 34 26 19 13 42 18 9 38 30 10 8 28 14 39 31 48 40 49 6 3 12 11 41 16 4 44 

Inst_Index:6131 	 City_Num:50 	 Concorde:0.050089 	 MCTS:5.008940 Improve:-0.000000 	 Time:5.00 Seconds
Solution: 1 38 33 8 16 13 3 20 31 37 36 9 12 28 41 49 40 19 43 48 27 21 46 35 15 45 4 25 44 14 11 10 24 2 7 18 34 5 17 29 23 50 26 30 32 39 42 22 47 6 

Inst_Index:6132 	 City_Num:50 	 Concorde:0.056608 	 MCTS:5.652388 Improve:0.008397 	 Time:5.00 Seconds
Solution: 1 46 22 43 40 34 23 2 47 5 26 15 21 8 6 28 49 33 11 30 7 14 13 19 24 48 37 41 44 35 9 27 25 45 38 17 3 36 39 10 20 32 4 31 18 42 50 16 12 29 

Inst_Index:6133 	 City_Num:50 	 Concorde:0.056147 	 MCTS:5.614731 Improve:0.000000 	 Time:5.00 Seconds
Solution: 1 18 48 39 46 33 45 40 4 49 13 14 28 36 15 3 21 38 32 30 37 29 47 25 6 42 23 8 9 43 22 27 10 35 26 11 24 7 12 17 19 31 2 44 5 41 34 50 16 20 

Inst_Index:6134 	 City_Num:50 	 Concorde:0.054866 	 MCTS:5.486590 Improve:0.000000 	 Time:5.00 Seconds
Solution: 1 35 26 24 38 48 30 21 28 12 22 45 42 37 46 23 25 32 5 33 20 36 31 17 27 8 40 41 34 19 18 39 44 13 9 47 14 6 4 7 15 2 11 29 10 49 43 16 3 50 

Inst_Index:6135 	 City_Num:50 	 Concorde:0.057471 	 MCTS:5.747068 Improve:0.000000 	 Time:5.00 Seconds
Solution: 1 8 33 10 18 25 38 2 41 34 17 9 30 39 27 23 14 3 47 24 35 42 40 49 45 31 16 4 37 13 5 26 44 21 43 6 7 20 50 46 32 12 36 11 29 19 28 48 22 15 

Inst_Index:6136 	 City_Num:50 	 Concorde:0.055131 	 MCTS:5.513101 Improve:0.000000 	 Time:5.00 Seconds
Solution: 1 45 43 42 20 36 27 33 16 49 40 18 47 4 25 35 7 9 3 31 11 21 8 48 26 34 12 19 22 38 37 6 14 5 10 46 44 41 15 24 30 28 23 2 32 13 50 29 17 39 

Inst_Index:6137 	 City_Num:50 	 Concorde:0.056694 	 MCTS:5.669407 Improve:0.000000 	 Time:5.00 Seconds
Solution: 1 30 19 24 16 9 18 45 29 35 17 20 12 22 32 46 44 42 3 47 27 5 48 37 13 15 6 49 33 28 7 40 43 26 38 4 34 50 39 14 21 23 11 41 25 10 36 8 31 2 

Inst_Index:6138 	 City_Num:50 	 Concorde:0.056163 	 MCTS:5.616302 Improve:0.000000 	 Time:5.00 Seconds
Solution: 1 16 17 49 7 2 5 3 45 39 37 43 24 9 35 4 19 23 34 32 6 40 50 47 33 13 18 31 8 25 41 36 30 21 44 28 38 20 29 10 27 11 48 15 12 26 42 14 46 22 

Inst_Index:6139 	 City_Num:50 	 Concorde:0.059248 	 MCTS:5.924843 Improve:0.000000 	 Time:5.00 Seconds
Solution: 1 5 44 25 15 29 2 7 43 33 30 11 12 34 20 35 46 47 40 36 18 14 32 49 26 17 38 19 31 48 24 28 10 45 16 9 21 8 42 6 41 50 37 22 23 4 3 13 27 39 

Inst_Index:6140 	 City_Num:50 	 Concorde:0.057561 	 MCTS:5.756132 Improve:-0.000000 	 Time:5.00 Seconds
Solution: 1 27 47 35 2 38 48 5 19 23 28 6 29 10 11 44 32 14 37 9 20 13 26 50 34 25 36 7 40 22 49 33 41 12 18 46 8 21 45 31 39 43 16 4 30 3 24 17 15 42 

Inst_Index:6141 	 City_Num:50 	 Concorde:0.058327 	 MCTS:5.832693 Improve:0.000000 	 Time:5.00 Seconds
Solution: 1 23 44 21 24 46 40 8 43 10 3 25 30 31 27 14 49 29 33 5 18 41 22 26 32 28 6 48 13 37 11 7 2 16 20 50 15 35 12 42 38 36 34 17 39 47 9 19 4 45 

Inst_Index:6142 	 City_Num:50 	 Concorde:0.056049 	 MCTS:5.604865 Improve:0.000000 	 Time:5.00 Seconds
Solution: 1 42 14 30 19 4 43 49 45 6 18 7 9 32 39 23 48 26 31 24 33 46 12 21 22 2 5 38 11 17 34 15 47 8 10 20 28 44 13 36 41 27 25 50 37 29 16 40 35 3 

Inst_Index:6143 	 City_Num:50 	 Concorde:0.061146 	 MCTS:6.110193 Improve:0.004429 	 Time:5.00 Seconds
Solution: 1 49 7 26 40 27 34 50 25 17 36 31 46 43 45 38 28 10 4 44 13 48 47 12 30 5 14 18 35 3 11 21 8 22 6 37 16 20 39 33 15 41 19 2 23 24 42 29 9 32 

Inst_Index:6144 	 City_Num:50 	 Concorde:0.058423 	 MCTS:5.842325 Improve:0.000000 	 Time:5.01 Seconds
Solution: 1 13 26 16 21 15 36 38 23 4 42 20 9 5 2 47 24 37 19 7 35 27 32 3 40 17 6 11 48 22 33 29 30 14 34 45 31 44 49 28 39 25 50 18 12 8 10 46 41 43 

Inst_Index:6145 	 City_Num:50 	 Concorde:0.057654 	 MCTS:5.765416 Improve:-0.000000 	 Time:5.00 Seconds
Solution: 1 13 12 40 15 21 20 24 48 32 34 42 37 28 25 44 39 7 8 14 33 38 49 22 47 17 36 19 4 23 30 3 31 9 46 41 43 5 11 16 27 26 29 35 45 10 50 18 6 2 

Inst_Index:6146 	 City_Num:50 	 Concorde:0.054375 	 MCTS:5.437537 Improve:0.000000 	 Time:5.00 Seconds
Solution: 1 25 30 8 36 17 21 13 46 2 29 3 19 39 24 15 49 31 48 10 44 18 7 26 35 45 43 38 11 23 12 5 16 33 47 4 20 9 27 28 40 14 34 50 41 32 37 42 22 6 

Inst_Index:6147 	 City_Num:50 	 Concorde:0.058123 	 MCTS:5.812310 Improve:-0.000000 	 Time:5.00 Seconds
Solution: 1 9 4 38 24 36 22 41 35 28 29 48 12 17 3 27 26 8 49 19 50 20 44 43 23 7 46 6 31 45 5 37 13 15 34 32 30 25 10 42 11 40 18 39 2 16 14 33 21 47 

Inst_Index:6148 	 City_Num:50 	 Concorde:0.057156 	 MCTS:5.715604 Improve:0.000000 	 Time:5.00 Seconds
Solution: 1 27 17 19 32 49 15 33 11 3 24 5 30 7 13 46 31 22 35 43 48 9 25 4 2 20 6 21 45 36 40 41 47 37 14 26 12 34 50 10 42 23 16 39 18 29 8 28 44 38 

Inst_Index:6149 	 City_Num:50 	 Concorde:0.053341 	 MCTS:5.334110 Improve:0.000000 	 Time:5.00 Seconds
Solution: 1 2 40 20 19 45 5 21 23 32 42 50 29 11 26 25 10 34 39 12 4 28 49 37 8 7 24 16 33 43 35 31 41 3 38 36 44 30 46 6 14 17 18 27 13 9 48 15 47 22 

Inst_Index:6150 	 City_Num:50 	 Concorde:0.053431 	 MCTS:5.343073 Improve:-0.000000 	 Time:5.00 Seconds
Solution: 1 45 8 16 6 39 38 37 24 22 25 13 12 34 7 28 26 29 41 5 49 50 15 40 19 9 4 11 44 21 31 35 47 46 3 32 43 42 23 18 27 14 33 10 36 17 30 2 20 48 

Inst_Index:6151 	 City_Num:50 	 Concorde:0.056585 	 MCTS:5.654856 Improve:0.003636 	 Time:5.00 Seconds
Solution: 1 35 9 15 13 49 14 8 10 46 20 4 34 36 26 22 33 24 16 32 31 5 2 27 48 50 37 44 42 30 6 18 19 29 40 38 43 41 17 45 25 23 47 3 7 28 12 39 11 21 

Inst_Index:6152 	 City_Num:50 	 Concorde:0.056815 	 MCTS:5.678807 Improve:0.002650 	 Time:5.00 Seconds
Solution: 1 44 29 13 17 19 47 30 27 39 14 32 28 21 22 6 31 46 8 12 33 37 11 34 25 42 43 48 15 16 36 20 18 35 23 24 2 5 38 45 4 49 3 26 9 10 41 50 7 40 

Inst_Index:6153 	 City_Num:50 	 Concorde:0.056440 	 MCTS:5.757893 Improve:-0.113869 	 Time:5.00 Seconds
Solution: 1 35 13 11 17 18 22 10 8 36 19 29 12 9 38 16 5 4 41 48 33 27 28 34 23 6 42 7 46 14 26 45 25 49 21 37 47 30 24 40 2 50 20 43 32 3 15 39 44 31 

Inst_Index:6154 	 City_Num:50 	 Concorde:0.054612 	 MCTS:5.461162 Improve:-0.000000 	 Time:5.01 Seconds
Solution: 1 28 25 34 49 4 3 21 36 42 32 35 15 50 38 14 33 23 37 40 13 2 44 7 6 10 29 22 43 17 27 19 11 45 39 47 30 9 16 46 26 18 8 31 24 5 48 20 41 12 

Inst_Index:6155 	 City_Num:50 	 Concorde:0.057686 	 MCTS:5.767216 Improve:0.001388 	 Time:5.00 Seconds
Solution: 1 50 31 20 39 41 22 36 15 17 28 30 3 16 25 37 38 47 43 6 45 4 27 33 18 8 5 32 9 40 11 44 46 26 29 42 10 21 49 48 35 2 14 13 7 23 12 34 24 19 

Inst_Index:6156 	 City_Num:50 	 Concorde:0.056457 	 MCTS:5.643773 Improve:0.001949 	 Time:5.00 Seconds
Solution: 1 42 4 33 29 26 28 34 41 18 30 22 10 31 36 25 21 2 27 13 46 8 17 35 23 5 38 11 45 44 49 43 15 14 6 24 50 39 32 47 9 12 40 19 7 48 20 37 3 16 

Inst_Index:6157 	 City_Num:50 	 Concorde:0.055270 	 MCTS:5.518659 Improve:0.008318 	 Time:5.00 Seconds
Solution: 1 27 4 48 13 31 26 39 45 33 19 37 21 18 25 12 2 3 29 17 5 36 35 44 15 23 32 9 40 24 16 14 6 11 50 8 34 30 47 42 7 28 10 20 46 49 38 41 22 43 

Inst_Index:6158 	 City_Num:50 	 Concorde:0.057346 	 MCTS:5.724872 Improve:0.009770 	 Time:5.00 Seconds
Solution: 1 40 10 44 46 6 13 20 35 24 2 47 22 34 3 33 36 39 21 16 48 49 38 17 4 29 8 30 50 45 37 15 41 43 31 14 7 19 25 42 11 12 18 23 5 9 32 27 26 28 

Inst_Index:6159 	 City_Num:50 	 Concorde:0.051583 	 MCTS:5.158131 Improve:0.000159 	 Time:5.00 Seconds
Solution: 1 45 19 40 10 11 48 5 15 37 17 7 6 31 42 12 49 2 46 24 44 9 30 33 38 35 50 32 20 34 26 43 29 23 41 39 3 47 22 18 16 14 8 13 36 27 28 4 25 21 

Inst_Index:6160 	 City_Num:50 	 Concorde:0.055026 	 MCTS:5.502637 Improve:-0.000000 	 Time:5.00 Seconds
Solution: 1 30 3 41 13 34 10 33 46 43 27 2 8 48 4 38 6 17 40 42 21 29 26 50 11 14 5 22 19 7 45 12 16 24 44 28 49 20 25 23 37 31 18 47 39 35 36 32 9 15 

Inst_Index:6161 	 City_Num:50 	 Concorde:0.056252 	 MCTS:5.625182 Improve:0.000000 	 Time:5.00 Seconds
Solution: 1 50 8 22 12 4 7 26 35 18 36 16 29 47 37 5 2 3 6 43 42 14 10 15 9 25 34 31 38 46 32 49 20 13 33 23 28 41 21 19 17 24 39 45 40 44 27 30 11 48 

Inst_Index:6162 	 City_Num:50 	 Concorde:0.054875 	 MCTS:5.487475 Improve:0.000000 	 Time:5.00 Seconds
Solution: 1 34 47 43 37 2 48 17 13 26 49 40 18 35 12 20 31 32 50 15 23 6 45 39 33 10 38 3 30 22 8 41 24 29 19 27 42 44 16 36 25 46 14 21 4 28 7 11 5 9 

Inst_Index:6163 	 City_Num:50 	 Concorde:0.060449 	 MCTS:6.043396 Improve:0.001480 	 Time:5.00 Seconds
Solution: 1 50 5 45 23 6 26 8 38 39 48 33 10 31 27 19 9 34 16 20 4 35 12 28 46 29 49 32 47 43 7 44 36 22 17 13 30 24 42 37 41 40 11 21 14 25 15 18 3 2 

Inst_Index:6164 	 City_Num:50 	 Concorde:0.056630 	 MCTS:5.661179 Improve:0.001842 	 Time:5.00 Seconds
Solution: 1 13 9 24 8 45 41 2 3 46 6 14 16 5 20 23 10 37 50 15 7 36 26 22 38 17 30 39 29 32 48 21 27 49 47 25 28 35 19 43 31 34 40 12 44 4 18 42 11 33 

Inst_Index:6165 	 City_Num:50 	 Concorde:0.058201 	 MCTS:5.820143 Improve:0.000000 	 Time:5.00 Seconds
Solution: 1 44 6 46 11 14 45 20 27 9 28 41 25 49 5 42 16 39 38 10 18 7 13 23 35 29 43 32 8 30 37 4 48 15 3 21 40 34 26 2 12 50 33 36 17 24 31 22 19 47 

Inst_Index:6166 	 City_Num:50 	 Concorde:0.058948 	 MCTS:5.894804 Improve:0.000000 	 Time:5.01 Seconds
Solution: 1 15 41 32 4 26 12 39 21 27 18 33 49 28 40 25 47 7 36 2 24 5 35 17 48 3 16 9 8 42 46 29 34 38 31 30 45 19 10 13 11 6 22 20 37 43 44 14 50 23 

Inst_Index:6167 	 City_Num:50 	 Concorde:0.059527 	 MCTS:5.952682 Improve:0.000000 	 Time:5.00 Seconds
Solution: 1 5 41 39 32 35 4 17 12 7 16 24 34 46 45 26 3 29 28 9 47 36 40 10 14 48 33 13 2 20 15 21 38 25 18 23 30 37 11 43 8 27 6 44 49 42 22 50 19 31 

Inst_Index:6168 	 City_Num:50 	 Concorde:0.060732 	 MCTS:6.071582 Improve:0.001661 	 Time:5.00 Seconds
Solution: 1 28 2 44 46 11 29 15 3 34 8 45 22 50 42 10 48 27 7 17 47 35 13 21 24 26 20 32 30 18 12 5 9 25 39 49 19 40 14 31 38 36 6 16 43 4 23 33 41 37 

Inst_Index:6169 	 City_Num:50 	 Concorde:0.063938 	 MCTS:6.393831 Improve:0.000000 	 Time:5.00 Seconds
Solution: 1 23 45 50 43 29 40 27 11 10 30 5 9 44 48 38 46 18 12 3 2 16 20 7 4 15 37 6 25 24 28 13 33 36 34 31 26 32 17 39 41 47 42 49 19 35 8 21 22 14 

Inst_Index:6170 	 City_Num:50 	 Concorde:0.059494 	 MCTS:5.945898 Improve:0.003471 	 Time:5.00 Seconds
Solution: 1 50 10 12 46 41 31 23 21 7 45 39 43 22 6 34 33 25 17 35 27 28 13 19 30 18 40 26 48 4 14 5 36 2 3 8 42 47 11 24 38 49 44 16 9 20 37 29 32 15 

Inst_Index:6171 	 City_Num:50 	 Concorde:0.057023 	 MCTS:5.702302 Improve:0.000000 	 Time:5.00 Seconds
Solution: 1 49 37 36 21 13 17 14 20 25 29 24 6 9 42 3 41 40 47 12 32 46 31 22 5 48 35 30 11 28 15 45 33 4 7 10 23 16 38 44 8 43 39 2 19 34 27 18 50 26 

Inst_Index:6172 	 City_Num:50 	 Concorde:0.053198 	 MCTS:5.319835 Improve:0.000000 	 Time:5.00 Seconds
Solution: 1 14 49 24 42 50 15 38 37 28 19 29 26 21 36 25 40 34 5 32 9 11 12 41 20 47 17 23 43 45 33 6 39 31 35 3 4 27 48 2 18 16 22 44 13 7 8 10 30 46 

Inst_Index:6173 	 City_Num:50 	 Concorde:0.057157 	 MCTS:5.715672 Improve:0.000000 	 Time:5.00 Seconds
Solution: 1 22 39 20 44 30 27 37 10 41 45 50 31 9 13 2 34 25 26 46 42 21 24 8 38 16 3 40 12 15 7 6 48 49 33 29 18 19 14 4 36 23 47 32 5 11 43 28 17 35 

Inst_Index:6174 	 City_Num:50 	 Concorde:0.056678 	 MCTS:5.667797 Improve:0.000000 	 Time:5.00 Seconds
Solution: 1 14 43 39 27 29 21 16 48 33 13 3 34 44 4 12 35 25 20 30 10 45 50 24 32 8 5 23 38 42 28 41 22 15 18 37 31 36 19 49 11 26 9 47 6 40 7 17 46 2 

Inst_Index:6175 	 City_Num:50 	 Concorde:0.057377 	 MCTS:5.733216 Improve:0.004458 	 Time:5.00 Seconds
Solution: 1 48 45 27 22 44 47 37 10 29 25 46 35 42 24 15 7 23 14 41 50 18 16 39 40 4 11 43 5 3 6 12 38 17 2 36 31 20 32 26 34 28 8 19 9 13 21 30 49 33 

Inst_Index:6176 	 City_Num:50 	 Concorde:0.056996 	 MCTS:5.697381 Improve:0.002267 	 Time:5.01 Seconds
Solution: 1 50 37 18 28 30 25 4 46 47 49 40 45 11 5 26 19 9 2 21 23 17 31 6 22 42 32 8 7 41 43 20 36 39 29 27 16 48 38 13 10 3 14 33 12 44 34 24 35 15 

Inst_Index:6177 	 City_Num:50 	 Concorde:0.058443 	 MCTS:5.844349 Improve:0.000000 	 Time:5.01 Seconds
Solution: 1 2 18 5 7 43 13 15 44 39 49 46 40 16 20 36 33 8 31 41 45 3 32 35 37 48 30 11 17 10 9 21 22 29 6 26 50 47 12 4 19 14 27 28 23 24 42 34 25 38 

Inst_Index:6178 	 City_Num:50 	 Concorde:0.052695 	 MCTS:5.268986 Improve:0.000470 	 Time:5.00 Seconds
Solution: 1 26 21 11 32 2 6 17 31 18 3 44 48 9 46 16 20 41 30 35 47 29 27 12 40 14 15 10 43 22 19 45 50 25 39 13 49 8 33 38 5 28 23 24 34 37 42 36 4 7 

Inst_Index:6179 	 City_Num:50 	 Concorde:0.059166 	 MCTS:5.916559 Improve:0.000000 	 Time:5.00 Seconds
Solution: 1 43 12 35 16 36 20 41 10 37 29 30 32 38 42 39 2 24 49 19 40 47 26 50 13 6 34 15 23 44 21 25 9 14 45 46 7 22 11 33 31 18 48 27 3 5 28 4 8 17 

Inst_Index:6180 	 City_Num:50 	 Concorde:0.058419 	 MCTS:5.839704 Improve:0.002233 	 Time:5.00 Seconds
Solution: 1 28 23 7 22 41 48 39 8 14 27 9 45 46 15 17 49 6 10 38 3 43 50 19 25 32 11 30 29 35 31 42 5 47 34 18 21 13 36 20 26 37 24 2 40 4 44 16 12 33 

Inst_Index:6181 	 City_Num:50 	 Concorde:0.055260 	 MCTS:5.526020 Improve:0.000000 	 Time:5.00 Seconds
Solution: 1 36 40 25 14 5 13 18 24 9 7 15 48 33 28 26 16 23 39 12 34 45 10 37 44 35 17 38 43 47 21 27 22 2 4 41 11 42 29 20 6 49 8 50 32 30 31 46 19 3 

Inst_Index:6182 	 City_Num:50 	 Concorde:0.057352 	 MCTS:5.735163 Improve:0.000000 	 Time:5.00 Seconds
Solution: 1 23 48 11 35 21 18 49 43 3 6 39 16 7 20 2 17 27 24 12 22 37 34 28 38 30 29 32 13 14 46 31 4 9 25 33 36 45 42 5 15 50 47 41 10 19 44 8 40 26 

Inst_Index:6183 	 City_Num:50 	 Concorde:0.057510 	 MCTS:5.750955 Improve:0.000000 	 Time:5.01 Seconds
Solution: 1 11 21 36 10 45 49 24 31 4 2 26 27 42 39 14 34 20 13 18 3 29 50 44 12 5 6 15 38 30 35 33 22 40 41 17 23 46 19 47 25 32 9 48 28 43 7 37 8 16 

Inst_Index:6184 	 City_Num:50 	 Concorde:0.064041 	 MCTS:6.400112 Improve:0.004035 	 Time:5.00 Seconds
Solution: 1 28 5 23 7 49 19 26 2 32 39 25 16 31 27 33 38 29 36 46 45 50 21 34 48 4 44 3 47 15 42 40 20 22 43 11 8 14 13 6 12 18 17 30 24 10 41 37 9 35 

Inst_Index:6185 	 City_Num:50 	 Concorde:0.061452 	 MCTS:6.145190 Improve:-0.000000 	 Time:5.00 Seconds
Solution: 1 41 48 14 42 40 28 47 43 32 13 7 30 24 37 15 11 44 36 2 12 31 10 16 22 33 18 8 19 20 6 21 39 29 23 27 35 34 38 9 3 5 26 49 17 50 46 25 4 45 

Inst_Index:6186 	 City_Num:50 	 Concorde:0.056182 	 MCTS:5.612232 Improve:0.005963 	 Time:5.00 Seconds
Solution: 1 30 20 6 3 40 2 10 28 23 31 13 48 15 29 49 24 4 22 43 36 45 19 33 37 46 47 18 17 16 7 39 38 14 34 27 44 50 9 32 12 42 25 21 5 11 41 8 35 26 

Inst_Index:6187 	 City_Num:50 	 Concorde:0.056711 	 MCTS:5.668964 Improve:0.002163 	 Time:5.00 Seconds
Solution: 1 40 3 19 2 45 32 21 11 44 39 9 34 23 10 27 35 28 37 5 17 31 14 16 26 49 48 12 6 7 22 33 41 8 13 4 47 43 36 46 50 15 29 30 20 24 38 25 42 18 

Inst_Index:6188 	 City_Num:50 	 Concorde:0.055352 	 MCTS:5.535186 Improve:-0.000000 	 Time:5.00 Seconds
Solution: 1 29 48 38 35 33 22 25 39 26 28 45 43 42 15 40 32 5 11 18 50 41 24 47 6 17 16 44 12 21 23 34 30 14 2 20 31 4 37 3 7 19 10 13 27 9 49 36 46 8 

Inst_Index:6189 	 City_Num:50 	 Concorde:0.057384 	 MCTS:5.738435 Improve:0.000000 	 Time:5.00 Seconds
Solution: 1 32 46 16 8 3 40 36 19 37 42 13 5 10 17 34 11 48 23 35 39 38 28 41 44 47 27 50 2 20 22 4 43 24 49 30 6 26 25 29 15 14 9 12 33 31 7 18 45 21 

Inst_Index:6190 	 City_Num:50 	 Concorde:0.059462 	 MCTS:5.987306 Improve:-0.041075 	 Time:5.00 Seconds
Solution: 1 30 12 36 35 43 24 47 4 48 16 34 41 21 18 17 46 22 2 5 23 7 37 25 40 32 10 3 31 29 6 14 44 45 8 28 49 39 19 42 50 13 26 38 9 20 27 11 33 15 

Inst_Index:6191 	 City_Num:50 	 Concorde:0.058214 	 MCTS:5.815868 Improve:0.005492 	 Time:5.00 Seconds
Solution: 1 9 37 26 40 41 10 32 49 30 45 18 35 28 3 39 33 8 14 27 5 31 23 46 47 4 44 16 12 2 34 38 15 29 50 7 24 11 21 17 19 22 36 48 13 42 6 20 43 25 

Inst_Index:6192 	 City_Num:50 	 Concorde:0.056057 	 MCTS:5.605685 Improve:0.000000 	 Time:5.00 Seconds
Solution: 1 2 17 12 9 43 44 8 36 35 3 24 32 28 40 14 19 25 37 16 4 10 46 38 49 39 13 29 23 41 45 27 42 48 50 5 6 18 22 20 26 33 34 7 21 11 47 31 30 15 

Inst_Index:6193 	 City_Num:50 	 Concorde:0.057515 	 MCTS:5.751537 Improve:-0.000000 	 Time:5.01 Seconds
Solution: 1 15 22 2 50 43 9 3 41 18 35 45 36 4 39 47 14 8 20 24 26 7 32 11 12 29 10 27 42 33 16 28 30 19 44 38 23 49 40 5 6 13 37 21 48 17 46 31 25 34 

Inst_Index:6194 	 City_Num:50 	 Concorde:0.060078 	 MCTS:6.007759 Improve:-0.000000 	 Time:5.00 Seconds
Solution: 1 37 35 19 24 3 14 30 50 28 13 12 32 41 38 16 5 11 29 34 23 36 10 25 4 40 6 49 33 17 7 27 26 22 45 2 48 44 20 15 21 43 46 47 42 31 9 39 18 8 

Inst_Index:6195 	 City_Num:50 	 Concorde:0.056343 	 MCTS:5.634341 Improve:0.000000 	 Time:5.00 Seconds
Solution: 1 38 2 39 23 17 4 22 10 3 29 7 15 50 25 32 21 48 18 37 42 43 31 44 8 30 14 24 11 20 49 13 47 19 27 9 41 36 33 6 40 34 28 16 35 5 26 45 46 12 

Inst_Index:6196 	 City_Num:50 	 Concorde:0.057719 	 MCTS:5.771937 Improve:-0.000000 	 Time:5.00 Seconds
Solution: 1 3 48 44 19 32 35 40 17 47 49 4 38 36 41 43 25 13 33 39 23 26 45 11 12 34 30 16 2 5 15 28 37 42 14 50 9 21 7 20 24 22 27 10 46 6 31 18 29 8 

Inst_Index:6197 	 City_Num:50 	 Concorde:0.058453 	 MCTS:5.845268 Improve:-0.000000 	 Time:5.01 Seconds
Solution: 1 43 41 15 50 19 17 11 33 49 39 10 37 48 2 34 28 3 6 27 13 12 32 35 8 7 30 25 46 26 36 14 47 23 16 24 45 44 4 21 40 9 42 5 38 29 18 31 22 20 

Inst_Index:6198 	 City_Num:50 	 Concorde:0.059968 	 MCTS:5.996843 Improve:0.000000 	 Time:5.00 Seconds
Solution: 1 13 4 34 17 28 29 36 40 41 43 11 26 33 9 46 31 47 10 3 8 44 21 30 16 18 7 48 50 15 38 5 20 12 32 22 37 2 39 14 35 27 25 49 42 23 19 6 24 45 

Inst_Index:6199 	 City_Num:50 	 Concorde:0.056063 	 MCTS:5.603121 Improve:0.003223 	 Time:5.00 Seconds
Solution: 1 31 26 4 38 50 12 8 20 36 37 25 2 3 22 7 27 42 33 41 43 34 17 10 15 19 49 29 30 48 46 9 39 13 44 14 24 40 32 11 18 35 28 21 5 23 45 6 16 47 

Inst_Index:6200 	 City_Num:50 	 Concorde:0.054789 	 MCTS:5.478911 Improve:0.000000 	 Time:5.00 Seconds
Solution: 1 24 9 11 32 21 28 17 40 8 48 20 10 23 38 25 6 35 26 14 12 47 39 16 22 3 18 42 13 4 15 2 7 49 34 36 30 5 31 50 46 19 44 27 45 41 43 33 29 37 

Inst_Index:6201 	 City_Num:50 	 Concorde:0.061645 	 MCTS:6.156589 Improve:0.007935 	 Time:5.00 Seconds
Solution: 1 34 26 45 14 44 10 13 43 6 50 41 16 32 36 2 49 23 24 22 29 20 38 37 18 27 42 5 47 4 40 17 30 12 28 15 48 7 3 33 11 21 46 9 31 25 19 39 8 35 

Inst_Index:6202 	 City_Num:50 	 Concorde:0.058357 	 MCTS:5.835749 Improve:0.000000 	 Time:5.00 Seconds
Solution: 1 47 44 3 50 5 32 27 22 45 16 31 14 4 28 33 34 13 18 8 36 37 10 20 6 25 2 19 15 12 11 26 7 38 24 21 39 40 29 30 41 23 49 48 35 43 42 9 17 46 

Inst_Index:6203 	 City_Num:50 	 Concorde:0.055553 	 MCTS:5.555264 Improve:-0.000000 	 Time:5.01 Seconds
Solution: 1 43 2 15 26 12 18 4 29 34 30 36 50 21 10 5 20 7 16 3 38 27 19 44 24 8 28 49 22 48 23 11 41 9 32 17 25 40 42 47 31 46 45 35 14 37 13 6 39 33 

Inst_Index:6204 	 City_Num:50 	 Concorde:0.055614 	 MCTS:5.561401 Improve:0.000000 	 Time:5.00 Seconds
Solution: 1 20 21 2 44 23 50 34 19 43 18 6 41 3 45 42 38 11 49 15 39 40 12 30 48 7 25 24 32 22 9 8 33 37 46 27 47 35 5 4 10 31 36 16 28 29 13 26 17 14 

Inst_Index:6205 	 City_Num:50 	 Concorde:0.059012 	 MCTS:5.900674 Improve:0.000527 	 Time:5.00 Seconds
Solution: 1 43 31 4 23 37 5 11 13 46 47 14 34 40 49 25 26 19 10 8 48 35 2 29 7 17 39 45 21 44 16 38 6 3 9 30 12 22 20 42 50 36 32 41 28 27 15 24 33 18 

Inst_Index:6206 	 City_Num:50 	 Concorde:0.056556 	 MCTS:5.656103 Improve:-0.000547 	 Time:5.00 Seconds
Solution: 1 10 18 31 30 42 27 21 29 41 49 25 35 6 32 14 33 50 34 5 48 15 44 17 16 22 2 19 8 38 7 9 46 47 13 39 45 43 26 37 23 36 24 11 20 4 40 28 3 12 

Inst_Index:6207 	 City_Num:50 	 Concorde:0.059769 	 MCTS:5.976889 Improve:-0.000000 	 Time:5.00 Seconds
Solution: 1 37 47 27 18 25 22 6 16 42 38 10 19 17 14 4 11 32 35 39 15 20 36 23 13 48 26 3 31 7 8 44 28 34 45 29 46 24 21 33 5 9 49 43 41 40 50 2 30 12 

Inst_Index:6208 	 City_Num:50 	 Concorde:0.057781 	 MCTS:5.773704 Improve:0.004351 	 Time:5.00 Seconds
Solution: 1 24 14 27 34 28 7 40 44 21 43 9 48 37 47 20 38 31 15 11 26 50 6 39 17 19 33 30 25 46 3 2 13 5 49 4 22 36 12 16 23 35 45 32 42 29 10 41 8 18 

Inst_Index:6209 	 City_Num:50 	 Concorde:0.057286 	 MCTS:5.728550 Improve:0.000000 	 Time:5.00 Seconds
Solution: 1 15 32 20 33 40 21 46 9 49 36 24 8 30 28 35 27 29 18 7 17 12 6 47 45 25 44 19 22 26 37 5 48 41 16 11 43 34 10 42 2 50 13 39 31 38 4 14 3 23 

Inst_Index:6210 	 City_Num:50 	 Concorde:0.056604 	 MCTS:5.660405 Improve:0.000000 	 Time:5.00 Seconds
Solution: 1 7 24 50 38 27 12 11 26 28 20 18 39 44 23 36 21 17 2 22 30 5 8 34 48 33 47 32 19 9 4 31 42 25 43 16 15 6 46 29 37 49 14 10 45 13 35 3 41 40 

Inst_Index:6211 	 City_Num:50 	 Concorde:0.059170 	 MCTS:5.916998 Improve:0.000000 	 Time:5.00 Seconds
Solution: 1 24 46 27 40 43 29 23 30 21 7 6 34 38 15 36 26 41 39 22 8 12 31 3 19 35 2 47 17 10 16 32 50 48 5 13 44 14 9 42 45 28 49 25 11 20 33 18 37 4 

Inst_Index:6212 	 City_Num:50 	 Concorde:0.055697 	 MCTS:5.568598 Improve:0.001119 	 Time:5.01 Seconds
Solution: 1 18 3 40 22 12 15 33 46 27 23 14 8 42 38 34 7 48 45 47 28 4 43 10 41 17 11 9 39 35 36 19 50 44 6 21 13 24 30 5 25 29 26 49 20 16 32 2 31 37 

Inst_Index:6213 	 City_Num:50 	 Concorde:0.058395 	 MCTS:5.835401 Improve:0.004146 	 Time:5.00 Seconds
Solution: 1 9 14 15 7 46 20 16 33 50 29 24 34 28 45 44 48 13 3 18 40 30 8 2 11 12 42 41 39 5 10 23 37 22 31 47 35 32 38 4 36 17 27 6 19 21 26 25 43 49 

Inst_Index:6214 	 City_Num:50 	 Concorde:0.055324 	 MCTS:5.532429 Improve:0.000000 	 Time:5.00 Seconds
Solution: 1 38 22 8 40 6 43 7 3 9 2 45 44 42 35 20 31 15 24 27 23 4 41 28 46 21 16 47 11 50 33 18 39 14 13 5 32 34 29 19 25 49 36 12 10 17 30 37 26 48 

Inst_Index:6215 	 City_Num:50 	 Concorde:0.056602 	 MCTS:5.660247 Improve:0.000000 	 Time:5.00 Seconds
Solution: 1 50 17 29 5 45 6 40 39 11 13 48 24 31 20 27 26 41 16 12 23 4 36 18 42 7 25 21 44 15 19 10 30 22 2 33 14 32 9 35 43 49 34 37 38 8 46 47 28 3 

Inst_Index:6216 	 City_Num:50 	 Concorde:0.055504 	 MCTS:5.550426 Improve:0.000000 	 Time:5.00 Seconds
Solution: 1 19 18 17 4 36 30 14 9 21 48 24 33 27 7 44 32 43 13 25 38 16 31 41 40 49 26 6 10 23 28 22 15 2 37 8 3 29 39 42 47 45 50 34 20 5 46 12 11 35 

Inst_Index:6217 	 City_Num:50 	 Concorde:0.054490 	 MCTS:5.445247 Improve:0.003741 	 Time:5.01 Seconds
Solution: 1 38 3 46 45 32 39 27 15 44 8 25 47 36 22 37 16 49 26 21 20 48 6 28 4 14 31 29 2 18 9 33 34 35 5 23 30 10 42 40 13 50 17 43 7 12 24 41 11 19 

Inst_Index:6218 	 City_Num:50 	 Concorde:0.055102 	 MCTS:5.506926 Improve:0.003240 	 Time:5.00 Seconds
Solution: 1 7 3 8 41 50 49 33 24 19 27 43 23 12 31 17 35 30 46 5 16 20 6 13 9 25 18 15 32 10 37 45 34 14 4 26 42 44 40 29 21 39 38 36 22 47 48 28 2 11 

Inst_Index:6219 	 City_Num:50 	 Concorde:0.056964 	 MCTS:5.695223 Improve:0.001132 	 Time:5.00 Seconds
Solution: 1 24 4 34 20 46 19 45 33 26 31 22 10 16 25 29 13 21 41 40 9 12 14 5 39 18 36 35 32 30 2 23 37 17 7 27 28 48 43 38 47 8 6 50 44 42 15 3 49 11 

Inst_Index:6220 	 City_Num:50 	 Concorde:0.055697 	 MCTS:5.569678 Improve:0.000000 	 Time:5.00 Seconds
Solution: 1 19 14 10 23 37 45 47 6 30 35 8 3 27 22 29 26 20 28 41 24 39 5 36 2 11 48 46 13 16 25 18 15 21 42 7 44 50 17 38 43 9 49 33 4 31 34 12 32 40 

Inst_Index:6221 	 City_Num:50 	 Concorde:0.056482 	 MCTS:5.648181 Improve:-0.000000 	 Time:5.01 Seconds
Solution: 1 10 12 15 21 28 11 43 27 30 47 39 49 33 35 36 44 50 40 34 13 41 14 8 17 5 46 7 4 6 20 22 32 48 18 42 37 23 29 24 26 38 31 45 3 19 9 16 2 25 

Inst_Index:6222 	 City_Num:50 	 Concorde:0.057304 	 MCTS:5.729791 Improve:0.000650 	 Time:5.01 Seconds
Solution: 1 43 38 22 2 18 33 10 28 15 7 36 31 20 21 9 47 4 42 27 3 25 46 45 40 5 23 32 50 48 12 8 16 17 30 35 26 49 29 44 39 24 11 37 6 41 14 34 19 13 

Inst_Index:6223 	 City_Num:50 	 Concorde:0.059537 	 MCTS:5.953740 Improve:-0.000000 	 Time:5.00 Seconds
Solution: 1 24 39 4 6 2 49 47 16 36 7 33 45 41 37 12 27 44 23 14 17 18 15 38 26 10 35 8 43 42 5 40 50 20 28 32 11 31 22 25 48 9 29 30 19 34 3 21 13 46 

Inst_Index:6224 	 City_Num:50 	 Concorde:0.061307 	 MCTS:6.130654 Improve:-0.000000 	 Time:5.00 Seconds
Solution: 1 35 25 17 15 8 33 36 6 29 39 43 7 44 24 11 23 50 28 41 40 20 2 47 14 4 16 27 3 18 9 32 30 38 49 21 31 46 37 13 5 10 12 19 26 48 34 45 22 42 

Inst_Index:6225 	 City_Num:50 	 Concorde:0.057351 	 MCTS:5.735076 Improve:-0.000007 	 Time:5.00 Seconds
Solution: 1 40 43 16 25 20 28 35 45 44 36 23 3 24 31 49 12 14 30 46 48 32 7 8 11 13 5 38 10 37 21 39 27 19 15 9 17 29 42 41 22 47 4 18 6 33 50 2 26 34 

Inst_Index:6226 	 City_Num:50 	 Concorde:0.057966 	 MCTS:5.796624 Improve:0.000000 	 Time:5.00 Seconds
Solution: 1 2 9 13 19 14 10 28 7 33 23 39 12 22 45 20 46 31 36 5 49 26 6 35 38 21 44 48 16 43 11 37 25 34 30 42 17 8 32 50 41 18 24 27 47 40 4 3 15 29 

Inst_Index:6227 	 City_Num:50 	 Concorde:0.059432 	 MCTS:5.943191 Improve:0.000000 	 Time:5.00 Seconds
Solution: 1 18 14 29 10 6 44 9 4 16 19 33 23 12 27 26 48 15 8 42 28 49 24 39 2 32 43 11 22 30 37 17 40 36 25 46 41 38 31 34 45 5 47 3 13 20 35 21 50 7 

Inst_Index:6228 	 City_Num:50 	 Concorde:0.058196 	 MCTS:5.816037 Improve:0.003580 	 Time:5.00 Seconds
Solution: 1 42 5 34 30 27 21 49 29 4 37 39 35 44 48 14 47 24 15 3 25 46 40 32 23 22 33 8 43 13 10 6 50 2 31 17 20 9 41 26 11 16 38 45 12 18 36 7 28 19 

Inst_Index:6229 	 City_Num:50 	 Concorde:0.058375 	 MCTS:5.835946 Improve:0.001585 	 Time:5.00 Seconds
Solution: 1 22 36 47 29 4 33 19 2 26 44 18 34 37 40 39 10 42 41 24 16 9 32 6 28 46 20 23 21 31 48 14 50 7 5 12 11 35 3 13 49 45 43 15 17 38 30 25 27 8 

Inst_Index:6230 	 City_Num:50 	 Concorde:0.058316 	 MCTS:5.831578 Improve:0.000000 	 Time:5.00 Seconds
Solution: 1 5 18 45 32 31 37 17 20 28 21 48 14 41 38 35 19 8 36 13 30 2 42 29 27 15 12 43 9 22 47 16 7 33 34 49 26 23 44 10 4 6 50 24 3 25 39 11 40 46 

Inst_Index:6231 	 City_Num:50 	 Concorde:0.058719 	 MCTS:5.871880 Improve:0.000000 	 Time:5.00 Seconds
Solution: 1 50 33 8 20 44 15 21 45 23 4 10 18 2 25 35 37 49 19 13 7 5 24 6 14 48 42 40 29 32 9 26 28 43 30 11 41 47 3 17 16 38 22 27 34 39 46 31 36 12 

Inst_Index:6232 	 City_Num:50 	 Concorde:0.058294 	 MCTS:5.825972 Improve:0.003404 	 Time:5.00 Seconds
Solution: 1 4 22 9 19 6 40 48 33 26 2 29 15 18 10 43 50 12 46 37 38 3 36 39 32 5 30 20 47 31 11 14 49 13 8 7 34 41 28 21 24 45 42 25 23 35 16 17 27 44 

Inst_Index:6233 	 City_Num:50 	 Concorde:0.059283 	 MCTS:5.927538 Improve:0.000766 	 Time:5.00 Seconds
Solution: 1 45 13 12 26 38 18 3 48 47 36 5 23 4 39 27 15 10 41 24 22 46 7 20 32 21 33 16 37 25 35 8 40 9 30 34 14 42 29 43 50 6 2 17 49 28 19 31 44 11 

Inst_Index:6234 	 City_Num:50 	 Concorde:0.058151 	 MCTS:5.812611 Improve:0.002454 	 Time:5.01 Seconds
Solution: 1 2 42 25 34 39 24 22 49 20 31 10 21 28 13 18 6 4 48 27 8 43 30 12 19 14 16 40 41 44 47 3 11 29 32 23 50 33 7 35 36 26 45 5 46 38 17 15 37 9 

Inst_Index:6235 	 City_Num:50 	 Concorde:0.055549 	 MCTS:5.554892 Improve:0.000000 	 Time:5.01 Seconds
Solution: 1 17 41 16 39 35 30 3 22 25 15 18 21 46 20 49 34 33 38 13 43 19 10 44 28 9 2 29 50 36 45 4 31 32 11 8 42 7 27 12 47 23 14 26 5 37 40 6 48 24 

Inst_Index:6236 	 City_Num:50 	 Concorde:0.058215 	 MCTS:5.821451 Improve:0.000000 	 Time:5.00 Seconds
Solution: 1 48 24 41 38 33 6 5 28 47 14 50 45 19 22 11 18 30 10 43 31 20 29 12 17 49 25 9 39 27 37 3 13 42 4 32 26 40 7 35 46 2 15 8 44 23 21 34 16 36 

Inst_Index:6237 	 City_Num:50 	 Concorde:0.057337 	 MCTS:5.733736 Improve:0.000000 	 Time:5.00 Seconds
Solution: 1 28 9 50 37 14 49 15 38 44 10 45 24 4 8 33 30 7 43 39 46 18 27 17 12 19 2 35 32 13 47 6 42 5 3 26 31 23 41 48 36 22 29 11 21 34 20 25 40 16 

Inst_Index:6238 	 City_Num:50 	 Concorde:0.059376 	 MCTS:5.937593 Improve:-0.000000 	 Time:5.01 Seconds
Solution: 1 38 36 23 27 2 10 49 30 19 43 9 24 41 3 42 20 31 5 45 18 11 25 40 37 26 48 28 12 44 32 21 4 22 46 6 34 47 29 15 39 8 17 13 50 16 33 35 14 7 

Inst_Index:6239 	 City_Num:50 	 Concorde:0.057898 	 MCTS:5.775481 Improve:0.014323 	 Time:5.01 Seconds
Solution: 1 29 40 38 26 27 43 10 45 46 5 32 31 15 16 18 30 44 48 19 6 34 3 33 20 25 22 35 8 9 24 36 7 42 28 4 50 11 12 37 49 17 14 41 47 13 23 21 2 39 

Inst_Index:6240 	 City_Num:50 	 Concorde:0.059981 	 MCTS:5.998108 Improve:0.000000 	 Time:5.01 Seconds
Solution: 1 3 11 17 12 47 31 7 21 32 10 34 44 46 42 37 24 14 25 8 45 23 4 13 49 22 20 30 41 9 29 5 18 15 2 39 36 33 16 35 26 48 43 28 6 27 40 19 38 50 

Inst_Index:6241 	 City_Num:50 	 Concorde:0.057948 	 MCTS:5.788717 Improve:0.006043 	 Time:5.01 Seconds
Solution: 1 22 36 17 21 19 26 34 30 31 23 8 50 43 44 7 5 42 29 41 48 37 4 27 11 2 16 35 28 6 39 32 24 3 18 38 46 40 10 14 33 49 25 12 47 15 13 9 45 20 

Inst_Index:6242 	 City_Num:50 	 Concorde:0.055042 	 MCTS:5.496831 Improve:0.007390 	 Time:5.00 Seconds
Solution: 1 3 42 44 25 45 32 40 49 11 24 43 37 17 46 22 8 19 41 48 47 7 6 39 23 21 4 28 15 33 27 18 35 38 14 5 12 13 10 29 9 30 20 34 16 2 36 31 26 50 

Inst_Index:6243 	 City_Num:50 	 Concorde:0.053246 	 MCTS:5.321565 Improve:0.002986 	 Time:5.00 Seconds
Solution: 1 31 49 7 35 26 22 50 9 20 32 45 16 2 15 14 4 12 39 46 41 6 33 48 18 42 10 5 37 38 28 43 40 34 21 27 30 24 19 8 11 17 13 23 3 47 44 36 29 25 

Inst_Index:6244 	 City_Num:50 	 Concorde:0.057886 	 MCTS:5.785969 Improve:0.002668 	 Time:5.01 Seconds
Solution: 1 50 25 18 44 13 34 27 35 10 2 38 29 30 8 41 22 16 37 42 28 21 43 12 3 15 36 39 7 14 9 11 45 19 40 47 4 46 49 32 6 48 17 23 20 31 5 26 24 33 

Inst_Index:6245 	 City_Num:50 	 Concorde:0.061788 	 MCTS:6.176543 Improve:0.002213 	 Time:5.00 Seconds
Solution: 1 26 42 18 30 5 13 22 28 47 37 3 34 7 11 20 2 44 12 33 46 10 48 43 16 6 23 21 14 29 32 17 49 27 4 24 15 38 35 45 50 41 39 8 25 40 36 31 9 19 

Inst_Index:6246 	 City_Num:50 	 Concorde:0.054385 	 MCTS:5.438543 Improve:-0.000000 	 Time:5.00 Seconds
Solution: 1 30 8 43 21 32 36 12 25 24 5 35 39 4 28 31 20 6 37 42 38 14 3 34 18 29 41 45 7 11 2 17 40 46 9 10 19 16 23 15 50 26 13 44 48 49 27 47 33 22 

Inst_Index:6247 	 City_Num:50 	 Concorde:0.060419 	 MCTS:6.041881 Improve:0.000000 	 Time:5.00 Seconds
Solution: 1 23 36 26 42 33 8 3 27 41 25 4 34 13 2 10 17 44 16 46 47 14 43 9 50 7 22 20 40 39 38 12 11 24 28 18 5 49 15 32 35 29 48 19 30 45 21 31 37 6 

Inst_Index:6248 	 City_Num:50 	 Concorde:0.057101 	 MCTS:5.707005 Improve:0.003067 	 Time:5.00 Seconds
Solution: 1 16 21 13 50 32 2 30 17 20 48 41 19 49 29 4 18 15 47 27 34 40 28 35 23 26 33 43 22 3 46 11 7 31 6 24 14 12 42 5 38 10 39 36 25 44 45 9 37 8 

Inst_Index:6249 	 City_Num:50 	 Concorde:0.056644 	 MCTS:5.664383 Improve:-0.000000 	 Time:5.01 Seconds
Solution: 1 9 37 24 25 44 4 38 16 13 22 33 6 40 41 28 43 18 7 48 21 5 10 36 47 42 3 2 35 46 39 8 15 29 27 32 19 30 12 45 14 31 50 20 17 26 11 49 23 34 

Inst_Index:6250 	 City_Num:50 	 Concorde:0.051336 	 MCTS:5.133563 Improve:0.000000 	 Time:5.00 Seconds
Solution: 1 18 44 25 28 42 10 14 48 29 47 15 45 31 38 24 34 26 33 22 2 36 13 32 6 27 46 16 3 8 30 12 20 4 50 11 17 40 35 23 21 19 39 9 41 37 43 7 5 49 

Inst_Index:6251 	 City_Num:50 	 Concorde:0.056700 	 MCTS:5.669578 Improve:0.000461 	 Time:5.00 Seconds
Solution: 1 44 3 13 34 28 40 50 4 42 36 10 2 46 32 12 20 5 49 27 39 9 37 6 22 45 33 24 11 14 29 26 7 31 15 17 30 43 38 21 19 18 47 16 35 25 41 8 48 23 

Inst_Index:6252 	 City_Num:50 	 Concorde:0.055817 	 MCTS:5.581747 Improve:0.000000 	 Time:5.01 Seconds
Solution: 1 31 40 41 7 45 3 50 44 49 20 19 5 34 22 17 9 16 47 36 21 29 11 35 32 43 14 25 33 15 48 39 12 8 2 4 27 18 13 37 28 23 10 24 46 42 26 6 38 30 

Inst_Index:6253 	 City_Num:50 	 Concorde:0.061539 	 MCTS:6.153877 Improve:0.000000 	 Time:5.00 Seconds
Solution: 1 10 4 23 28 49 38 42 2 35 48 40 37 33 47 30 19 17 21 44 8 3 20 36 46 45 13 32 22 7 31 14 26 50 9 29 15 25 43 27 41 5 18 24 16 34 12 39 11 6 

Inst_Index:6254 	 City_Num:50 	 Concorde:0.056627 	 MCTS:5.662666 Improve:-0.000000 	 Time:5.00 Seconds
Solution: 1 40 39 50 44 33 26 17 21 16 13 5 37 20 45 14 29 28 22 34 35 49 11 6 2 27 7 8 18 32 41 3 9 25 30 19 12 38 46 23 10 48 31 36 15 4 24 47 42 43 

Inst_Index:6255 	 City_Num:50 	 Concorde:0.056894 	 MCTS:5.689369 Improve:0.000000 	 Time:5.00 Seconds
Solution: 1 29 42 47 27 5 40 49 11 39 37 10 16 7 13 34 3 46 23 20 35 38 43 44 17 18 31 15 19 2 24 21 33 6 4 9 26 36 14 28 45 30 41 25 50 8 22 32 48 12 

Inst_Index:6256 	 City_Num:50 	 Concorde:0.056657 	 MCTS:5.663874 Improve:0.001802 	 Time:5.03 Seconds
Solution: 1 39 7 40 31 10 33 42 13 28 6 45 34 17 9 22 25 46 38 18 50 16 23 30 37 29 3 20 2 36 14 43 26 49 5 41 8 12 15 24 47 11 44 27 32 48 35 19 21 4 

Inst_Index:6257 	 City_Num:50 	 Concorde:0.055496 	 MCTS:5.549564 Improve:0.000000 	 Time:5.00 Seconds
Solution: 1 40 2 9 27 45 44 15 35 21 31 12 42 5 43 46 37 11 13 34 14 48 22 19 7 4 33 29 20 17 30 24 49 8 36 26 32 16 39 28 38 6 18 25 23 10 50 41 47 3 

Inst_Index:6258 	 City_Num:50 	 Concorde:0.055367 	 MCTS:5.536678 Improve:0.000000 	 Time:5.00 Seconds
Solution: 1 37 2 22 44 39 42 23 28 27 15 35 47 26 34 4 31 38 36 17 33 41 18 50 48 43 49 5 40 13 14 25 29 16 32 10 7 6 9 30 20 21 11 45 3 19 24 12 8 46 

Inst_Index:6259 	 City_Num:50 	 Concorde:0.058807 	 MCTS:5.880664 Improve:0.000000 	 Time:5.00 Seconds
Solution: 1 24 8 31 10 3 30 33 50 19 23 39 27 40 25 18 35 13 46 9 4 43 38 14 45 7 26 34 37 47 28 6 5 20 49 17 48 22 11 12 32 42 21 29 15 41 44 36 2 16 

Inst_Index:6260 	 City_Num:50 	 Concorde:0.052120 	 MCTS:5.212037 Improve:0.000000 	 Time:5.00 Seconds
Solution: 1 36 25 43 40 32 9 19 2 27 29 10 39 28 7 5 48 24 42 18 37 31 34 8 41 16 23 33 45 3 13 44 15 22 49 12 20 6 47 14 11 50 17 21 35 38 30 26 46 4 


Avg_Concorde_Distance: 5.719489 Avg_MCTS_Distance: 5.719079 Avg_Gap: -0.000071 Total_Time: 1566.45 Seconds 
 Beat_Best_Known_Times: 108 Match_Best_Known_Times: 194 Miss_Best_Known_Times: 11 
