Number_of_Instances_In_Current_Batch: 313

Inst_Index:3444 	 City_Num:50 	 Concorde:0.056563 	 MCTS:5.655981 Improve:0.000271 	 Time:5.01 Seconds
Solution: 1 26 13 40 42 36 17 49 21 3 25 24 47 28 11 2 45 39 19 34 32 20 18 38 50 9 4 15 37 6 22 10 48 41 5 46 16 8 7 12 27 14 33 23 29 43 44 31 30 35 

Inst_Index:3445 	 City_Num:50 	 Concorde:0.060868 	 MCTS:6.086464 Improve:0.000365 	 Time:5.00 Seconds
Solution: 1 21 14 22 37 6 15 28 2 30 27 12 11 35 25 49 18 43 19 17 5 4 16 44 26 38 41 46 23 47 34 48 31 20 24 33 42 39 36 29 32 3 50 7 13 40 45 9 10 8 

Inst_Index:3446 	 City_Num:50 	 Concorde:0.058723 	 MCTS:5.872254 Improve:0.000085 	 Time:5.00 Seconds
Solution: 1 3 23 37 45 19 50 30 43 47 6 46 10 35 40 49 12 48 5 17 27 26 33 21 15 24 34 7 25 4 18 14 20 13 32 38 36 39 28 9 44 31 42 41 29 2 11 22 8 16 

Inst_Index:3447 	 City_Num:50 	 Concorde:0.057549 	 MCTS:5.754896 Improve:0.000000 	 Time:5.00 Seconds
Solution: 1 9 40 13 32 45 33 39 26 50 27 49 18 28 10 43 6 34 23 5 38 47 19 7 42 11 3 17 36 31 15 14 44 24 29 2 46 22 30 4 16 41 37 25 12 35 8 20 48 21 

Inst_Index:3448 	 City_Num:50 	 Concorde:0.053370 	 MCTS:5.332261 Improve:0.004777 	 Time:5.00 Seconds
Solution: 1 20 2 46 40 26 12 32 42 4 29 18 44 14 35 37 25 49 23 47 11 34 13 36 27 6 24 17 50 28 43 3 41 22 19 48 33 16 39 38 30 5 31 7 45 9 21 10 15 8 

Inst_Index:3449 	 City_Num:50 	 Concorde:0.057466 	 MCTS:5.746598 Improve:0.000000 	 Time:5.01 Seconds
Solution: 1 12 26 17 50 36 2 8 45 19 20 5 11 29 27 10 38 7 43 34 6 14 44 32 21 24 37 23 13 18 41 48 31 33 39 40 46 30 35 47 4 22 15 28 9 49 16 25 3 42 

Inst_Index:3450 	 City_Num:50 	 Concorde:0.057386 	 MCTS:5.758269 Improve:-0.019701 	 Time:5.00 Seconds
Solution: 1 24 48 27 29 22 33 35 30 41 42 39 20 14 9 12 18 40 26 6 4 45 25 46 38 50 32 3 49 7 31 36 23 15 28 47 2 13 34 44 21 43 19 11 16 37 17 8 10 5 

Inst_Index:3451 	 City_Num:50 	 Concorde:0.056101 	 MCTS:5.609792 Improve:0.000266 	 Time:5.01 Seconds
Solution: 1 22 28 10 15 38 8 42 31 50 7 30 4 19 43 40 33 12 44 20 35 29 25 41 23 21 37 13 34 36 26 2 14 9 27 17 49 6 46 45 3 18 47 32 5 48 39 16 24 11 

Inst_Index:3452 	 City_Num:50 	 Concorde:0.060410 	 MCTS:6.040977 Improve:-0.000000 	 Time:5.00 Seconds
Solution: 1 26 50 33 19 11 48 46 31 7 20 6 24 14 37 45 17 16 9 3 38 47 27 40 29 32 28 41 4 8 43 15 5 12 21 49 23 18 13 25 10 36 30 44 35 39 2 34 22 42 

Inst_Index:3453 	 City_Num:50 	 Concorde:0.058513 	 MCTS:5.850759 Improve:0.000561 	 Time:5.00 Seconds
Solution: 1 39 29 3 27 46 37 45 6 15 8 34 9 7 5 21 12 11 36 30 25 24 47 19 22 2 33 31 16 10 17 50 48 14 20 23 43 13 42 28 4 26 49 35 41 40 32 44 38 18 

Inst_Index:3454 	 City_Num:50 	 Concorde:0.057443 	 MCTS:5.744304 Improve:0.000000 	 Time:5.01 Seconds
Solution: 1 27 11 38 15 18 42 25 49 41 4 6 50 13 26 48 9 5 34 43 12 10 28 32 40 17 7 8 3 39 20 22 35 21 24 47 2 30 31 37 23 45 16 14 19 36 46 44 33 29 

Inst_Index:3455 	 City_Num:50 	 Concorde:0.058036 	 MCTS:5.803638 Improve:0.000000 	 Time:5.00 Seconds
Solution: 1 41 23 24 4 13 37 6 38 48 22 49 27 11 18 2 31 26 17 12 7 46 29 19 30 36 47 10 16 9 43 5 20 50 28 8 44 14 25 33 40 3 39 42 21 15 34 45 35 32 

Inst_Index:3456 	 City_Num:50 	 Concorde:0.061824 	 MCTS:6.182407 Improve:0.000000 	 Time:5.00 Seconds
Solution: 1 17 15 18 47 21 29 25 30 24 14 42 6 38 13 48 32 4 41 36 40 45 8 2 11 20 10 12 22 5 37 16 44 19 46 49 7 9 27 3 35 50 43 31 23 34 26 39 33 28 

Inst_Index:3457 	 City_Num:50 	 Concorde:0.058508 	 MCTS:5.850816 Improve:0.000000 	 Time:5.00 Seconds
Solution: 1 34 30 15 18 35 2 6 31 43 38 44 28 45 17 42 49 20 7 14 12 33 46 4 5 24 47 37 48 21 16 27 11 10 29 23 22 50 40 9 19 36 41 25 3 39 26 8 13 32 

Inst_Index:3458 	 City_Num:50 	 Concorde:0.052280 	 MCTS:5.228046 Improve:-0.000000 	 Time:5.00 Seconds
Solution: 1 29 50 3 21 25 8 32 17 42 44 4 48 33 36 2 38 41 6 45 30 11 39 31 16 47 49 43 10 22 7 19 15 13 27 40 12 24 28 18 26 34 14 37 35 9 5 23 20 46 

Inst_Index:3459 	 City_Num:50 	 Concorde:0.057371 	 MCTS:5.737086 Improve:-0.000000 	 Time:5.00 Seconds
Solution: 1 31 27 32 35 21 49 39 25 5 50 37 16 22 24 14 6 28 8 4 33 18 17 44 15 29 13 7 41 23 38 12 20 45 26 43 36 34 11 3 40 46 10 2 30 47 9 19 42 48 

Inst_Index:3460 	 City_Num:50 	 Concorde:0.060540 	 MCTS:6.052348 Improve:0.001683 	 Time:5.00 Seconds
Solution: 1 39 17 38 15 47 6 45 26 28 18 37 41 48 7 40 14 21 5 29 35 36 42 43 12 23 50 10 2 49 32 3 13 30 16 25 20 31 27 34 22 24 46 4 33 19 11 8 9 44 

Inst_Index:3461 	 City_Num:50 	 Concorde:0.059374 	 MCTS:5.935699 Improve:0.001696 	 Time:5.01 Seconds
Solution: 1 47 5 7 25 50 46 27 49 33 31 17 4 40 37 32 2 29 16 12 45 41 39 26 19 23 43 3 21 22 20 38 35 9 42 18 8 28 34 15 36 14 13 44 11 24 30 6 10 48 

Inst_Index:3462 	 City_Num:50 	 Concorde:0.055693 	 MCTS:5.569289 Improve:-0.000000 	 Time:5.00 Seconds
Solution: 1 5 19 32 22 26 43 39 29 12 46 6 7 13 17 2 4 42 8 31 14 41 3 16 48 50 33 47 38 10 15 9 45 40 44 25 20 23 28 30 36 35 11 24 18 49 37 34 21 27 

Inst_Index:3463 	 City_Num:50 	 Concorde:0.053002 	 MCTS:5.300168 Improve:0.000000 	 Time:5.02 Seconds
Solution: 1 31 43 35 25 14 44 37 48 8 12 41 5 30 29 17 10 33 21 45 28 22 15 7 18 34 36 11 46 47 3 20 26 50 23 42 19 9 40 38 16 2 13 32 6 39 49 27 4 24 

Inst_Index:3464 	 City_Num:50 	 Concorde:0.057242 	 MCTS:5.713205 Improve:0.011025 	 Time:5.00 Seconds
Solution: 1 15 21 19 4 3 50 11 29 5 36 41 26 16 23 45 37 28 17 7 44 35 8 47 27 40 38 33 43 18 2 9 22 24 48 10 20 39 25 30 46 32 49 6 13 12 31 42 14 34 

Inst_Index:3465 	 City_Num:50 	 Concorde:0.054252 	 MCTS:5.423587 Improve:0.001570 	 Time:5.00 Seconds
Solution: 1 50 29 36 35 20 18 15 38 48 41 5 13 46 32 11 45 43 30 47 39 7 22 28 6 42 25 26 17 49 2 27 23 24 37 16 34 3 8 19 33 4 40 31 14 12 21 9 10 44 

Inst_Index:3466 	 City_Num:50 	 Concorde:0.058584 	 MCTS:5.858189 Improve:0.000219 	 Time:5.00 Seconds
Solution: 1 12 22 38 44 29 10 39 32 36 19 6 28 43 7 35 46 5 8 45 16 4 3 14 9 50 13 41 26 42 11 40 17 20 25 47 31 27 49 48 2 34 18 30 23 21 15 24 33 37 

Inst_Index:3467 	 City_Num:50 	 Concorde:0.056344 	 MCTS:5.634391 Improve:0.000000 	 Time:5.00 Seconds
Solution: 1 46 9 40 38 45 29 15 3 13 14 2 8 35 49 10 4 25 47 27 11 18 34 48 12 41 5 21 42 30 26 24 6 39 37 33 17 20 31 44 50 19 43 22 36 28 16 32 23 7 

Inst_Index:3468 	 City_Num:50 	 Concorde:0.056801 	 MCTS:5.680056 Improve:-0.000000 	 Time:5.00 Seconds
Solution: 1 10 49 41 22 14 27 4 30 12 45 40 8 5 21 25 36 19 43 42 9 18 2 44 34 37 29 38 23 33 31 28 13 11 50 3 46 24 6 35 20 39 47 15 26 48 16 7 17 32 

Inst_Index:3469 	 City_Num:50 	 Concorde:0.054241 	 MCTS:5.416076 Improve:0.008007 	 Time:5.00 Seconds
Solution: 1 26 49 45 32 22 16 19 27 7 41 50 15 31 4 33 29 8 40 28 3 30 13 12 48 23 2 34 42 38 36 10 47 18 43 37 35 20 24 21 17 9 44 39 25 5 6 46 14 11 

Inst_Index:3470 	 City_Num:50 	 Concorde:0.056907 	 MCTS:5.690732 Improve:0.000000 	 Time:5.00 Seconds
Solution: 1 28 19 29 5 2 12 34 11 37 31 43 50 45 15 48 17 42 41 47 6 4 14 13 16 32 35 26 20 46 3 49 44 7 22 23 33 24 38 27 8 9 39 36 25 10 18 40 30 21 

Inst_Index:3471 	 City_Num:50 	 Concorde:0.053416 	 MCTS:5.341004 Improve:0.000550 	 Time:5.00 Seconds
Solution: 1 40 8 48 49 14 27 28 34 47 5 2 29 33 50 9 41 42 20 39 38 22 6 16 26 17 43 3 32 45 18 25 21 7 19 11 23 30 36 12 15 35 37 44 24 46 4 10 13 31 

Inst_Index:3472 	 City_Num:50 	 Concorde:0.059958 	 MCTS:5.994722 Improve:0.001108 	 Time:5.00 Seconds
Solution: 1 18 6 13 20 43 47 23 7 2 42 40 5 31 11 9 12 45 37 14 26 17 10 15 4 24 28 48 29 36 50 30 21 19 49 41 32 8 35 3 16 34 38 46 25 27 22 39 44 33 

Inst_Index:3473 	 City_Num:50 	 Concorde:0.060667 	 MCTS:6.065633 Improve:0.001018 	 Time:5.01 Seconds
Solution: 1 14 31 19 10 26 39 11 25 3 46 12 21 48 50 4 30 18 2 5 36 15 45 29 32 22 33 37 44 7 43 47 28 23 17 41 38 40 20 16 9 6 27 13 49 34 42 35 8 24 

Inst_Index:3474 	 City_Num:50 	 Concorde:0.058604 	 MCTS:5.860418 Improve:0.000000 	 Time:5.00 Seconds
Solution: 1 41 50 25 22 15 42 10 35 31 30 32 26 23 33 5 19 44 12 45 24 8 18 39 6 9 21 7 48 28 3 36 17 49 16 38 34 13 37 20 14 43 46 4 11 27 40 29 2 47 

Inst_Index:3475 	 City_Num:50 	 Concorde:0.059126 	 MCTS:5.912621 Improve:0.000000 	 Time:5.00 Seconds
Solution: 1 31 39 26 20 37 9 35 41 40 22 12 32 16 24 15 2 38 43 21 4 33 27 18 8 30 50 28 36 10 48 19 45 44 29 6 7 11 42 25 47 13 34 3 17 14 23 49 46 5 

Inst_Index:3476 	 City_Num:50 	 Concorde:0.057560 	 MCTS:5.756033 Improve:0.000000 	 Time:5.00 Seconds
Solution: 1 35 42 38 26 45 15 37 5 19 20 31 50 36 41 12 24 10 8 6 25 47 4 29 14 46 9 11 28 18 3 33 43 17 44 39 16 34 2 48 21 32 40 22 30 13 23 7 27 49 

Inst_Index:3477 	 City_Num:50 	 Concorde:0.055147 	 MCTS:5.511752 Improve:0.002994 	 Time:5.00 Seconds
Solution: 1 9 46 36 32 37 5 28 38 6 14 33 44 48 29 27 26 42 34 4 30 49 47 8 12 7 15 22 31 43 13 25 40 19 17 18 20 35 39 11 41 23 2 3 45 10 16 21 24 50 

Inst_Index:3478 	 City_Num:50 	 Concorde:0.058467 	 MCTS:5.846708 Improve:-0.000000 	 Time:5.00 Seconds
Solution: 1 46 19 18 2 35 34 9 13 26 7 38 17 48 50 22 20 44 15 6 24 11 32 49 10 42 8 45 40 27 47 5 23 12 28 39 37 29 36 41 14 16 25 43 21 3 30 31 33 4 

Inst_Index:3479 	 City_Num:50 	 Concorde:0.055733 	 MCTS:5.565981 Improve:0.007368 	 Time:5.00 Seconds
Solution: 1 21 30 39 44 26 38 32 48 47 50 18 25 7 19 4 3 23 35 29 37 6 16 12 36 22 42 33 43 10 5 9 13 24 46 8 31 45 40 15 17 14 34 27 20 41 11 28 2 49 

Inst_Index:3480 	 City_Num:50 	 Concorde:0.055315 	 MCTS:5.528080 Improve:0.003421 	 Time:5.01 Seconds
Solution: 1 31 22 26 20 17 43 8 19 44 29 45 6 13 35 32 14 40 9 39 11 7 24 27 18 48 50 42 10 47 49 36 23 2 12 15 38 5 21 33 30 4 25 3 46 28 41 37 34 16 

Inst_Index:3481 	 City_Num:50 	 Concorde:0.056550 	 MCTS:5.654985 Improve:0.000000 	 Time:5.00 Seconds
Solution: 1 31 47 39 22 4 6 17 37 12 45 44 30 34 27 5 11 36 29 46 8 32 20 7 16 13 10 40 19 25 3 43 38 2 14 23 18 24 26 42 50 28 49 9 21 33 41 15 35 48 

Inst_Index:3482 	 City_Num:50 	 Concorde:0.061032 	 MCTS:6.103210 Improve:-0.000000 	 Time:5.01 Seconds
Solution: 1 32 43 25 2 29 30 20 36 39 11 31 21 18 3 50 8 49 27 9 33 10 38 35 7 45 14 40 16 19 4 42 12 48 26 15 5 41 34 22 17 24 13 46 47 44 28 37 23 6 

Inst_Index:3483 	 City_Num:50 	 Concorde:0.061596 	 MCTS:6.159595 Improve:0.000000 	 Time:5.01 Seconds
Solution: 1 41 19 25 36 43 17 49 28 33 20 15 40 16 4 34 23 37 22 47 32 3 12 50 38 9 29 2 24 44 13 45 42 6 46 11 26 5 21 48 14 35 30 8 7 18 27 31 39 10 

Inst_Index:3484 	 City_Num:50 	 Concorde:0.058695 	 MCTS:5.869473 Improve:0.000000 	 Time:5.01 Seconds
Solution: 1 33 20 48 46 45 26 13 35 11 34 41 50 5 6 32 21 16 10 4 30 3 40 47 43 17 7 39 49 31 27 14 24 19 28 36 2 38 12 22 8 29 42 15 44 18 37 9 23 25 

Inst_Index:3485 	 City_Num:50 	 Concorde:0.055403 	 MCTS:5.535354 Improve:0.004927 	 Time:5.00 Seconds
Solution: 1 9 49 28 25 29 15 18 10 21 48 26 41 32 11 36 19 3 4 44 30 31 50 2 17 22 5 42 37 20 38 35 34 46 23 39 13 8 16 45 14 43 6 33 47 7 40 24 27 12 

Inst_Index:3486 	 City_Num:50 	 Concorde:0.055808 	 MCTS:5.580845 Improve:0.000000 	 Time:5.01 Seconds
Solution: 1 23 11 20 31 13 2 30 15 26 8 50 3 27 28 6 21 18 49 16 37 35 29 47 34 42 4 12 40 44 22 7 32 24 41 17 46 43 33 39 9 36 5 38 48 25 45 14 19 10 

Inst_Index:3487 	 City_Num:50 	 Concorde:0.059425 	 MCTS:5.942508 Improve:-0.000000 	 Time:5.01 Seconds
Solution: 1 12 43 33 44 50 34 28 16 20 21 26 31 23 40 32 41 18 29 7 47 13 8 3 15 6 39 42 45 19 25 48 27 10 46 2 14 36 4 9 35 37 17 22 38 49 24 5 30 11 

Inst_Index:3488 	 City_Num:50 	 Concorde:0.056155 	 MCTS:5.615462 Improve:0.000000 	 Time:5.00 Seconds
Solution: 1 23 49 34 11 25 2 44 30 10 21 43 15 48 12 38 24 40 26 6 4 46 9 28 22 27 41 36 14 32 42 45 16 31 37 20 8 50 18 19 13 39 35 7 47 3 29 5 17 33 

Inst_Index:3489 	 City_Num:50 	 Concorde:0.059775 	 MCTS:5.970850 Improve:0.006607 	 Time:5.00 Seconds
Solution: 1 16 3 49 23 40 14 41 21 27 48 13 6 22 8 33 39 30 4 11 45 34 35 29 26 12 46 36 15 25 17 28 43 18 50 44 24 38 42 9 5 2 7 20 31 37 19 47 32 10 

Inst_Index:3490 	 City_Num:50 	 Concorde:0.053626 	 MCTS:5.362625 Improve:0.000000 	 Time:5.00 Seconds
Solution: 1 15 14 50 16 29 5 26 18 37 48 13 8 22 35 28 45 21 7 19 30 33 47 20 12 27 2 10 38 11 6 32 4 31 34 43 39 25 41 9 23 42 17 44 36 46 40 49 24 3 

Inst_Index:3491 	 City_Num:50 	 Concorde:0.060039 	 MCTS:6.001021 Improve:0.002832 	 Time:5.01 Seconds
Solution: 1 37 9 44 32 49 20 29 15 30 24 5 50 3 47 27 18 45 7 8 36 14 26 31 42 21 48 39 33 34 10 25 35 41 17 38 11 19 46 4 2 23 28 6 12 43 16 40 22 13 

Inst_Index:3492 	 City_Num:50 	 Concorde:0.059013 	 MCTS:5.894652 Improve:0.006616 	 Time:5.00 Seconds
Solution: 1 4 42 26 39 14 13 2 23 12 9 46 21 47 40 31 44 37 41 19 20 33 8 28 3 32 7 34 48 27 18 45 50 43 11 5 30 17 24 29 10 6 25 49 36 38 15 35 16 22 

Inst_Index:3493 	 City_Num:50 	 Concorde:0.057355 	 MCTS:5.731632 Improve:0.003858 	 Time:5.00 Seconds
Solution: 1 34 9 8 6 38 33 3 27 10 39 2 23 18 20 32 44 15 48 30 17 35 25 24 37 14 50 40 45 41 21 43 11 13 42 29 7 22 49 5 46 36 19 28 26 31 4 47 12 16 

Inst_Index:3494 	 City_Num:50 	 Concorde:0.059593 	 MCTS:5.959296 Improve:-0.000000 	 Time:5.02 Seconds
Solution: 1 19 35 31 10 22 27 47 30 9 24 25 50 39 3 44 5 8 41 32 37 16 29 17 42 38 14 36 2 4 11 48 26 15 20 40 6 13 33 23 49 12 45 18 7 34 21 28 46 43 

Inst_Index:3495 	 City_Num:50 	 Concorde:0.056985 	 MCTS:5.690903 Improve:0.007590 	 Time:5.01 Seconds
Solution: 1 6 33 35 43 4 28 39 22 34 20 27 31 29 15 40 44 14 37 48 13 9 42 24 18 10 41 46 5 12 16 21 26 50 25 7 38 19 47 8 17 30 2 32 49 3 36 45 11 23 

Inst_Index:3496 	 City_Num:50 	 Concorde:0.057902 	 MCTS:5.790204 Improve:0.000000 	 Time:5.01 Seconds
Solution: 1 33 6 9 37 8 45 39 26 29 15 40 24 19 34 7 35 42 4 31 27 16 28 41 23 32 25 43 11 30 46 21 5 20 22 13 38 17 12 3 48 14 44 47 50 49 18 2 36 10 

Inst_Index:3497 	 City_Num:50 	 Concorde:0.060160 	 MCTS:6.016026 Improve:0.000000 	 Time:5.00 Seconds
Solution: 1 45 38 7 33 24 17 44 42 16 32 34 9 4 49 12 46 14 3 31 37 39 21 40 6 2 27 13 36 10 28 20 43 47 48 8 11 35 15 30 26 23 25 41 22 29 5 18 50 19 

Inst_Index:3498 	 City_Num:50 	 Concorde:0.054752 	 MCTS:5.468081 Improve:0.007074 	 Time:5.00 Seconds
Solution: 1 45 8 31 48 20 44 46 27 50 43 32 15 14 18 13 6 34 25 30 23 39 12 40 19 37 38 29 41 35 24 17 26 3 21 33 28 5 10 36 49 4 16 22 11 47 42 9 2 7 

Inst_Index:3499 	 City_Num:50 	 Concorde:0.058263 	 MCTS:5.826304 Improve:-0.000000 	 Time:5.00 Seconds
Solution: 1 35 17 6 31 29 46 28 45 47 13 10 14 48 21 4 23 40 20 30 34 41 9 11 12 24 33 42 19 49 22 39 16 36 43 44 8 2 7 27 26 15 38 5 37 32 3 18 50 25 

Inst_Index:3500 	 City_Num:50 	 Concorde:0.054958 	 MCTS:5.487306 Improve:0.008521 	 Time:5.00 Seconds
Solution: 1 3 34 40 23 37 13 39 6 48 38 16 42 27 26 43 12 2 33 7 50 25 30 8 45 24 41 20 28 29 36 18 46 19 31 32 35 10 49 5 15 9 14 47 22 11 21 4 17 44 

Inst_Index:3501 	 City_Num:50 	 Concorde:0.059650 	 MCTS:5.958164 Improve:0.006817 	 Time:5.01 Seconds
Solution: 1 14 23 40 42 5 28 38 50 43 35 7 45 37 31 19 49 11 12 18 13 44 39 48 4 32 3 21 20 46 17 27 41 30 6 29 25 22 34 2 24 26 16 15 8 10 47 36 9 33 

Inst_Index:3502 	 City_Num:50 	 Concorde:0.055071 	 MCTS:5.507122 Improve:0.000000 	 Time:5.00 Seconds
Solution: 1 4 27 23 24 15 40 26 13 47 10 18 42 43 7 16 2 39 48 5 46 3 45 8 29 34 22 20 6 17 9 21 11 49 31 28 25 19 30 35 12 36 37 50 33 41 38 32 14 44 

Inst_Index:3503 	 City_Num:50 	 Concorde:0.057884 	 MCTS:5.788395 Improve:-0.000000 	 Time:5.01 Seconds
Solution: 1 26 28 38 47 15 19 30 2 17 24 8 48 36 44 33 14 22 29 32 45 46 37 18 3 50 6 49 40 27 39 43 31 11 42 41 21 10 7 4 34 23 25 9 5 20 35 12 13 16 

Inst_Index:3504 	 City_Num:50 	 Concorde:0.060048 	 MCTS:6.000606 Improve:0.004199 	 Time:5.00 Seconds
Solution: 1 31 13 50 49 25 44 46 33 4 29 34 28 17 18 8 11 15 48 5 45 36 43 39 35 7 41 32 23 37 9 20 24 16 6 30 40 19 27 21 14 12 3 2 38 42 22 26 47 10 

Inst_Index:3505 	 City_Num:50 	 Concorde:0.058648 	 MCTS:5.864838 Improve:-0.000000 	 Time:5.00 Seconds
Solution: 1 26 10 2 33 4 29 12 45 18 20 31 35 48 27 17 23 3 11 8 46 32 25 28 5 14 16 19 36 44 47 43 41 39 6 49 7 9 40 34 21 42 30 22 15 24 13 37 50 38 

Inst_Index:3506 	 City_Num:50 	 Concorde:0.056790 	 MCTS:5.679045 Improve:0.000000 	 Time:5.00 Seconds
Solution: 1 35 7 16 47 38 11 32 49 4 29 8 34 2 22 3 27 20 31 45 28 48 24 9 12 5 50 17 39 26 36 18 19 30 43 15 6 33 23 46 44 14 41 37 13 21 42 40 25 10 

Inst_Index:3507 	 City_Num:50 	 Concorde:0.054329 	 MCTS:5.432815 Improve:0.000130 	 Time:5.00 Seconds
Solution: 1 43 21 20 17 30 10 2 40 19 47 11 49 45 34 12 3 29 41 38 27 35 13 4 50 25 18 48 26 8 7 42 36 24 16 6 5 28 14 37 32 23 33 15 9 44 22 31 39 46 

Inst_Index:3508 	 City_Num:50 	 Concorde:0.056013 	 MCTS:5.601339 Improve:-0.000000 	 Time:5.00 Seconds
Solution: 1 39 20 48 43 28 23 13 34 12 49 7 5 50 17 41 18 44 47 2 32 21 22 9 26 42 3 24 31 27 33 35 19 46 8 38 40 45 37 25 29 4 16 15 14 36 10 6 30 11 

Inst_Index:3509 	 City_Num:50 	 Concorde:0.055025 	 MCTS:5.502457 Improve:0.000000 	 Time:5.00 Seconds
Solution: 1 26 45 25 42 13 46 43 6 2 16 11 19 5 47 17 41 22 3 10 38 8 23 27 36 39 35 21 4 33 49 24 14 12 18 7 29 9 28 37 31 34 30 40 15 32 50 20 48 44 

Inst_Index:3510 	 City_Num:50 	 Concorde:0.056092 	 MCTS:5.605459 Improve:0.003742 	 Time:5.00 Seconds
Solution: 1 34 20 19 41 30 6 5 49 29 14 33 3 43 7 36 38 47 44 22 42 50 21 13 40 11 35 48 23 15 10 16 4 26 46 18 27 28 39 8 24 2 17 45 32 31 25 9 37 12 

Inst_Index:3511 	 City_Num:50 	 Concorde:0.055687 	 MCTS:5.568686 Improve:0.000000 	 Time:5.00 Seconds
Solution: 1 30 29 26 46 6 21 14 2 19 18 20 23 41 3 47 43 40 36 24 42 5 31 9 35 16 22 37 12 10 48 8 13 33 11 49 27 25 17 44 50 4 7 45 32 15 34 39 28 38 

Inst_Index:3512 	 City_Num:50 	 Concorde:0.057180 	 MCTS:5.712249 Improve:0.005777 	 Time:5.00 Seconds
Solution: 1 36 37 31 39 42 14 38 11 34 32 22 43 17 6 2 46 10 7 47 18 49 23 19 8 45 20 33 24 3 12 15 5 35 44 41 13 9 48 25 26 50 4 29 40 28 30 16 21 27 

Inst_Index:3513 	 City_Num:50 	 Concorde:0.056750 	 MCTS:5.674976 Improve:-0.000000 	 Time:5.00 Seconds
Solution: 1 45 30 7 24 20 32 33 9 42 36 22 40 5 18 16 14 25 28 37 34 46 17 21 35 4 3 39 41 50 29 10 13 15 47 6 31 26 48 2 12 44 19 27 49 23 8 11 43 38 

Inst_Index:3514 	 City_Num:50 	 Concorde:0.055773 	 MCTS:5.577343 Improve:0.000000 	 Time:5.00 Seconds
Solution: 1 43 24 22 17 31 50 11 20 8 39 16 36 12 42 34 9 46 14 10 13 6 18 38 47 45 3 28 48 33 37 49 32 7 19 23 41 15 40 4 2 25 29 5 35 26 27 44 21 30 

Inst_Index:3515 	 City_Num:50 	 Concorde:0.054975 	 MCTS:5.497530 Improve:-0.000000 	 Time:5.00 Seconds
Solution: 1 24 49 48 47 6 15 31 37 40 44 43 29 30 2 22 39 41 26 14 18 9 21 28 36 45 3 17 4 35 12 42 5 13 11 32 50 16 8 25 46 27 34 23 10 19 7 20 33 38 

Inst_Index:3516 	 City_Num:50 	 Concorde:0.052835 	 MCTS:5.283475 Improve:-0.000000 	 Time:5.00 Seconds
Solution: 1 11 9 14 46 5 40 33 26 22 32 45 41 19 20 30 42 2 25 31 7 8 29 50 48 44 34 23 27 15 39 43 18 6 37 21 28 13 16 12 3 4 49 35 38 36 47 24 10 17 

Inst_Index:3517 	 City_Num:50 	 Concorde:0.057989 	 MCTS:5.797308 Improve:0.001576 	 Time:5.00 Seconds
Solution: 1 3 49 47 14 46 38 24 21 35 5 45 10 20 30 26 27 36 29 34 39 17 37 41 19 33 7 44 42 12 32 18 15 22 48 16 23 40 4 2 11 6 50 9 25 13 28 8 31 43 

Inst_Index:3518 	 City_Num:50 	 Concorde:0.061902 	 MCTS:6.190190 Improve:-0.000000 	 Time:5.00 Seconds
Solution: 1 28 24 29 15 30 41 22 37 10 18 47 20 23 42 4 40 7 48 33 8 44 31 19 17 35 11 25 13 21 38 46 2 6 9 12 5 45 49 34 50 3 26 32 36 14 27 43 39 16 

Inst_Index:3519 	 City_Num:50 	 Concorde:0.053343 	 MCTS:5.334326 Improve:-0.000000 	 Time:5.00 Seconds
Solution: 1 24 33 15 18 39 21 30 49 17 46 9 50 22 48 19 6 7 4 23 3 34 8 38 16 26 10 47 5 14 44 45 41 35 29 2 11 36 28 25 13 42 31 43 12 27 32 37 40 20 

Inst_Index:3520 	 City_Num:50 	 Concorde:0.055615 	 MCTS:5.561514 Improve:-0.000000 	 Time:5.00 Seconds
Solution: 1 48 33 17 4 30 49 41 13 25 45 46 3 44 7 12 8 22 31 15 39 27 11 23 43 18 38 2 24 5 32 36 6 37 28 35 16 29 47 40 26 14 19 42 9 34 21 20 10 50 

Inst_Index:3521 	 City_Num:50 	 Concorde:0.059179 	 MCTS:5.917886 Improve:-0.000000 	 Time:5.00 Seconds
Solution: 1 24 37 41 36 22 47 42 43 31 29 27 32 28 3 34 14 35 45 4 50 5 2 6 49 40 10 38 44 16 30 15 20 21 13 9 19 23 25 7 33 12 8 17 39 18 11 46 48 26 

Inst_Index:3522 	 City_Num:50 	 Concorde:0.058606 	 MCTS:5.860646 Improve:-0.000000 	 Time:5.00 Seconds
Solution: 1 9 43 15 12 29 30 37 16 33 20 34 25 8 45 39 27 19 28 48 14 17 5 26 47 38 24 13 4 40 36 21 46 49 32 23 22 42 41 2 3 10 31 7 18 50 44 35 11 6 

Inst_Index:3523 	 City_Num:50 	 Concorde:0.055862 	 MCTS:5.582193 Improve:0.004019 	 Time:5.00 Seconds
Solution: 1 28 10 43 38 31 33 36 19 32 7 40 20 25 4 30 11 9 45 39 2 6 26 50 12 14 37 23 24 3 42 29 48 47 35 15 41 13 22 44 17 46 8 5 16 27 18 34 21 49 

Inst_Index:3524 	 City_Num:50 	 Concorde:0.060904 	 MCTS:6.086359 Improve:0.004048 	 Time:5.00 Seconds
Solution: 1 50 22 11 40 46 25 7 26 20 36 44 13 49 5 10 4 47 6 17 29 3 18 12 8 33 48 27 16 32 43 30 34 38 39 42 19 23 28 21 31 37 9 15 2 35 24 14 45 41 

Inst_Index:3525 	 City_Num:50 	 Concorde:0.057698 	 MCTS:5.766194 Improve:0.003649 	 Time:5.00 Seconds
Solution: 1 26 30 7 5 38 19 25 6 27 18 4 13 23 40 2 32 43 24 9 49 42 36 50 3 21 10 14 8 34 22 44 12 28 17 15 35 33 37 45 16 39 31 46 11 48 41 20 47 29 

Inst_Index:3526 	 City_Num:50 	 Concorde:0.052069 	 MCTS:5.206861 Improve:0.000000 	 Time:5.00 Seconds
Solution: 1 24 16 50 11 22 15 17 26 42 34 13 12 14 30 6 27 43 46 39 41 23 7 44 33 2 21 20 45 18 29 40 19 8 4 25 5 9 48 47 3 35 31 10 38 32 36 28 49 37 

Inst_Index:3527 	 City_Num:50 	 Concorde:0.056564 	 MCTS:5.649697 Improve:0.006707 	 Time:5.00 Seconds
Solution: 1 14 37 20 6 23 42 8 43 36 24 45 7 21 9 22 19 28 32 29 4 17 44 26 12 33 16 41 48 31 15 5 39 46 18 25 27 40 49 10 2 50 34 30 38 47 11 35 13 3 

Inst_Index:3528 	 City_Num:50 	 Concorde:0.059230 	 MCTS:5.922323 Improve:0.000673 	 Time:5.00 Seconds
Solution: 1 18 25 20 3 48 6 49 46 15 31 21 12 13 4 43 37 11 44 27 34 33 30 19 36 38 26 5 39 24 23 41 22 50 17 10 32 35 29 14 2 47 9 16 40 8 45 7 42 28 

Inst_Index:3529 	 City_Num:50 	 Concorde:0.060025 	 MCTS:6.002507 Improve:0.000000 	 Time:5.01 Seconds
Solution: 1 49 32 2 16 23 31 37 33 29 10 43 41 42 27 9 18 45 34 15 11 3 24 5 8 20 13 25 50 40 47 36 39 28 17 26 46 38 35 22 44 7 30 19 12 6 14 48 21 4 

Inst_Index:3530 	 City_Num:50 	 Concorde:0.055004 	 MCTS:5.495520 Improve:0.004866 	 Time:5.00 Seconds
Solution: 1 12 38 48 37 7 30 2 6 45 23 8 49 14 41 29 50 10 16 34 4 35 40 33 44 13 21 43 9 20 39 19 47 24 25 42 15 5 36 26 28 27 3 17 32 31 46 22 18 11 

Inst_Index:3531 	 City_Num:50 	 Concorde:0.062864 	 MCTS:6.286411 Improve:0.000000 	 Time:5.00 Seconds
Solution: 1 41 7 10 25 50 46 2 20 5 36 22 18 16 17 42 45 40 28 32 38 47 8 11 30 31 35 23 4 43 44 48 27 14 15 37 19 26 49 39 13 34 3 9 29 6 33 24 12 21 

Inst_Index:3532 	 City_Num:50 	 Concorde:0.056247 	 MCTS:5.624706 Improve:0.000000 	 Time:5.00 Seconds
Solution: 1 31 21 9 26 28 42 16 25 15 6 48 45 17 34 7 14 39 36 44 20 37 43 41 3 5 23 12 24 11 22 30 32 49 38 47 40 19 4 10 2 29 18 46 33 27 50 13 8 35 

Inst_Index:3533 	 City_Num:50 	 Concorde:0.055236 	 MCTS:5.563531 Improve:-0.039923 	 Time:5.00 Seconds
Solution: 1 15 43 14 39 48 34 42 26 29 18 31 28 24 36 45 50 30 40 47 9 8 38 35 33 49 16 7 32 12 41 46 2 17 19 25 22 10 3 4 37 13 11 23 21 6 44 20 27 5 

Inst_Index:3534 	 City_Num:50 	 Concorde:0.056137 	 MCTS:5.613684 Improve:-0.000000 	 Time:5.00 Seconds
Solution: 1 47 20 28 48 17 9 39 34 15 40 12 19 35 11 16 43 45 42 29 5 33 31 26 32 38 3 36 22 18 41 44 37 7 27 2 23 49 21 30 8 46 10 24 13 25 4 14 6 50 

Inst_Index:3535 	 City_Num:50 	 Concorde:0.052732 	 MCTS:5.273198 Improve:-0.000000 	 Time:5.00 Seconds
Solution: 1 32 29 12 9 26 8 2 46 47 49 18 35 36 40 28 23 45 43 10 21 16 25 6 48 5 3 27 24 14 13 19 7 22 31 42 30 50 11 20 33 34 39 4 15 41 37 17 44 38 

Inst_Index:3536 	 City_Num:50 	 Concorde:0.055048 	 MCTS:5.504847 Improve:-0.000000 	 Time:5.00 Seconds
Solution: 1 48 38 41 23 36 17 34 35 13 3 33 4 40 21 45 29 8 12 25 22 7 31 26 9 47 24 5 19 18 39 43 15 20 46 14 27 32 50 28 30 42 49 37 10 16 6 44 2 11 

Inst_Index:3537 	 City_Num:50 	 Concorde:0.059058 	 MCTS:5.905837 Improve:-0.000000 	 Time:5.00 Seconds
Solution: 1 29 48 34 35 8 19 28 43 45 41 10 23 40 22 32 38 25 24 18 2 13 33 16 27 5 49 14 37 20 26 42 46 4 17 39 21 6 11 9 31 44 50 47 15 12 30 7 36 3 

Inst_Index:3538 	 City_Num:50 	 Concorde:0.057028 	 MCTS:5.701635 Improve:0.001190 	 Time:5.00 Seconds
Solution: 1 47 34 35 40 3 41 24 25 31 13 32 20 33 6 27 50 46 19 2 42 11 43 8 12 22 16 37 5 7 45 9 10 14 38 30 15 18 17 44 4 39 48 26 28 49 23 36 29 21 

Inst_Index:3539 	 City_Num:50 	 Concorde:0.058409 	 MCTS:5.840942 Improve:0.000000 	 Time:5.00 Seconds
Solution: 1 23 19 6 24 47 29 50 49 33 10 3 2 7 27 39 44 16 36 13 15 35 17 20 30 40 4 43 41 18 45 34 5 21 48 26 42 12 9 32 37 38 8 46 14 11 28 22 31 25 

Inst_Index:3540 	 City_Num:50 	 Concorde:0.056569 	 MCTS:5.656914 Improve:-0.000000 	 Time:5.00 Seconds
Solution: 1 31 28 49 26 43 33 37 12 2 5 8 50 15 32 42 7 10 34 17 25 40 14 41 11 18 9 16 22 27 35 3 21 47 36 24 6 19 39 45 48 46 20 30 23 38 13 44 4 29 

Inst_Index:3541 	 City_Num:50 	 Concorde:0.057715 	 MCTS:5.771472 Improve:-0.000000 	 Time:5.00 Seconds
Solution: 1 25 10 22 40 33 36 26 49 11 6 12 16 43 15 44 9 45 21 30 23 39 28 2 35 31 48 42 3 7 29 32 24 38 18 14 8 20 47 27 46 5 19 17 50 41 34 13 37 4 

Inst_Index:3542 	 City_Num:50 	 Concorde:0.056563 	 MCTS:5.656318 Improve:-0.000000 	 Time:5.00 Seconds
Solution: 1 3 41 8 32 30 19 4 48 40 49 27 2 9 14 10 39 50 18 22 17 46 12 11 28 45 31 23 43 6 47 7 29 24 42 33 15 26 16 38 25 34 35 20 21 13 5 44 36 37 

Inst_Index:3543 	 City_Num:50 	 Concorde:0.059478 	 MCTS:5.947768 Improve:-0.000000 	 Time:5.00 Seconds
Solution: 1 27 11 19 29 16 36 13 34 25 12 31 22 39 6 17 24 14 41 2 26 21 5 3 30 50 40 8 37 43 4 35 48 28 20 18 10 47 23 33 15 45 9 32 44 7 49 46 42 38 

Inst_Index:3544 	 City_Num:50 	 Concorde:0.060958 	 MCTS:6.095820 Improve:0.000000 	 Time:5.00 Seconds
Solution: 1 19 29 48 42 50 28 22 27 8 38 47 37 26 43 4 17 34 5 13 30 12 21 44 33 10 2 36 6 24 45 14 41 15 23 32 49 3 40 46 35 25 18 7 31 11 39 20 16 9 

Inst_Index:3545 	 City_Num:50 	 Concorde:0.054798 	 MCTS:5.479842 Improve:0.000000 	 Time:5.00 Seconds
Solution: 1 4 50 9 35 38 6 23 33 28 3 45 34 12 13 5 49 25 7 27 16 26 30 14 47 18 42 40 46 43 11 17 10 44 19 41 32 20 8 31 48 29 2 37 36 22 21 39 24 15 

Inst_Index:3546 	 City_Num:50 	 Concorde:0.058583 	 MCTS:5.858332 Improve:0.000000 	 Time:5.00 Seconds
Solution: 1 26 4 46 7 33 47 10 2 15 23 45 29 42 12 25 27 35 49 13 19 22 32 3 28 14 6 43 31 24 5 50 21 36 8 39 11 38 44 9 40 18 16 41 48 17 37 34 20 30 

Inst_Index:3547 	 City_Num:50 	 Concorde:0.054601 	 MCTS:5.451238 Improve:0.008831 	 Time:5.00 Seconds
Solution: 1 48 24 26 9 19 3 2 28 5 13 37 46 44 31 34 15 25 23 11 36 45 47 16 8 10 29 21 49 40 43 4 27 20 12 17 33 18 7 50 35 39 14 42 41 30 38 32 22 6 

Inst_Index:3548 	 City_Num:50 	 Concorde:0.059247 	 MCTS:5.959497 Improve:-0.034761 	 Time:5.00 Seconds
Solution: 1 49 20 36 3 43 24 8 21 12 5 48 30 31 35 6 7 41 15 18 33 39 2 16 23 19 32 22 45 14 47 10 40 44 38 26 17 25 9 37 46 34 13 11 28 27 4 42 29 50 

Inst_Index:3549 	 City_Num:50 	 Concorde:0.053896 	 MCTS:5.389606 Improve:0.000000 	 Time:5.00 Seconds
Solution: 1 20 22 14 27 12 38 45 6 8 48 26 23 19 2 41 39 50 10 29 7 44 25 37 4 33 42 28 43 3 9 31 21 40 24 32 11 17 47 46 16 35 5 13 49 15 18 30 36 34 

Inst_Index:3550 	 City_Num:50 	 Concorde:0.054826 	 MCTS:5.482466 Improve:0.000165 	 Time:5.00 Seconds
Solution: 1 30 16 11 36 28 19 34 24 49 6 47 41 29 21 20 32 38 25 10 22 3 4 5 18 35 15 8 2 27 37 42 13 31 46 7 40 50 12 44 9 17 39 48 26 14 33 43 23 45 

Inst_Index:3551 	 City_Num:50 	 Concorde:0.055152 	 MCTS:5.515166 Improve:-0.000000 	 Time:5.00 Seconds
Solution: 1 39 38 22 13 12 24 20 43 14 17 32 37 16 15 5 7 50 44 8 3 42 6 35 41 30 46 48 11 45 25 28 4 34 47 21 9 31 2 26 10 18 27 40 33 29 23 19 49 36 

Inst_Index:3552 	 City_Num:50 	 Concorde:0.054576 	 MCTS:5.457644 Improve:-0.000000 	 Time:5.00 Seconds
Solution: 1 20 27 5 13 41 8 17 19 15 38 2 40 46 49 45 48 30 18 29 37 21 33 36 47 25 44 31 32 39 26 24 34 10 11 42 4 23 6 16 43 12 3 7 14 22 35 50 9 28 

Inst_Index:3553 	 City_Num:50 	 Concorde:0.054328 	 MCTS:5.430993 Improve:0.001774 	 Time:5.00 Seconds
Solution: 1 36 31 50 24 42 33 26 19 38 49 10 40 45 23 37 47 43 8 27 12 34 22 18 21 20 29 35 25 5 15 48 3 7 16 9 46 41 14 39 44 28 30 11 17 13 32 4 6 2 

Inst_Index:3554 	 City_Num:50 	 Concorde:0.055046 	 MCTS:5.504629 Improve:0.000000 	 Time:5.00 Seconds
Solution: 1 14 40 16 36 24 26 32 21 38 41 9 34 20 35 37 12 49 15 25 33 10 50 19 11 18 31 7 8 6 48 42 22 47 5 3 27 43 45 2 4 17 44 23 39 13 30 29 46 28 

Inst_Index:3555 	 City_Num:50 	 Concorde:0.059329 	 MCTS:5.932936 Improve:0.000000 	 Time:5.00 Seconds
Solution: 1 13 35 45 47 12 15 14 48 11 24 6 37 32 43 40 30 36 26 17 29 25 8 7 9 3 46 10 39 34 18 22 28 20 27 23 49 33 21 38 31 41 44 42 19 2 4 50 16 5 

Inst_Index:3556 	 City_Num:50 	 Concorde:0.056242 	 MCTS:5.624159 Improve:-0.000000 	 Time:5.00 Seconds
Solution: 1 43 10 11 5 25 29 14 38 26 7 22 9 6 31 45 27 28 48 18 39 3 16 17 4 46 42 41 13 50 19 8 2 33 32 20 24 37 49 21 40 23 47 15 30 12 35 34 36 44 

Inst_Index:3557 	 City_Num:50 	 Concorde:0.058149 	 MCTS:5.812409 Improve:0.002462 	 Time:5.00 Seconds
Solution: 1 5 15 48 31 12 34 6 21 8 46 18 32 29 42 36 17 27 3 47 50 40 11 24 30 28 16 14 49 19 23 43 35 37 13 2 22 4 45 25 33 7 38 9 44 41 26 10 39 20 

Inst_Index:3558 	 City_Num:50 	 Concorde:0.056421 	 MCTS:5.642059 Improve:-0.000000 	 Time:5.00 Seconds
Solution: 1 17 32 42 37 19 16 41 48 9 34 25 15 3 45 47 35 36 38 23 43 14 27 21 12 31 33 44 11 26 4 22 49 40 6 13 24 20 46 50 28 39 30 10 8 2 29 7 18 5 

Inst_Index:3559 	 City_Num:50 	 Concorde:0.058577 	 MCTS:5.857690 Improve:-0.000000 	 Time:5.00 Seconds
Solution: 1 20 25 15 5 29 11 32 21 39 13 49 36 16 38 44 45 46 37 34 23 2 42 28 19 12 9 40 27 30 17 18 24 6 50 7 14 26 10 47 43 8 48 4 41 3 22 31 33 35 

Inst_Index:3560 	 City_Num:50 	 Concorde:0.056903 	 MCTS:5.690285 Improve:0.000000 	 Time:5.00 Seconds
Solution: 1 45 9 5 37 22 2 3 17 44 39 26 19 27 6 41 48 15 18 16 13 33 38 10 4 23 34 25 43 28 8 30 50 29 40 24 21 47 20 42 46 7 49 31 36 11 12 32 35 14 

Inst_Index:3561 	 City_Num:50 	 Concorde:0.056240 	 MCTS:5.624017 Improve:0.000000 	 Time:5.01 Seconds
Solution: 1 40 35 27 21 11 36 25 6 4 28 37 17 32 19 47 50 30 42 43 9 44 18 23 34 26 14 48 8 39 33 12 29 22 2 49 24 45 41 3 20 7 31 13 46 15 16 5 10 38 

Inst_Index:3562 	 City_Num:50 	 Concorde:0.059424 	 MCTS:5.942391 Improve:-0.000000 	 Time:5.01 Seconds
Solution: 1 34 43 50 15 29 24 32 22 41 37 45 36 42 17 27 9 31 13 7 23 40 48 38 46 16 3 8 49 2 18 4 21 25 30 20 6 47 33 19 11 10 35 39 28 26 44 12 14 5 

Inst_Index:3563 	 City_Num:50 	 Concorde:0.056142 	 MCTS:5.614236 Improve:0.000000 	 Time:5.00 Seconds
Solution: 1 30 26 3 43 7 8 42 25 23 16 9 11 48 33 12 49 13 50 22 15 27 17 39 34 19 24 47 46 36 40 29 6 5 20 38 41 28 21 2 35 45 37 10 18 44 31 32 4 14 

Inst_Index:3564 	 City_Num:50 	 Concorde:0.049061 	 MCTS:4.906106 Improve:-0.000000 	 Time:5.00 Seconds
Solution: 1 40 14 31 34 49 20 44 2 15 50 27 43 33 37 36 25 26 10 47 13 18 16 45 23 35 17 9 12 28 5 41 21 29 48 39 38 24 7 3 32 30 8 46 22 6 42 11 4 19 

Inst_Index:3565 	 City_Num:50 	 Concorde:0.054263 	 MCTS:5.426277 Improve:0.000000 	 Time:5.00 Seconds
Solution: 1 14 3 33 10 50 30 34 27 31 6 49 17 12 15 44 22 16 25 46 26 28 13 8 47 7 18 43 36 38 29 21 35 42 20 24 9 37 23 39 41 40 48 4 45 5 2 19 32 11 

Inst_Index:3566 	 City_Num:50 	 Concorde:0.057013 	 MCTS:5.722966 Improve:-0.021683 	 Time:5.00 Seconds
Solution: 1 3 16 50 36 43 39 10 35 42 26 49 37 38 29 17 21 47 28 18 12 13 27 4 15 46 24 6 11 34 20 22 23 41 48 40 8 45 2 31 14 7 44 5 30 33 25 32 9 19 

Inst_Index:3567 	 City_Num:50 	 Concorde:0.062262 	 MCTS:6.224431 Improve:0.001804 	 Time:5.00 Seconds
Solution: 1 14 41 18 35 17 44 37 31 38 16 32 12 26 19 8 28 10 22 48 33 49 34 6 43 30 5 27 4 21 39 47 7 2 15 36 42 23 29 40 25 46 50 11 20 3 24 9 45 13 

Inst_Index:3568 	 City_Num:50 	 Concorde:0.057739 	 MCTS:5.773876 Improve:-0.000000 	 Time:5.00 Seconds
Solution: 1 21 43 48 10 35 7 18 12 24 27 38 34 17 2 5 26 44 16 31 9 13 19 32 3 29 39 23 46 20 41 14 28 8 50 25 15 47 37 22 33 30 49 45 11 36 40 4 6 42 

Inst_Index:3569 	 City_Num:50 	 Concorde:0.055329 	 MCTS:5.528554 Improve:0.004376 	 Time:5.00 Seconds
Solution: 1 40 42 38 9 39 2 7 49 14 15 19 37 30 25 47 21 3 41 20 18 36 45 8 17 48 5 43 6 27 32 31 16 4 24 44 11 34 13 28 10 46 22 26 33 29 12 23 35 50 

Inst_Index:3570 	 City_Num:50 	 Concorde:0.052635 	 MCTS:5.258990 Improve:0.004497 	 Time:5.00 Seconds
Solution: 1 16 33 4 11 24 26 15 42 25 8 48 43 12 23 20 10 46 18 45 34 36 13 41 17 29 19 28 9 44 38 32 35 49 37 31 5 21 30 14 3 2 6 40 22 7 27 50 39 47 

Inst_Index:3571 	 City_Num:50 	 Concorde:0.054682 	 MCTS:5.468163 Improve:-0.000000 	 Time:5.00 Seconds
Solution: 1 17 14 43 16 12 10 25 5 13 28 11 37 9 45 15 48 23 26 6 32 50 7 3 27 21 38 42 30 8 49 46 39 29 36 20 22 40 44 4 19 47 31 2 41 34 18 35 33 24 

Inst_Index:3572 	 City_Num:50 	 Concorde:0.055363 	 MCTS:5.535850 Improve:0.000441 	 Time:5.00 Seconds
Solution: 1 35 18 24 46 26 8 10 25 33 38 17 44 40 32 30 37 16 50 14 43 9 19 4 21 5 36 7 2 13 22 15 6 48 45 3 47 49 11 31 42 39 27 23 34 20 12 28 29 41 

Inst_Index:3573 	 City_Num:50 	 Concorde:0.057609 	 MCTS:5.760934 Improve:-0.000000 	 Time:5.00 Seconds
Solution: 1 46 20 42 31 49 45 10 5 50 30 2 9 24 38 47 27 7 33 36 44 21 4 37 26 3 32 28 19 25 13 39 22 17 14 6 48 41 11 12 15 16 35 29 40 18 34 8 23 43 

Inst_Index:3574 	 City_Num:50 	 Concorde:0.052616 	 MCTS:5.261627 Improve:0.000000 	 Time:5.00 Seconds
Solution: 1 47 2 37 21 5 25 42 35 32 34 29 38 27 23 22 44 10 46 4 24 41 48 39 16 6 43 3 40 20 17 31 13 26 7 12 49 11 8 28 18 30 33 14 15 45 36 50 19 9 

Inst_Index:3575 	 City_Num:50 	 Concorde:0.056219 	 MCTS:5.619381 Improve:0.002532 	 Time:5.00 Seconds
Solution: 1 46 33 4 10 7 25 39 19 21 47 17 16 45 42 40 36 49 32 6 26 3 43 18 11 50 27 14 41 23 28 30 22 48 9 15 31 38 20 24 13 44 37 35 8 2 29 5 12 34 

Inst_Index:3576 	 City_Num:50 	 Concorde:0.054522 	 MCTS:5.452177 Improve:-0.000000 	 Time:5.00 Seconds
Solution: 1 38 24 20 8 27 18 45 34 11 25 46 43 19 47 49 31 3 28 7 12 10 13 50 15 36 32 33 5 35 39 2 16 22 41 37 17 40 21 4 26 23 14 9 48 44 29 30 6 42 

Inst_Index:3577 	 City_Num:50 	 Concorde:0.059644 	 MCTS:5.964445 Improve:-0.000000 	 Time:5.00 Seconds
Solution: 1 15 8 37 35 47 50 48 46 29 22 2 12 26 19 34 6 11 21 4 5 23 7 16 10 24 49 25 28 33 17 31 39 13 20 41 32 27 45 9 18 36 44 30 14 3 42 38 40 43 

Inst_Index:3578 	 City_Num:50 	 Concorde:0.059704 	 MCTS:5.984900 Improve:-0.014474 	 Time:5.00 Seconds
Solution: 1 31 41 45 16 17 10 38 7 20 46 24 42 32 33 13 35 40 14 5 29 6 9 36 15 11 28 37 39 19 21 18 30 48 44 50 22 23 26 47 27 49 43 4 12 25 3 34 2 8 

Inst_Index:3579 	 City_Num:50 	 Concorde:0.061650 	 MCTS:6.158107 Improve:0.006910 	 Time:5.00 Seconds
Solution: 1 33 35 17 18 3 30 14 26 44 38 39 21 50 25 27 32 10 47 2 42 6 28 23 5 40 13 43 36 45 29 46 19 12 11 31 15 49 22 34 8 37 9 4 41 7 20 48 16 24 

Inst_Index:3580 	 City_Num:50 	 Concorde:0.058669 	 MCTS:5.855963 Improve:0.010897 	 Time:5.00 Seconds
Solution: 1 33 29 6 19 20 16 28 45 4 12 32 27 26 48 24 11 8 15 22 9 18 44 21 30 43 47 50 42 3 46 39 14 40 2 5 38 25 37 10 23 17 13 34 7 41 49 31 35 36 

Inst_Index:3581 	 City_Num:50 	 Concorde:0.060807 	 MCTS:6.070477 Improve:0.010257 	 Time:5.00 Seconds
Solution: 1 47 12 25 40 15 41 46 44 11 2 49 27 38 45 16 7 23 3 4 10 26 6 37 29 24 50 33 8 48 30 34 14 43 18 13 17 21 22 28 31 20 9 32 19 42 35 5 36 39 

Inst_Index:3582 	 City_Num:50 	 Concorde:0.059217 	 MCTS:5.914253 Improve:0.007404 	 Time:5.01 Seconds
Solution: 1 50 39 22 3 34 48 44 47 40 5 9 49 35 16 11 6 31 27 21 36 41 46 17 8 29 30 33 25 7 10 19 2 45 24 4 23 13 37 32 18 14 43 15 28 12 38 20 42 26 

Inst_Index:3583 	 City_Num:50 	 Concorde:0.053094 	 MCTS:5.309367 Improve:0.000000 	 Time:5.00 Seconds
Solution: 1 29 31 43 49 13 10 40 12 50 6 46 28 22 8 27 25 36 7 41 37 19 14 18 2 35 3 42 44 38 45 47 30 15 20 24 33 26 11 32 9 23 48 4 16 21 17 5 34 39 

Inst_Index:3584 	 City_Num:50 	 Concorde:0.059273 	 MCTS:5.925077 Improve:0.002240 	 Time:5.00 Seconds
Solution: 1 48 44 10 25 37 50 15 5 49 40 3 38 6 17 45 46 27 43 31 19 11 42 14 7 9 34 13 2 28 8 41 36 47 16 23 26 35 20 12 4 24 30 33 29 21 22 32 39 18 

Inst_Index:3585 	 City_Num:50 	 Concorde:0.053392 	 MCTS:5.336506 Improve:0.002654 	 Time:5.00 Seconds
Solution: 1 21 12 10 19 37 36 31 44 30 9 48 5 16 29 34 14 4 40 6 2 45 25 38 43 28 33 46 13 47 20 42 11 3 8 27 24 17 39 23 50 15 7 26 22 49 35 41 32 18 

Inst_Index:3586 	 City_Num:50 	 Concorde:0.056477 	 MCTS:5.647670 Improve:0.000000 	 Time:5.00 Seconds
Solution: 1 28 43 27 45 11 36 2 16 12 15 5 21 38 48 32 37 40 3 35 9 14 22 8 19 20 7 18 23 34 46 4 49 50 30 41 44 25 17 6 42 24 33 47 29 10 26 39 13 31 

Inst_Index:3587 	 City_Num:50 	 Concorde:0.055576 	 MCTS:5.557575 Improve:0.000000 	 Time:5.00 Seconds
Solution: 1 29 32 6 36 49 27 40 46 33 41 45 25 42 20 19 5 21 26 12 50 10 3 28 9 18 30 47 39 16 31 2 35 11 44 34 43 15 13 37 48 7 24 8 22 38 14 23 4 17 

Inst_Index:3588 	 City_Num:50 	 Concorde:0.054559 	 MCTS:5.453192 Improve:0.002672 	 Time:5.00 Seconds
Solution: 1 27 12 48 11 9 50 20 44 23 5 6 15 19 10 47 42 31 36 8 18 35 49 24 16 7 29 38 26 34 46 17 33 22 2 41 21 39 13 30 37 25 28 45 14 40 43 3 4 32 

Inst_Index:3589 	 City_Num:50 	 Concorde:0.053638 	 MCTS:5.363682 Improve:0.000094 	 Time:5.00 Seconds
Solution: 1 50 10 38 5 48 46 31 12 14 39 7 36 18 24 47 44 32 45 43 49 13 37 2 20 26 4 22 35 34 41 30 28 25 33 8 27 3 21 15 42 19 9 40 29 16 17 6 11 23 

Inst_Index:3590 	 City_Num:50 	 Concorde:0.056583 	 MCTS:5.654981 Improve:0.003296 	 Time:5.00 Seconds
Solution: 1 44 30 24 38 4 37 12 16 15 10 25 50 11 20 40 42 5 7 34 9 19 35 45 27 17 29 23 43 21 32 2 41 8 39 47 22 26 14 18 13 49 36 33 48 3 6 31 46 28 

Inst_Index:3591 	 City_Num:50 	 Concorde:0.060246 	 MCTS:6.024626 Improve:0.000000 	 Time:5.00 Seconds
Solution: 1 46 36 16 19 23 11 14 42 20 47 13 24 44 31 5 3 33 26 30 25 37 38 29 8 39 27 48 28 9 50 32 21 22 18 4 43 2 49 7 17 6 40 45 12 41 10 35 34 15 

Inst_Index:3592 	 City_Num:50 	 Concorde:0.057167 	 MCTS:5.715496 Improve:0.001171 	 Time:5.01 Seconds
Solution: 1 48 20 46 42 11 14 10 33 39 50 37 13 47 8 6 22 30 7 34 15 16 12 3 4 18 43 28 27 32 2 5 17 21 49 45 35 24 26 38 40 19 23 44 29 36 31 9 41 25 

Inst_Index:3593 	 City_Num:50 	 Concorde:0.058977 	 MCTS:5.897693 Improve:0.000000 	 Time:5.00 Seconds
Solution: 1 7 47 33 32 10 48 2 13 41 34 24 16 49 21 29 26 42 4 15 18 31 27 44 9 43 19 3 50 12 40 5 14 6 22 8 46 45 23 35 28 25 39 17 20 30 38 11 36 37 

Inst_Index:3594 	 City_Num:50 	 Concorde:0.054228 	 MCTS:5.414409 Improve:0.008386 	 Time:5.00 Seconds
Solution: 1 38 29 41 10 40 3 37 27 4 50 35 19 28 42 8 11 22 18 6 49 25 12 47 14 2 48 36 17 26 15 44 16 39 21 30 23 5 43 34 31 7 33 9 20 24 13 32 46 45 

Inst_Index:3595 	 City_Num:50 	 Concorde:0.054766 	 MCTS:5.476643 Improve:-0.000000 	 Time:5.00 Seconds
Solution: 1 44 24 43 21 15 4 9 41 50 39 33 28 19 7 32 37 42 30 8 35 5 18 29 47 6 25 23 14 11 20 17 26 3 10 36 12 31 49 22 27 45 46 16 13 38 2 48 34 40 

Inst_Index:3596 	 City_Num:50 	 Concorde:0.048350 	 MCTS:4.832793 Improve:0.002157 	 Time:5.00 Seconds
Solution: 1 5 10 11 43 45 40 36 37 15 18 7 26 2 17 44 42 8 14 27 47 21 20 28 16 38 39 49 4 41 50 23 35 3 9 30 29 48 32 19 24 34 31 46 6 13 12 25 22 33 

Inst_Index:3597 	 City_Num:50 	 Concorde:0.058858 	 MCTS:5.885770 Improve:0.000000 	 Time:5.01 Seconds
Solution: 1 50 22 42 29 19 4 10 21 8 36 32 2 14 44 33 30 39 23 9 20 40 37 49 38 7 41 24 48 28 46 18 17 47 11 25 31 6 12 43 35 26 13 3 5 45 15 34 16 27 

Inst_Index:3598 	 City_Num:50 	 Concorde:0.055794 	 MCTS:5.578463 Improve:0.000965 	 Time:5.00 Seconds
Solution: 1 19 14 12 36 49 15 8 30 20 43 3 22 29 48 40 35 4 10 25 17 5 38 44 50 16 9 13 2 32 34 7 39 23 28 37 18 21 31 42 41 11 27 6 33 46 24 45 47 26 

Inst_Index:3599 	 City_Num:50 	 Concorde:0.054628 	 MCTS:5.457376 Improve:0.005420 	 Time:5.00 Seconds
Solution: 1 2 35 28 49 11 46 4 24 31 48 41 10 33 5 32 9 6 17 15 8 34 25 27 42 14 47 44 12 30 7 37 36 45 29 50 21 23 40 26 16 3 19 18 22 13 38 39 43 20 

Inst_Index:3600 	 City_Num:50 	 Concorde:0.055046 	 MCTS:5.504558 Improve:-0.000000 	 Time:5.00 Seconds
Solution: 1 45 25 30 41 24 17 15 6 27 37 10 19 49 28 3 23 4 40 38 31 13 18 20 7 26 44 43 42 2 21 12 29 11 8 50 32 5 14 16 36 9 22 39 47 33 34 46 35 48 

Inst_Index:3601 	 City_Num:50 	 Concorde:0.055497 	 MCTS:5.549311 Improve:0.000414 	 Time:5.00 Seconds
Solution: 1 15 26 14 3 27 47 8 48 42 2 21 50 23 18 35 6 38 4 29 5 39 9 37 7 28 19 12 13 41 43 22 44 31 30 46 36 40 17 11 25 34 33 16 45 24 49 32 20 10 

Inst_Index:3602 	 City_Num:50 	 Concorde:0.052940 	 MCTS:5.292097 Improve:0.001915 	 Time:5.01 Seconds
Solution: 1 34 25 37 23 29 21 49 46 42 26 15 38 45 13 39 22 48 16 12 36 35 7 6 31 14 43 24 30 2 41 28 8 19 9 20 3 17 32 10 11 44 18 47 33 40 4 5 27 50 

Inst_Index:3603 	 City_Num:50 	 Concorde:0.055631 	 MCTS:5.563106 Improve:0.000000 	 Time:5.00 Seconds
Solution: 1 4 31 35 46 18 13 29 36 24 16 43 14 2 47 3 37 12 45 10 34 23 6 49 48 7 27 32 22 19 9 40 21 50 41 44 17 11 15 42 30 28 33 38 25 5 26 8 20 39 

Inst_Index:3604 	 City_Num:50 	 Concorde:0.055877 	 MCTS:5.587726 Improve:-0.000000 	 Time:5.00 Seconds
Solution: 1 36 49 28 42 23 31 47 15 14 39 30 41 26 13 10 9 27 19 16 18 35 5 4 29 3 34 7 6 46 38 33 17 40 12 44 50 25 8 45 37 21 2 22 48 24 20 32 43 11 

Inst_Index:3605 	 City_Num:50 	 Concorde:0.057515 	 MCTS:5.751524 Improve:-0.000000 	 Time:5.00 Seconds
Solution: 1 3 39 6 47 16 37 35 46 49 22 43 30 29 32 45 25 44 9 7 19 41 2 31 15 20 17 48 42 5 27 24 11 38 34 8 4 10 50 23 14 12 18 28 40 36 21 26 13 33 

Inst_Index:3606 	 City_Num:50 	 Concorde:0.056024 	 MCTS:5.602365 Improve:0.000000 	 Time:5.01 Seconds
Solution: 1 49 4 10 19 29 43 37 8 35 46 38 23 6 31 15 14 28 33 18 32 5 22 13 45 21 50 26 16 20 12 48 39 47 7 44 9 24 41 3 34 30 42 11 40 36 27 25 17 2 

Inst_Index:3607 	 City_Num:50 	 Concorde:0.060049 	 MCTS:6.004932 Improve:0.000000 	 Time:5.00 Seconds
Solution: 1 26 11 37 8 40 47 36 30 27 45 21 16 34 12 49 19 39 14 32 29 41 13 35 6 44 10 20 48 28 24 4 42 9 23 50 33 5 18 22 38 15 31 7 3 43 17 25 2 46 

Inst_Index:3608 	 City_Num:50 	 Concorde:0.057039 	 MCTS:5.703630 Improve:0.000303 	 Time:5.01 Seconds
Solution: 1 10 27 34 14 42 25 21 35 8 33 46 36 47 32 15 43 9 3 11 6 41 30 12 24 26 29 18 17 45 7 13 38 23 19 5 40 37 20 44 22 48 50 16 49 28 39 2 4 31 

Inst_Index:3609 	 City_Num:50 	 Concorde:0.055968 	 MCTS:5.596022 Improve:0.000799 	 Time:5.00 Seconds
Solution: 1 48 21 24 8 36 14 18 26 28 12 11 13 41 32 38 9 50 17 47 19 35 23 42 7 20 15 33 37 3 40 4 10 31 22 27 46 5 29 6 43 45 44 30 39 25 49 2 34 16 

Inst_Index:3610 	 City_Num:50 	 Concorde:0.052510 	 MCTS:5.251000 Improve:-0.000000 	 Time:5.00 Seconds
Solution: 1 31 38 7 24 23 19 22 44 4 43 37 25 29 5 3 42 26 16 14 10 17 21 13 45 40 39 36 30 32 2 18 41 8 15 12 48 11 35 27 49 34 28 9 47 50 33 6 20 46 

Inst_Index:3611 	 City_Num:50 	 Concorde:0.060600 	 MCTS:6.054391 Improve:0.005568 	 Time:5.01 Seconds
Solution: 1 47 12 11 2 30 5 16 23 24 22 33 43 20 38 4 31 42 32 40 3 15 41 34 25 49 26 36 28 37 46 27 13 48 35 44 6 14 17 19 9 45 39 8 50 10 18 7 21 29 

Inst_Index:3612 	 City_Num:50 	 Concorde:0.055636 	 MCTS:5.563596 Improve:0.000000 	 Time:5.01 Seconds
Solution: 1 13 37 38 41 50 4 34 35 39 29 31 8 27 12 33 14 32 18 7 17 23 26 40 20 11 49 3 44 21 46 6 15 42 24 30 43 47 2 28 19 9 25 16 36 10 48 22 5 45 

Inst_Index:3613 	 City_Num:50 	 Concorde:0.056755 	 MCTS:5.675455 Improve:-0.000000 	 Time:5.01 Seconds
Solution: 1 29 39 42 38 30 24 21 37 18 12 48 49 27 4 22 35 44 20 34 50 9 31 43 10 40 16 28 19 5 41 46 17 14 33 23 32 7 26 11 3 25 47 13 45 6 8 15 2 36 

Inst_Index:3614 	 City_Num:50 	 Concorde:0.051948 	 MCTS:5.194764 Improve:0.000000 	 Time:5.00 Seconds
Solution: 1 33 47 2 19 11 4 32 37 49 50 20 39 27 23 9 31 22 7 16 17 5 10 12 21 29 25 36 38 44 26 40 8 14 35 28 15 24 42 41 18 6 13 46 48 30 45 43 3 34 

Inst_Index:3615 	 City_Num:50 	 Concorde:0.053098 	 MCTS:5.307066 Improve:0.002726 	 Time:5.01 Seconds
Solution: 1 14 9 20 34 19 33 18 16 7 43 26 39 17 29 28 22 38 49 12 21 40 32 37 13 50 23 10 8 45 31 41 48 36 2 46 35 27 3 5 11 30 25 47 24 6 42 44 15 4 

Inst_Index:3616 	 City_Num:50 	 Concorde:0.056362 	 MCTS:5.636196 Improve:0.000000 	 Time:5.00 Seconds
Solution: 1 46 26 30 25 28 50 37 8 7 10 16 40 24 34 11 3 13 15 47 9 43 18 32 38 42 41 27 31 6 12 4 2 44 35 33 5 22 17 14 36 23 21 39 20 48 29 49 45 19 

Inst_Index:3617 	 City_Num:50 	 Concorde:0.055080 	 MCTS:5.508048 Improve:0.000000 	 Time:5.00 Seconds
Solution: 1 3 44 45 27 46 43 39 12 22 14 18 20 33 15 11 47 25 29 17 42 28 35 32 10 2 37 4 6 5 7 13 23 24 40 49 9 48 41 16 21 26 19 36 30 8 34 31 50 38 

Inst_Index:3618 	 City_Num:50 	 Concorde:0.055878 	 MCTS:5.587810 Improve:-0.000000 	 Time:5.00 Seconds
Solution: 1 7 4 26 46 33 25 8 22 28 37 9 19 11 18 27 13 2 23 38 49 3 32 15 10 43 48 16 6 41 45 42 30 47 24 31 5 17 50 20 29 35 21 40 34 44 36 12 39 14 

Inst_Index:3619 	 City_Num:50 	 Concorde:0.056206 	 MCTS:5.617022 Improve:0.003582 	 Time:5.00 Seconds
Solution: 1 43 20 29 3 10 4 41 17 16 15 39 35 42 18 47 32 28 8 33 34 26 50 6 13 40 45 48 5 36 9 2 46 12 22 11 44 23 30 25 31 14 7 21 27 24 38 49 19 37 

Inst_Index:3620 	 City_Num:50 	 Concorde:0.053423 	 MCTS:5.342260 Improve:-0.000000 	 Time:5.00 Seconds
Solution: 1 18 30 24 41 45 36 43 28 37 5 26 27 50 42 14 47 23 48 29 20 8 2 34 11 39 49 13 21 33 6 12 32 3 16 31 35 46 15 19 17 38 25 44 4 10 7 40 9 22 

Inst_Index:3621 	 City_Num:50 	 Concorde:0.056808 	 MCTS:5.680831 Improve:0.000000 	 Time:5.00 Seconds
Solution: 1 8 34 25 35 42 15 43 21 19 13 2 37 27 23 45 14 49 41 22 46 3 48 29 5 10 24 7 17 31 20 33 4 44 38 47 9 30 12 40 50 36 28 32 6 11 16 39 26 18 

Inst_Index:3622 	 City_Num:50 	 Concorde:0.052833 	 MCTS:5.283276 Improve:0.000000 	 Time:5.00 Seconds
Solution: 1 24 17 36 16 42 7 15 10 37 11 19 27 31 45 14 28 12 41 30 4 22 18 6 26 44 48 43 29 35 39 32 2 46 23 34 20 13 49 38 3 25 47 5 8 33 21 9 40 50 

Inst_Index:3623 	 City_Num:50 	 Concorde:0.057042 	 MCTS:5.704181 Improve:-0.000000 	 Time:5.00 Seconds
Solution: 1 35 30 45 5 48 46 6 9 25 21 8 24 47 13 2 20 22 3 15 19 34 17 23 7 31 36 14 40 50 38 33 44 29 41 12 28 26 49 42 27 39 16 18 43 4 37 11 10 32 

Inst_Index:3624 	 City_Num:50 	 Concorde:0.058959 	 MCTS:5.895891 Improve:0.000000 	 Time:5.01 Seconds
Solution: 1 24 2 4 39 35 36 16 23 33 45 41 37 22 20 30 49 38 43 7 21 31 6 44 14 34 15 42 32 40 8 5 27 17 18 13 26 19 25 3 11 46 50 47 12 48 29 9 28 10 

Inst_Index:3625 	 City_Num:50 	 Concorde:0.059305 	 MCTS:5.930461 Improve:0.000000 	 Time:5.00 Seconds
Solution: 1 47 36 32 30 38 8 40 17 46 11 5 7 19 42 50 16 26 39 27 24 22 49 6 12 44 20 21 13 37 10 23 4 35 15 41 31 18 9 28 43 48 33 34 29 2 14 25 3 45 

Inst_Index:3626 	 City_Num:50 	 Concorde:0.059457 	 MCTS:5.945696 Improve:0.000000 	 Time:5.01 Seconds
Solution: 1 33 30 19 20 22 34 28 8 38 14 39 36 45 12 27 16 50 40 32 15 31 18 6 29 24 42 41 5 23 4 9 47 10 3 46 13 49 21 11 43 7 35 48 44 17 2 25 37 26 

Inst_Index:3627 	 City_Num:50 	 Concorde:0.055626 	 MCTS:5.561889 Improve:0.000760 	 Time:5.01 Seconds
Solution: 1 21 6 23 41 20 38 47 5 25 35 24 9 22 31 45 26 2 36 30 16 13 15 3 14 19 29 33 48 50 17 34 12 27 7 11 37 28 44 8 10 32 43 42 39 40 4 49 18 46 

Inst_Index:3628 	 City_Num:50 	 Concorde:0.057655 	 MCTS:5.763136 Improve:0.002396 	 Time:5.01 Seconds
Solution: 1 27 8 40 38 15 45 43 36 44 37 7 48 35 5 21 6 41 16 50 49 13 23 20 19 33 2 46 30 22 3 32 42 28 34 14 12 47 18 39 29 17 24 4 11 31 26 10 25 9 

Inst_Index:3629 	 City_Num:50 	 Concorde:0.058562 	 MCTS:5.856156 Improve:-0.000000 	 Time:5.01 Seconds
Solution: 1 46 29 16 21 25 5 35 18 39 41 33 45 42 34 26 43 50 32 11 28 44 9 36 19 49 20 17 8 40 27 4 31 6 38 24 23 13 3 2 48 30 47 10 22 37 15 12 7 14 

Inst_Index:3630 	 City_Num:50 	 Concorde:0.061197 	 MCTS:6.115124 Improve:0.004613 	 Time:5.00 Seconds
Solution: 1 17 16 8 14 39 35 5 13 50 26 28 34 30 24 36 21 3 27 46 2 31 22 33 38 44 19 37 12 20 15 10 4 29 23 48 18 47 32 45 42 6 43 49 11 25 40 7 9 41 

Inst_Index:3631 	 City_Num:50 	 Concorde:0.059157 	 MCTS:5.915710 Improve:-0.000000 	 Time:5.00 Seconds
Solution: 1 35 9 5 11 3 28 44 23 33 14 12 27 36 4 10 7 16 40 42 13 47 22 24 17 2 8 15 45 38 32 41 26 18 34 31 49 19 50 21 25 48 37 46 6 43 30 20 29 39 

Inst_Index:3632 	 City_Num:50 	 Concorde:0.051399 	 MCTS:5.139947 Improve:0.000000 	 Time:5.00 Seconds
Solution: 1 43 10 25 17 26 16 31 8 49 42 37 32 13 48 11 27 29 38 33 2 45 44 23 15 24 28 14 18 4 21 36 12 39 19 6 22 5 47 40 41 30 3 50 20 7 35 9 34 46 

Inst_Index:3633 	 City_Num:50 	 Concorde:0.058622 	 MCTS:5.862202 Improve:-0.000000 	 Time:5.00 Seconds
Solution: 1 17 27 29 7 38 41 47 3 18 46 34 16 14 8 48 5 45 24 36 10 23 13 49 40 21 26 33 44 37 35 32 19 4 9 15 22 2 43 31 39 20 25 11 30 6 28 12 50 42 

Inst_Index:3634 	 City_Num:50 	 Concorde:0.056263 	 MCTS:5.626250 Improve:0.000000 	 Time:5.00 Seconds
Solution: 1 40 34 37 8 41 10 47 33 4 14 9 48 25 29 16 45 7 22 44 32 19 2 42 28 49 38 21 43 15 12 5 50 20 36 46 27 39 24 23 11 3 6 35 13 26 30 18 17 31 

Inst_Index:3635 	 City_Num:50 	 Concorde:0.053925 	 MCTS:5.390954 Improve:0.001528 	 Time:5.00 Seconds
Solution: 1 27 40 4 26 14 6 10 23 2 42 24 39 7 36 29 34 47 18 17 12 21 3 31 30 16 41 35 15 45 25 32 44 46 9 48 28 19 22 50 20 43 8 49 37 38 11 13 33 5 

Inst_Index:3636 	 City_Num:50 	 Concorde:0.060346 	 MCTS:6.033988 Improve:0.000588 	 Time:5.01 Seconds
Solution: 1 5 18 2 48 47 3 43 37 20 26 29 31 25 35 50 13 42 14 45 30 9 6 22 40 34 33 11 15 38 17 39 10 36 19 32 16 4 44 23 27 7 24 28 46 41 49 8 12 21 

Inst_Index:3637 	 City_Num:50 	 Concorde:0.055570 	 MCTS:5.554106 Improve:0.002862 	 Time:5.00 Seconds
Solution: 1 35 19 45 3 37 29 2 49 43 12 21 46 13 25 10 7 15 24 14 48 20 44 50 42 31 41 8 26 47 16 33 28 11 32 22 38 39 36 17 30 27 40 9 4 23 6 5 18 34 

Inst_Index:3638 	 City_Num:50 	 Concorde:0.055521 	 MCTS:5.549785 Improve:0.002326 	 Time:5.00 Seconds
Solution: 1 26 42 50 37 28 12 30 31 13 45 17 23 18 5 24 22 11 19 49 44 6 3 9 10 36 40 21 8 33 43 46 2 41 25 34 14 47 16 38 39 32 7 20 15 48 27 29 35 4 

Inst_Index:3639 	 City_Num:50 	 Concorde:0.052926 	 MCTS:5.285555 Improve:0.007075 	 Time:5.01 Seconds
Solution: 1 4 11 17 27 25 29 44 40 45 7 32 48 20 28 43 26 12 19 49 24 46 18 9 2 50 22 23 6 13 5 10 38 15 39 8 31 14 30 36 3 42 21 33 41 37 47 34 35 16 

Inst_Index:3640 	 City_Num:50 	 Concorde:0.056256 	 MCTS:5.625648 Improve:-0.000000 	 Time:5.01 Seconds
Solution: 1 29 19 39 17 27 38 25 15 31 13 47 43 32 34 22 35 49 9 21 28 2 37 48 30 46 42 44 8 4 6 23 20 12 11 36 41 24 10 33 40 3 18 45 7 16 14 26 5 50 

Inst_Index:3641 	 City_Num:50 	 Concorde:0.059343 	 MCTS:5.934326 Improve:0.000000 	 Time:5.00 Seconds
Solution: 1 25 37 3 24 47 8 43 35 19 18 36 2 15 44 22 39 45 13 9 38 11 32 41 6 27 5 26 40 28 14 12 21 7 30 42 16 46 10 50 33 48 23 31 4 29 49 20 17 34 

Inst_Index:3642 	 City_Num:50 	 Concorde:0.056596 	 MCTS:5.659650 Improve:-0.000000 	 Time:5.00 Seconds
Solution: 1 29 34 30 26 40 15 14 6 19 5 31 27 46 49 24 11 4 45 23 50 25 32 16 8 39 10 35 3 37 33 47 9 2 21 12 41 36 7 42 28 17 38 22 43 44 18 20 48 13 

Inst_Index:3643 	 City_Num:50 	 Concorde:0.059303 	 MCTS:5.928863 Improve:0.001486 	 Time:5.00 Seconds
Solution: 1 2 36 4 44 24 13 47 39 41 19 7 33 34 8 3 9 28 17 48 43 26 10 12 49 29 35 16 27 32 30 40 37 45 50 25 42 20 21 15 46 38 23 18 5 22 6 31 11 14 

Inst_Index:3644 	 City_Num:50 	 Concorde:0.060522 	 MCTS:6.052213 Improve:0.000000 	 Time:5.00 Seconds
Solution: 1 14 46 12 15 22 4 23 7 40 18 30 49 41 11 26 44 2 42 3 16 27 33 10 13 45 17 6 31 39 43 5 29 8 35 20 38 25 37 32 19 48 47 34 24 36 50 9 21 28 

Inst_Index:3645 	 City_Num:50 	 Concorde:0.060409 	 MCTS:6.039837 Improve:0.001056 	 Time:5.00 Seconds
Solution: 1 16 50 40 27 24 37 44 17 8 30 7 49 15 46 13 36 45 14 11 4 25 34 6 19 2 5 47 10 18 20 3 23 33 31 21 32 41 38 28 12 42 26 29 22 39 35 48 43 9 

Inst_Index:3646 	 City_Num:50 	 Concorde:0.057267 	 MCTS:5.721717 Improve:0.004990 	 Time:5.00 Seconds
Solution: 1 34 9 2 29 38 37 19 12 31 48 8 39 43 24 26 41 10 23 6 17 50 27 49 3 5 33 13 30 22 28 46 40 35 16 4 47 32 21 7 18 42 15 11 44 20 14 25 45 36 

Inst_Index:3647 	 City_Num:50 	 Concorde:0.052634 	 MCTS:5.263371 Improve:-0.000000 	 Time:5.00 Seconds
Solution: 1 47 8 16 36 25 37 21 13 4 38 12 6 46 9 29 23 32 10 20 19 3 35 15 17 30 44 40 18 5 41 28 43 14 39 7 45 42 27 50 34 11 49 26 24 48 33 2 31 22 

Inst_Index:3648 	 City_Num:50 	 Concorde:0.049288 	 MCTS:4.974180 Improve:-0.045376 	 Time:5.00 Seconds
Solution: 1 48 23 22 21 11 25 34 31 10 41 35 7 49 28 5 37 47 26 13 14 4 30 3 8 36 32 12 39 9 43 6 40 42 29 38 17 16 19 15 45 24 50 18 27 2 20 46 44 33 

Inst_Index:3649 	 City_Num:50 	 Concorde:0.053949 	 MCTS:5.394901 Improve:0.000000 	 Time:5.00 Seconds
Solution: 1 43 3 34 33 24 26 42 30 20 35 10 13 40 44 15 31 38 28 22 46 18 29 27 50 16 11 12 41 2 19 36 14 8 6 25 21 9 49 7 32 45 37 17 39 4 47 5 23 48 

Inst_Index:3650 	 City_Num:50 	 Concorde:0.060404 	 MCTS:6.040303 Improve:0.000132 	 Time:5.00 Seconds
Solution: 1 10 17 12 13 35 39 6 18 21 34 28 15 37 45 50 48 23 27 2 36 25 9 20 41 31 40 22 29 44 3 32 38 24 30 19 49 16 33 7 11 4 26 43 47 8 46 42 14 5 

Inst_Index:3651 	 City_Num:50 	 Concorde:0.058130 	 MCTS:5.812103 Improve:0.000883 	 Time:5.00 Seconds
Solution: 1 30 16 41 25 9 49 47 3 35 34 28 27 31 36 21 45 2 43 8 7 37 42 24 33 29 23 5 46 6 48 13 50 39 32 4 10 17 12 40 22 11 26 19 14 38 18 44 15 20 

Inst_Index:3652 	 City_Num:50 	 Concorde:0.051577 	 MCTS:5.150352 Improve:0.007391 	 Time:5.00 Seconds
Solution: 1 23 4 20 5 13 25 15 16 33 45 49 14 48 27 35 37 46 22 47 28 43 3 41 29 12 26 40 30 10 8 44 50 31 21 36 34 19 42 6 17 18 2 39 32 38 24 9 11 7 

Inst_Index:3653 	 City_Num:50 	 Concorde:0.054052 	 MCTS:5.405239 Improve:-0.000000 	 Time:5.03 Seconds
Solution: 1 37 17 6 26 3 11 5 4 8 13 41 18 50 27 45 42 22 2 23 38 12 19 21 40 25 10 49 16 29 44 32 14 31 30 47 24 35 36 33 48 28 39 34 20 7 15 46 43 9 

Inst_Index:3654 	 City_Num:50 	 Concorde:0.050267 	 MCTS:5.026735 Improve:0.000000 	 Time:5.00 Seconds
Solution: 1 39 43 30 10 40 14 15 28 33 12 18 42 4 7 47 19 34 37 49 22 17 8 26 6 21 24 27 3 29 9 13 32 2 11 25 41 48 23 45 44 20 46 35 5 38 50 36 31 16 

Inst_Index:3655 	 City_Num:50 	 Concorde:0.058160 	 MCTS:5.816005 Improve:0.000000 	 Time:5.01 Seconds
Solution: 1 2 22 29 25 30 41 35 45 17 20 34 42 6 15 49 14 27 4 40 28 3 11 12 18 8 44 46 21 31 7 23 9 37 38 39 26 19 33 24 43 5 10 32 50 16 13 47 36 48 

Inst_Index:3656 	 City_Num:50 	 Concorde:0.057258 	 MCTS:5.724558 Improve:0.001290 	 Time:5.00 Seconds
Solution: 1 48 9 25 3 30 41 36 23 2 17 11 12 24 38 28 6 20 46 26 7 45 10 29 21 5 31 50 43 49 39 47 18 44 33 37 4 40 22 8 34 27 32 15 16 13 42 19 35 14 

Inst_Index:3657 	 City_Num:50 	 Concorde:0.053460 	 MCTS:5.345997 Improve:0.000000 	 Time:5.02 Seconds
Solution: 1 28 21 38 13 4 37 49 6 30 50 7 45 48 16 19 39 18 5 41 44 26 12 42 47 17 25 46 35 9 24 14 43 3 36 27 15 32 40 11 29 22 8 20 31 2 23 33 34 10 

Inst_Index:3658 	 City_Num:50 	 Concorde:0.055690 	 MCTS:5.569031 Improve:-0.000000 	 Time:5.00 Seconds
Solution: 1 43 24 33 40 30 2 46 42 6 28 22 25 9 32 10 27 8 29 12 21 47 44 14 13 39 48 7 41 17 4 15 34 18 20 16 49 26 38 50 11 19 23 31 36 5 3 35 37 45 

Inst_Index:3659 	 City_Num:50 	 Concorde:0.058096 	 MCTS:5.806182 Improve:0.003463 	 Time:5.00 Seconds
Solution: 1 46 48 38 50 12 26 45 41 30 19 3 47 6 20 14 37 29 2 7 28 32 36 13 42 39 23 9 34 10 17 8 5 27 21 22 15 16 24 31 35 44 40 25 11 33 18 49 43 4 

Inst_Index:3660 	 City_Num:50 	 Concorde:0.057623 	 MCTS:5.762342 Improve:0.000000 	 Time:5.00 Seconds
Solution: 1 27 46 2 17 31 42 30 18 50 44 16 24 22 38 9 36 14 45 3 32 41 33 29 49 10 19 25 21 28 23 4 20 7 48 35 11 6 13 47 43 5 34 40 26 39 37 12 15 8 

Inst_Index:3661 	 City_Num:50 	 Concorde:0.054380 	 MCTS:5.428239 Improve:0.009787 	 Time:5.01 Seconds
Solution: 1 49 46 43 26 34 15 5 13 14 3 50 21 45 22 11 6 40 30 36 7 37 35 9 33 31 38 8 28 29 32 23 48 12 16 42 27 24 4 41 44 19 39 47 20 18 17 2 25 10 

Inst_Index:3662 	 City_Num:50 	 Concorde:0.054473 	 MCTS:5.447253 Improve:-0.000000 	 Time:5.00 Seconds
Solution: 1 8 17 50 33 13 36 49 12 9 7 26 23 10 43 48 14 19 40 22 16 42 20 39 15 32 28 35 25 44 18 29 27 46 47 24 41 11 4 21 37 45 38 31 2 5 30 34 3 6 

Inst_Index:3663 	 City_Num:50 	 Concorde:0.059532 	 MCTS:5.951829 Improve:0.001356 	 Time:5.00 Seconds
Solution: 1 24 42 41 21 10 20 19 27 4 26 12 17 36 46 29 32 43 16 47 50 6 9 23 35 37 15 31 2 39 33 5 18 13 11 28 48 38 49 44 25 34 30 3 22 8 7 45 14 40 

Inst_Index:3664 	 City_Num:50 	 Concorde:0.060909 	 MCTS:6.090902 Improve:0.000000 	 Time:5.00 Seconds
Solution: 1 4 48 22 5 11 21 42 14 10 6 45 18 43 32 3 39 9 26 27 7 15 25 12 28 35 41 47 34 50 37 40 31 29 38 46 19 49 33 30 13 44 17 8 36 16 24 20 23 2 

Inst_Index:3665 	 City_Num:50 	 Concorde:0.053250 	 MCTS:5.324993 Improve:0.000000 	 Time:5.00 Seconds
Solution: 1 13 35 26 3 21 50 39 42 24 45 33 4 44 37 27 15 5 19 38 7 12 22 48 11 16 31 28 40 20 6 41 2 36 8 25 49 46 43 10 18 23 29 47 32 30 9 17 14 34 

Inst_Index:3666 	 City_Num:50 	 Concorde:0.059590 	 MCTS:5.958834 Improve:0.000211 	 Time:5.01 Seconds
Solution: 1 28 4 9 45 48 39 3 43 17 30 29 31 46 49 10 5 6 7 37 14 16 36 50 8 47 13 35 2 22 15 38 41 32 33 27 40 19 44 11 24 26 42 18 23 25 12 20 34 21 

Inst_Index:3667 	 City_Num:50 	 Concorde:0.054420 	 MCTS:5.450828 Improve:-0.008828 	 Time:5.02 Seconds
Solution: 1 7 8 12 26 34 50 49 46 47 39 38 14 23 28 21 35 18 32 22 42 45 19 17 27 44 3 4 43 13 6 37 11 25 5 48 24 20 41 31 15 2 16 40 10 36 30 33 29 9 

Inst_Index:3668 	 City_Num:50 	 Concorde:0.057204 	 MCTS:5.720382 Improve:-0.000000 	 Time:5.00 Seconds
Solution: 1 43 21 32 6 39 48 38 44 19 28 20 24 27 42 41 36 11 3 9 22 18 2 5 14 23 34 30 45 40 7 33 25 49 16 15 12 50 13 35 31 37 29 26 4 10 8 46 17 47 

Inst_Index:3669 	 City_Num:50 	 Concorde:0.057203 	 MCTS:5.720269 Improve:-0.000000 	 Time:5.00 Seconds
Solution: 1 38 34 17 37 46 16 12 6 13 26 31 30 24 9 28 2 43 42 15 25 4 48 18 33 11 36 21 41 29 27 10 19 44 39 49 23 5 40 22 20 8 7 35 32 3 47 14 45 50 

Inst_Index:3670 	 City_Num:50 	 Concorde:0.053950 	 MCTS:5.391727 Improve:0.003317 	 Time:5.01 Seconds
Solution: 1 3 36 43 47 50 28 7 9 29 19 14 42 49 2 41 44 38 8 23 20 33 4 27 24 48 30 10 21 11 22 39 31 17 6 12 26 45 15 32 25 16 37 46 35 18 40 13 34 5 

Inst_Index:3671 	 City_Num:50 	 Concorde:0.054917 	 MCTS:5.489367 Improve:0.002317 	 Time:5.01 Seconds
Solution: 1 12 47 25 13 10 14 46 18 36 42 20 4 3 26 34 40 44 16 35 50 28 41 17 6 9 24 31 38 19 33 37 43 8 7 2 11 49 5 29 30 45 21 27 39 23 15 48 22 32 

Inst_Index:3672 	 City_Num:50 	 Concorde:0.056540 	 MCTS:5.652515 Improve:0.001527 	 Time:5.00 Seconds
Solution: 1 47 46 28 19 33 9 37 6 12 7 22 29 27 36 44 10 45 34 31 16 40 49 41 8 43 17 32 35 2 50 20 14 18 38 24 4 25 39 48 21 42 26 23 30 11 15 3 13 5 

Inst_Index:3673 	 City_Num:50 	 Concorde:0.055666 	 MCTS:5.563018 Improve:0.003565 	 Time:5.00 Seconds
Solution: 1 2 42 32 9 21 50 39 45 41 23 33 46 7 29 25 13 47 30 11 12 35 6 34 15 8 27 22 44 49 40 10 28 38 19 14 17 16 31 24 5 26 3 48 4 18 36 20 43 37 

Inst_Index:3674 	 City_Num:50 	 Concorde:0.056567 	 MCTS:5.656676 Improve:0.000000 	 Time:5.01 Seconds
Solution: 1 2 49 6 14 20 11 50 25 3 41 40 27 15 28 46 42 26 22 18 39 31 48 21 34 43 35 45 29 8 30 10 32 5 4 9 33 38 47 13 44 17 7 19 16 23 37 12 36 24 

Inst_Index:3675 	 City_Num:50 	 Concorde:0.056613 	 MCTS:5.656288 Improve:0.005057 	 Time:5.00 Seconds
Solution: 1 31 29 42 18 25 7 33 8 45 46 28 27 16 17 20 32 44 15 26 11 9 37 13 40 14 24 21 41 50 49 19 4 35 3 10 30 12 38 43 6 48 22 47 36 39 23 2 34 5 

Inst_Index:3676 	 City_Num:50 	 Concorde:0.056114 	 MCTS:5.609824 Improve:0.001571 	 Time:5.01 Seconds
Solution: 1 21 4 41 13 32 40 35 45 37 43 50 36 15 6 19 11 42 33 9 7 18 38 34 5 23 14 46 27 16 8 10 12 49 30 2 3 24 26 25 29 22 48 20 31 39 44 28 17 47 

Inst_Index:3677 	 City_Num:50 	 Concorde:0.058834 	 MCTS:5.875384 Improve:0.008007 	 Time:5.00 Seconds
Solution: 1 24 2 17 46 32 41 34 13 3 4 19 23 50 14 22 44 31 21 43 5 40 16 12 35 45 11 42 9 10 47 25 28 27 26 29 38 37 8 33 49 18 39 30 48 7 6 36 15 20 

Inst_Index:3678 	 City_Num:50 	 Concorde:0.054651 	 MCTS:5.462686 Improve:0.002391 	 Time:5.00 Seconds
Solution: 1 39 23 37 21 50 47 7 3 22 25 10 49 9 26 38 16 20 11 34 4 19 36 17 46 12 48 13 45 29 15 8 6 31 35 14 28 44 2 43 42 40 41 27 30 5 18 24 32 33 

Inst_Index:3679 	 City_Num:50 	 Concorde:0.056492 	 MCTS:5.638984 Improve:0.010221 	 Time:5.00 Seconds
Solution: 1 47 9 15 23 45 22 48 11 46 30 31 41 17 5 2 50 20 14 7 21 39 19 29 26 34 4 32 24 36 43 44 8 10 35 40 27 18 13 16 38 3 25 33 49 6 12 28 42 37 

Inst_Index:3680 	 City_Num:50 	 Concorde:0.053580 	 MCTS:5.358033 Improve:-0.000000 	 Time:5.00 Seconds
Solution: 1 43 26 20 42 36 11 34 48 18 31 2 8 28 50 7 9 21 4 49 22 32 39 16 27 24 15 30 35 23 17 40 5 10 41 46 3 19 14 33 6 45 29 38 37 47 25 13 12 44 

Inst_Index:3681 	 City_Num:50 	 Concorde:0.056114 	 MCTS:5.610742 Improve:0.000691 	 Time:5.00 Seconds
Solution: 1 4 5 21 7 20 38 41 3 15 26 45 50 40 12 11 18 36 2 34 43 44 16 9 22 19 47 33 32 29 42 31 23 28 10 35 49 30 24 6 37 27 8 25 46 13 14 39 17 48 

Inst_Index:3682 	 City_Num:50 	 Concorde:0.057912 	 MCTS:5.791165 Improve:0.000000 	 Time:5.00 Seconds
Solution: 1 47 21 14 49 28 2 32 41 4 42 26 19 8 37 43 46 33 17 29 38 20 6 13 35 18 34 12 23 24 30 15 3 44 16 50 25 40 39 10 45 48 36 5 9 11 27 22 31 7 

Inst_Index:3683 	 City_Num:50 	 Concorde:0.059261 	 MCTS:5.926085 Improve:0.000000 	 Time:5.00 Seconds
Solution: 1 40 48 46 2 34 12 27 35 15 14 18 36 31 9 6 5 41 7 38 13 47 43 39 20 17 45 21 44 19 29 23 32 10 33 30 3 37 11 26 8 24 50 4 49 28 22 16 25 42 

Inst_Index:3684 	 City_Num:50 	 Concorde:0.058108 	 MCTS:5.809723 Improve:0.001039 	 Time:5.00 Seconds
Solution: 1 29 21 4 5 20 44 14 32 42 15 9 27 17 7 16 22 49 26 19 28 18 41 23 11 38 43 46 13 34 6 10 40 36 50 37 2 48 30 31 12 39 3 24 35 33 47 8 45 25 

Inst_Index:3685 	 City_Num:50 	 Concorde:0.052527 	 MCTS:5.252735 Improve:-0.000000 	 Time:5.00 Seconds
Solution: 1 5 27 41 36 6 11 49 47 25 37 3 21 30 24 18 26 42 43 29 28 35 31 9 46 39 33 10 2 50 45 40 32 19 4 16 48 12 15 13 23 14 34 17 7 20 44 8 38 22 

Inst_Index:3686 	 City_Num:50 	 Concorde:0.056257 	 MCTS:5.625725 Improve:0.000000 	 Time:5.00 Seconds
Solution: 1 38 5 6 2 16 9 46 42 12 29 10 30 44 45 24 33 35 23 47 22 15 41 27 19 43 3 31 32 18 48 14 50 13 40 8 7 21 25 11 39 28 49 26 17 34 36 37 20 4 

Inst_Index:3687 	 City_Num:50 	 Concorde:0.059582 	 MCTS:5.958246 Improve:0.000000 	 Time:5.00 Seconds
Solution: 1 5 33 29 8 31 24 12 46 49 18 7 39 17 6 28 32 16 42 20 3 37 34 35 30 21 9 25 11 10 14 38 4 40 22 15 13 43 26 47 48 2 36 23 41 44 45 27 19 50 

Inst_Index:3688 	 City_Num:50 	 Concorde:0.051813 	 MCTS:5.181264 Improve:0.000000 	 Time:5.00 Seconds
Solution: 1 27 30 31 41 17 44 40 47 20 24 16 32 5 4 15 19 7 25 14 23 46 49 13 6 28 36 26 35 22 34 18 38 9 10 12 43 29 11 50 48 37 21 39 42 33 8 45 2 3 

Inst_Index:3689 	 City_Num:50 	 Concorde:0.060260 	 MCTS:6.025999 Improve:0.000000 	 Time:5.00 Seconds
Solution: 1 20 12 44 10 26 38 5 43 32 18 47 29 40 31 17 23 28 35 49 22 7 15 3 8 16 9 4 6 42 50 46 34 2 27 37 45 30 21 24 11 36 19 39 25 13 33 41 14 48 

Inst_Index:3690 	 City_Num:50 	 Concorde:0.060163 	 MCTS:6.008594 Improve:0.007736 	 Time:5.00 Seconds
Solution: 1 27 21 35 31 8 26 15 23 5 20 22 7 34 3 44 49 11 38 46 25 4 47 6 37 32 14 36 40 50 12 41 17 33 39 48 10 24 42 13 2 18 9 45 43 30 29 16 28 19 

Inst_Index:3691 	 City_Num:50 	 Concorde:0.058311 	 MCTS:5.829790 Improve:0.001297 	 Time:5.02 Seconds
Solution: 1 9 6 37 50 23 15 13 14 16 20 12 21 22 10 36 26 19 34 31 3 7 30 2 28 32 25 17 41 43 45 4 38 40 42 11 29 46 8 18 5 39 49 27 35 48 24 47 33 44 

Inst_Index:3692 	 City_Num:50 	 Concorde:0.056307 	 MCTS:5.630740 Improve:-0.000000 	 Time:5.00 Seconds
Solution: 1 30 3 4 44 13 38 29 45 15 50 42 22 46 32 31 37 36 19 16 10 33 12 40 8 48 21 49 18 2 14 20 43 34 35 41 23 26 28 9 17 5 25 47 11 39 24 7 27 6 

Inst_Index:3693 	 City_Num:50 	 Concorde:0.055672 	 MCTS:5.567218 Improve:0.000000 	 Time:5.01 Seconds
Solution: 1 16 11 43 39 41 49 18 34 24 35 48 36 31 7 4 47 27 44 21 10 14 20 13 30 12 3 5 8 32 22 26 42 6 38 33 17 40 19 37 23 28 29 50 15 2 9 46 45 25 

Inst_Index:3694 	 City_Num:50 	 Concorde:0.057432 	 MCTS:5.741135 Improve:0.002072 	 Time:5.00 Seconds
Solution: 1 31 16 12 17 38 30 2 44 13 21 8 3 37 4 19 5 20 15 43 50 11 34 46 32 18 47 22 42 27 24 9 36 48 6 49 7 39 40 28 45 35 33 23 14 25 26 29 41 10 

Inst_Index:3695 	 City_Num:50 	 Concorde:0.058178 	 MCTS:5.817819 Improve:0.000000 	 Time:5.00 Seconds
Solution: 1 48 17 16 47 35 39 46 23 11 5 43 7 27 40 30 38 32 2 6 25 19 33 14 42 9 31 50 37 8 26 34 3 10 24 20 21 28 49 15 13 45 12 29 36 44 41 18 4 22 

Inst_Index:3696 	 City_Num:50 	 Concorde:0.056422 	 MCTS:5.642223 Improve:0.000000 	 Time:5.00 Seconds
Solution: 1 43 34 29 38 22 17 48 14 36 44 31 33 27 30 26 10 3 23 15 32 8 49 13 12 25 18 7 47 21 35 16 24 9 40 2 11 6 45 46 41 42 20 19 37 28 50 39 5 4 

Inst_Index:3697 	 City_Num:50 	 Concorde:0.055418 	 MCTS:5.528482 Improve:0.013344 	 Time:5.00 Seconds
Solution: 1 34 8 4 20 50 43 47 13 41 38 16 45 36 24 33 37 49 30 29 11 48 40 35 39 44 32 6 17 42 21 46 10 28 15 19 2 14 27 25 31 7 3 23 18 9 12 22 5 26 

Inst_Index:3698 	 City_Num:50 	 Concorde:0.058830 	 MCTS:5.882973 Improve:-0.000000 	 Time:5.00 Seconds
Solution: 1 3 17 33 27 37 29 11 49 25 31 48 40 42 47 7 36 12 24 14 39 6 26 38 4 34 44 19 30 22 20 41 13 32 10 50 2 35 43 5 8 46 15 18 9 21 28 16 45 23 

Inst_Index:3699 	 City_Num:50 	 Concorde:0.051554 	 MCTS:5.155445 Improve:0.000000 	 Time:5.00 Seconds
Solution: 1 33 30 24 40 48 23 27 8 11 31 2 38 39 45 22 28 37 9 42 7 3 15 46 18 17 14 25 50 16 29 19 6 41 26 44 35 20 13 21 32 47 10 5 43 12 4 36 49 34 

Inst_Index:3700 	 City_Num:50 	 Concorde:0.058511 	 MCTS:5.851096 Improve:0.000000 	 Time:5.00 Seconds
Solution: 1 22 50 9 16 11 49 33 10 18 3 32 28 5 31 39 37 47 43 23 27 25 15 14 24 38 34 6 46 30 41 13 40 2 44 20 42 45 17 48 4 19 21 8 36 26 35 12 7 29 

Inst_Index:3701 	 City_Num:50 	 Concorde:0.062285 	 MCTS:6.227122 Improve:0.001345 	 Time:5.00 Seconds
Solution: 1 50 42 34 18 11 24 47 25 22 46 9 39 12 23 5 30 6 28 26 33 32 29 4 45 48 38 49 8 36 41 7 44 20 15 35 2 13 27 37 10 21 40 19 43 3 16 17 31 14 

Inst_Index:3702 	 City_Num:50 	 Concorde:0.060353 	 MCTS:6.030234 Improve:0.005066 	 Time:5.01 Seconds
Solution: 1 26 27 12 7 22 41 16 35 43 28 31 19 21 8 48 33 45 20 4 14 25 49 9 30 15 34 36 32 23 42 17 40 50 10 18 39 47 6 29 24 5 13 2 44 3 11 46 38 37 

Inst_Index:3703 	 City_Num:50 	 Concorde:0.059408 	 MCTS:5.940791 Improve:0.000000 	 Time:5.00 Seconds
Solution: 1 40 9 19 17 31 12 18 35 46 28 16 43 24 26 23 29 45 6 42 14 11 32 33 38 41 10 22 39 5 37 50 8 3 48 15 13 2 27 47 30 36 44 34 21 7 4 49 20 25 

Inst_Index:3704 	 City_Num:50 	 Concorde:0.059173 	 MCTS:5.917231 Improve:0.000114 	 Time:5.00 Seconds
Solution: 1 32 17 43 27 7 5 3 19 39 31 34 22 28 14 37 47 10 25 44 38 20 9 12 33 4 40 49 48 30 26 35 6 29 2 36 15 23 46 41 45 18 16 50 13 42 11 21 24 8 

Inst_Index:3705 	 City_Num:50 	 Concorde:0.060751 	 MCTS:6.071349 Improve:0.003721 	 Time:5.01 Seconds
Solution: 1 10 50 33 36 39 5 44 42 35 34 8 30 32 37 13 40 27 23 45 38 26 47 29 12 17 20 21 16 19 7 49 46 22 15 43 6 9 11 28 14 25 31 41 3 48 18 2 4 24 

Inst_Index:3706 	 City_Num:50 	 Concorde:0.054348 	 MCTS:5.434761 Improve:0.000000 	 Time:5.00 Seconds
Solution: 1 38 48 4 26 22 32 47 36 21 15 13 44 41 6 16 49 29 10 8 46 28 45 20 14 31 33 30 7 50 34 27 43 3 2 25 37 11 40 42 18 19 23 12 17 9 35 5 24 39 

Inst_Index:3707 	 City_Num:50 	 Concorde:0.056811 	 MCTS:5.681056 Improve:-0.000000 	 Time:5.00 Seconds
Solution: 1 24 2 47 10 5 29 18 20 35 23 4 9 28 46 37 13 50 41 42 45 44 38 22 19 21 25 17 39 7 40 31 15 11 48 16 3 6 26 27 32 14 30 33 49 12 8 34 36 43 

Inst_Index:3708 	 City_Num:50 	 Concorde:0.057862 	 MCTS:5.782687 Improve:0.003508 	 Time:5.01 Seconds
Solution: 1 49 28 11 15 30 20 8 50 46 9 10 42 16 21 44 39 3 6 32 17 7 4 18 43 22 23 29 38 19 40 25 34 36 37 47 45 33 5 31 2 24 35 26 14 12 27 48 13 41 

Inst_Index:3709 	 City_Num:50 	 Concorde:0.059261 	 MCTS:5.926095 Improve:0.000000 	 Time:5.01 Seconds
Solution: 1 38 4 6 5 18 36 37 43 15 10 35 40 30 34 44 20 14 47 22 29 41 12 7 28 9 27 50 45 46 11 16 3 19 23 42 24 32 33 8 48 31 39 2 21 13 49 26 17 25 

Inst_Index:3710 	 City_Num:50 	 Concorde:0.055053 	 MCTS:5.505328 Improve:0.000000 	 Time:5.02 Seconds
Solution: 1 32 21 40 12 31 11 50 39 30 48 19 3 43 22 36 13 9 26 37 18 8 10 17 6 5 14 49 41 44 2 46 47 16 23 25 15 35 28 4 7 29 42 27 33 45 34 20 24 38 

Inst_Index:3711 	 City_Num:50 	 Concorde:0.055011 	 MCTS:5.501111 Improve:0.000024 	 Time:5.01 Seconds
Solution: 1 39 21 22 32 25 12 44 26 33 17 2 37 46 43 34 30 8 38 11 49 48 23 4 20 41 24 35 10 15 40 16 9 7 18 5 36 19 50 28 42 45 47 31 13 6 3 27 14 29 

Inst_Index:3712 	 City_Num:50 	 Concorde:0.058869 	 MCTS:5.886863 Improve:0.000000 	 Time:5.00 Seconds
Solution: 1 33 28 40 39 7 38 50 6 21 45 3 37 35 26 27 43 30 9 24 48 4 5 31 19 47 14 22 29 49 8 41 32 12 17 15 25 23 20 13 46 18 11 10 16 42 36 2 44 34 

Inst_Index:3713 	 City_Num:50 	 Concorde:0.061563 	 MCTS:6.156349 Improve:0.000000 	 Time:5.00 Seconds
Solution: 1 25 31 20 43 49 26 41 8 38 33 12 15 46 19 37 2 42 7 9 39 32 29 17 23 35 36 14 34 27 22 44 50 6 40 16 13 47 48 4 21 30 24 10 11 3 5 18 28 45 

Inst_Index:3714 	 City_Num:50 	 Concorde:0.054724 	 MCTS:5.472367 Improve:-0.000000 	 Time:5.00 Seconds
Solution: 1 42 2 12 11 4 41 38 43 9 19 33 16 31 24 14 7 17 21 49 27 15 50 25 6 46 32 47 18 10 20 22 3 34 28 35 26 23 44 39 45 30 37 48 8 13 40 36 29 5 

Inst_Index:3715 	 City_Num:50 	 Concorde:0.056711 	 MCTS:5.671057 Improve:-0.000000 	 Time:5.00 Seconds
Solution: 1 25 8 40 20 12 16 24 10 45 17 7 41 50 3 19 42 37 30 22 35 21 4 28 6 47 26 49 29 38 39 46 11 36 14 18 31 32 43 48 13 44 27 23 2 15 9 33 5 34 

Inst_Index:3716 	 City_Num:50 	 Concorde:0.060814 	 MCTS:6.081420 Improve:-0.000000 	 Time:5.01 Seconds
Solution: 1 2 12 11 40 6 7 28 20 18 15 26 34 44 31 10 14 42 23 25 22 48 35 4 13 3 24 27 38 43 30 46 5 39 8 49 9 37 29 47 45 21 41 36 16 50 32 33 19 17 

Inst_Index:3717 	 City_Num:50 	 Concorde:0.054999 	 MCTS:5.521192 Improve:-0.021286 	 Time:5.00 Seconds
Solution: 1 19 29 32 10 22 27 46 33 26 23 25 37 18 31 35 5 11 20 47 24 14 49 45 40 39 38 36 6 50 41 13 44 8 43 2 7 9 4 15 12 34 42 48 30 16 17 3 21 28 

Inst_Index:3718 	 City_Num:50 	 Concorde:0.057314 	 MCTS:5.731085 Improve:0.000362 	 Time:5.00 Seconds
Solution: 1 48 35 36 13 17 44 11 9 46 8 16 19 37 10 6 38 39 28 5 25 2 4 33 50 31 12 22 15 18 29 26 40 34 7 47 20 49 24 30 41 43 14 27 21 23 42 3 45 32 

Inst_Index:3719 	 City_Num:50 	 Concorde:0.052927 	 MCTS:5.292671 Improve:-0.000010 	 Time:5.00 Seconds
Solution: 1 48 33 44 18 19 12 26 24 15 2 43 21 7 38 5 23 11 45 30 17 14 27 36 37 16 10 40 35 47 50 6 25 32 13 8 49 3 34 20 42 29 22 28 9 41 4 31 39 46 

Inst_Index:3720 	 City_Num:50 	 Concorde:0.058845 	 MCTS:5.884451 Improve:-0.000000 	 Time:5.00 Seconds
Solution: 1 22 39 5 38 11 24 2 19 48 37 17 6 9 4 44 33 47 32 3 42 13 43 26 15 12 25 20 29 49 28 50 14 23 40 31 18 35 7 34 41 36 10 27 30 21 46 16 8 45 

Inst_Index:3721 	 City_Num:50 	 Concorde:0.063067 	 MCTS:6.305800 Improve:0.000872 	 Time:5.00 Seconds
Solution: 1 25 9 14 15 35 36 7 18 4 46 39 40 27 43 45 29 8 6 47 16 11 38 3 26 49 28 48 10 20 50 41 31 2 13 5 19 24 33 42 23 30 44 17 37 22 32 21 34 12 

Inst_Index:3722 	 City_Num:50 	 Concorde:0.058056 	 MCTS:5.805554 Improve:-0.000000 	 Time:5.00 Seconds
Solution: 1 23 47 21 48 18 25 44 30 36 27 6 41 37 46 16 9 38 7 4 17 20 12 2 50 49 35 40 28 39 11 10 14 29 26 3 42 8 31 33 43 32 5 34 24 15 45 19 22 13 

Inst_Index:3723 	 City_Num:50 	 Concorde:0.056807 	 MCTS:5.680712 Improve:-0.000000 	 Time:5.00 Seconds
Solution: 1 17 21 32 11 2 40 4 18 36 12 15 34 28 29 13 5 27 20 49 43 38 50 16 6 3 31 35 7 44 24 25 42 33 47 45 23 26 46 10 9 22 48 39 41 37 14 19 30 8 

Inst_Index:3724 	 City_Num:50 	 Concorde:0.058149 	 MCTS:5.814898 Improve:-0.000000 	 Time:5.01 Seconds
Solution: 1 18 32 25 31 39 24 34 23 48 38 12 29 16 37 4 28 33 21 15 9 19 47 42 10 11 8 41 6 36 14 50 49 35 5 43 22 3 7 2 40 20 45 26 13 30 17 27 46 44 

Inst_Index:3725 	 City_Num:50 	 Concorde:0.057402 	 MCTS:5.740158 Improve:0.000000 	 Time:5.00 Seconds
Solution: 1 17 12 16 6 49 40 48 22 34 14 23 24 26 25 35 46 28 29 5 8 19 2 18 42 31 11 15 41 30 38 33 45 4 37 21 47 27 9 43 36 3 13 44 39 50 32 10 20 7 

Inst_Index:3726 	 City_Num:50 	 Concorde:0.058329 	 MCTS:5.832866 Improve:-0.000000 	 Time:5.00 Seconds
Solution: 1 43 13 12 4 50 29 7 36 9 19 42 39 25 21 3 18 22 26 8 34 20 49 41 16 30 46 32 14 5 48 28 23 45 35 37 27 11 10 40 44 47 15 24 2 38 31 33 6 17 

Inst_Index:3727 	 City_Num:50 	 Concorde:0.052948 	 MCTS:5.294810 Improve:0.000000 	 Time:5.00 Seconds
Solution: 1 28 39 2 33 13 7 5 50 27 12 6 14 35 37 25 23 32 49 48 34 43 45 15 3 19 24 9 20 16 46 4 11 29 17 21 31 26 38 8 30 22 47 44 42 41 40 18 10 36 

Inst_Index:3728 	 City_Num:50 	 Concorde:0.057221 	 MCTS:5.722118 Improve:0.000000 	 Time:5.00 Seconds
Solution: 1 6 10 40 35 17 8 12 38 30 23 41 7 28 46 3 44 21 14 37 11 15 34 19 32 45 22 47 18 2 29 49 33 39 25 36 26 9 27 42 50 20 16 43 31 13 4 24 48 5 

Inst_Index:3729 	 City_Num:50 	 Concorde:0.057631 	 MCTS:5.763056 Improve:0.000000 	 Time:5.00 Seconds
Solution: 1 45 12 20 48 50 8 36 9 43 37 3 4 38 29 30 44 40 15 39 24 14 19 28 13 27 49 17 22 35 41 25 31 42 23 7 34 18 26 21 10 46 33 6 16 32 11 2 47 5 

Inst_Index:3730 	 City_Num:50 	 Concorde:0.055730 	 MCTS:5.573022 Improve:0.000000 	 Time:5.00 Seconds
Solution: 1 41 28 30 48 14 18 12 5 15 34 36 44 43 32 2 29 7 16 11 39 49 31 20 13 19 42 45 23 21 17 9 27 33 6 8 3 50 25 37 24 40 35 47 22 26 4 38 10 46 

Inst_Index:3731 	 City_Num:50 	 Concorde:0.054016 	 MCTS:5.401595 Improve:0.000000 	 Time:5.00 Seconds
Solution: 1 15 50 33 14 27 39 47 8 13 48 26 44 30 23 9 10 46 16 18 3 45 24 43 20 34 7 22 40 12 38 11 4 25 41 42 6 37 35 31 28 49 29 2 36 5 32 21 17 19 

Inst_Index:3732 	 City_Num:50 	 Concorde:0.055388 	 MCTS:5.538764 Improve:0.000000 	 Time:5.00 Seconds
Solution: 1 2 38 18 46 34 44 37 49 32 36 14 42 20 47 11 31 3 35 48 24 50 33 13 39 5 28 7 8 21 17 26 43 6 30 19 16 9 23 27 4 45 15 10 29 40 12 25 41 22 

Inst_Index:3733 	 City_Num:50 	 Concorde:0.061225 	 MCTS:6.122516 Improve:0.000000 	 Time:5.00 Seconds
Solution: 1 2 24 26 21 43 48 37 40 23 27 30 45 5 19 6 16 38 3 33 4 12 25 49 36 41 35 15 32 22 31 14 50 42 46 44 7 20 17 39 28 13 18 29 47 8 10 9 34 11 

Inst_Index:3734 	 City_Num:50 	 Concorde:0.058202 	 MCTS:5.820190 Improve:0.000000 	 Time:5.00 Seconds
Solution: 1 42 13 21 38 44 23 35 12 8 15 14 29 32 19 25 2 26 34 20 33 3 16 36 6 5 50 46 47 48 27 10 24 49 4 11 7 9 18 17 41 28 40 22 43 31 30 37 45 39 

Inst_Index:3735 	 City_Num:50 	 Concorde:0.058644 	 MCTS:5.864389 Improve:0.000000 	 Time:5.00 Seconds
Solution: 1 36 2 25 24 3 20 17 47 45 27 38 21 8 6 15 23 39 12 30 43 5 44 41 4 31 34 42 32 22 11 26 18 28 16 13 40 49 48 19 37 33 7 50 35 10 46 29 9 14 

Inst_Index:3736 	 City_Num:50 	 Concorde:0.055038 	 MCTS:5.503816 Improve:0.000000 	 Time:5.00 Seconds
Solution: 1 15 22 12 44 5 3 31 4 23 36 17 49 38 6 9 50 14 29 35 46 48 24 10 16 39 18 8 30 7 19 28 32 11 33 45 21 43 41 37 13 40 2 26 34 20 47 25 42 27 

Inst_Index:3737 	 City_Num:50 	 Concorde:0.056840 	 MCTS:5.695543 Improve:-0.011500 	 Time:5.00 Seconds
Solution: 1 42 16 7 39 14 32 6 22 20 15 8 44 28 13 49 47 9 29 43 19 35 2 26 40 27 31 4 3 30 11 36 50 41 12 10 48 46 17 37 25 33 5 34 23 38 21 45 18 24 

Inst_Index:3738 	 City_Num:50 	 Concorde:0.059450 	 MCTS:5.941653 Improve:0.003394 	 Time:5.00 Seconds
Solution: 1 2 20 25 39 47 18 29 44 46 34 38 48 11 33 43 28 19 14 3 10 23 30 37 26 41 45 7 36 40 5 50 13 16 8 31 9 6 49 35 15 32 24 4 22 12 42 27 17 21 

Inst_Index:3739 	 City_Num:50 	 Concorde:0.056377 	 MCTS:5.637680 Improve:0.000000 	 Time:5.00 Seconds
Solution: 1 16 10 13 43 44 48 45 32 11 49 21 40 3 15 42 9 26 38 36 31 19 27 20 25 5 50 46 22 47 24 35 37 33 14 4 7 18 28 23 29 17 12 30 2 39 8 34 6 41 

Inst_Index:3740 	 City_Num:50 	 Concorde:0.060659 	 MCTS:6.065927 Improve:0.000000 	 Time:5.00 Seconds
Solution: 1 5 39 48 10 3 33 26 2 34 43 42 46 50 27 22 47 15 18 7 31 16 20 6 23 21 45 25 30 44 12 37 8 36 40 49 19 35 11 17 38 13 32 41 28 9 24 14 4 29 

Inst_Index:3741 	 City_Num:50 	 Concorde:0.058817 	 MCTS:5.879060 Improve:0.002611 	 Time:5.00 Seconds
Solution: 1 27 25 45 3 38 19 35 16 23 37 41 24 21 42 50 22 13 33 7 12 5 43 29 17 34 26 6 9 15 28 10 4 11 32 20 39 48 46 8 47 30 44 36 31 40 49 14 18 2 

Inst_Index:3742 	 City_Num:50 	 Concorde:0.054299 	 MCTS:5.429847 Improve:0.000092 	 Time:5.00 Seconds
Solution: 1 20 3 46 13 42 30 15 38 29 48 4 43 9 5 8 27 28 39 24 10 26 18 40 25 47 22 44 33 45 2 12 34 6 37 23 17 49 21 19 35 7 31 16 11 41 50 14 36 32 

Inst_Index:3743 	 City_Num:50 	 Concorde:0.057140 	 MCTS:5.713988 Improve:-0.000000 	 Time:5.00 Seconds
Solution: 1 7 27 45 32 40 39 21 3 35 24 14 15 17 12 38 9 5 26 4 47 29 18 22 44 16 28 50 11 46 33 20 25 10 19 36 2 42 34 13 49 6 41 8 31 30 37 23 43 48 

Inst_Index:3744 	 City_Num:50 	 Concorde:0.060784 	 MCTS:6.078431 Improve:-0.000000 	 Time:5.00 Seconds
Solution: 1 13 12 18 49 4 15 25 33 22 32 5 17 7 24 30 41 38 50 16 45 21 28 14 8 19 3 39 9 27 29 34 20 2 44 10 11 31 43 42 23 35 36 48 40 37 46 26 47 6 

Inst_Index:3745 	 City_Num:50 	 Concorde:0.052987 	 MCTS:5.298679 Improve:0.000000 	 Time:5.01 Seconds
Solution: 1 18 20 25 41 32 17 26 43 13 19 16 15 46 10 22 2 36 6 14 12 45 39 11 21 3 37 35 28 23 7 4 33 24 42 5 27 44 9 30 40 48 34 8 31 29 47 50 38 49 

Inst_Index:3746 	 City_Num:50 	 Concorde:0.061090 	 MCTS:6.109033 Improve:-0.000000 	 Time:5.01 Seconds
Solution: 1 50 40 42 43 9 13 47 4 25 8 17 37 2 15 39 19 45 20 14 30 12 10 49 35 38 16 5 6 27 32 18 23 28 41 7 36 33 34 24 48 29 11 26 22 46 3 31 21 44 

Inst_Index:3747 	 City_Num:50 	 Concorde:0.056823 	 MCTS:5.679581 Improve:0.002760 	 Time:5.01 Seconds
Solution: 1 26 18 37 39 40 12 44 45 47 28 27 46 3 29 15 17 2 21 36 48 4 8 30 13 7 43 22 49 10 38 34 35 33 9 41 19 6 24 11 16 31 5 14 23 32 50 42 25 20 

Inst_Index:3748 	 City_Num:50 	 Concorde:0.057886 	 MCTS:5.788256 Improve:0.000336 	 Time:5.01 Seconds
Solution: 1 17 11 18 5 14 40 35 41 36 34 25 46 4 44 8 38 37 16 20 15 43 3 47 13 26 19 32 27 2 45 12 22 21 50 48 30 7 42 28 6 10 23 39 31 33 29 49 24 9 

Inst_Index:3749 	 City_Num:50 	 Concorde:0.058780 	 MCTS:5.878022 Improve:0.000000 	 Time:5.00 Seconds
Solution: 1 17 15 30 24 49 39 7 4 23 14 37 36 6 3 43 20 22 35 33 9 48 28 13 8 45 11 29 31 16 5 44 41 42 21 34 2 50 46 27 18 40 32 19 10 26 25 12 47 38 

Inst_Index:3750 	 City_Num:50 	 Concorde:0.059182 	 MCTS:5.914225 Improve:0.003930 	 Time:5.00 Seconds
Solution: 1 41 48 16 8 18 11 20 31 7 9 4 5 37 25 33 29 42 22 40 6 47 15 44 43 10 26 45 38 30 28 32 3 49 46 24 2 12 23 34 35 17 13 36 39 50 14 21 19 27 

Inst_Index:3751 	 City_Num:50 	 Concorde:0.057442 	 MCTS:5.744236 Improve:0.000000 	 Time:5.00 Seconds
Solution: 1 28 36 5 46 9 23 15 32 48 47 44 19 29 49 33 20 3 18 25 40 45 34 4 6 10 12 13 27 8 31 39 41 7 35 24 22 2 37 30 21 38 16 17 14 11 26 50 42 43 

Inst_Index:3752 	 City_Num:50 	 Concorde:0.058529 	 MCTS:5.852902 Improve:0.000000 	 Time:5.00 Seconds
Solution: 1 25 35 49 34 10 9 47 13 14 37 5 21 50 6 29 43 38 12 18 41 28 3 23 19 32 17 33 30 2 36 27 7 40 22 44 48 11 4 39 15 16 31 46 20 8 42 45 26 24 

Inst_Index:3753 	 City_Num:50 	 Concorde:0.055274 	 MCTS:5.527373 Improve:-0.000000 	 Time:5.01 Seconds
Solution: 1 33 13 38 18 44 27 2 7 26 46 35 40 37 29 49 32 45 16 4 31 19 30 9 50 39 21 47 10 36 12 11 8 5 28 20 3 42 17 25 6 41 22 43 34 48 15 24 14 23 

Inst_Index:3754 	 City_Num:50 	 Concorde:0.057736 	 MCTS:5.770880 Improve:0.002718 	 Time:5.01 Seconds
Solution: 1 18 19 28 12 14 46 22 40 13 27 26 50 11 34 24 9 33 6 7 2 32 37 8 47 41 44 43 21 30 35 45 39 23 3 29 48 38 10 16 31 4 42 17 36 20 15 5 49 25 

Inst_Index:3755 	 City_Num:50 	 Concorde:0.058794 	 MCTS:5.879390 Improve:0.000000 	 Time:5.01 Seconds
Solution: 1 30 2 33 4 3 39 34 17 35 21 45 46 48 36 38 40 14 22 41 24 8 6 23 50 20 15 43 12 31 9 26 19 29 27 18 5 16 10 47 42 37 49 25 7 11 32 44 13 28 

Inst_Index:3756 	 City_Num:50 	 Concorde:0.057944 	 MCTS:5.794434 Improve:0.000000 	 Time:5.00 Seconds
Solution: 1 47 39 24 28 11 14 50 12 6 13 2 7 31 29 10 41 40 45 21 44 5 19 34 36 38 48 20 4 9 3 46 17 16 37 23 18 49 15 8 33 42 30 22 32 43 35 25 27 26 


Avg_Concorde_Distance: 5.690151 Avg_MCTS_Distance: 5.689573 Avg_Gap: -0.000098 Total_Time: 1566.80 Seconds 
 Beat_Best_Known_Times: 118 Match_Best_Known_Times: 185 Miss_Best_Known_Times: 10 
