Number_of_Instances_In_Current_Batch: 313

Inst_Index:8765 	 City_Num:50 	 Concorde:0.056684 	 MCTS:5.667160 Improve:0.001223 	 Time:5.00 Seconds
Solution: 1 9 32 16 40 50 24 21 12 25 29 47 31 5 2 34 27 36 38 13 33 23 10 39 18 26 28 37 43 15 48 7 42 17 11 20 4 45 19 35 49 14 46 41 3 8 22 30 44 6 

Inst_Index:8766 	 City_Num:50 	 Concorde:0.059311 	 MCTS:5.930886 Improve:0.000247 	 Time:5.00 Seconds
Solution: 1 31 18 45 22 37 29 36 13 42 20 28 33 43 38 12 14 47 6 26 2 41 7 35 9 34 39 3 4 32 30 40 19 44 16 17 8 27 25 15 21 11 23 46 5 10 24 50 49 48 

Inst_Index:8767 	 City_Num:50 	 Concorde:0.062889 	 MCTS:6.285904 Improve:0.002991 	 Time:5.00 Seconds
Solution: 1 21 26 2 5 38 11 24 45 17 32 48 27 30 10 29 39 35 23 20 49 36 3 34 40 37 18 16 15 19 47 22 41 6 46 14 9 8 43 50 44 7 33 4 28 13 31 25 42 12 

Inst_Index:8768 	 City_Num:50 	 Concorde:0.058851 	 MCTS:5.884943 Improve:0.000181 	 Time:5.00 Seconds
Solution: 1 32 35 3 34 37 7 24 9 36 28 15 12 31 23 19 8 21 10 41 4 46 11 16 5 39 6 29 47 40 33 20 25 14 27 43 26 17 50 38 2 18 13 48 44 42 30 22 45 49 

Inst_Index:8769 	 City_Num:50 	 Concorde:0.058246 	 MCTS:5.820205 Improve:0.004388 	 Time:5.00 Seconds
Solution: 1 34 22 46 31 3 17 5 7 39 10 2 20 42 36 14 30 23 19 25 15 37 47 24 12 28 38 50 27 26 43 33 18 29 21 4 11 9 35 45 16 49 44 32 8 6 13 48 41 40 

Inst_Index:8770 	 City_Num:50 	 Concorde:0.055894 	 MCTS:5.589370 Improve:0.000000 	 Time:5.00 Seconds
Solution: 1 17 43 20 32 50 22 36 42 9 24 39 48 19 8 6 23 46 41 31 12 49 37 47 35 13 3 40 29 11 28 30 5 38 7 34 14 4 33 15 25 21 18 26 2 16 27 10 45 44 

Inst_Index:8771 	 City_Num:50 	 Concorde:0.054393 	 MCTS:5.439258 Improve:0.000000 	 Time:5.00 Seconds
Solution: 1 10 43 28 8 29 27 2 17 25 21 32 5 50 19 45 48 42 16 15 30 49 24 22 9 35 7 36 37 31 18 14 20 38 26 41 12 46 13 33 11 6 4 47 34 40 23 39 44 3 

Inst_Index:8772 	 City_Num:50 	 Concorde:0.057790 	 MCTS:5.775080 Improve:0.003874 	 Time:5.00 Seconds
Solution: 1 7 18 35 24 8 37 4 49 39 5 25 38 11 10 48 43 50 40 28 42 15 36 23 12 22 46 20 2 3 9 19 30 47 21 29 45 44 17 16 32 34 13 27 14 41 6 31 26 33 

Inst_Index:8773 	 City_Num:50 	 Concorde:0.054208 	 MCTS:5.410787 Improve:0.009991 	 Time:5.01 Seconds
Solution: 1 15 39 32 33 14 24 42 48 34 45 23 11 2 41 28 46 17 22 40 21 30 38 7 31 16 36 35 25 4 18 6 5 3 20 12 27 47 49 50 10 9 43 19 29 44 37 13 26 8 

Inst_Index:8774 	 City_Num:50 	 Concorde:0.059168 	 MCTS:5.916784 Improve:0.000000 	 Time:5.01 Seconds
Solution: 1 5 41 29 19 14 45 12 21 48 36 40 50 39 38 49 27 6 33 34 17 4 31 15 2 32 37 30 44 10 25 9 23 28 47 26 35 24 22 16 8 11 43 42 7 18 20 13 46 3 

Inst_Index:8775 	 City_Num:50 	 Concorde:0.058533 	 MCTS:5.849784 Improve:0.003467 	 Time:5.00 Seconds
Solution: 1 27 22 26 35 34 36 38 2 12 50 39 30 29 42 46 17 45 43 40 21 9 15 48 28 13 47 6 41 16 4 5 7 3 8 24 37 32 23 11 10 49 19 20 14 18 31 33 25 44 

Inst_Index:8776 	 City_Num:50 	 Concorde:0.060020 	 MCTS:6.002017 Improve:0.000000 	 Time:5.00 Seconds
Solution: 1 35 43 45 21 18 2 4 42 11 7 26 49 36 44 9 31 34 5 47 3 39 29 15 40 20 14 37 16 30 27 6 24 25 17 22 12 38 8 23 32 48 13 33 10 41 28 50 46 19 

Inst_Index:8777 	 City_Num:50 	 Concorde:0.055240 	 MCTS:5.524002 Improve:-0.000000 	 Time:5.01 Seconds
Solution: 1 14 43 48 23 45 11 18 2 34 7 32 42 15 3 12 33 50 6 26 46 29 41 4 30 37 16 28 31 36 17 38 10 13 44 9 22 25 49 39 21 47 19 27 40 5 20 24 8 35 

Inst_Index:8778 	 City_Num:50 	 Concorde:0.060580 	 MCTS:6.058033 Improve:0.000000 	 Time:5.00 Seconds
Solution: 1 30 7 6 24 18 15 3 50 2 42 14 23 27 13 47 32 40 17 4 48 29 38 26 10 35 43 37 20 45 44 39 31 36 22 8 9 12 11 33 28 5 21 49 34 41 16 46 19 25 

Inst_Index:8779 	 City_Num:50 	 Concorde:0.053615 	 MCTS:5.356179 Improve:0.005305 	 Time:5.00 Seconds
Solution: 1 33 20 34 50 43 38 6 39 25 36 4 28 23 31 45 7 40 37 21 29 9 26 10 5 48 19 27 16 49 44 30 17 32 47 11 3 12 14 22 18 35 13 24 15 41 2 42 46 8 

Inst_Index:8780 	 City_Num:50 	 Concorde:0.059215 	 MCTS:5.921509 Improve:-0.000000 	 Time:5.01 Seconds
Solution: 1 49 29 40 41 33 42 24 5 8 47 22 21 23 14 3 16 37 48 7 44 10 17 35 25 2 31 34 39 32 45 36 11 6 43 27 20 12 50 46 13 26 18 19 9 15 38 28 30 4 

Inst_Index:8781 	 City_Num:50 	 Concorde:0.057369 	 MCTS:5.732093 Improve:0.004828 	 Time:5.00 Seconds
Solution: 1 10 43 7 4 34 49 2 24 36 18 42 48 19 37 22 26 25 21 8 30 29 31 45 27 40 35 44 39 41 17 5 23 12 11 50 47 13 3 38 15 46 28 14 20 32 16 6 9 33 

Inst_Index:8782 	 City_Num:50 	 Concorde:0.058319 	 MCTS:5.831862 Improve:0.000000 	 Time:5.00 Seconds
Solution: 1 7 36 46 5 28 23 17 33 27 37 2 20 16 34 14 25 15 48 49 21 39 30 31 6 26 22 13 43 35 12 11 29 44 10 4 50 19 41 42 40 9 38 45 32 24 8 3 18 47 

Inst_Index:8783 	 City_Num:50 	 Concorde:0.055158 	 MCTS:5.513760 Improve:0.002079 	 Time:5.01 Seconds
Solution: 1 7 34 43 8 18 45 27 44 40 50 48 20 28 9 26 37 10 3 24 15 41 6 33 29 46 35 22 5 11 2 25 21 4 42 31 36 38 17 49 13 16 30 23 19 47 32 12 39 14 

Inst_Index:8784 	 City_Num:50 	 Concorde:0.059252 	 MCTS:5.925171 Improve:0.000000 	 Time:5.00 Seconds
Solution: 1 15 28 8 36 24 47 7 12 16 21 45 34 6 50 39 5 29 38 48 27 2 14 41 18 9 46 30 25 33 42 3 32 4 40 17 19 20 11 49 13 37 10 43 22 26 23 31 35 44 

Inst_Index:8785 	 City_Num:50 	 Concorde:0.057337 	 MCTS:5.733734 Improve:0.000000 	 Time:5.00 Seconds
Solution: 1 32 8 29 28 44 24 45 35 16 33 34 50 6 49 22 36 17 47 48 38 9 11 21 12 37 2 19 42 41 46 14 27 10 39 25 30 20 31 40 5 7 4 15 18 26 23 13 43 3 

Inst_Index:8786 	 City_Num:50 	 Concorde:0.057521 	 MCTS:5.751359 Improve:0.000695 	 Time:5.00 Seconds
Solution: 1 6 11 34 39 29 15 31 36 18 13 46 7 33 4 41 37 9 10 16 38 27 30 14 5 45 26 44 28 43 20 17 8 23 32 47 42 25 49 12 2 50 35 21 3 48 24 22 40 19 

Inst_Index:8787 	 City_Num:50 	 Concorde:0.061647 	 MCTS:6.158068 Improve:0.006646 	 Time:5.00 Seconds
Solution: 1 38 20 32 27 5 44 26 2 7 6 21 14 16 13 35 31 36 9 39 30 3 47 10 11 48 22 33 43 29 49 34 24 17 18 15 19 8 28 37 46 40 23 42 41 45 4 50 25 12 

Inst_Index:8788 	 City_Num:50 	 Concorde:0.060007 	 MCTS:5.999107 Improve:0.001592 	 Time:5.00 Seconds
Solution: 1 4 20 25 5 37 16 18 31 30 45 49 33 42 7 17 29 6 11 21 46 19 15 38 40 12 48 26 50 24 14 47 34 43 41 32 23 35 13 28 44 27 22 10 8 9 3 36 2 39 

Inst_Index:8789 	 City_Num:50 	 Concorde:0.057453 	 MCTS:5.745338 Improve:0.000000 	 Time:5.01 Seconds
Solution: 1 8 40 16 15 50 43 27 17 20 37 31 44 21 19 13 39 38 47 11 14 2 32 46 26 9 45 6 49 4 5 3 7 34 42 12 25 23 30 24 18 10 35 36 48 29 33 41 28 22 

Inst_Index:8790 	 City_Num:50 	 Concorde:0.057365 	 MCTS:5.736485 Improve:0.000000 	 Time:5.00 Seconds
Solution: 1 26 48 3 50 10 15 44 41 30 38 14 27 40 17 29 19 45 35 42 16 36 25 20 11 21 37 8 13 4 6 2 12 39 33 22 43 34 18 9 47 5 31 28 23 49 32 7 46 24 

Inst_Index:8791 	 City_Num:50 	 Concorde:0.056013 	 MCTS:5.601265 Improve:0.000000 	 Time:5.01 Seconds
Solution: 1 43 21 38 28 6 9 16 19 48 39 3 41 7 2 23 15 33 12 35 46 18 5 17 14 36 8 30 50 24 4 27 26 11 44 49 29 22 20 42 13 40 37 47 45 31 32 34 10 25 

Inst_Index:8792 	 City_Num:50 	 Concorde:0.057171 	 MCTS:5.717085 Improve:0.000000 	 Time:5.02 Seconds
Solution: 1 25 6 26 39 41 14 43 30 35 10 18 50 21 4 17 2 33 46 40 11 49 45 8 20 36 24 7 32 5 15 34 38 12 13 47 42 19 16 9 3 28 22 23 44 27 29 48 31 37 

Inst_Index:8793 	 City_Num:50 	 Concorde:0.054935 	 MCTS:5.493500 Improve:-0.000011 	 Time:5.00 Seconds
Solution: 1 4 45 22 23 34 19 29 36 47 17 12 10 30 13 20 37 3 43 7 14 44 46 15 2 6 8 16 28 35 5 50 40 18 32 24 21 42 9 48 49 31 27 26 25 41 38 33 39 11 

Inst_Index:8794 	 City_Num:50 	 Concorde:0.060282 	 MCTS:6.021897 Improve:0.006288 	 Time:5.00 Seconds
Solution: 1 5 23 40 48 50 38 3 29 14 46 33 24 20 6 41 26 44 34 17 9 19 45 7 21 13 28 47 43 2 27 15 10 32 22 35 31 8 37 16 42 11 36 30 39 18 4 49 25 12 

Inst_Index:8795 	 City_Num:50 	 Concorde:0.057422 	 MCTS:5.739775 Improve:0.002384 	 Time:5.00 Seconds
Solution: 1 50 11 48 9 28 20 44 38 8 24 7 3 32 37 33 31 41 34 14 40 12 42 35 25 36 26 17 27 29 10 4 22 6 46 18 5 15 43 23 19 16 49 47 21 30 2 39 45 13 

Inst_Index:8796 	 City_Num:50 	 Concorde:0.058927 	 MCTS:5.884193 Improve:0.008521 	 Time:5.00 Seconds
Solution: 1 7 30 2 50 4 46 28 35 45 32 19 48 38 21 34 42 10 36 49 15 26 33 13 16 44 8 31 37 43 41 20 29 18 12 23 14 3 17 5 11 9 40 39 6 27 25 22 24 47 

Inst_Index:8797 	 City_Num:50 	 Concorde:0.057216 	 MCTS:5.721568 Improve:-0.000000 	 Time:5.00 Seconds
Solution: 1 41 29 30 49 5 17 23 9 20 26 7 19 33 43 47 2 6 32 24 12 34 15 48 25 11 16 13 37 10 45 38 4 31 21 18 44 14 35 28 27 3 50 46 22 40 36 39 8 42 

Inst_Index:8798 	 City_Num:50 	 Concorde:0.058771 	 MCTS:5.877075 Improve:0.000000 	 Time:5.00 Seconds
Solution: 1 19 16 2 17 34 41 38 7 45 18 25 32 15 27 37 12 22 31 29 20 49 13 47 11 48 26 21 6 39 14 46 35 28 8 23 44 50 3 33 5 24 43 36 40 4 42 10 30 9 

Inst_Index:8799 	 City_Num:50 	 Concorde:0.055537 	 MCTS:5.552672 Improve:0.001055 	 Time:5.00 Seconds
Solution: 1 49 42 2 50 43 10 14 13 40 39 19 4 12 45 44 7 15 46 6 33 47 5 16 41 34 27 36 23 18 48 29 37 3 30 24 11 25 32 21 9 28 38 35 31 22 8 17 26 20 

Inst_Index:8800 	 City_Num:50 	 Concorde:0.056100 	 MCTS:5.608135 Improve:0.001816 	 Time:5.00 Seconds
Solution: 1 23 44 37 22 38 30 13 41 43 35 5 4 21 40 25 16 9 7 24 28 45 18 17 50 20 27 29 47 46 36 12 26 34 33 39 32 19 49 14 42 6 31 11 8 3 15 2 10 48 

Inst_Index:8801 	 City_Num:50 	 Concorde:0.060045 	 MCTS:6.004484 Improve:-0.000000 	 Time:5.00 Seconds
Solution: 1 8 18 39 43 16 19 14 2 9 32 5 6 4 38 40 28 26 30 34 48 42 7 27 25 3 31 22 33 20 36 49 23 46 44 24 12 35 37 41 45 15 10 17 47 50 11 13 29 21 

Inst_Index:8802 	 City_Num:50 	 Concorde:0.060571 	 MCTS:6.057058 Improve:-0.000000 	 Time:5.00 Seconds
Solution: 1 18 5 21 8 33 6 10 41 49 35 20 31 30 7 13 46 2 19 43 39 17 16 11 42 9 14 34 25 27 12 3 47 40 23 22 36 38 26 15 32 45 50 4 29 28 24 37 48 44 

Inst_Index:8803 	 City_Num:50 	 Concorde:0.051891 	 MCTS:5.189081 Improve:0.000000 	 Time:5.00 Seconds
Solution: 1 46 37 13 17 10 42 23 22 7 49 21 6 2 31 41 16 47 3 24 11 25 40 9 43 20 39 36 18 45 34 32 50 19 29 15 33 5 12 38 8 30 35 27 48 28 14 44 4 26 

Inst_Index:8804 	 City_Num:50 	 Concorde:0.059469 	 MCTS:5.946949 Improve:0.000000 	 Time:5.00 Seconds
Solution: 1 41 46 26 42 39 24 5 32 28 12 4 30 7 37 16 19 20 29 38 36 47 27 31 25 2 44 9 13 48 40 10 49 18 8 6 14 50 22 33 34 3 43 23 11 17 21 45 15 35 

Inst_Index:8805 	 City_Num:50 	 Concorde:0.055250 	 MCTS:5.521813 Improve:0.003170 	 Time:5.01 Seconds
Solution: 1 45 44 46 13 18 7 37 24 50 38 20 25 28 40 2 10 6 11 26 49 34 9 27 33 17 30 8 22 15 36 43 5 3 31 48 12 23 29 4 19 42 39 14 21 32 16 35 41 47 

Inst_Index:8806 	 City_Num:50 	 Concorde:0.051677 	 MCTS:5.163484 Improve:0.004254 	 Time:5.00 Seconds
Solution: 1 36 20 40 33 35 50 24 26 25 37 31 23 3 29 15 2 44 39 12 49 5 7 8 22 6 10 38 47 34 11 30 41 13 28 45 16 17 21 43 46 14 42 4 32 27 9 19 48 18 

Inst_Index:8807 	 City_Num:50 	 Concorde:0.060000 	 MCTS:5.998442 Improve:0.001607 	 Time:5.00 Seconds
Solution: 1 33 31 44 45 35 12 29 34 46 43 27 13 28 10 11 32 9 50 39 21 42 6 19 38 37 8 40 2 7 15 16 49 24 30 18 25 4 41 20 17 22 48 14 3 47 23 36 5 26 

Inst_Index:8808 	 City_Num:50 	 Concorde:0.055087 	 MCTS:5.508685 Improve:-0.000000 	 Time:5.00 Seconds
Solution: 1 21 5 7 34 32 4 2 22 50 16 30 43 20 41 26 8 6 36 28 14 12 25 38 10 40 24 17 42 27 46 3 11 49 37 29 23 33 9 48 31 47 44 35 39 13 18 15 45 19 

Inst_Index:8809 	 City_Num:50 	 Concorde:0.058773 	 MCTS:5.877335 Improve:-0.000000 	 Time:5.00 Seconds
Solution: 1 35 27 8 45 25 37 29 34 18 32 46 13 24 41 17 5 19 12 6 40 21 22 31 36 26 14 9 47 15 49 4 20 3 48 42 43 38 39 28 33 44 16 11 7 30 2 23 10 50 

Inst_Index:8810 	 City_Num:50 	 Concorde:0.052575 	 MCTS:5.257299 Improve:0.000174 	 Time:5.00 Seconds
Solution: 1 28 6 27 12 38 48 37 21 42 19 7 8 35 3 17 11 45 24 29 18 44 23 22 49 14 31 26 50 20 25 9 13 10 30 32 41 5 39 46 2 4 34 47 40 43 15 33 36 16 

Inst_Index:8811 	 City_Num:50 	 Concorde:0.048683 	 MCTS:4.865913 Improve:0.002351 	 Time:5.00 Seconds
Solution: 1 6 40 37 2 5 30 29 4 26 48 8 38 39 20 13 32 43 31 23 46 15 35 22 12 18 24 41 11 16 42 36 21 33 10 49 47 19 45 14 25 3 17 9 7 44 50 27 34 28 

Inst_Index:8812 	 City_Num:50 	 Concorde:0.056347 	 MCTS:5.634659 Improve:0.000000 	 Time:5.01 Seconds
Solution: 1 33 42 34 25 7 22 48 26 3 28 9 17 37 36 39 32 45 6 10 43 20 30 27 35 41 31 29 23 13 50 2 14 47 44 12 16 49 21 18 46 40 24 11 8 4 15 19 38 5 

Inst_Index:8813 	 City_Num:50 	 Concorde:0.058111 	 MCTS:5.811091 Improve:0.000000 	 Time:5.00 Seconds
Solution: 1 5 28 27 17 23 40 7 14 50 19 46 33 47 25 34 6 15 18 29 24 26 37 13 45 49 48 3 43 41 21 39 20 16 2 35 22 11 36 32 8 9 38 4 44 10 30 12 42 31 

Inst_Index:8814 	 City_Num:50 	 Concorde:0.057039 	 MCTS:5.698768 Improve:0.005130 	 Time:5.01 Seconds
Solution: 1 22 13 49 5 38 2 7 3 9 44 35 11 32 46 31 28 17 29 6 27 42 47 34 14 15 8 12 4 24 48 50 45 37 21 33 25 40 16 23 36 19 26 39 30 43 10 41 20 18 

Inst_Index:8815 	 City_Num:50 	 Concorde:0.053821 	 MCTS:5.382136 Improve:0.000000 	 Time:5.00 Seconds
Solution: 1 29 19 32 20 12 27 31 25 44 23 18 42 36 21 17 13 33 37 2 9 39 34 49 16 10 47 35 22 45 5 40 6 11 4 28 8 48 24 14 15 38 46 50 43 41 30 3 7 26 

Inst_Index:8816 	 City_Num:50 	 Concorde:0.052682 	 MCTS:5.268166 Improve:0.000000 	 Time:5.00 Seconds
Solution: 1 7 35 40 5 17 32 11 39 15 24 37 14 44 23 38 13 25 3 41 12 27 20 16 10 26 19 42 46 36 4 45 31 49 50 28 34 30 33 21 18 29 2 9 22 47 48 6 43 8 

Inst_Index:8817 	 City_Num:50 	 Concorde:0.054745 	 MCTS:5.474547 Improve:0.000000 	 Time:5.00 Seconds
Solution: 1 31 45 20 13 44 6 18 14 29 36 28 3 43 35 32 38 22 4 23 19 7 33 41 24 25 46 42 2 30 50 15 37 27 5 48 34 21 49 9 8 26 16 47 39 40 10 17 11 12 

Inst_Index:8818 	 City_Num:50 	 Concorde:0.055339 	 MCTS:5.533914 Improve:-0.000000 	 Time:5.00 Seconds
Solution: 1 8 15 14 20 10 50 36 43 29 37 5 12 3 42 47 11 2 31 4 33 17 48 19 46 18 24 26 39 16 6 44 28 27 38 35 7 13 25 45 32 9 49 41 23 40 34 30 21 22 

Inst_Index:8819 	 City_Num:50 	 Concorde:0.057276 	 MCTS:5.727604 Improve:-0.000000 	 Time:5.00 Seconds
Solution: 1 47 37 35 31 36 11 21 23 42 16 19 33 14 4 20 29 13 7 44 17 10 48 34 3 9 39 43 27 41 50 8 30 24 46 6 5 40 26 22 28 12 45 2 38 32 18 49 25 15 

Inst_Index:8820 	 City_Num:50 	 Concorde:0.058220 	 MCTS:5.821988 Improve:0.000000 	 Time:5.00 Seconds
Solution: 1 11 13 4 10 3 24 33 48 45 27 20 40 21 35 28 44 41 9 38 47 12 15 25 49 39 7 22 42 14 29 36 18 34 16 50 43 17 8 46 23 6 5 32 31 2 37 26 19 30 

Inst_Index:8821 	 City_Num:50 	 Concorde:0.056930 	 MCTS:5.692975 Improve:0.000000 	 Time:5.00 Seconds
Solution: 1 15 28 24 43 34 13 7 6 14 23 20 44 26 48 31 36 40 16 47 22 38 19 10 39 4 8 42 32 29 18 9 21 49 12 46 5 35 25 2 50 17 41 27 11 45 3 30 33 37 

Inst_Index:8822 	 City_Num:50 	 Concorde:0.053717 	 MCTS:5.371715 Improve:-0.000000 	 Time:5.00 Seconds
Solution: 1 22 38 20 8 12 6 31 43 39 44 2 30 48 45 40 35 13 33 47 41 15 18 23 5 25 24 11 50 4 21 27 46 37 3 14 42 10 9 28 26 19 34 7 32 17 29 36 49 16 

Inst_Index:8823 	 City_Num:50 	 Concorde:0.058140 	 MCTS:5.807540 Improve:0.006504 	 Time:5.00 Seconds
Solution: 1 3 8 27 7 18 42 21 50 41 48 13 29 25 37 4 14 31 46 30 10 16 39 20 33 40 12 9 36 44 17 23 15 43 6 22 38 26 35 5 19 49 47 45 34 32 2 24 11 28 

Inst_Index:8824 	 City_Num:50 	 Concorde:0.055989 	 MCTS:5.598918 Improve:0.000000 	 Time:5.00 Seconds
Solution: 1 43 7 9 20 14 50 12 8 27 40 4 22 19 30 23 24 13 34 25 31 28 44 26 39 29 37 49 47 38 6 16 11 41 5 18 33 45 10 32 42 35 3 17 2 36 15 48 21 46 

Inst_Index:8825 	 City_Num:50 	 Concorde:0.057102 	 MCTS:5.708024 Improve:0.002137 	 Time:5.00 Seconds
Solution: 1 6 11 30 44 17 9 8 36 46 12 38 10 4 18 16 42 41 20 50 7 13 25 34 19 35 24 3 23 21 43 27 31 15 47 33 39 37 28 32 49 22 5 26 14 45 40 29 2 48 

Inst_Index:8826 	 City_Num:50 	 Concorde:0.055307 	 MCTS:5.530711 Improve:0.000000 	 Time:5.00 Seconds
Solution: 1 17 13 22 10 39 16 49 43 27 14 32 29 12 28 26 35 6 19 47 50 7 37 2 30 20 23 33 3 21 41 25 5 36 4 24 15 9 40 18 44 48 42 31 11 34 45 46 8 38 

Inst_Index:8827 	 City_Num:50 	 Concorde:0.056769 	 MCTS:5.676943 Improve:-0.000000 	 Time:5.00 Seconds
Solution: 1 39 36 43 25 8 47 14 21 30 50 37 34 18 41 35 46 27 20 19 29 44 26 5 13 11 28 45 31 15 33 6 2 4 10 40 22 32 38 16 48 42 24 23 3 12 49 9 17 7 

Inst_Index:8828 	 City_Num:50 	 Concorde:0.054943 	 MCTS:5.494333 Improve:0.000000 	 Time:5.01 Seconds
Solution: 1 14 12 9 33 47 21 6 50 29 28 7 4 18 48 27 8 34 41 35 45 22 19 24 2 38 3 10 13 36 17 25 16 37 32 30 11 15 40 20 44 23 42 43 46 31 26 49 5 39 

Inst_Index:8829 	 City_Num:50 	 Concorde:0.059615 	 MCTS:5.953854 Improve:0.007616 	 Time:5.00 Seconds
Solution: 1 9 40 26 43 19 47 33 34 46 36 21 2 37 12 15 22 18 32 25 6 28 7 38 17 35 24 50 10 13 44 14 3 48 41 30 16 42 27 8 31 11 23 49 4 20 39 29 5 45 

Inst_Index:8830 	 City_Num:50 	 Concorde:0.056005 	 MCTS:5.600540 Improve:0.000000 	 Time:5.00 Seconds
Solution: 1 10 42 43 50 24 20 38 19 21 45 34 37 14 40 36 48 5 8 23 41 25 39 7 26 6 32 44 16 27 22 17 18 49 28 11 4 12 33 31 30 2 47 29 9 13 3 35 15 46 

Inst_Index:8831 	 City_Num:50 	 Concorde:0.056545 	 MCTS:5.649353 Improve:0.005142 	 Time:5.00 Seconds
Solution: 1 27 10 44 21 16 3 43 34 11 14 6 7 23 49 40 12 29 48 4 9 31 32 47 20 30 50 26 39 42 36 24 28 15 38 17 22 2 5 37 33 45 25 8 35 41 19 46 18 13 

Inst_Index:8832 	 City_Num:50 	 Concorde:0.053533 	 MCTS:5.353308 Improve:-0.000000 	 Time:5.00 Seconds
Solution: 1 34 46 48 9 2 41 23 21 39 35 44 29 36 22 28 20 12 11 24 19 42 27 8 16 13 37 47 14 7 30 10 43 50 5 40 6 31 15 25 26 45 49 4 38 33 17 3 18 32 

Inst_Index:8833 	 City_Num:50 	 Concorde:0.058172 	 MCTS:5.817185 Improve:-0.000000 	 Time:5.00 Seconds
Solution: 1 11 36 39 6 17 16 18 8 9 14 46 20 42 50 3 2 29 30 5 40 13 43 22 44 15 10 48 35 23 12 49 41 31 37 24 7 19 21 25 32 4 28 38 33 45 47 27 34 26 

Inst_Index:8834 	 City_Num:50 	 Concorde:0.052471 	 MCTS:5.247090 Improve:0.000000 	 Time:5.01 Seconds
Solution: 1 24 34 8 28 41 48 20 19 38 31 33 25 27 45 5 9 12 47 16 30 42 23 40 22 15 4 21 3 6 29 2 36 18 11 39 44 35 43 10 49 14 50 17 32 26 7 46 13 37 

Inst_Index:8835 	 City_Num:50 	 Concorde:0.057306 	 MCTS:5.728375 Improve:0.002233 	 Time:5.01 Seconds
Solution: 1 49 33 9 12 28 44 21 30 40 47 34 11 50 13 17 16 18 45 5 2 22 37 26 46 36 4 7 14 43 41 29 39 23 31 19 20 15 27 3 25 10 42 48 32 24 35 38 6 8 

Inst_Index:8836 	 City_Num:50 	 Concorde:0.058421 	 MCTS:5.842146 Improve:0.000000 	 Time:5.00 Seconds
Solution: 1 12 34 35 46 48 25 19 8 3 38 33 29 28 26 23 20 30 11 24 13 41 18 42 45 31 32 39 37 21 47 6 43 50 9 5 7 15 14 49 40 27 16 44 10 4 2 17 36 22 

Inst_Index:8837 	 City_Num:50 	 Concorde:0.057828 	 MCTS:5.782765 Improve:-0.000000 	 Time:5.00 Seconds
Solution: 1 13 14 27 21 46 11 33 2 15 26 8 23 37 31 12 39 50 45 25 32 49 7 9 5 28 44 40 22 18 48 10 43 6 35 24 42 4 47 17 38 41 34 3 16 30 36 29 19 20 

Inst_Index:8838 	 City_Num:50 	 Concorde:0.056430 	 MCTS:5.642151 Improve:0.000865 	 Time:5.00 Seconds
Solution: 1 2 30 31 47 44 34 24 27 36 29 16 4 42 14 6 8 25 48 12 46 41 11 13 22 9 33 18 23 5 49 10 7 26 50 35 45 21 32 39 40 19 15 28 43 3 20 17 38 37 

Inst_Index:8839 	 City_Num:50 	 Concorde:0.054914 	 MCTS:5.491395 Improve:0.000000 	 Time:5.00 Seconds
Solution: 1 50 34 46 33 13 19 2 31 10 22 18 26 44 39 38 27 5 11 14 37 23 8 17 49 30 4 9 41 25 20 28 47 35 24 16 29 42 7 45 32 12 40 3 21 6 48 43 36 15 

Inst_Index:8840 	 City_Num:50 	 Concorde:0.056584 	 MCTS:5.658401 Improve:0.000000 	 Time:5.00 Seconds
Solution: 1 19 42 28 17 31 21 9 49 11 37 38 32 43 50 12 47 14 5 44 45 35 40 33 39 6 8 41 46 34 7 30 48 29 13 16 25 20 23 27 18 36 2 3 24 26 10 22 15 4 

Inst_Index:8841 	 City_Num:50 	 Concorde:0.061376 	 MCTS:6.137594 Improve:0.000000 	 Time:5.00 Seconds
Solution: 1 41 10 17 6 29 47 36 22 39 38 8 24 31 20 4 34 25 5 26 15 23 18 40 49 2 37 35 13 50 9 48 14 11 28 44 3 27 21 7 32 19 16 43 30 12 33 45 46 42 

Inst_Index:8842 	 City_Num:50 	 Concorde:0.061692 	 MCTS:6.167290 Improve:0.001952 	 Time:5.01 Seconds
Solution: 1 20 28 41 32 31 12 45 44 26 2 4 27 5 18 14 22 3 39 49 36 13 8 37 46 10 7 33 9 35 15 34 25 16 48 6 40 19 30 42 24 17 11 29 23 38 21 47 50 43 

Inst_Index:8843 	 City_Num:50 	 Concorde:0.059793 	 MCTS:5.987901 Improve:-0.008569 	 Time:5.00 Seconds
Solution: 1 35 15 3 25 29 44 12 8 2 19 31 50 16 22 41 49 36 24 30 48 32 5 17 7 18 11 10 14 6 28 37 38 39 40 43 46 26 47 42 45 27 21 9 20 33 34 4 23 13 

Inst_Index:8844 	 City_Num:50 	 Concorde:0.054451 	 MCTS:5.442324 Improve:0.002784 	 Time:5.00 Seconds
Solution: 1 39 48 21 44 14 18 30 50 2 9 13 25 12 11 5 31 22 38 26 15 17 43 40 46 28 7 10 47 42 29 32 6 41 34 49 4 16 33 36 27 35 23 45 19 20 37 3 8 24 

Inst_Index:8845 	 City_Num:50 	 Concorde:0.054961 	 MCTS:5.496085 Improve:-0.000000 	 Time:5.00 Seconds
Solution: 1 17 28 45 13 34 2 3 39 49 11 27 8 7 44 24 25 33 23 6 42 43 35 15 16 10 20 22 21 40 47 18 14 4 30 41 48 37 12 50 19 38 36 26 29 46 5 32 9 31 

Inst_Index:8846 	 City_Num:50 	 Concorde:0.059394 	 MCTS:5.939386 Improve:0.000000 	 Time:5.01 Seconds
Solution: 1 10 41 11 6 30 15 40 25 48 13 32 18 5 14 21 12 23 3 50 2 36 43 16 42 27 45 44 39 33 47 24 17 28 38 46 8 35 22 37 9 20 26 29 4 19 34 31 49 7 

Inst_Index:8847 	 City_Num:50 	 Concorde:0.055062 	 MCTS:5.502650 Improve:0.003540 	 Time:5.00 Seconds
Solution: 1 28 40 42 18 35 39 49 24 26 48 5 20 38 12 27 21 17 37 41 23 30 34 22 15 2 45 16 47 43 3 14 13 10 32 8 50 6 46 19 9 33 4 36 25 29 7 31 44 11 

Inst_Index:8848 	 City_Num:50 	 Concorde:0.060518 	 MCTS:6.051774 Improve:-0.000000 	 Time:5.00 Seconds
Solution: 1 16 39 45 41 13 38 23 27 50 34 14 10 20 47 8 3 44 37 2 7 46 17 19 33 9 11 36 15 6 18 28 32 5 4 42 21 12 24 25 29 30 43 22 40 49 31 48 26 35 

Inst_Index:8849 	 City_Num:50 	 Concorde:0.057716 	 MCTS:5.771613 Improve:0.000000 	 Time:5.00 Seconds
Solution: 1 6 17 31 36 12 23 40 13 50 2 19 3 24 33 14 11 10 48 43 38 34 46 49 9 27 18 15 47 37 21 30 29 42 4 8 44 25 7 20 35 39 41 26 28 5 32 22 16 45 

Inst_Index:8850 	 City_Num:50 	 Concorde:0.055731 	 MCTS:5.573145 Improve:-0.000000 	 Time:5.01 Seconds
Solution: 1 40 13 18 46 41 8 36 22 20 45 12 21 50 39 19 4 2 14 15 30 9 11 23 28 16 10 6 49 42 7 34 43 44 3 27 38 31 32 29 25 24 48 47 17 33 5 26 35 37 

Inst_Index:8851 	 City_Num:50 	 Concorde:0.056832 	 MCTS:5.677643 Improve:0.005600 	 Time:5.00 Seconds
Solution: 1 8 46 37 23 27 28 17 41 30 11 6 16 42 10 13 5 25 31 12 29 32 39 44 18 15 2 22 50 24 20 7 21 34 26 45 38 35 43 36 33 49 3 14 4 40 9 48 19 47 

Inst_Index:8852 	 City_Num:50 	 Concorde:0.057539 	 MCTS:5.753904 Improve:-0.000000 	 Time:5.00 Seconds
Solution: 1 46 47 44 7 50 34 41 8 21 43 31 38 23 37 2 45 24 9 3 17 12 20 5 48 18 29 28 27 33 49 40 35 32 26 19 14 6 13 36 16 10 25 22 4 39 30 11 15 42 

Inst_Index:8853 	 City_Num:50 	 Concorde:0.056743 	 MCTS:5.668427 Improve:0.005883 	 Time:5.01 Seconds
Solution: 1 4 2 42 23 18 20 17 9 36 13 29 33 16 43 50 10 47 40 48 35 11 30 26 37 3 45 14 21 44 46 25 19 24 39 22 5 28 7 15 41 38 31 12 27 34 8 6 49 32 

Inst_Index:8854 	 City_Num:50 	 Concorde:0.060733 	 MCTS:6.073291 Improve:0.000000 	 Time:5.01 Seconds
Solution: 1 20 32 47 27 44 13 23 41 24 5 34 25 33 19 12 45 8 30 28 42 29 38 31 21 46 7 26 40 50 14 15 49 2 10 48 6 36 3 22 17 11 18 43 9 4 37 35 16 39 

Inst_Index:8855 	 City_Num:50 	 Concorde:0.057894 	 MCTS:5.784259 Improve:0.005135 	 Time:5.00 Seconds
Solution: 1 27 31 43 34 36 9 33 11 44 18 21 41 32 2 47 8 14 23 39 29 40 20 17 42 12 16 24 37 10 3 7 45 50 49 26 22 35 19 4 13 5 15 46 48 38 28 6 30 25 

Inst_Index:8856 	 City_Num:50 	 Concorde:0.054019 	 MCTS:5.401869 Improve:-0.000000 	 Time:5.00 Seconds
Solution: 1 40 15 44 36 47 18 25 39 26 29 22 32 27 24 37 49 6 46 12 33 48 3 11 31 21 7 23 19 8 34 14 45 38 43 17 35 28 10 42 20 13 50 5 16 4 9 30 2 41 

Inst_Index:8857 	 City_Num:50 	 Concorde:0.057692 	 MCTS:5.768466 Improve:0.000731 	 Time:5.01 Seconds
Solution: 1 38 39 28 15 33 13 12 41 30 21 24 35 11 7 36 9 49 5 46 32 17 23 20 25 22 18 44 14 3 10 43 50 16 37 26 6 8 40 34 27 48 42 19 4 47 2 45 31 29 

Inst_Index:8858 	 City_Num:50 	 Concorde:0.053685 	 MCTS:5.368483 Improve:-0.000000 	 Time:5.00 Seconds
Solution: 1 47 27 13 10 26 39 21 20 2 3 41 50 35 24 15 28 22 37 44 29 34 14 30 4 43 16 32 9 38 48 11 36 12 40 17 45 42 46 5 31 33 8 6 23 19 25 49 18 7 

Inst_Index:8859 	 City_Num:50 	 Concorde:0.060125 	 MCTS:6.010713 Improve:0.001790 	 Time:5.00 Seconds
Solution: 1 32 44 37 33 34 4 42 50 11 30 39 20 13 14 21 46 35 7 10 43 3 6 38 24 47 9 25 28 49 27 48 45 16 23 18 17 36 5 31 8 2 15 12 40 29 41 19 22 26 

Inst_Index:8860 	 City_Num:50 	 Concorde:0.060059 	 MCTS:6.005933 Improve:-0.000000 	 Time:5.00 Seconds
Solution: 1 17 21 47 28 23 37 19 15 45 11 24 29 35 42 4 16 3 8 25 2 46 12 5 50 18 7 44 20 38 34 14 36 22 9 26 40 31 43 32 48 41 49 10 13 27 6 30 39 33 

Inst_Index:8861 	 City_Num:50 	 Concorde:0.060243 	 MCTS:6.024180 Improve:0.000149 	 Time:5.00 Seconds
Solution: 1 19 24 17 49 21 2 10 48 7 43 9 22 4 26 20 13 16 50 33 29 47 36 42 27 39 11 14 31 40 5 32 35 18 38 34 15 3 46 45 37 23 8 25 28 12 41 6 30 44 

Inst_Index:8862 	 City_Num:50 	 Concorde:0.059685 	 MCTS:5.968485 Improve:0.000000 	 Time:5.01 Seconds
Solution: 1 23 5 25 21 22 15 4 14 45 3 43 11 7 35 46 50 44 47 48 33 10 34 27 29 20 41 32 16 12 38 6 37 18 9 42 31 49 2 24 17 19 8 40 28 36 26 13 30 39 

Inst_Index:8863 	 City_Num:50 	 Concorde:0.059043 	 MCTS:5.904324 Improve:0.000000 	 Time:5.01 Seconds
Solution: 1 14 50 35 8 34 46 11 38 30 19 15 48 27 45 49 6 33 5 24 42 18 36 4 44 7 28 3 29 20 32 17 10 16 21 26 25 41 43 13 23 37 12 9 40 39 47 22 31 2 

Inst_Index:8864 	 City_Num:50 	 Concorde:0.054051 	 MCTS:5.405132 Improve:0.000000 	 Time:5.01 Seconds
Solution: 1 38 16 45 21 15 18 46 43 19 12 35 33 32 41 13 20 17 29 5 8 31 2 47 40 14 25 3 39 48 24 26 23 44 28 9 11 10 7 49 50 36 37 30 27 6 22 42 4 34 

Inst_Index:8865 	 City_Num:50 	 Concorde:0.056296 	 MCTS:5.625879 Improve:0.003723 	 Time:5.00 Seconds
Solution: 1 16 4 29 18 5 34 43 15 32 50 35 44 46 13 26 7 6 2 38 49 45 47 40 28 33 9 37 36 11 41 22 25 10 12 23 31 3 20 42 30 39 19 27 21 14 8 48 24 17 

Inst_Index:8866 	 City_Num:50 	 Concorde:0.061422 	 MCTS:6.142034 Improve:0.000157 	 Time:5.00 Seconds
Solution: 1 49 21 22 2 6 28 12 7 30 33 42 16 24 17 19 36 11 29 31 40 25 14 15 32 20 38 46 35 37 23 44 27 50 45 10 43 8 47 39 26 34 4 13 41 3 48 5 9 18 

Inst_Index:8867 	 City_Num:50 	 Concorde:0.059793 	 MCTS:5.979312 Improve:0.000000 	 Time:5.00 Seconds
Solution: 1 50 28 46 15 13 12 7 26 11 44 36 9 31 42 27 2 22 24 30 23 38 33 17 8 34 10 47 21 19 29 14 18 48 20 41 32 4 16 35 3 37 43 45 25 49 6 39 40 5 

Inst_Index:8868 	 City_Num:50 	 Concorde:0.060504 	 MCTS:6.050361 Improve:-0.000000 	 Time:5.01 Seconds
Solution: 1 17 30 49 33 37 44 29 34 48 10 16 31 12 46 26 28 21 18 23 42 9 14 22 8 40 39 35 6 15 38 5 36 19 43 11 20 27 47 32 50 24 2 7 45 13 3 25 41 4 

Inst_Index:8869 	 City_Num:50 	 Concorde:0.057053 	 MCTS:5.705316 Improve:-0.000000 	 Time:5.00 Seconds
Solution: 1 9 2 37 12 36 27 6 43 25 40 21 18 15 33 24 34 20 17 38 47 14 44 13 35 8 41 45 4 50 3 7 48 28 31 10 5 46 32 19 30 11 26 49 29 39 42 16 22 23 

Inst_Index:8870 	 City_Num:50 	 Concorde:0.054482 	 MCTS:5.448228 Improve:-0.000000 	 Time:5.00 Seconds
Solution: 1 21 41 33 26 39 4 36 19 35 8 3 11 42 34 28 27 31 18 24 43 17 7 10 20 45 25 16 22 13 49 38 12 9 37 6 15 23 30 5 14 50 40 32 2 47 46 44 48 29 

Inst_Index:8871 	 City_Num:50 	 Concorde:0.055899 	 MCTS:5.589881 Improve:0.000000 	 Time:5.01 Seconds
Solution: 1 28 8 31 22 4 45 18 35 20 16 38 21 12 29 27 41 19 3 46 17 26 39 30 50 36 14 43 7 2 23 49 11 9 48 42 40 13 47 34 15 44 33 25 24 10 5 6 37 32 

Inst_Index:8872 	 City_Num:50 	 Concorde:0.055984 	 MCTS:5.598422 Improve:0.000000 	 Time:5.00 Seconds
Solution: 1 13 14 7 30 21 8 27 50 2 3 28 17 46 43 42 9 47 40 41 18 49 22 35 34 38 15 24 48 36 32 6 4 10 29 23 16 31 20 25 12 45 33 5 39 37 11 44 19 26 

Inst_Index:8873 	 City_Num:50 	 Concorde:0.056582 	 MCTS:5.657789 Improve:0.000434 	 Time:5.01 Seconds
Solution: 1 37 22 33 12 3 43 36 45 16 8 4 5 13 35 9 2 29 10 23 11 17 7 6 25 32 18 46 40 47 41 38 34 49 39 20 44 31 24 50 42 15 21 19 27 48 14 26 28 30 

Inst_Index:8874 	 City_Num:50 	 Concorde:0.055701 	 MCTS:5.570066 Improve:0.000000 	 Time:5.01 Seconds
Solution: 1 36 27 15 5 34 7 2 37 47 22 41 46 13 50 8 9 39 19 10 25 4 16 11 38 20 29 48 49 21 40 3 32 35 14 24 44 30 28 17 45 6 31 43 18 42 23 26 33 12 

Inst_Index:8875 	 City_Num:50 	 Concorde:0.057108 	 MCTS:5.710812 Improve:0.000000 	 Time:5.00 Seconds
Solution: 1 3 30 49 34 20 31 18 43 26 39 50 8 24 27 37 7 10 44 4 21 15 17 6 5 13 16 22 28 45 35 11 29 41 42 25 38 36 19 47 40 9 14 23 2 12 33 46 48 32 

Inst_Index:8876 	 City_Num:50 	 Concorde:0.051934 	 MCTS:5.193416 Improve:0.000000 	 Time:5.00 Seconds
Solution: 1 35 41 18 22 49 40 39 10 36 25 23 44 16 33 5 50 8 13 43 21 20 32 11 45 26 9 3 7 24 28 14 6 46 27 15 2 47 38 37 4 42 17 48 34 31 12 30 29 19 

Inst_Index:8877 	 City_Num:50 	 Concorde:0.058958 	 MCTS:5.895786 Improve:0.000000 	 Time:5.01 Seconds
Solution: 1 30 19 9 28 21 48 18 23 13 24 15 50 10 14 49 42 6 39 36 2 20 11 40 34 5 27 7 8 4 45 41 31 38 43 25 37 12 3 26 47 22 44 46 35 32 29 33 17 16 

Inst_Index:8878 	 City_Num:50 	 Concorde:0.059235 	 MCTS:5.923462 Improve:0.000000 	 Time:5.00 Seconds
Solution: 1 11 48 18 25 10 37 34 35 39 45 20 24 16 49 47 15 31 32 28 33 38 12 21 6 27 42 41 17 7 19 44 8 30 2 3 29 14 22 36 46 13 9 26 5 4 23 40 50 43 

Inst_Index:8879 	 City_Num:50 	 Concorde:0.054164 	 MCTS:5.413619 Improve:0.002810 	 Time:5.00 Seconds
Solution: 1 35 33 23 24 22 46 47 9 12 16 3 5 29 14 7 30 2 17 40 10 41 8 39 11 21 49 31 36 27 37 6 32 4 38 42 50 43 18 28 44 25 45 34 15 13 26 48 19 20 

Inst_Index:8880 	 City_Num:50 	 Concorde:0.053707 	 MCTS:5.370723 Improve:-0.000000 	 Time:5.00 Seconds
Solution: 1 15 31 44 40 6 20 13 43 18 10 19 35 24 32 28 21 45 9 26 48 29 42 38 16 22 2 12 27 36 49 34 50 37 8 5 30 46 11 7 25 3 23 4 41 14 47 17 33 39 

Inst_Index:8881 	 City_Num:50 	 Concorde:0.056728 	 MCTS:5.672751 Improve:0.000000 	 Time:5.00 Seconds
Solution: 1 4 26 29 17 24 12 13 48 16 2 47 38 22 32 42 20 6 39 30 50 28 41 44 37 27 34 46 21 5 9 11 33 14 35 36 15 40 45 18 7 10 31 3 8 43 25 19 49 23 

Inst_Index:8882 	 City_Num:50 	 Concorde:0.053957 	 MCTS:5.395690 Improve:0.000000 	 Time:5.02 Seconds
Solution: 1 38 11 40 49 25 13 43 4 14 48 50 26 5 16 45 21 27 9 10 28 17 2 8 42 37 24 31 22 23 32 44 34 3 33 15 47 12 7 35 29 36 30 20 18 41 19 39 46 6 

Inst_Index:8883 	 City_Num:50 	 Concorde:0.056455 	 MCTS:5.645543 Improve:0.000000 	 Time:5.00 Seconds
Solution: 1 35 39 41 22 24 3 42 12 18 26 2 29 14 7 5 36 9 37 44 15 46 8 16 13 32 30 27 40 45 6 34 33 38 20 23 4 17 48 11 43 19 10 28 25 21 49 31 47 50 

Inst_Index:8884 	 City_Num:50 	 Concorde:0.058359 	 MCTS:5.835927 Improve:-0.000000 	 Time:5.00 Seconds
Solution: 1 21 35 30 8 20 19 46 13 26 36 27 12 40 43 32 24 6 2 11 14 33 31 34 38 15 22 50 7 4 10 45 9 47 17 42 23 29 28 18 44 49 25 37 39 48 16 3 41 5 

Inst_Index:8885 	 City_Num:50 	 Concorde:0.057016 	 MCTS:5.696370 Improve:0.005207 	 Time:5.00 Seconds
Solution: 1 10 14 47 46 22 36 20 2 12 42 25 30 27 21 34 11 8 5 19 24 49 4 43 44 7 13 45 39 48 16 15 18 9 6 40 26 29 41 38 23 37 3 17 50 35 31 28 33 32 

Inst_Index:8886 	 City_Num:50 	 Concorde:0.058875 	 MCTS:5.882699 Improve:0.004844 	 Time:5.00 Seconds
Solution: 1 40 5 37 16 48 7 9 10 38 42 31 26 29 11 14 50 23 34 35 22 43 13 2 3 45 4 33 25 46 39 18 27 32 15 17 24 20 30 21 41 12 49 19 8 6 36 44 28 47 

Inst_Index:8887 	 City_Num:50 	 Concorde:0.057322 	 MCTS:5.728346 Improve:0.003812 	 Time:5.00 Seconds
Solution: 1 27 32 25 16 10 18 22 14 36 45 3 50 34 5 7 44 20 29 24 30 11 33 41 9 39 28 31 2 35 15 43 23 26 47 46 19 48 6 17 13 12 49 8 40 38 21 4 37 42 

Inst_Index:8888 	 City_Num:50 	 Concorde:0.063049 	 MCTS:6.304860 Improve:0.000000 	 Time:5.01 Seconds
Solution: 1 5 10 2 26 37 35 40 18 49 16 31 44 3 45 34 23 22 46 42 28 36 11 8 6 12 9 48 21 13 20 19 33 27 17 24 29 14 50 41 39 32 4 47 25 38 7 30 43 15 

Inst_Index:8889 	 City_Num:50 	 Concorde:0.057857 	 MCTS:5.785722 Improve:0.000000 	 Time:5.00 Seconds
Solution: 1 38 8 28 29 47 30 27 26 34 41 46 48 2 10 7 24 32 31 42 20 37 36 18 39 21 5 15 6 23 17 33 44 43 35 25 49 14 45 9 16 4 12 3 50 22 13 40 19 11 

Inst_Index:8890 	 City_Num:50 	 Concorde:0.061521 	 MCTS:6.152125 Improve:-0.000000 	 Time:5.00 Seconds
Solution: 1 22 4 23 40 27 42 36 41 10 33 32 29 48 19 49 46 11 9 21 35 30 31 2 13 38 6 14 12 34 47 24 15 44 20 43 3 26 8 7 45 16 28 50 25 39 37 5 17 18 

Inst_Index:8891 	 City_Num:50 	 Concorde:0.060025 	 MCTS:6.002534 Improve:0.000000 	 Time:5.00 Seconds
Solution: 1 12 21 36 13 5 44 10 35 50 41 15 11 3 29 6 24 32 20 19 25 42 14 40 31 7 17 9 39 8 23 48 37 33 26 34 22 2 4 49 16 43 46 38 27 30 28 47 18 45 

Inst_Index:8892 	 City_Num:50 	 Concorde:0.056788 	 MCTS:5.678787 Improve:0.000000 	 Time:5.01 Seconds
Solution: 1 47 15 37 12 5 18 26 10 8 45 25 20 22 19 32 42 3 48 49 23 50 21 30 31 16 39 9 33 46 28 13 2 27 38 44 17 24 6 41 7 36 35 40 4 34 11 29 43 14 

Inst_Index:8893 	 City_Num:50 	 Concorde:0.057021 	 MCTS:5.702103 Improve:-0.000000 	 Time:5.00 Seconds
Solution: 1 24 17 26 44 8 38 13 50 11 42 41 19 48 31 45 39 2 12 30 28 37 34 40 25 10 43 36 3 33 22 14 46 23 47 18 16 49 6 5 20 32 9 35 15 29 21 27 4 7 

Inst_Index:8894 	 City_Num:50 	 Concorde:0.062915 	 MCTS:6.291459 Improve:0.000000 	 Time:5.00 Seconds
Solution: 1 7 20 40 28 48 37 44 45 50 18 15 33 2 3 31 12 36 26 19 16 17 32 24 25 5 47 10 13 34 39 22 43 4 23 49 11 35 38 9 41 30 27 8 42 29 21 14 6 46 

Inst_Index:8895 	 City_Num:50 	 Concorde:0.058593 	 MCTS:5.859300 Improve:0.000000 	 Time:5.01 Seconds
Solution: 1 46 9 12 16 7 17 10 15 39 41 3 28 36 22 13 50 26 11 38 33 20 45 2 43 8 42 4 48 24 6 29 32 35 30 23 40 14 19 49 5 34 27 44 37 18 47 21 31 25 

Inst_Index:8896 	 City_Num:50 	 Concorde:0.053756 	 MCTS:5.375607 Improve:0.000000 	 Time:5.00 Seconds
Solution: 1 28 17 21 33 13 3 12 11 49 48 15 16 37 25 6 19 40 4 35 31 46 29 8 24 38 5 26 14 7 27 36 20 47 23 45 43 39 41 30 34 9 44 18 2 10 32 50 22 42 

Inst_Index:8897 	 City_Num:50 	 Concorde:0.057895 	 MCTS:5.789467 Improve:0.000000 	 Time:5.01 Seconds
Solution: 1 48 6 12 36 42 11 33 31 37 27 15 16 43 50 17 21 35 13 18 5 28 49 40 14 20 34 32 46 4 44 22 30 29 2 25 3 19 39 8 45 38 7 23 41 26 47 10 24 9 

Inst_Index:8898 	 City_Num:50 	 Concorde:0.058497 	 MCTS:5.849707 Improve:0.000000 	 Time:5.00 Seconds
Solution: 1 49 32 16 24 10 27 30 4 26 34 47 50 3 25 2 45 20 33 7 40 31 44 23 21 19 15 17 41 42 29 46 28 22 5 18 12 11 8 38 37 43 13 6 14 35 39 48 9 36 

Inst_Index:8899 	 City_Num:50 	 Concorde:0.057412 	 MCTS:5.737632 Improve:0.003563 	 Time:5.01 Seconds
Solution: 1 39 8 41 33 19 35 9 28 30 38 18 16 36 27 21 44 17 15 46 50 48 43 14 7 42 31 12 24 6 4 45 29 40 37 32 2 34 13 26 25 3 47 23 20 10 5 22 11 49 

Inst_Index:8900 	 City_Num:50 	 Concorde:0.057872 	 MCTS:5.784584 Improve:0.002573 	 Time:5.01 Seconds
Solution: 1 31 16 43 15 50 13 41 5 40 25 44 18 23 4 26 45 30 20 38 21 28 36 39 9 17 47 46 19 37 24 32 14 10 27 8 7 3 33 48 49 29 42 34 12 6 22 11 2 35 

Inst_Index:8901 	 City_Num:50 	 Concorde:0.055687 	 MCTS:5.568661 Improve:0.000000 	 Time:5.00 Seconds
Solution: 1 48 17 38 33 3 19 5 35 27 37 28 21 49 47 11 18 40 31 15 39 8 9 14 20 23 30 2 42 34 36 45 44 4 22 12 6 16 13 32 43 24 50 26 46 10 41 7 25 29 

Inst_Index:8902 	 City_Num:50 	 Concorde:0.050536 	 MCTS:5.049652 Improve:0.003937 	 Time:5.00 Seconds
Solution: 1 20 36 40 33 23 3 42 24 31 18 38 6 10 16 4 32 43 8 29 45 15 13 37 26 17 48 44 19 30 12 49 34 41 2 11 5 35 39 46 14 21 9 28 50 27 47 25 7 22 

Inst_Index:8903 	 City_Num:50 	 Concorde:0.061147 	 MCTS:6.110194 Improve:0.004513 	 Time:5.01 Seconds
Solution: 1 24 18 7 19 42 9 37 26 16 41 43 48 39 11 14 22 49 46 20 34 17 28 32 44 29 36 4 5 8 21 27 2 45 50 10 33 6 38 23 35 12 15 47 25 40 13 31 30 3 

Inst_Index:8904 	 City_Num:50 	 Concorde:0.055497 	 MCTS:5.548146 Improve:0.001547 	 Time:5.00 Seconds
Solution: 1 30 25 26 28 47 6 17 3 16 10 49 24 32 31 13 19 35 14 37 7 9 48 18 4 12 23 15 33 43 36 21 42 2 27 5 8 50 45 39 34 29 41 46 38 40 22 20 11 44 

Inst_Index:8905 	 City_Num:50 	 Concorde:0.052601 	 MCTS:5.260066 Improve:-0.000000 	 Time:5.00 Seconds
Solution: 1 38 41 2 28 33 4 13 29 40 27 36 16 5 50 22 12 47 15 48 44 35 45 24 18 30 49 17 23 25 43 6 32 37 26 14 10 11 20 31 42 9 46 21 39 19 8 7 34 3 

Inst_Index:8906 	 City_Num:50 	 Concorde:0.053872 	 MCTS:5.387249 Improve:-0.000000 	 Time:5.00 Seconds
Solution: 1 28 24 15 25 5 40 44 2 14 18 48 30 38 32 35 19 36 7 11 8 46 33 49 27 6 17 22 16 26 43 21 3 50 37 41 20 23 10 47 13 34 12 29 9 39 45 31 4 42 

Inst_Index:8907 	 City_Num:50 	 Concorde:0.059578 	 MCTS:5.955175 Improve:0.002596 	 Time:5.01 Seconds
Solution: 1 47 23 11 40 27 14 19 36 43 12 38 31 45 24 50 32 8 30 28 46 6 15 22 10 29 39 48 17 5 21 49 42 4 3 33 16 25 7 44 34 35 13 41 20 2 18 9 26 37 

Inst_Index:8908 	 City_Num:50 	 Concorde:0.051480 	 MCTS:5.148013 Improve:0.000000 	 Time:5.00 Seconds
Solution: 1 24 23 37 20 10 34 44 8 29 15 47 46 45 13 21 33 6 17 48 38 30 40 28 41 42 14 5 43 49 19 39 7 25 32 3 36 11 16 9 26 31 2 35 4 18 27 50 12 22 

Inst_Index:8909 	 City_Num:50 	 Concorde:0.057986 	 MCTS:5.794949 Improve:0.003619 	 Time:5.00 Seconds
Solution: 1 30 45 47 9 11 16 10 28 7 23 17 2 8 6 18 14 3 13 32 5 44 33 20 42 4 37 48 46 43 15 34 40 12 49 25 19 38 24 29 41 36 21 39 27 50 22 31 26 35 

Inst_Index:8910 	 City_Num:50 	 Concorde:0.055831 	 MCTS:5.583139 Improve:-0.000000 	 Time:5.00 Seconds
Solution: 1 36 46 21 18 38 3 33 22 50 39 5 9 44 2 30 35 48 49 47 31 23 32 14 16 12 26 11 43 4 17 40 6 13 28 7 27 25 8 41 42 19 29 10 34 45 20 24 15 37 

Inst_Index:8911 	 City_Num:50 	 Concorde:0.055539 	 MCTS:5.551797 Improve:0.002106 	 Time:5.00 Seconds
Solution: 1 44 40 13 24 36 25 41 38 16 22 20 47 8 48 29 42 33 49 7 50 12 35 23 32 6 5 4 2 45 26 10 3 37 15 11 43 14 21 27 19 31 30 39 34 28 17 9 18 46 

Inst_Index:8912 	 City_Num:50 	 Concorde:0.061749 	 MCTS:6.174879 Improve:0.000000 	 Time:5.01 Seconds
Solution: 1 13 47 24 18 43 22 16 41 21 42 17 49 7 36 40 6 26 38 34 3 12 10 23 39 25 27 4 14 50 33 19 30 8 44 35 46 29 5 31 45 15 2 20 9 48 32 28 11 37 

Inst_Index:8913 	 City_Num:50 	 Concorde:0.054564 	 MCTS:5.456387 Improve:0.000000 	 Time:5.00 Seconds
Solution: 1 24 30 6 44 27 4 33 10 49 13 28 48 2 39 31 40 26 8 32 47 36 21 22 15 25 23 3 42 37 7 46 43 29 38 9 11 14 35 45 20 41 5 34 16 50 19 12 18 17 

Inst_Index:8914 	 City_Num:50 	 Concorde:0.054937 	 MCTS:5.493726 Improve:0.000000 	 Time:5.00 Seconds
Solution: 1 5 30 19 7 41 34 35 25 50 47 14 43 24 2 42 31 8 46 3 49 9 48 38 39 37 17 22 27 20 15 36 4 28 26 40 16 11 32 12 33 29 13 18 21 10 23 44 45 6 

Inst_Index:8915 	 City_Num:50 	 Concorde:0.057104 	 MCTS:5.709739 Improve:0.000624 	 Time:5.00 Seconds
Solution: 1 28 45 43 22 26 32 46 18 27 39 15 41 33 34 19 30 4 35 24 49 7 42 9 13 29 20 11 8 25 48 31 21 50 6 44 16 14 12 36 10 2 3 38 37 23 17 40 47 5 

Inst_Index:8916 	 City_Num:50 	 Concorde:0.057452 	 MCTS:5.745165 Improve:-0.000000 	 Time:5.01 Seconds
Solution: 1 29 13 48 17 16 23 40 39 15 50 5 3 45 14 46 44 49 20 43 31 7 24 27 32 12 2 25 28 35 38 34 30 21 4 6 18 41 37 10 33 42 22 26 36 11 19 47 9 8 

Inst_Index:8917 	 City_Num:50 	 Concorde:0.059165 	 MCTS:5.916519 Improve:0.000000 	 Time:5.00 Seconds
Solution: 1 37 48 2 39 44 3 11 41 18 9 16 42 36 8 10 32 27 24 33 46 45 40 21 23 6 34 15 29 28 19 38 7 47 43 26 5 30 17 22 4 14 25 31 49 35 20 12 50 13 

Inst_Index:8918 	 City_Num:50 	 Concorde:0.058050 	 MCTS:5.804974 Improve:0.000000 	 Time:5.01 Seconds
Solution: 1 16 11 46 9 27 12 21 6 42 25 47 41 2 37 38 22 49 40 45 43 28 32 30 50 29 39 10 5 20 23 19 36 44 3 13 18 7 14 26 34 35 33 24 8 17 31 15 4 48 

Inst_Index:8919 	 City_Num:50 	 Concorde:0.055218 	 MCTS:5.517896 Improve:0.003893 	 Time:5.00 Seconds
Solution: 1 34 5 15 36 43 9 41 49 33 31 39 38 16 18 19 2 21 11 10 29 3 48 30 27 25 14 13 8 26 40 24 17 23 50 6 35 4 12 45 46 20 32 7 47 22 42 37 44 28 

Inst_Index:8920 	 City_Num:50 	 Concorde:0.057683 	 MCTS:5.763122 Improve:0.005217 	 Time:5.01 Seconds
Solution: 1 43 41 26 2 46 22 16 34 40 48 29 20 37 49 27 44 4 14 9 36 5 11 10 13 12 15 39 33 50 18 31 38 47 28 45 32 3 21 6 23 8 25 30 42 24 17 19 7 35 

Inst_Index:8921 	 City_Num:50 	 Concorde:0.055655 	 MCTS:5.565525 Improve:0.000000 	 Time:5.02 Seconds
Solution: 1 17 3 26 6 33 21 27 4 8 14 42 23 46 39 28 40 47 50 7 5 38 15 37 13 34 41 30 43 18 20 2 48 24 11 29 9 35 45 31 49 22 32 19 12 36 44 10 16 25 

Inst_Index:8922 	 City_Num:50 	 Concorde:0.058708 	 MCTS:5.868831 Improve:0.001974 	 Time:5.00 Seconds
Solution: 1 44 40 36 33 26 23 34 48 21 10 22 19 20 28 7 5 9 43 6 30 2 15 12 4 35 16 24 32 31 49 25 27 47 37 41 17 46 29 11 39 3 45 13 8 42 38 14 50 18 

Inst_Index:8923 	 City_Num:50 	 Concorde:0.059529 	 MCTS:5.948866 Improve:0.004007 	 Time:5.00 Seconds
Solution: 1 8 19 28 3 39 42 38 20 29 4 40 23 32 46 5 35 15 34 9 48 47 22 44 6 31 10 25 2 11 43 16 26 30 27 24 7 36 45 50 14 18 33 21 41 49 13 37 12 17 

Inst_Index:8924 	 City_Num:50 	 Concorde:0.057134 	 MCTS:5.713426 Improve:0.000000 	 Time:5.00 Seconds
Solution: 1 19 37 21 15 6 3 20 50 4 12 38 17 13 43 10 48 49 2 29 24 33 16 25 28 23 44 8 18 41 46 39 31 32 40 35 34 27 7 42 9 30 11 26 36 45 14 47 22 5 

Inst_Index:8925 	 City_Num:50 	 Concorde:0.054021 	 MCTS:5.396379 Improve:0.005769 	 Time:5.01 Seconds
Solution: 1 46 11 15 14 25 28 32 42 19 7 8 6 22 36 21 41 35 12 44 27 17 9 33 26 20 47 18 37 31 34 38 48 29 16 4 45 5 24 39 10 2 49 13 30 3 23 40 50 43 

Inst_Index:8926 	 City_Num:50 	 Concorde:0.058869 	 MCTS:5.886931 Improve:0.000000 	 Time:5.00 Seconds
Solution: 1 14 3 39 41 30 34 13 47 33 48 38 31 40 35 42 43 17 37 2 22 23 11 8 26 9 45 25 24 27 18 49 7 15 46 29 16 21 50 36 4 5 32 10 12 6 19 28 44 20 

Inst_Index:8927 	 City_Num:50 	 Concorde:0.057518 	 MCTS:5.751765 Improve:-0.000000 	 Time:5.00 Seconds
Solution: 1 22 11 16 14 26 23 50 13 28 44 31 35 30 4 33 24 32 49 40 9 7 3 43 8 42 41 5 20 37 27 10 21 36 2 17 6 45 18 47 12 48 46 19 34 38 15 29 25 39 

Inst_Index:8928 	 City_Num:50 	 Concorde:0.056233 	 MCTS:5.617675 Improve:0.005638 	 Time:5.00 Seconds
Solution: 1 11 48 32 27 18 13 33 35 22 2 4 34 40 42 21 12 10 50 39 26 23 45 6 5 7 47 30 37 46 8 36 17 16 31 43 41 49 38 28 19 20 44 24 29 3 25 15 14 9 

Inst_Index:8929 	 City_Num:50 	 Concorde:0.059340 	 MCTS:5.933967 Improve:0.000000 	 Time:5.00 Seconds
Solution: 1 6 27 48 38 8 28 29 15 4 24 5 50 45 13 49 10 31 14 46 23 34 26 42 7 16 36 44 19 37 22 40 11 3 33 30 41 18 35 32 9 17 43 12 25 39 47 21 2 20 

Inst_Index:8930 	 City_Num:50 	 Concorde:0.056366 	 MCTS:5.636589 Improve:0.000000 	 Time:5.01 Seconds
Solution: 1 32 23 2 3 18 13 42 5 28 17 50 39 44 11 36 47 22 35 16 49 24 48 30 12 4 15 21 25 46 20 38 29 10 14 41 37 40 26 27 6 34 43 19 31 45 7 8 9 33 

Inst_Index:8931 	 City_Num:50 	 Concorde:0.054984 	 MCTS:5.498376 Improve:0.000000 	 Time:5.00 Seconds
Solution: 1 12 17 42 44 36 33 47 15 30 24 11 26 37 48 19 5 18 40 46 35 43 29 38 39 20 2 49 21 13 45 28 32 4 27 10 16 23 50 7 14 9 25 41 8 6 34 22 3 31 

Inst_Index:8932 	 City_Num:50 	 Concorde:0.053589 	 MCTS:5.358911 Improve:-0.000000 	 Time:5.00 Seconds
Solution: 1 17 5 16 26 34 40 42 23 8 47 27 31 20 36 33 29 45 37 12 28 6 9 7 32 21 3 14 30 39 4 24 46 44 18 10 2 19 22 38 50 48 35 13 49 15 11 25 41 43 

Inst_Index:8933 	 City_Num:50 	 Concorde:0.053243 	 MCTS:5.319752 Improve:0.004563 	 Time:5.00 Seconds
Solution: 1 19 8 39 22 13 50 23 29 14 31 26 17 25 28 16 44 3 5 30 11 32 6 46 41 48 34 35 45 37 38 47 10 15 36 43 20 9 18 7 4 40 27 49 24 21 2 12 42 33 

Inst_Index:8934 	 City_Num:50 	 Concorde:0.053986 	 MCTS:5.398552 Improve:0.000000 	 Time:5.00 Seconds
Solution: 1 26 44 4 30 6 25 43 16 48 24 3 28 38 46 15 47 39 2 23 40 18 50 32 17 34 9 11 12 10 20 36 42 31 8 41 19 14 13 33 21 37 22 49 35 7 45 29 5 27 

Inst_Index:8935 	 City_Num:50 	 Concorde:0.058068 	 MCTS:5.806806 Improve:0.000000 	 Time:5.00 Seconds
Solution: 1 21 30 17 33 31 48 6 37 26 3 11 47 46 9 23 38 28 45 13 43 44 50 8 39 24 2 10 25 16 35 42 34 32 5 27 40 18 14 7 29 12 20 36 22 41 15 4 49 19 

Inst_Index:8936 	 City_Num:50 	 Concorde:0.056074 	 MCTS:5.607403 Improve:0.000000 	 Time:5.00 Seconds
Solution: 1 27 14 21 19 18 13 17 34 4 31 39 9 48 42 10 29 23 8 28 43 6 49 44 3 33 45 26 7 25 11 16 47 30 12 22 2 20 24 38 46 50 37 5 15 36 32 35 40 41 

Inst_Index:8937 	 City_Num:50 	 Concorde:0.055509 	 MCTS:5.549870 Improve:0.001015 	 Time:5.00 Seconds
Solution: 1 41 7 13 36 33 11 12 34 43 24 28 40 8 18 15 35 16 5 45 23 4 17 50 25 49 47 30 6 48 46 19 29 26 3 39 42 31 44 9 22 21 10 37 14 2 38 32 27 20 

Inst_Index:8938 	 City_Num:50 	 Concorde:0.057734 	 MCTS:5.769957 Improve:0.003486 	 Time:5.01 Seconds
Solution: 1 39 42 40 46 15 49 22 33 44 47 31 2 36 21 50 20 35 14 16 48 6 34 25 7 18 17 37 32 8 29 30 11 5 41 10 45 9 26 28 23 13 12 19 24 43 38 27 3 4 

Inst_Index:8939 	 City_Num:50 	 Concorde:0.054150 	 MCTS:5.415024 Improve:0.000000 	 Time:5.00 Seconds
Solution: 1 15 7 33 16 25 50 6 14 21 9 41 45 10 39 27 3 43 23 24 11 19 29 35 12 28 18 22 2 46 40 13 36 17 49 48 4 47 26 8 30 37 42 5 38 20 34 32 31 44 

Inst_Index:8940 	 City_Num:50 	 Concorde:0.052458 	 MCTS:5.245846 Improve:-0.000000 	 Time:5.01 Seconds
Solution: 1 5 50 39 7 28 10 6 8 15 22 17 37 42 16 34 25 33 2 38 47 14 46 49 18 45 4 32 43 13 27 20 21 23 26 24 9 36 44 31 11 29 19 12 3 40 41 48 35 30 

Inst_Index:8941 	 City_Num:50 	 Concorde:0.059680 	 MCTS:5.964941 Improve:0.003043 	 Time:5.01 Seconds
Solution: 1 48 36 42 32 35 24 45 27 13 8 17 39 38 20 34 23 30 22 16 46 15 31 2 21 47 3 49 40 41 19 50 5 37 28 11 18 10 26 29 14 12 44 33 4 25 9 6 7 43 

Inst_Index:8942 	 City_Num:50 	 Concorde:0.056368 	 MCTS:5.634148 Improve:0.002632 	 Time:5.01 Seconds
Solution: 1 40 28 8 14 50 4 19 2 37 17 11 48 24 44 26 49 46 41 42 29 36 22 35 30 15 34 20 25 12 45 27 6 23 9 43 3 7 21 38 47 33 5 39 13 31 16 10 32 18 

Inst_Index:8943 	 City_Num:50 	 Concorde:0.059215 	 MCTS:5.919166 Improve:0.002335 	 Time:5.01 Seconds
Solution: 1 46 50 6 40 2 14 35 8 23 38 15 3 43 7 48 29 22 16 9 21 20 44 19 31 30 49 42 32 4 27 12 28 39 18 26 47 33 41 17 37 10 11 5 36 24 13 45 25 34 

Inst_Index:8944 	 City_Num:50 	 Concorde:0.060991 	 MCTS:6.095495 Improve:0.003590 	 Time:5.01 Seconds
Solution: 1 48 25 8 33 9 43 24 34 14 44 12 5 21 16 6 46 15 7 31 10 20 45 30 40 41 39 47 27 19 37 11 4 3 38 32 13 2 26 17 50 23 49 22 36 35 28 29 42 18 

Inst_Index:8945 	 City_Num:50 	 Concorde:0.053053 	 MCTS:5.305300 Improve:0.000000 	 Time:5.00 Seconds
Solution: 1 40 16 46 30 7 31 39 20 38 37 8 12 29 17 35 44 28 36 18 3 6 23 33 48 25 42 14 10 45 19 15 41 34 13 24 26 22 49 5 21 2 11 27 9 32 4 43 50 47 

Inst_Index:8946 	 City_Num:50 	 Concorde:0.055394 	 MCTS:5.539389 Improve:0.000000 	 Time:5.00 Seconds
Solution: 1 33 10 26 43 22 12 41 20 30 44 11 8 45 19 3 23 36 16 24 7 31 4 17 47 49 34 46 35 32 50 13 14 25 38 39 15 48 42 40 9 27 2 5 6 29 18 28 21 37 

Inst_Index:8947 	 City_Num:50 	 Concorde:0.056108 	 MCTS:5.610799 Improve:0.000000 	 Time:5.01 Seconds
Solution: 1 10 50 22 48 18 7 41 25 47 34 8 39 32 30 44 15 12 33 24 37 42 2 23 21 27 31 45 6 3 38 13 19 26 20 29 16 5 14 9 49 43 46 28 4 35 40 36 11 17 

Inst_Index:8948 	 City_Num:50 	 Concorde:0.055732 	 MCTS:5.572652 Improve:0.000543 	 Time:5.00 Seconds
Solution: 1 27 30 31 15 48 20 11 44 32 19 18 22 24 14 9 12 37 4 8 6 34 40 41 45 33 21 10 13 43 35 5 17 3 7 28 47 2 26 42 49 39 23 36 16 29 25 38 50 46 

Inst_Index:8949 	 City_Num:50 	 Concorde:0.058582 	 MCTS:5.855456 Improve:0.002770 	 Time:5.00 Seconds
Solution: 1 8 45 22 14 21 26 19 35 38 9 42 11 46 43 5 40 29 30 20 44 27 15 25 2 48 41 7 33 36 10 39 50 28 23 32 17 49 4 24 37 3 13 34 18 6 31 12 47 16 

Inst_Index:8950 	 City_Num:50 	 Concorde:0.056617 	 MCTS:5.661184 Improve:0.000514 	 Time:5.00 Seconds
Solution: 1 8 30 22 26 44 42 19 38 28 34 46 36 11 23 50 48 18 40 20 10 4 45 13 33 6 31 35 39 2 24 32 21 29 16 25 14 3 41 17 47 27 15 49 7 12 37 5 43 9 

Inst_Index:8951 	 City_Num:50 	 Concorde:0.061327 	 MCTS:6.132759 Improve:-0.000101 	 Time:5.00 Seconds
Solution: 1 21 9 35 3 39 14 36 34 37 25 5 6 45 23 19 31 33 26 43 29 47 41 32 8 38 7 27 18 13 2 42 46 24 17 12 15 20 10 48 22 50 4 40 30 11 44 28 16 49 

Inst_Index:8952 	 City_Num:50 	 Concorde:0.055399 	 MCTS:5.537428 Improve:0.002472 	 Time:5.00 Seconds
Solution: 1 38 11 45 27 30 19 36 35 32 34 28 2 12 15 42 43 49 9 6 46 5 18 40 44 22 10 48 13 7 47 8 14 33 20 41 3 26 39 29 17 4 31 24 21 50 37 16 25 23 

Inst_Index:8953 	 City_Num:50 	 Concorde:0.053241 	 MCTS:5.324141 Improve:0.000000 	 Time:5.00 Seconds
Solution: 1 42 39 38 21 2 6 7 41 46 13 15 16 17 5 14 23 50 30 19 26 49 40 33 31 27 10 47 36 29 9 28 37 8 20 25 32 18 43 45 3 24 34 44 48 12 22 11 35 4 

Inst_Index:8954 	 City_Num:50 	 Concorde:0.055344 	 MCTS:5.534388 Improve:-0.000000 	 Time:5.01 Seconds
Solution: 1 24 49 28 32 47 14 13 50 35 9 26 30 31 34 43 46 4 48 39 23 36 16 41 40 7 10 19 22 42 45 6 2 11 29 3 33 5 18 17 25 12 27 44 8 15 21 37 20 38 

Inst_Index:8955 	 City_Num:50 	 Concorde:0.054218 	 MCTS:5.421781 Improve:0.000000 	 Time:5.00 Seconds
Solution: 1 39 27 17 31 50 43 13 49 6 36 32 23 44 7 25 48 38 28 10 12 5 46 14 29 19 8 34 18 37 30 33 22 9 24 2 45 20 11 21 4 40 16 35 15 41 42 3 47 26 

Inst_Index:8956 	 City_Num:50 	 Concorde:0.062093 	 MCTS:6.209338 Improve:-0.000000 	 Time:5.01 Seconds
Solution: 1 34 40 20 49 5 33 28 29 26 13 27 16 21 47 24 41 3 45 19 37 50 48 9 10 25 35 8 42 43 6 12 44 7 32 17 15 22 11 23 46 30 4 36 18 14 2 31 38 39 

Inst_Index:8957 	 City_Num:50 	 Concorde:0.056681 	 MCTS:5.668102 Improve:0.000000 	 Time:5.00 Seconds
Solution: 1 40 4 14 20 46 18 5 32 41 19 49 8 36 37 31 44 22 34 23 43 33 6 2 15 42 16 50 48 3 25 38 10 21 17 9 30 11 39 7 12 47 13 45 26 29 24 28 35 27 

Inst_Index:8958 	 City_Num:50 	 Concorde:0.056409 	 MCTS:5.640878 Improve:0.000000 	 Time:5.00 Seconds
Solution: 1 10 40 39 19 9 2 5 34 22 26 32 33 29 18 14 6 11 24 31 45 35 17 3 30 41 15 20 43 12 47 46 25 37 48 8 27 23 4 16 21 28 42 44 38 13 36 7 50 49 

Inst_Index:8959 	 City_Num:50 	 Concorde:0.056548 	 MCTS:5.654769 Improve:0.000067 	 Time:5.00 Seconds
Solution: 1 33 36 12 11 30 24 16 27 47 9 13 20 31 42 6 18 17 35 41 23 34 39 43 45 40 3 46 29 25 37 44 14 2 5 8 4 15 49 38 21 10 32 50 22 26 48 7 19 28 

Inst_Index:8960 	 City_Num:50 	 Concorde:0.055386 	 MCTS:5.538606 Improve:0.000000 	 Time:5.00 Seconds
Solution: 1 48 8 11 38 32 50 19 49 15 7 41 29 43 21 30 35 25 46 39 28 13 33 37 10 40 26 18 12 4 23 9 20 44 2 34 27 17 42 14 5 45 24 16 6 47 22 36 31 3 

Inst_Index:8961 	 City_Num:50 	 Concorde:0.059252 	 MCTS:5.924814 Improve:0.000434 	 Time:5.00 Seconds
Solution: 1 35 25 10 15 45 37 44 20 42 4 40 47 13 17 2 36 34 28 41 46 32 22 19 50 18 30 26 9 5 23 38 11 43 6 33 8 3 48 27 21 7 31 49 12 29 16 14 39 24 

Inst_Index:8962 	 City_Num:50 	 Concorde:0.056506 	 MCTS:5.650553 Improve:0.000000 	 Time:5.00 Seconds
Solution: 1 23 32 17 43 5 39 46 49 6 41 44 24 9 36 8 18 26 31 42 48 38 30 4 19 3 37 15 13 50 47 33 10 11 14 20 29 22 12 35 16 7 27 25 34 40 45 21 28 2 

Inst_Index:8963 	 City_Num:50 	 Concorde:0.056554 	 MCTS:5.697577 Improve:-0.042187 	 Time:5.01 Seconds
Solution: 1 12 9 2 28 31 18 42 43 5 23 38 48 22 14 4 36 11 41 34 20 44 21 35 8 6 50 37 46 3 32 17 24 7 40 27 19 30 49 33 29 10 47 16 15 45 13 39 26 25 

Inst_Index:8964 	 City_Num:50 	 Concorde:0.060959 	 MCTS:6.095843 Improve:0.000009 	 Time:5.00 Seconds
Solution: 1 18 3 17 45 22 19 9 10 44 38 39 41 24 34 33 42 6 37 40 25 43 8 49 50 16 36 29 47 15 4 13 11 27 46 28 35 30 48 7 21 20 2 32 5 14 31 26 12 23 

Inst_Index:8965 	 City_Num:50 	 Concorde:0.058698 	 MCTS:5.869821 Improve:0.000000 	 Time:5.01 Seconds
Solution: 1 47 21 39 2 50 17 37 25 15 29 24 43 42 26 44 7 4 46 32 16 35 10 19 8 14 34 13 9 31 6 22 30 49 27 23 48 36 11 41 20 38 3 5 45 28 33 12 18 40 

Inst_Index:8966 	 City_Num:50 	 Concorde:0.057280 	 MCTS:5.727990 Improve:0.000000 	 Time:5.02 Seconds
Solution: 1 23 31 11 42 2 18 3 45 16 34 12 13 14 29 20 9 15 21 19 17 48 7 27 26 49 32 46 30 8 22 28 10 35 41 38 39 4 6 33 5 25 37 36 24 40 50 43 47 44 

Inst_Index:8967 	 City_Num:50 	 Concorde:0.058650 	 MCTS:5.864978 Improve:0.000000 	 Time:5.00 Seconds
Solution: 1 16 43 15 45 48 6 47 29 50 31 8 7 5 23 25 17 32 46 44 11 30 12 3 40 36 27 4 24 39 38 33 19 18 49 22 14 28 35 42 10 26 13 41 2 20 34 9 21 37 

Inst_Index:8968 	 City_Num:50 	 Concorde:0.056286 	 MCTS:5.628571 Improve:0.000000 	 Time:5.00 Seconds
Solution: 1 10 28 45 38 22 42 16 37 30 7 47 18 13 40 9 8 6 43 34 19 31 36 46 25 41 4 39 20 5 48 32 15 44 33 23 49 14 26 50 29 35 11 12 24 17 21 27 2 3 

Inst_Index:8969 	 City_Num:50 	 Concorde:0.051847 	 MCTS:5.184710 Improve:0.000000 	 Time:5.00 Seconds
Solution: 1 26 24 44 19 35 2 12 11 43 14 10 13 38 30 32 25 41 21 50 15 4 37 29 34 3 42 8 20 28 16 22 40 45 49 31 9 7 23 46 18 36 39 33 48 6 5 17 27 47 

Inst_Index:8970 	 City_Num:50 	 Concorde:0.056820 	 MCTS:5.674821 Improve:0.007177 	 Time:5.00 Seconds
Solution: 1 47 3 37 11 23 38 14 7 8 25 19 32 17 31 21 9 22 41 29 5 18 20 13 36 27 49 43 39 30 24 6 50 26 42 4 46 28 44 12 48 45 2 15 10 35 40 16 34 33 

Inst_Index:8971 	 City_Num:50 	 Concorde:0.055978 	 MCTS:5.597816 Improve:-0.000000 	 Time:5.01 Seconds
Solution: 1 15 17 6 10 45 2 3 49 46 30 5 27 44 22 26 23 16 40 31 4 28 14 41 20 42 12 34 36 50 37 39 19 29 25 7 47 21 33 32 35 11 38 43 48 13 9 18 24 8 

Inst_Index:8972 	 City_Num:50 	 Concorde:0.055653 	 MCTS:5.565317 Improve:0.000000 	 Time:5.00 Seconds
Solution: 1 34 32 17 31 30 33 10 3 36 46 21 27 28 13 8 2 4 38 19 6 39 26 9 47 37 15 11 22 20 25 44 12 48 7 41 43 40 5 18 45 14 23 35 16 49 50 29 42 24 

Inst_Index:8973 	 City_Num:50 	 Concorde:0.056679 	 MCTS:5.667919 Improve:-0.000000 	 Time:5.00 Seconds
Solution: 1 6 7 8 5 9 29 47 40 44 28 24 23 21 16 22 46 14 34 35 36 31 20 2 49 43 10 33 48 15 26 41 27 32 25 17 13 19 45 37 38 11 50 4 12 18 42 3 39 30 

Inst_Index:8974 	 City_Num:50 	 Concorde:0.058903 	 MCTS:5.890301 Improve:0.000000 	 Time:5.00 Seconds
Solution: 1 11 40 5 48 39 20 7 25 43 24 29 44 15 46 35 9 19 27 49 6 38 12 37 2 23 13 32 17 36 18 4 45 47 41 30 33 16 50 14 21 26 22 8 31 28 3 34 42 10 

Inst_Index:8975 	 City_Num:50 	 Concorde:0.058119 	 MCTS:5.811945 Improve:-0.000000 	 Time:5.01 Seconds
Solution: 1 36 19 33 39 38 46 13 22 40 34 10 26 50 29 31 11 23 8 49 2 4 45 25 18 21 17 42 5 15 7 48 6 27 9 37 47 30 41 12 3 44 24 32 43 16 28 14 35 20 

Inst_Index:8976 	 City_Num:50 	 Concorde:0.060050 	 MCTS:6.005003 Improve:0.000000 	 Time:5.00 Seconds
Solution: 1 16 3 48 27 33 23 30 2 4 47 9 15 25 43 39 26 5 10 6 19 42 12 37 35 14 34 17 46 11 13 49 7 24 45 31 20 36 38 8 50 29 40 32 44 28 18 41 21 22 

Inst_Index:8977 	 City_Num:50 	 Concorde:0.059486 	 MCTS:5.948593 Improve:0.000000 	 Time:5.02 Seconds
Solution: 1 33 49 25 11 31 40 24 12 45 42 48 13 38 2 3 4 47 16 37 22 20 5 44 50 27 14 32 41 36 6 26 46 28 34 19 21 30 7 17 8 23 29 9 39 35 10 43 15 18 

Inst_Index:8978 	 City_Num:50 	 Concorde:0.056412 	 MCTS:5.641177 Improve:-0.000000 	 Time:5.00 Seconds
Solution: 1 9 5 3 22 37 47 15 43 12 34 31 24 36 40 23 26 6 29 2 27 41 16 19 13 33 45 25 48 8 11 50 14 42 32 30 28 20 39 35 21 4 46 38 7 10 49 18 17 44 

Inst_Index:8979 	 City_Num:50 	 Concorde:0.053936 	 MCTS:5.393589 Improve:0.000000 	 Time:5.00 Seconds
Solution: 1 28 40 11 12 19 39 21 17 41 22 44 37 23 45 36 13 16 18 47 34 20 2 24 26 38 10 46 32 9 33 35 49 8 42 29 5 31 3 48 6 30 43 50 15 14 27 25 7 4 

Inst_Index:8980 	 City_Num:50 	 Concorde:0.055777 	 MCTS:5.577658 Improve:0.000000 	 Time:5.00 Seconds
Solution: 1 11 31 2 15 28 34 38 40 10 42 25 30 44 16 13 29 14 39 37 3 8 47 18 12 17 9 36 21 33 49 20 7 48 23 5 32 27 19 6 35 45 50 26 43 22 46 41 24 4 

Inst_Index:8981 	 City_Num:50 	 Concorde:0.053526 	 MCTS:5.352623 Improve:-0.000000 	 Time:5.00 Seconds
Solution: 1 36 6 7 23 5 2 17 37 50 38 10 28 3 30 34 24 14 42 8 49 19 31 41 22 35 43 40 13 39 32 9 18 47 20 25 11 46 12 21 48 4 45 15 44 26 27 16 29 33 

Inst_Index:8982 	 City_Num:50 	 Concorde:0.053433 	 MCTS:5.343293 Improve:0.000000 	 Time:5.01 Seconds
Solution: 1 27 41 34 36 20 35 32 25 13 37 19 28 45 38 48 7 26 11 44 42 29 49 6 47 39 2 14 18 22 50 5 17 46 33 3 30 43 8 4 10 15 31 21 9 24 40 23 12 16 

Inst_Index:8983 	 City_Num:50 	 Concorde:0.060312 	 MCTS:6.024195 Improve:0.006993 	 Time:5.00 Seconds
Solution: 1 48 31 7 13 37 46 14 28 38 23 22 3 27 6 15 35 21 26 39 33 44 32 30 40 10 12 29 19 41 17 34 20 49 47 8 25 2 11 36 43 16 18 50 5 45 9 24 4 42 

Inst_Index:8984 	 City_Num:50 	 Concorde:0.057435 	 MCTS:5.743489 Improve:0.000000 	 Time:5.00 Seconds
Solution: 1 18 31 26 30 17 32 33 24 20 48 35 19 21 37 34 6 36 14 3 15 50 41 9 45 42 4 2 38 25 47 13 40 29 5 49 22 27 16 23 10 39 28 44 43 8 12 11 7 46 

Inst_Index:8985 	 City_Num:50 	 Concorde:0.053362 	 MCTS:5.332900 Improve:0.003274 	 Time:5.00 Seconds
Solution: 1 27 47 25 45 18 15 6 10 29 48 7 12 37 19 20 41 49 24 39 44 28 32 17 3 33 22 9 43 14 2 21 30 50 40 46 35 11 36 5 23 34 31 38 42 8 26 16 4 13 

Inst_Index:8986 	 City_Num:50 	 Concorde:0.049756 	 MCTS:4.975553 Improve:0.000038 	 Time:5.00 Seconds
Solution: 1 2 29 47 33 18 7 25 19 42 37 11 5 22 36 39 40 31 34 46 28 43 38 12 30 16 4 13 14 23 10 3 32 50 8 21 24 49 17 35 41 45 9 15 27 20 44 6 48 26 

Inst_Index:8987 	 City_Num:50 	 Concorde:0.056604 	 MCTS:5.660394 Improve:-0.000000 	 Time:5.01 Seconds
Solution: 1 45 7 13 4 23 18 14 39 11 19 21 15 25 42 29 6 47 10 33 46 28 20 27 16 17 44 32 40 9 8 37 48 5 50 38 24 36 49 43 26 12 2 41 3 34 22 31 35 30 

Inst_Index:8988 	 City_Num:50 	 Concorde:0.056357 	 MCTS:5.634967 Improve:0.000685 	 Time:5.00 Seconds
Solution: 1 16 34 12 46 22 4 17 20 14 37 21 27 33 39 10 31 49 36 6 44 48 26 15 18 7 42 32 9 23 24 8 2 40 13 43 45 41 28 38 5 3 29 35 47 50 25 30 11 19 

Inst_Index:8989 	 City_Num:50 	 Concorde:0.055667 	 MCTS:5.566691 Improve:0.000000 	 Time:5.00 Seconds
Solution: 1 6 50 21 26 18 29 5 30 22 4 27 16 35 31 14 15 12 8 38 33 2 32 39 49 36 11 9 10 28 13 25 19 46 45 34 20 17 37 42 40 43 41 7 48 23 44 47 24 3 

Inst_Index:8990 	 City_Num:50 	 Concorde:0.055196 	 MCTS:5.519553 Improve:0.000000 	 Time:5.00 Seconds
Solution: 1 28 34 15 49 21 46 26 16 22 17 43 12 35 41 32 44 3 6 11 8 30 9 50 37 24 20 18 47 4 2 31 7 33 14 19 48 13 5 36 25 23 40 10 39 27 38 29 42 45 

Inst_Index:8991 	 City_Num:50 	 Concorde:0.057788 	 MCTS:5.778803 Improve:0.000000 	 Time:5.00 Seconds
Solution: 1 47 34 44 26 46 23 16 15 22 27 50 5 13 25 3 36 37 49 2 19 11 41 9 42 40 48 35 39 6 12 17 24 14 38 28 45 20 32 7 30 29 8 4 31 18 33 21 10 43 

Inst_Index:8992 	 City_Num:50 	 Concorde:0.061192 	 MCTS:6.119192 Improve:0.000000 	 Time:5.00 Seconds
Solution: 1 6 20 42 12 39 41 36 15 18 44 40 22 29 31 34 38 14 27 2 47 25 3 7 49 26 8 16 48 21 46 11 45 50 9 19 37 24 10 23 32 30 28 4 17 5 13 35 43 33 

Inst_Index:8993 	 City_Num:50 	 Concorde:0.053491 	 MCTS:5.349092 Improve:0.000000 	 Time:5.00 Seconds
Solution: 1 29 17 32 8 35 23 12 33 20 37 36 24 21 31 22 34 43 50 7 14 11 48 10 44 40 6 4 46 13 5 38 25 16 28 19 41 42 2 47 9 26 18 39 15 3 49 45 27 30 

Inst_Index:8994 	 City_Num:50 	 Concorde:0.056088 	 MCTS:5.608761 Improve:0.000000 	 Time:5.00 Seconds
Solution: 1 20 33 39 49 41 16 46 22 50 44 11 43 13 36 26 24 9 8 5 40 31 27 34 35 37 2 48 23 6 7 21 18 19 47 38 42 32 28 15 14 3 30 17 29 10 4 45 25 12 

Inst_Index:8995 	 City_Num:50 	 Concorde:0.062499 	 MCTS:6.249857 Improve:0.000000 	 Time:5.00 Seconds
Solution: 1 48 16 11 2 39 25 23 49 17 31 28 46 50 7 43 14 24 47 15 8 34 9 41 20 40 27 32 3 37 42 5 45 4 22 18 12 38 6 35 21 19 29 33 36 26 13 10 30 44 

Inst_Index:8996 	 City_Num:50 	 Concorde:0.057890 	 MCTS:5.785274 Improve:0.003762 	 Time:5.00 Seconds
Solution: 1 36 26 13 4 24 39 3 47 40 9 32 46 38 49 31 43 50 10 22 15 14 17 6 45 27 23 42 29 12 28 41 44 16 34 25 33 35 5 48 20 18 11 7 19 37 2 30 21 8 

Inst_Index:8997 	 City_Num:50 	 Concorde:0.060252 	 MCTS:6.025183 Improve:-0.000000 	 Time:5.01 Seconds
Solution: 1 43 13 49 36 24 39 15 14 25 26 5 32 35 21 30 7 29 8 42 28 38 12 44 37 20 2 34 16 19 31 46 10 45 40 11 9 47 6 33 17 50 18 23 3 41 27 4 22 48 

Inst_Index:8998 	 City_Num:50 	 Concorde:0.056297 	 MCTS:5.629739 Improve:-0.000000 	 Time:5.01 Seconds
Solution: 1 15 30 35 13 40 22 2 20 49 19 23 38 25 5 46 50 48 7 28 34 9 31 12 18 27 36 29 41 24 39 6 26 47 4 3 42 45 17 16 21 11 37 33 14 44 10 32 43 8 

Inst_Index:8999 	 City_Num:50 	 Concorde:0.054266 	 MCTS:5.426604 Improve:-0.000000 	 Time:5.00 Seconds
Solution: 1 35 8 6 3 24 26 36 14 16 44 10 30 15 12 21 31 5 33 37 20 28 2 29 49 23 25 27 41 43 17 32 46 9 47 50 11 42 38 45 39 13 7 18 40 19 48 22 34 4 

Inst_Index:9000 	 City_Num:50 	 Concorde:0.057092 	 MCTS:5.709197 Improve:-0.000000 	 Time:5.00 Seconds
Solution: 1 27 43 37 11 10 36 6 9 50 48 42 25 38 7 33 18 46 28 3 8 19 31 32 49 39 26 23 17 15 30 47 22 34 16 2 24 29 4 5 13 20 35 21 40 41 44 14 12 45 

Inst_Index:9001 	 City_Num:50 	 Concorde:0.059848 	 MCTS:5.984833 Improve:0.000000 	 Time:5.00 Seconds
Solution: 1 33 29 22 44 5 37 50 12 31 3 20 6 21 35 18 17 8 36 7 40 26 47 42 39 25 9 45 14 15 32 43 34 10 2 38 41 30 28 24 16 49 13 19 27 46 23 4 11 48 

Inst_Index:9002 	 City_Num:50 	 Concorde:0.057029 	 MCTS:5.702384 Improve:0.000507 	 Time:5.00 Seconds
Solution: 1 31 8 4 47 7 18 15 10 9 6 16 45 23 20 12 24 44 43 13 21 40 30 2 33 22 41 37 48 5 17 32 29 19 39 46 27 42 25 14 26 34 38 49 11 3 28 36 50 35 

Inst_Index:9003 	 City_Num:50 	 Concorde:0.059879 	 MCTS:5.984792 Improve:0.003113 	 Time:5.00 Seconds
Solution: 1 16 23 2 49 32 47 13 48 17 50 25 37 39 7 15 22 31 43 42 3 10 18 45 41 27 46 33 20 38 8 21 11 34 9 24 28 35 6 14 4 29 40 12 36 19 30 44 5 26 

Inst_Index:9004 	 City_Num:50 	 Concorde:0.055804 	 MCTS:5.580282 Improve:0.000153 	 Time:5.00 Seconds
Solution: 1 33 8 7 20 10 29 35 45 43 28 30 27 48 50 2 36 17 11 40 47 4 37 18 6 15 12 41 5 25 34 32 21 3 26 13 14 22 9 38 23 31 42 16 46 24 44 39 49 19 

Inst_Index:9005 	 City_Num:50 	 Concorde:0.058159 	 MCTS:5.812522 Improve:0.003364 	 Time:5.00 Seconds
Solution: 1 35 4 28 40 49 38 2 7 13 8 19 5 16 18 26 50 3 44 17 31 9 24 30 46 27 11 36 23 43 20 48 41 10 39 42 37 25 29 33 14 15 6 45 34 21 12 47 32 22 

Inst_Index:9006 	 City_Num:50 	 Concorde:0.056939 	 MCTS:5.693881 Improve:-0.000000 	 Time:5.00 Seconds
Solution: 1 47 23 39 46 4 24 20 10 40 11 26 25 17 13 29 50 19 38 37 42 22 14 9 32 6 3 44 45 21 31 5 8 49 12 41 36 15 2 34 27 30 7 18 33 28 48 43 35 16 

Inst_Index:9007 	 City_Num:50 	 Concorde:0.056065 	 MCTS:5.606464 Improve:0.000000 	 Time:5.00 Seconds
Solution: 1 48 42 12 13 23 20 4 45 14 11 22 16 41 26 39 38 17 18 31 8 32 10 44 29 27 7 30 47 21 50 37 19 35 9 2 24 40 34 49 15 43 46 28 5 33 6 25 36 3 

Inst_Index:9008 	 City_Num:50 	 Concorde:0.057517 	 MCTS:5.748645 Improve:0.003019 	 Time:5.00 Seconds
Solution: 1 38 26 24 3 47 27 46 6 13 28 34 36 19 10 12 41 2 9 39 14 42 33 18 35 25 43 45 22 16 32 40 21 37 7 29 17 20 48 5 50 8 44 11 23 4 31 30 15 49 

Inst_Index:9009 	 City_Num:50 	 Concorde:0.057926 	 MCTS:5.791219 Improve:0.001415 	 Time:5.01 Seconds
Solution: 1 27 8 44 40 16 47 49 50 39 18 31 23 10 5 36 29 3 21 46 15 34 6 9 20 12 4 22 13 38 17 33 42 25 24 32 26 41 35 7 19 28 14 2 43 30 45 37 48 11 

Inst_Index:9010 	 City_Num:50 	 Concorde:0.060111 	 MCTS:6.011126 Improve:-0.000000 	 Time:5.00 Seconds
Solution: 1 7 50 43 18 47 46 44 40 16 27 38 26 29 8 49 19 4 22 11 17 24 34 25 28 33 23 37 21 30 10 36 41 45 42 13 31 12 2 32 20 6 39 15 35 48 5 3 9 14 

Inst_Index:9011 	 City_Num:50 	 Concorde:0.060407 	 MCTS:6.040671 Improve:-0.000000 	 Time:5.00 Seconds
Solution: 1 8 49 48 42 10 29 31 28 45 18 27 13 47 38 23 16 40 34 37 14 15 7 25 30 50 22 4 3 21 17 39 41 36 32 33 11 5 44 20 35 43 9 19 26 6 2 12 24 46 

Inst_Index:9012 	 City_Num:50 	 Concorde:0.056703 	 MCTS:5.670281 Improve:0.000000 	 Time:5.00 Seconds
Solution: 1 27 33 2 12 23 29 8 47 15 7 24 43 19 50 28 46 39 21 17 11 5 49 38 41 10 35 25 42 4 48 40 13 31 37 20 45 34 22 18 14 44 16 9 32 26 30 6 3 36 

Inst_Index:9013 	 City_Num:50 	 Concorde:0.058446 	 MCTS:5.844566 Improve:-0.000000 	 Time:5.00 Seconds
Solution: 1 37 44 22 12 19 11 41 9 15 25 20 34 6 45 26 2 48 35 49 27 5 18 4 10 33 16 29 14 32 7 17 42 50 39 8 13 28 3 38 43 36 23 24 30 47 40 31 46 21 

Inst_Index:9014 	 City_Num:50 	 Concorde:0.055108 	 MCTS:5.510806 Improve:-0.000000 	 Time:5.00 Seconds
Solution: 1 26 27 5 37 42 38 30 29 6 13 44 34 4 50 19 46 31 15 10 39 43 36 17 7 11 48 40 8 2 47 45 24 16 20 3 49 21 14 32 28 12 22 33 23 41 25 18 9 35 

Inst_Index:9015 	 City_Num:50 	 Concorde:0.059589 	 MCTS:5.957465 Improve:0.001388 	 Time:5.00 Seconds
Solution: 1 31 26 5 4 16 32 7 17 50 45 12 36 11 23 39 43 15 44 13 28 49 2 27 35 25 9 41 20 34 37 8 47 33 30 14 46 22 40 18 21 42 10 29 6 3 38 24 48 19 

Inst_Index:9016 	 City_Num:50 	 Concorde:0.051872 	 MCTS:5.187179 Improve:0.000000 	 Time:5.00 Seconds
Solution: 1 30 9 32 19 20 15 33 28 21 10 37 46 35 6 2 7 41 43 47 25 38 26 49 44 29 45 42 11 17 31 16 24 5 50 13 3 34 39 23 27 4 18 14 48 22 40 12 36 8 

Inst_Index:9017 	 City_Num:50 	 Concorde:0.059684 	 MCTS:5.968416 Improve:0.000000 	 Time:5.00 Seconds
Solution: 1 6 5 20 35 28 2 42 10 31 13 33 40 43 16 29 7 3 12 46 38 11 15 21 22 36 49 37 44 30 19 45 41 50 34 39 9 14 27 25 24 32 17 18 23 26 47 48 8 4 

Inst_Index:9018 	 City_Num:50 	 Concorde:0.054808 	 MCTS:5.480817 Improve:0.000000 	 Time:5.00 Seconds
Solution: 1 30 31 33 36 45 4 9 13 8 19 28 47 20 21 3 32 35 26 11 50 46 40 34 17 39 18 12 38 14 23 41 2 6 37 25 24 42 48 43 10 15 16 44 27 22 7 29 49 5 

Inst_Index:9019 	 City_Num:50 	 Concorde:0.058943 	 MCTS:5.894300 Improve:0.000000 	 Time:5.00 Seconds
Solution: 1 11 3 10 6 8 9 35 19 24 37 31 29 32 40 44 18 41 2 48 21 27 50 38 7 46 34 33 14 4 16 42 45 15 49 36 47 30 25 43 5 28 26 13 12 39 22 23 20 17 

Inst_Index:9020 	 City_Num:50 	 Concorde:0.054311 	 MCTS:5.431149 Improve:0.000000 	 Time:5.00 Seconds
Solution: 1 33 38 34 46 28 44 2 21 11 42 8 19 23 20 49 30 16 41 32 35 36 15 22 9 17 37 31 5 4 47 25 43 10 26 7 6 18 13 29 45 39 40 50 12 48 14 24 3 27 

Inst_Index:9021 	 City_Num:50 	 Concorde:0.055450 	 MCTS:5.545030 Improve:-0.000000 	 Time:5.00 Seconds
Solution: 1 6 27 49 41 30 31 34 9 14 19 28 24 38 25 17 4 40 35 50 45 43 10 33 12 3 42 32 29 22 21 36 5 15 13 20 2 44 47 26 8 7 16 11 39 23 37 48 46 18 

Inst_Index:9022 	 City_Num:50 	 Concorde:0.053981 	 MCTS:5.398076 Improve:0.000000 	 Time:5.00 Seconds
Solution: 1 14 34 28 11 16 48 8 30 23 50 40 38 37 31 49 32 27 25 6 33 10 19 2 42 24 18 22 12 46 47 45 41 20 7 15 13 35 43 4 26 5 36 21 9 44 29 3 39 17 

Inst_Index:9023 	 City_Num:50 	 Concorde:0.054686 	 MCTS:5.468580 Improve:0.000000 	 Time:5.00 Seconds
Solution: 1 10 31 18 36 13 35 27 50 33 4 14 8 23 7 24 15 46 44 28 47 45 34 30 5 40 37 39 49 29 17 2 41 19 38 48 16 26 9 20 22 21 42 25 43 3 32 12 11 6 

Inst_Index:9024 	 City_Num:50 	 Concorde:0.055264 	 MCTS:5.526413 Improve:0.000000 	 Time:5.00 Seconds
Solution: 1 24 8 37 34 48 38 10 5 21 26 31 30 49 9 13 36 16 17 44 35 28 33 11 46 7 43 20 42 19 40 12 15 47 27 50 41 2 18 23 6 4 32 45 3 25 22 14 29 39 

Inst_Index:9025 	 City_Num:50 	 Concorde:0.058084 	 MCTS:5.808416 Improve:0.000000 	 Time:5.00 Seconds
Solution: 1 34 46 50 4 25 11 10 40 8 43 31 28 5 35 23 26 14 38 12 36 42 17 16 13 41 33 44 45 7 18 3 19 30 48 39 21 27 24 2 37 47 49 9 32 20 22 6 29 15 

Inst_Index:9026 	 City_Num:50 	 Concorde:0.059474 	 MCTS:5.947432 Improve:-0.000000 	 Time:5.00 Seconds
Solution: 1 7 34 43 46 49 38 45 42 32 50 33 41 17 16 31 44 8 22 35 25 20 5 28 23 30 10 14 4 9 40 13 39 36 18 2 48 27 21 24 12 19 15 47 6 3 11 29 37 26 

Inst_Index:9027 	 City_Num:50 	 Concorde:0.059390 	 MCTS:5.938953 Improve:-0.000000 	 Time:5.00 Seconds
Solution: 1 22 39 31 33 32 16 48 24 27 29 17 42 47 44 21 20 25 36 3 35 6 28 50 26 10 19 38 34 2 18 9 12 4 23 14 45 41 8 13 49 37 5 11 7 40 30 46 43 15 

Inst_Index:9028 	 City_Num:50 	 Concorde:0.060771 	 MCTS:6.077082 Improve:-0.000000 	 Time:5.00 Seconds
Solution: 1 24 18 41 31 34 14 4 20 16 42 37 32 25 2 30 47 35 5 27 44 40 36 3 39 13 45 28 6 29 46 11 7 8 49 12 22 50 26 10 38 15 17 43 23 19 48 33 21 9 

Inst_Index:9029 	 City_Num:50 	 Concorde:0.059103 	 MCTS:5.910330 Improve:-0.000000 	 Time:5.00 Seconds
Solution: 1 16 43 26 33 41 20 39 9 19 8 6 50 28 23 37 36 21 29 4 45 40 34 7 13 49 46 44 42 31 22 18 25 27 47 12 14 3 10 2 35 24 17 38 11 5 32 15 48 30 

Inst_Index:9030 	 City_Num:50 	 Concorde:0.060348 	 MCTS:6.034757 Improve:0.000000 	 Time:5.00 Seconds
Solution: 1 14 34 3 41 19 23 32 6 21 17 20 45 46 49 33 29 36 4 15 2 8 30 9 13 39 27 16 47 48 37 50 35 26 5 12 22 38 18 31 28 43 42 7 25 10 24 40 11 44 

Inst_Index:9031 	 City_Num:50 	 Concorde:0.060788 	 MCTS:6.078794 Improve:-0.000000 	 Time:5.00 Seconds
Solution: 1 39 50 33 44 43 5 6 29 35 23 27 25 22 10 41 32 4 16 24 18 31 26 9 8 12 46 2 7 19 15 34 28 20 3 37 13 11 42 49 21 17 36 38 14 45 48 40 47 30 

Inst_Index:9032 	 City_Num:50 	 Concorde:0.055735 	 MCTS:5.566896 Improve:0.006587 	 Time:5.00 Seconds
Solution: 1 49 23 40 42 44 20 39 5 15 18 13 47 26 16 46 33 10 38 36 2 28 37 29 6 19 11 48 35 7 27 25 30 34 3 24 22 32 45 4 41 14 43 12 31 17 21 50 9 8 

Inst_Index:9033 	 City_Num:50 	 Concorde:0.055461 	 MCTS:5.545117 Improve:0.000935 	 Time:5.00 Seconds
Solution: 1 24 47 8 46 37 14 18 22 16 27 20 41 10 19 50 43 13 25 29 9 3 39 40 26 23 32 5 44 48 49 2 15 28 36 31 45 21 6 42 30 33 38 11 17 4 12 7 35 34 

Inst_Index:9034 	 City_Num:50 	 Concorde:0.048510 	 MCTS:4.851022 Improve:0.000000 	 Time:5.00 Seconds
Solution: 1 33 5 25 41 21 9 12 17 45 43 26 40 32 24 34 15 4 14 39 38 16 2 42 3 46 19 37 48 10 49 11 44 13 18 7 47 20 35 6 29 23 30 28 50 27 22 8 31 36 

Inst_Index:9035 	 City_Num:50 	 Concorde:0.059952 	 MCTS:5.987286 Improve:0.007950 	 Time:5.00 Seconds
Solution: 1 11 41 21 23 13 43 8 26 47 25 34 46 9 31 14 4 10 32 28 2 36 22 38 35 37 27 16 44 24 20 12 3 6 42 15 17 49 45 29 7 50 40 39 33 30 5 48 19 18 

Inst_Index:9036 	 City_Num:50 	 Concorde:0.057636 	 MCTS:5.763562 Improve:-0.000000 	 Time:5.00 Seconds
Solution: 1 48 41 5 11 19 20 42 16 12 43 23 37 18 49 21 6 39 27 30 2 15 34 13 14 38 28 36 45 44 35 25 9 32 17 7 24 10 3 50 40 4 31 29 22 33 46 47 8 26 

Inst_Index:9037 	 City_Num:50 	 Concorde:0.057049 	 MCTS:5.704886 Improve:0.000000 	 Time:5.00 Seconds
Solution: 1 38 32 36 26 21 44 10 41 49 43 27 40 48 45 2 6 47 15 31 46 35 17 29 14 18 33 16 25 4 13 37 30 34 50 22 8 5 11 20 23 9 3 7 12 42 24 39 28 19 

Inst_Index:9038 	 City_Num:50 	 Concorde:0.057124 	 MCTS:5.712365 Improve:0.000000 	 Time:5.00 Seconds
Solution: 1 50 39 19 23 21 46 3 44 9 31 15 6 28 17 7 24 29 42 27 34 32 13 33 45 12 18 11 30 5 48 22 41 20 25 38 36 47 8 37 16 2 14 35 49 4 26 10 43 40 

Inst_Index:9039 	 City_Num:50 	 Concorde:0.056912 	 MCTS:5.691221 Improve:-0.000000 	 Time:5.00 Seconds
Solution: 1 26 7 31 20 5 40 30 33 49 36 22 2 11 3 17 47 42 29 8 25 39 6 48 45 23 19 38 24 16 21 34 13 37 9 41 32 27 15 12 50 44 46 35 18 14 43 28 10 4 

Inst_Index:9040 	 City_Num:50 	 Concorde:0.059100 	 MCTS:5.909162 Improve:0.000843 	 Time:5.00 Seconds
Solution: 1 3 33 21 16 38 45 26 32 13 25 7 15 27 4 31 50 47 28 41 46 18 36 42 22 48 24 5 49 9 20 8 35 29 6 23 30 44 43 37 2 39 40 10 12 17 14 11 34 19 

Inst_Index:9041 	 City_Num:50 	 Concorde:0.058239 	 MCTS:5.822082 Improve:0.001813 	 Time:5.00 Seconds
Solution: 1 8 10 9 33 45 3 2 19 31 16 28 43 42 24 6 40 47 37 49 5 50 44 32 29 25 27 14 34 39 11 18 46 17 15 20 26 48 21 7 4 36 30 22 23 13 41 12 35 38 

Inst_Index:9042 	 City_Num:50 	 Concorde:0.056923 	 MCTS:5.692079 Improve:0.000246 	 Time:5.00 Seconds
Solution: 1 23 6 25 17 8 4 20 24 44 38 50 26 14 46 45 3 18 22 12 16 9 32 37 39 41 13 10 43 27 11 35 7 31 19 48 33 42 49 21 47 34 15 30 29 2 36 28 40 5 

Inst_Index:9043 	 City_Num:50 	 Concorde:0.056143 	 MCTS:5.614275 Improve:-0.000000 	 Time:5.00 Seconds
Solution: 1 8 14 5 50 16 46 2 21 25 9 40 26 44 47 23 22 4 48 6 32 27 33 18 28 24 49 15 36 12 20 45 34 19 41 13 7 29 37 38 42 43 17 10 31 11 3 35 39 30 

Inst_Index:9044 	 City_Num:50 	 Concorde:0.056046 	 MCTS:5.599105 Improve:0.005544 	 Time:5.00 Seconds
Solution: 1 11 41 49 20 27 30 23 34 21 4 7 43 2 5 32 40 31 6 16 37 19 33 18 26 46 29 24 3 14 50 45 22 10 17 44 15 25 39 12 35 13 8 28 38 48 47 9 36 42 

Inst_Index:9045 	 City_Num:50 	 Concorde:0.058522 	 MCTS:5.852240 Improve:0.000000 	 Time:5.00 Seconds
Solution: 1 38 44 50 43 32 9 31 22 42 39 49 14 11 40 15 2 4 7 12 25 35 36 24 29 26 41 6 48 3 23 37 27 19 46 20 34 16 28 17 8 47 5 13 10 30 33 45 18 21 

Inst_Index:9046 	 City_Num:50 	 Concorde:0.056240 	 MCTS:5.624034 Improve:0.000000 	 Time:5.00 Seconds
Solution: 1 44 50 13 45 17 16 22 34 4 37 29 32 2 15 28 30 12 9 49 39 33 7 35 42 47 20 19 36 11 3 26 27 10 5 23 41 43 8 40 25 31 48 38 6 46 18 24 21 14 

Inst_Index:9047 	 City_Num:50 	 Concorde:0.059614 	 MCTS:5.961372 Improve:0.000000 	 Time:5.00 Seconds
Solution: 1 50 41 22 20 35 25 13 6 9 36 14 2 40 44 43 24 23 42 26 47 16 34 15 28 18 11 27 38 10 45 39 12 29 21 37 4 33 32 46 17 19 8 30 5 7 48 31 49 3 

Inst_Index:9048 	 City_Num:50 	 Concorde:0.060444 	 MCTS:6.041203 Improve:0.003179 	 Time:5.00 Seconds
Solution: 1 26 12 42 41 30 40 24 23 38 44 50 14 48 25 11 16 18 39 46 9 2 32 33 6 10 27 13 45 29 28 47 21 7 37 22 15 49 17 20 19 31 4 36 35 3 5 8 34 43 

Inst_Index:9049 	 City_Num:50 	 Concorde:0.059147 	 MCTS:5.914674 Improve:0.000000 	 Time:5.01 Seconds
Solution: 1 37 47 10 9 45 11 22 19 42 3 26 13 25 17 14 46 50 49 31 8 40 7 41 20 28 36 29 32 21 27 34 39 24 4 33 23 48 15 2 35 12 44 18 38 43 30 16 5 6 

Inst_Index:9050 	 City_Num:50 	 Concorde:0.056722 	 MCTS:5.668132 Improve:0.004025 	 Time:5.00 Seconds
Solution: 1 10 48 47 20 42 8 50 7 44 34 23 26 41 15 28 40 46 45 43 38 2 17 30 13 22 4 12 35 25 19 21 29 11 36 9 33 27 18 16 5 6 31 39 3 32 37 24 49 14 

Inst_Index:9051 	 City_Num:50 	 Concorde:0.052356 	 MCTS:5.231632 Improve:0.004000 	 Time:5.00 Seconds
Solution: 1 4 49 47 29 31 16 34 11 43 19 3 21 27 46 26 6 25 42 50 45 40 18 17 32 24 28 35 5 7 22 10 23 48 33 9 38 41 15 20 12 36 2 37 44 8 14 30 39 13 

Inst_Index:9052 	 City_Num:50 	 Concorde:0.056650 	 MCTS:5.663165 Improve:0.001864 	 Time:5.01 Seconds
Solution: 1 36 17 48 15 38 50 7 42 39 43 10 25 30 23 22 8 47 26 40 34 32 4 5 16 18 41 20 49 3 11 28 31 45 29 27 12 9 6 2 46 33 19 13 24 37 21 35 14 44 

Inst_Index:9053 	 City_Num:50 	 Concorde:0.055472 	 MCTS:5.547171 Improve:0.000000 	 Time:5.00 Seconds
Solution: 1 16 27 31 12 34 36 9 46 17 28 41 21 38 26 40 18 22 45 13 50 35 23 14 20 47 4 10 49 24 7 11 6 8 5 32 30 29 25 37 42 2 39 48 43 3 33 15 44 19 

Inst_Index:9054 	 City_Num:50 	 Concorde:0.053350 	 MCTS:5.335033 Improve:-0.000000 	 Time:5.00 Seconds
Solution: 1 16 14 22 5 34 38 17 2 35 25 6 7 27 46 31 15 12 23 18 41 47 20 48 45 8 4 21 36 24 49 44 11 42 39 13 29 37 9 32 10 50 28 40 26 33 19 43 30 3 

Inst_Index:9055 	 City_Num:50 	 Concorde:0.058590 	 MCTS:5.859034 Improve:-0.000000 	 Time:5.01 Seconds
Solution: 1 41 2 13 21 39 46 17 29 4 24 44 6 11 37 47 25 27 16 48 7 18 38 26 34 14 8 28 45 3 42 43 22 36 33 10 5 30 23 35 19 32 50 9 40 31 20 12 15 49 

Inst_Index:9056 	 City_Num:50 	 Concorde:0.056745 	 MCTS:5.674237 Improve:0.000296 	 Time:5.00 Seconds
Solution: 1 2 45 8 6 33 46 17 48 30 42 10 44 15 21 47 19 32 14 43 38 7 13 22 27 25 31 35 11 29 16 34 4 20 9 40 26 41 36 37 5 23 24 12 18 50 39 49 3 28 

Inst_Index:9057 	 City_Num:50 	 Concorde:0.058931 	 MCTS:5.888484 Improve:0.004636 	 Time:5.00 Seconds
Solution: 1 7 5 39 28 46 2 18 42 17 23 11 10 12 22 45 44 25 35 38 32 27 40 48 19 14 30 8 26 47 50 37 6 29 13 20 9 49 41 43 36 4 15 34 16 33 21 3 31 24 

Inst_Index:9058 	 City_Num:50 	 Concorde:0.056122 	 MCTS:5.609519 Improve:0.002693 	 Time:5.01 Seconds
Solution: 1 14 36 19 37 41 21 6 30 44 46 10 47 25 24 16 48 29 43 13 42 32 15 34 27 40 39 45 31 28 23 11 12 17 20 35 50 2 3 9 18 8 22 49 4 5 26 33 7 38 

Inst_Index:9059 	 City_Num:50 	 Concorde:0.057895 	 MCTS:5.789537 Improve:0.000000 	 Time:5.00 Seconds
Solution: 1 18 40 10 4 30 33 11 7 12 21 41 37 32 5 38 26 8 17 35 3 13 29 48 27 36 42 25 16 39 22 6 14 50 20 43 9 31 49 2 23 28 47 45 24 15 34 19 44 46 

Inst_Index:9060 	 City_Num:50 	 Concorde:0.055435 	 MCTS:5.540699 Improve:0.002844 	 Time:5.00 Seconds
Solution: 1 39 15 35 28 14 18 33 47 23 29 38 40 4 21 24 8 19 43 11 2 42 48 7 49 6 30 32 10 9 36 27 44 25 46 12 50 20 5 3 34 22 16 31 26 13 37 17 45 41 

Inst_Index:9061 	 City_Num:50 	 Concorde:0.060274 	 MCTS:6.027363 Improve:0.000000 	 Time:5.01 Seconds
Solution: 1 28 44 39 6 22 20 24 48 35 10 37 27 25 47 49 43 31 14 18 30 36 50 12 16 19 32 46 42 7 11 29 15 4 2 26 13 3 17 21 23 38 8 5 40 9 45 41 34 33 

Inst_Index:9062 	 City_Num:50 	 Concorde:0.053311 	 MCTS:5.351590 Improve:-0.020497 	 Time:5.00 Seconds
Solution: 1 6 9 49 29 39 40 42 23 10 14 2 36 45 50 37 44 17 5 15 18 16 12 27 38 34 43 19 25 8 28 24 46 3 35 47 26 20 32 21 33 4 7 30 41 22 48 13 11 31 

Inst_Index:9063 	 City_Num:50 	 Concorde:0.054948 	 MCTS:5.494798 Improve:0.000000 	 Time:5.00 Seconds
Solution: 1 39 28 6 11 35 20 43 10 27 16 44 38 3 46 23 42 5 50 33 29 49 31 32 15 41 12 36 45 4 21 2 37 34 30 19 22 14 7 8 47 40 48 24 26 13 18 17 9 25 

Inst_Index:9064 	 City_Num:50 	 Concorde:0.061668 	 MCTS:6.166798 Improve:0.000000 	 Time:5.00 Seconds
Solution: 1 36 27 18 8 40 15 23 24 22 7 34 21 29 41 11 3 14 44 45 5 35 39 30 12 16 25 17 31 2 50 43 46 32 9 38 26 19 37 4 47 33 20 49 13 6 10 28 42 48 

Inst_Index:9065 	 City_Num:50 	 Concorde:0.053175 	 MCTS:5.317501 Improve:0.000000 	 Time:5.00 Seconds
Solution: 1 20 25 30 6 4 39 17 38 42 19 13 2 43 44 15 47 37 32 36 21 50 35 41 12 49 5 8 24 34 7 28 16 33 11 9 29 27 45 18 40 26 22 23 14 31 3 48 10 46 

Inst_Index:9066 	 City_Num:50 	 Concorde:0.060778 	 MCTS:6.078078 Improve:-0.000319 	 Time:5.00 Seconds
Solution: 1 10 29 17 9 25 5 45 19 7 37 49 12 26 42 34 30 16 48 36 31 4 41 44 39 2 38 6 32 13 20 47 21 8 11 24 50 33 43 15 14 28 35 18 27 22 23 3 40 46 

Inst_Index:9067 	 City_Num:50 	 Concorde:0.059334 	 MCTS:5.933409 Improve:0.000000 	 Time:5.01 Seconds
Solution: 1 14 2 36 28 29 37 17 39 3 34 19 42 49 38 24 15 26 16 18 8 41 5 25 20 12 11 30 50 40 47 13 31 43 7 6 32 22 48 44 46 27 21 33 45 10 23 35 4 9 

Inst_Index:9068 	 City_Num:50 	 Concorde:0.061266 	 MCTS:6.123191 Improve:0.003442 	 Time:5.00 Seconds
Solution: 1 37 39 34 8 4 38 43 10 49 23 31 6 13 26 46 22 47 21 3 5 12 35 41 30 17 16 28 45 14 33 20 48 42 50 11 25 9 29 27 44 7 15 40 19 32 36 24 2 18 

Inst_Index:9069 	 City_Num:50 	 Concorde:0.055494 	 MCTS:5.549406 Improve:0.000000 	 Time:5.00 Seconds
Solution: 1 39 47 2 29 23 24 21 6 5 18 7 34 31 48 17 42 35 22 25 46 33 45 26 15 28 3 10 14 32 8 43 19 12 44 4 36 27 41 30 37 50 9 11 13 49 20 16 40 38 

Inst_Index:9070 	 City_Num:50 	 Concorde:0.054792 	 MCTS:5.479238 Improve:0.000000 	 Time:5.00 Seconds
Solution: 1 11 23 38 16 43 20 31 19 21 47 42 29 44 35 30 48 40 3 46 50 49 7 41 32 45 6 37 5 17 4 15 12 13 18 22 24 2 14 36 25 26 10 27 28 34 39 8 9 33 

Inst_Index:9071 	 City_Num:50 	 Concorde:0.056650 	 MCTS:5.665017 Improve:-0.000000 	 Time:5.00 Seconds
Solution: 1 46 45 34 39 24 35 13 6 33 8 16 14 4 22 10 17 9 12 25 20 40 23 21 2 15 44 7 50 18 26 11 37 36 38 28 3 30 41 47 5 19 31 49 42 32 43 27 48 29 

Inst_Index:9072 	 City_Num:50 	 Concorde:0.058242 	 MCTS:5.824228 Improve:0.000000 	 Time:5.00 Seconds
Solution: 1 24 32 44 16 39 15 4 45 22 48 38 10 47 25 34 46 13 43 14 35 26 33 49 7 30 50 6 20 31 40 36 27 19 18 23 5 2 41 21 3 12 9 17 11 28 29 42 8 37 

Inst_Index:9073 	 City_Num:50 	 Concorde:0.056178 	 MCTS:5.617789 Improve:0.000000 	 Time:5.00 Seconds
Solution: 1 37 7 19 48 44 20 34 17 14 42 22 35 27 6 30 24 41 36 4 40 21 49 16 50 3 8 12 11 47 9 38 10 45 46 29 31 25 32 23 15 13 2 28 43 26 33 39 5 18 

Inst_Index:9074 	 City_Num:50 	 Concorde:0.054630 	 MCTS:5.462508 Improve:0.000510 	 Time:5.00 Seconds
Solution: 1 11 4 32 8 18 14 48 36 28 15 40 3 33 5 41 25 16 13 2 12 10 44 7 9 17 29 6 38 43 50 39 27 20 22 47 45 31 24 46 23 37 26 42 21 49 19 34 30 35 

Inst_Index:9075 	 City_Num:50 	 Concorde:0.059573 	 MCTS:5.957262 Improve:0.000000 	 Time:5.00 Seconds
Solution: 1 29 48 21 39 47 33 15 32 23 31 16 44 43 22 42 18 35 7 25 40 20 6 19 38 37 11 17 30 12 28 46 49 9 3 34 41 13 26 24 50 2 10 5 14 36 27 45 4 8 

Inst_Index:9076 	 City_Num:50 	 Concorde:0.058199 	 MCTS:5.818963 Improve:0.000984 	 Time:5.00 Seconds
Solution: 1 29 31 6 33 17 28 16 9 26 20 22 38 48 40 35 7 42 34 14 39 18 23 50 49 19 37 36 47 10 15 21 32 24 45 13 11 43 12 25 4 41 8 30 3 27 46 5 2 44 

Inst_Index:9077 	 City_Num:50 	 Concorde:0.059593 	 MCTS:5.951478 Improve:0.007774 	 Time:5.00 Seconds
Solution: 1 17 43 38 2 16 26 10 9 20 24 36 8 30 5 6 45 14 15 22 18 29 27 34 19 42 46 3 41 35 4 21 7 13 49 25 44 28 40 12 23 37 50 47 33 11 32 39 31 48 


Avg_Concorde_Distance: 5.704079 Avg_MCTS_Distance: 5.703249 Avg_Gap: -0.000144 Total_Time: 1566.80 Seconds 
 Beat_Best_Known_Times: 108 Match_Best_Known_Times: 199 Miss_Best_Known_Times: 6 
