Number_of_Instances_In_Current_Batch: 313

Inst_Index:5009 	 City_Num:50 	 Concorde:0.053506 	 MCTS:5.350264 Improve:0.000293 	 Time:5.00 Seconds
Solution: 1 27 9 19 20 36 33 16 25 17 43 8 35 7 2 22 44 21 32 42 3 10 18 5 14 47 23 38 28 41 11 29 34 49 45 39 15 50 6 37 40 12 24 48 30 4 46 31 26 13 

Inst_Index:5010 	 City_Num:50 	 Concorde:0.060384 	 MCTS:6.038185 Improve:0.000253 	 Time:5.00 Seconds
Solution: 1 2 30 36 15 49 25 31 38 22 46 24 5 4 16 23 17 42 3 35 7 33 43 34 50 37 32 12 45 48 40 27 28 26 11 20 21 39 10 6 41 29 13 19 8 47 9 44 14 18 

Inst_Index:5011 	 City_Num:50 	 Concorde:0.058457 	 MCTS:5.845686 Improve:-0.000000 	 Time:5.00 Seconds
Solution: 1 6 21 44 35 24 25 4 36 2 49 42 37 8 32 47 22 31 33 29 19 23 20 48 34 30 41 26 15 45 13 43 10 14 12 27 40 28 38 9 16 18 39 50 17 3 11 5 46 7 

Inst_Index:5012 	 City_Num:50 	 Concorde:0.058783 	 MCTS:5.877770 Improve:0.000564 	 Time:5.00 Seconds
Solution: 1 10 35 14 47 7 23 5 2 30 24 3 4 19 6 18 32 27 29 46 40 16 28 9 41 20 49 37 26 12 17 39 48 21 50 25 8 34 15 31 43 42 45 13 36 38 33 11 44 22 

Inst_Index:5013 	 City_Num:50 	 Concorde:0.058136 	 MCTS:5.808030 Improve:0.005587 	 Time:5.00 Seconds
Solution: 1 50 34 19 45 27 25 30 14 33 37 5 39 6 15 9 18 13 40 8 36 35 23 21 49 12 11 44 32 2 29 22 16 48 31 20 42 47 17 7 46 3 4 41 38 28 10 43 26 24 

Inst_Index:5014 	 City_Num:50 	 Concorde:0.054676 	 MCTS:5.467561 Improve:-0.000000 	 Time:5.00 Seconds
Solution: 1 30 21 4 37 3 49 35 32 25 41 22 43 13 31 24 15 46 17 16 10 44 7 6 39 26 9 11 40 8 36 2 38 20 18 42 28 12 47 33 23 45 29 34 5 50 14 19 27 48 

Inst_Index:5015 	 City_Num:50 	 Concorde:0.055458 	 MCTS:5.545807 Improve:0.000000 	 Time:5.00 Seconds
Solution: 1 36 50 30 9 31 48 16 37 4 32 35 42 38 33 7 21 49 17 46 8 43 11 22 18 27 13 23 6 12 39 25 24 41 19 28 20 14 34 5 45 47 10 26 29 15 3 40 44 2 

Inst_Index:5016 	 City_Num:50 	 Concorde:0.056737 	 MCTS:5.673745 Improve:-0.000000 	 Time:5.00 Seconds
Solution: 1 18 6 7 40 21 9 24 15 16 30 10 35 26 33 14 43 17 49 25 8 19 50 41 36 45 3 31 5 28 46 4 2 13 29 39 11 22 20 27 23 48 12 47 32 37 38 34 42 44 

Inst_Index:5017 	 City_Num:50 	 Concorde:0.057790 	 MCTS:5.778083 Improve:0.000929 	 Time:5.01 Seconds
Solution: 1 18 21 33 27 37 46 45 43 24 47 19 48 35 20 26 15 23 50 34 12 38 11 28 44 7 5 49 10 31 14 9 36 16 13 40 22 4 30 6 41 25 2 39 8 29 17 3 42 32 

Inst_Index:5018 	 City_Num:50 	 Concorde:0.054616 	 MCTS:5.461612 Improve:0.000000 	 Time:5.01 Seconds
Solution: 1 8 13 18 25 17 44 5 16 23 15 6 14 50 45 20 10 27 41 9 29 36 26 33 40 12 22 24 34 49 4 2 43 38 21 47 46 35 31 19 37 30 48 7 3 28 42 11 39 32 

Inst_Index:5019 	 City_Num:50 	 Concorde:0.056179 	 MCTS:5.617893 Improve:0.000000 	 Time:5.00 Seconds
Solution: 1 27 41 48 7 45 26 14 13 2 15 36 38 21 30 16 3 31 35 37 40 43 19 12 39 11 28 32 46 18 44 8 29 24 50 17 5 4 42 25 33 22 23 34 49 47 9 6 10 20 

Inst_Index:5020 	 City_Num:50 	 Concorde:0.053217 	 MCTS:5.317035 Improve:0.004661 	 Time:5.00 Seconds
Solution: 1 17 23 43 8 18 20 27 3 9 36 10 46 38 2 6 50 22 28 37 29 34 11 16 33 41 44 7 26 35 48 32 15 42 30 49 39 47 40 45 5 12 25 4 31 21 19 13 14 24 

Inst_Index:5021 	 City_Num:50 	 Concorde:0.053934 	 MCTS:5.384630 Improve:0.008770 	 Time:5.00 Seconds
Solution: 1 46 33 14 29 32 31 2 40 35 25 37 12 20 44 23 3 13 34 24 27 4 39 18 10 9 17 43 16 45 26 41 8 42 47 11 48 21 30 22 6 15 7 38 49 5 28 19 50 36 

Inst_Index:5022 	 City_Num:50 	 Concorde:0.058118 	 MCTS:5.811834 Improve:-0.000000 	 Time:5.01 Seconds
Solution: 1 30 9 46 40 48 8 21 34 43 35 28 29 37 49 50 14 44 17 16 5 20 10 41 31 33 42 47 39 25 38 22 23 15 26 4 36 12 27 6 2 13 7 18 24 3 19 11 32 45 

Inst_Index:5023 	 City_Num:50 	 Concorde:0.054063 	 MCTS:5.399624 Improve:0.006661 	 Time:5.00 Seconds
Solution: 1 14 5 10 32 44 47 21 37 17 35 24 41 48 9 3 46 42 2 29 45 49 30 28 33 7 23 8 13 40 11 27 12 22 25 18 34 6 16 38 50 19 20 26 39 43 31 4 36 15 

Inst_Index:5024 	 City_Num:50 	 Concorde:0.055378 	 MCTS:5.537829 Improve:-0.000000 	 Time:5.00 Seconds
Solution: 1 10 4 20 15 42 34 24 31 22 35 40 23 50 25 5 47 37 13 33 17 9 46 27 19 29 6 8 7 30 45 32 12 38 21 44 11 39 14 28 36 41 49 26 48 18 43 3 2 16 

Inst_Index:5025 	 City_Num:50 	 Concorde:0.059609 	 MCTS:5.960942 Improve:0.000000 	 Time:5.00 Seconds
Solution: 1 4 9 19 38 35 22 2 27 6 5 45 25 10 37 50 30 12 42 15 8 17 3 21 43 33 24 46 23 41 44 39 18 47 20 11 36 28 48 16 29 34 32 13 40 7 49 14 31 26 

Inst_Index:5026 	 City_Num:50 	 Concorde:0.058577 	 MCTS:5.857650 Improve:0.000000 	 Time:5.00 Seconds
Solution: 1 36 26 6 41 48 24 16 34 21 20 46 39 38 33 43 47 35 15 42 10 23 5 13 27 28 4 9 32 3 19 37 14 8 40 17 12 7 18 25 22 44 45 50 29 2 11 30 31 49 

Inst_Index:5027 	 City_Num:50 	 Concorde:0.058875 	 MCTS:5.882961 Improve:0.004506 	 Time:5.00 Seconds
Solution: 1 35 40 2 48 23 9 47 41 28 6 34 7 46 50 42 20 49 11 32 24 3 4 43 5 31 36 39 19 16 21 38 17 30 8 44 13 12 14 33 37 25 10 29 22 27 15 45 26 18 

Inst_Index:5028 	 City_Num:50 	 Concorde:0.056810 	 MCTS:5.681016 Improve:0.000000 	 Time:5.00 Seconds
Solution: 1 16 13 15 31 5 35 17 29 18 6 26 9 41 28 48 3 38 49 42 43 44 24 4 19 45 8 30 33 50 32 34 11 2 14 47 21 10 27 23 25 22 20 12 39 36 40 46 7 37 

Inst_Index:5029 	 City_Num:50 	 Concorde:0.058314 	 MCTS:5.838018 Improve:-0.006601 	 Time:5.00 Seconds
Solution: 1 45 11 18 29 25 13 15 27 48 38 36 16 31 24 33 35 40 21 3 8 20 26 28 6 44 49 32 7 17 12 22 47 46 9 10 30 5 2 43 39 42 41 34 37 4 50 14 19 23 

Inst_Index:5030 	 City_Num:50 	 Concorde:0.055861 	 MCTS:5.586131 Improve:0.000000 	 Time:5.00 Seconds
Solution: 1 4 20 9 22 3 5 34 43 6 33 46 48 19 27 31 49 24 16 12 38 41 17 25 30 13 42 7 47 39 29 8 2 15 35 32 36 11 37 23 14 40 50 21 28 10 26 18 44 45 

Inst_Index:5031 	 City_Num:50 	 Concorde:0.053307 	 MCTS:5.330743 Improve:0.000000 	 Time:5.00 Seconds
Solution: 1 2 43 50 9 18 11 3 30 38 45 31 40 42 23 33 37 46 10 19 48 24 28 26 41 32 15 14 8 27 34 35 36 25 29 21 17 6 13 44 7 20 49 47 16 12 39 4 22 5 

Inst_Index:5032 	 City_Num:50 	 Concorde:0.055201 	 MCTS:5.520122 Improve:0.000000 	 Time:5.00 Seconds
Solution: 1 11 26 10 14 48 42 30 23 49 41 12 32 22 8 20 43 34 44 35 40 27 6 7 33 37 46 31 45 21 5 28 50 4 25 19 17 29 13 36 18 47 38 9 3 24 15 16 2 39 

Inst_Index:5033 	 City_Num:50 	 Concorde:0.056667 	 MCTS:5.663175 Improve:0.003502 	 Time:5.01 Seconds
Solution: 1 22 3 4 38 11 7 14 40 25 27 34 24 10 23 26 49 37 41 44 42 30 31 5 19 43 50 33 18 39 35 15 32 16 6 21 46 20 13 36 48 12 29 8 47 9 2 45 28 17 

Inst_Index:5034 	 City_Num:50 	 Concorde:0.056422 	 MCTS:5.641546 Improve:0.000669 	 Time:5.00 Seconds
Solution: 1 37 4 24 25 9 8 45 36 43 39 41 17 11 30 46 26 7 33 2 47 38 22 19 35 10 3 23 27 18 42 21 48 6 34 49 31 5 12 14 13 44 40 15 20 32 16 50 29 28 

Inst_Index:5035 	 City_Num:50 	 Concorde:0.057768 	 MCTS:5.775511 Improve:0.001306 	 Time:5.00 Seconds
Solution: 1 36 25 15 46 11 8 16 47 50 44 40 7 26 2 23 17 33 6 13 9 3 42 22 5 18 21 32 28 20 48 38 39 12 10 24 34 27 49 37 19 30 41 43 35 31 29 45 14 4 

Inst_Index:5036 	 City_Num:50 	 Concorde:0.059443 	 MCTS:5.944306 Improve:0.000000 	 Time:5.00 Seconds
Solution: 1 8 22 49 47 10 50 24 7 26 17 14 39 2 3 38 40 36 23 5 6 9 13 41 28 27 37 48 46 15 35 18 42 12 11 44 16 4 21 30 31 34 32 20 33 25 29 43 45 19 

Inst_Index:5037 	 City_Num:50 	 Concorde:0.056701 	 MCTS:5.670053 Improve:0.000000 	 Time:5.00 Seconds
Solution: 1 23 20 29 35 37 32 6 41 42 49 30 50 3 12 17 14 11 24 9 34 18 28 15 22 19 47 26 44 4 7 33 25 5 31 36 40 43 39 38 46 27 13 45 21 48 8 10 16 2 

Inst_Index:5038 	 City_Num:50 	 Concorde:0.058035 	 MCTS:5.795323 Improve:0.008214 	 Time:5.00 Seconds
Solution: 1 36 29 42 44 4 15 5 27 18 10 37 45 25 19 20 50 23 2 47 31 41 28 8 26 21 43 6 48 11 9 38 24 30 17 7 32 40 16 22 14 13 49 3 35 39 34 12 33 46 

Inst_Index:5039 	 City_Num:50 	 Concorde:0.061595 	 MCTS:6.156284 Improve:0.003249 	 Time:5.00 Seconds
Solution: 1 45 20 35 38 41 19 17 23 36 10 33 25 43 42 39 21 24 28 16 48 30 50 44 31 11 18 13 9 7 12 32 46 40 14 27 6 29 47 8 4 34 2 15 5 49 22 37 3 26 

Inst_Index:5040 	 City_Num:50 	 Concorde:0.052887 	 MCTS:5.284881 Improve:0.003818 	 Time:5.00 Seconds
Solution: 1 16 3 12 44 19 25 4 29 38 35 34 24 40 50 20 14 43 32 45 49 47 18 31 36 10 27 13 23 9 39 30 2 17 7 33 48 26 8 28 6 41 15 42 5 11 22 37 21 46 

Inst_Index:5041 	 City_Num:50 	 Concorde:0.057061 	 MCTS:5.706137 Improve:0.000000 	 Time:5.00 Seconds
Solution: 1 18 14 11 25 35 49 9 7 32 46 43 10 21 42 28 17 41 16 40 45 12 22 30 44 38 3 33 24 29 34 37 5 20 23 27 13 26 47 15 19 8 48 31 36 4 39 6 50 2 

Inst_Index:5042 	 City_Num:50 	 Concorde:0.054442 	 MCTS:5.441645 Improve:0.002569 	 Time:5.00 Seconds
Solution: 1 14 42 7 32 39 2 38 49 18 31 12 26 41 45 15 50 47 19 13 46 40 48 22 43 28 6 21 35 10 37 20 33 17 30 34 44 9 25 16 8 11 36 29 24 3 4 5 23 27 

Inst_Index:5043 	 City_Num:50 	 Concorde:0.058130 	 MCTS:5.807968 Improve:0.005058 	 Time:5.00 Seconds
Solution: 1 31 9 34 32 4 35 8 43 19 24 45 46 28 36 15 7 20 29 39 3 23 49 5 37 14 22 6 13 50 18 40 44 27 41 48 2 33 16 11 47 12 38 30 17 42 25 10 26 21 

Inst_Index:5044 	 City_Num:50 	 Concorde:0.058032 	 MCTS:5.800765 Improve:0.002481 	 Time:5.00 Seconds
Solution: 1 21 43 32 29 31 15 7 48 3 44 36 14 41 27 18 11 16 5 45 25 26 4 38 50 23 17 12 9 39 28 8 24 34 49 10 47 42 46 19 20 13 40 35 2 30 6 22 37 33 

Inst_Index:5045 	 City_Num:50 	 Concorde:0.054293 	 MCTS:5.429321 Improve:0.000000 	 Time:5.00 Seconds
Solution: 1 43 5 7 42 13 24 22 32 2 29 16 31 11 25 50 18 33 28 48 8 14 9 10 4 38 44 3 23 19 36 49 40 12 47 26 37 46 35 15 17 34 21 39 30 20 6 41 27 45 

Inst_Index:5046 	 City_Num:50 	 Concorde:0.058157 	 MCTS:5.815657 Improve:-0.000000 	 Time:5.00 Seconds
Solution: 1 13 10 17 41 23 15 14 18 21 33 11 39 24 5 25 46 48 47 37 27 49 2 34 32 42 43 19 4 28 31 22 35 50 29 6 3 12 26 45 9 8 36 44 40 20 38 7 30 16 

Inst_Index:5047 	 City_Num:50 	 Concorde:0.054395 	 MCTS:5.439519 Improve:0.000000 	 Time:5.00 Seconds
Solution: 1 31 9 5 26 2 17 29 39 8 46 6 42 14 33 16 32 28 38 12 7 50 36 45 10 21 25 23 30 34 35 4 49 22 3 20 11 37 43 40 48 15 19 18 41 24 13 27 44 47 

Inst_Index:5048 	 City_Num:50 	 Concorde:0.057738 	 MCTS:5.773802 Improve:0.000000 	 Time:5.00 Seconds
Solution: 1 27 10 17 31 20 7 25 32 16 47 35 33 9 29 19 18 2 6 28 46 38 23 36 12 21 41 39 44 37 24 30 50 5 15 3 13 26 45 22 48 11 43 49 40 4 8 42 34 14 

Inst_Index:5049 	 City_Num:50 	 Concorde:0.054102 	 MCTS:5.410180 Improve:0.000000 	 Time:5.00 Seconds
Solution: 1 17 18 10 39 28 3 44 42 32 9 15 4 49 12 22 36 34 25 5 27 24 2 20 47 31 16 35 13 37 45 8 21 46 30 14 41 33 48 40 38 43 11 50 23 26 7 29 19 6 

Inst_Index:5050 	 City_Num:50 	 Concorde:0.057052 	 MCTS:5.705234 Improve:0.000000 	 Time:5.00 Seconds
Solution: 1 24 50 5 7 36 42 18 14 22 35 44 12 19 32 26 21 17 49 34 10 2 11 15 25 28 20 30 3 38 39 23 4 43 40 27 9 46 13 31 37 41 48 8 33 45 16 29 47 6 

Inst_Index:5051 	 City_Num:50 	 Concorde:0.058762 	 MCTS:5.859895 Improve:0.016280 	 Time:5.01 Seconds
Solution: 1 38 19 44 13 7 50 39 5 29 48 15 32 42 47 20 17 8 33 21 41 6 31 35 16 18 10 46 12 23 9 43 14 2 3 37 49 45 24 11 26 30 22 4 28 27 36 25 40 34 

Inst_Index:5052 	 City_Num:50 	 Concorde:0.055590 	 MCTS:5.558481 Improve:0.000480 	 Time:5.00 Seconds
Solution: 1 48 14 45 16 32 47 12 42 3 7 50 23 4 31 6 37 26 21 25 33 15 5 38 29 22 11 35 13 34 10 2 27 19 46 24 43 49 18 9 41 30 8 36 28 20 44 39 17 40 

Inst_Index:5053 	 City_Num:50 	 Concorde:0.054467 	 MCTS:5.446704 Improve:-0.000000 	 Time:5.00 Seconds
Solution: 1 2 7 23 49 47 14 3 26 40 12 13 37 9 29 48 11 30 6 41 17 36 10 32 8 35 22 34 20 38 19 28 33 15 39 27 18 42 44 45 5 21 43 4 24 16 25 50 46 31 

Inst_Index:5054 	 City_Num:50 	 Concorde:0.053693 	 MCTS:5.369315 Improve:-0.000000 	 Time:5.00 Seconds
Solution: 1 4 12 34 8 45 5 9 31 23 40 47 43 20 38 10 18 39 24 32 21 44 42 17 28 49 29 35 19 22 14 6 46 11 15 26 3 50 27 36 7 30 13 41 2 37 33 25 16 48 

Inst_Index:5055 	 City_Num:50 	 Concorde:0.059926 	 MCTS:5.987074 Improve:0.005549 	 Time:5.00 Seconds
Solution: 1 45 12 20 2 11 35 40 42 48 39 16 17 50 24 19 21 18 47 29 38 3 46 32 13 41 14 22 37 7 27 28 25 6 5 23 36 30 31 34 49 10 44 43 4 26 9 33 8 15 

Inst_Index:5056 	 City_Num:50 	 Concorde:0.057351 	 MCTS:5.735086 Improve:0.000000 	 Time:5.00 Seconds
Solution: 1 33 34 32 23 20 16 46 42 29 6 22 47 35 31 13 40 9 19 25 18 28 48 45 49 14 38 17 36 21 24 7 10 5 15 11 39 2 50 8 44 30 3 27 4 26 41 12 43 37 

Inst_Index:5057 	 City_Num:50 	 Concorde:0.057758 	 MCTS:5.775217 Improve:0.000574 	 Time:5.01 Seconds
Solution: 1 41 31 16 30 33 5 29 44 45 40 46 22 47 37 9 20 7 35 43 32 50 4 11 6 24 28 21 39 27 13 17 3 2 48 8 26 19 42 18 34 38 12 36 10 23 25 14 15 49 

Inst_Index:5058 	 City_Num:50 	 Concorde:0.058630 	 MCTS:5.863017 Improve:0.000000 	 Time:5.01 Seconds
Solution: 1 48 10 36 21 40 2 15 39 25 20 49 27 19 5 45 46 30 37 44 29 13 24 7 6 14 26 38 16 18 34 41 22 47 33 42 32 50 4 35 8 31 43 12 17 11 23 3 28 9 

Inst_Index:5059 	 City_Num:50 	 Concorde:0.058070 	 MCTS:5.803827 Improve:0.003159 	 Time:5.00 Seconds
Solution: 1 23 21 7 15 46 48 50 43 9 11 14 2 20 4 35 13 17 16 26 18 10 38 5 24 37 49 29 36 34 32 25 33 42 45 40 27 41 6 12 47 31 3 22 19 28 30 8 39 44 

Inst_Index:5060 	 City_Num:50 	 Concorde:0.052635 	 MCTS:5.263490 Improve:0.000005 	 Time:5.00 Seconds
Solution: 1 13 9 3 18 44 2 45 15 11 29 10 27 25 32 33 8 20 38 7 39 16 48 47 5 36 28 40 30 4 31 12 6 17 22 49 26 35 34 24 50 46 23 14 37 41 43 19 42 21 

Inst_Index:5061 	 City_Num:50 	 Concorde:0.062988 	 MCTS:6.298786 Improve:-0.000000 	 Time:5.00 Seconds
Solution: 1 16 10 22 13 32 49 3 24 9 26 45 50 30 19 21 4 25 47 39 36 41 43 38 6 18 20 14 28 46 37 48 35 12 5 7 40 42 23 27 31 34 44 29 8 11 33 17 2 15 

Inst_Index:5062 	 City_Num:50 	 Concorde:0.058226 	 MCTS:5.822584 Improve:0.000000 	 Time:5.00 Seconds
Solution: 1 12 40 33 26 32 9 7 10 25 36 24 13 21 50 45 49 18 3 23 14 47 46 29 4 19 17 22 11 27 39 37 6 31 44 16 42 43 35 38 41 5 34 48 8 20 30 15 28 2 

Inst_Index:5063 	 City_Num:50 	 Concorde:0.054717 	 MCTS:5.471382 Improve:0.000325 	 Time:5.00 Seconds
Solution: 1 48 19 34 28 29 46 5 2 41 43 31 33 38 47 35 22 7 44 13 9 36 49 14 12 25 37 16 26 24 40 3 50 39 42 45 21 18 23 30 11 20 4 32 27 10 8 6 17 15 

Inst_Index:5064 	 City_Num:50 	 Concorde:0.058538 	 MCTS:5.853772 Improve:0.000000 	 Time:5.00 Seconds
Solution: 1 19 40 44 23 38 9 7 31 11 34 6 14 36 50 48 26 5 10 2 12 22 49 37 46 32 28 24 29 27 15 4 35 21 30 25 43 20 39 18 42 17 3 16 33 41 45 47 13 8 

Inst_Index:5065 	 City_Num:50 	 Concorde:0.056867 	 MCTS:5.701405 Improve:-0.014655 	 Time:5.00 Seconds
Solution: 1 7 26 25 40 18 37 8 29 43 41 33 36 6 49 31 14 4 15 30 46 32 13 2 28 17 39 38 35 34 44 20 12 19 5 27 45 3 50 21 22 47 23 10 9 16 24 11 42 48 

Inst_Index:5066 	 City_Num:50 	 Concorde:0.054693 	 MCTS:5.469260 Improve:0.000000 	 Time:5.00 Seconds
Solution: 1 21 41 36 5 20 43 37 47 49 19 30 26 2 44 40 32 18 15 16 25 46 22 29 17 13 45 7 9 3 31 34 39 11 23 4 27 38 33 12 35 28 6 10 14 8 42 24 50 48 

Inst_Index:5067 	 City_Num:50 	 Concorde:0.057933 	 MCTS:5.791369 Improve:0.001935 	 Time:5.00 Seconds
Solution: 1 2 6 40 8 7 23 38 9 20 45 35 43 21 42 16 46 30 34 12 15 27 13 50 26 25 37 39 14 29 3 48 31 47 17 44 22 5 19 49 32 10 36 33 24 4 18 41 28 11 

Inst_Index:5068 	 City_Num:50 	 Concorde:0.057790 	 MCTS:5.778981 Improve:0.000000 	 Time:5.00 Seconds
Solution: 1 11 46 44 3 50 38 35 32 7 25 13 23 30 33 27 40 43 21 39 10 45 8 14 17 6 29 47 4 16 22 34 36 42 37 12 2 19 31 20 18 15 28 41 49 24 48 9 26 5 

Inst_Index:5069 	 City_Num:50 	 Concorde:0.060526 	 MCTS:6.052585 Improve:0.000000 	 Time:5.00 Seconds
Solution: 1 24 30 28 26 44 40 29 25 11 4 5 48 47 6 31 14 39 8 16 36 37 46 18 32 27 50 15 12 35 34 43 7 19 33 17 38 41 49 10 13 22 9 23 21 42 20 45 2 3 

Inst_Index:5070 	 City_Num:50 	 Concorde:0.054751 	 MCTS:5.466539 Improve:0.008569 	 Time:5.00 Seconds
Solution: 1 18 37 34 30 21 49 26 40 25 11 2 16 17 13 44 41 43 7 27 20 12 23 9 29 50 31 47 36 28 35 15 38 22 32 8 24 48 42 4 45 19 39 46 10 5 6 33 3 14 

Inst_Index:5071 	 City_Num:50 	 Concorde:0.053255 	 MCTS:5.318915 Improve:0.006607 	 Time:5.00 Seconds
Solution: 1 34 44 42 31 8 21 50 49 43 38 17 15 27 9 5 41 47 36 19 13 10 6 20 46 37 45 26 3 14 4 12 48 23 11 39 2 24 33 30 7 40 28 35 18 25 16 22 29 32 

Inst_Index:5072 	 City_Num:50 	 Concorde:0.061251 	 MCTS:6.119739 Improve:0.005341 	 Time:5.00 Seconds
Solution: 1 15 5 16 24 40 25 6 41 45 35 34 37 30 3 14 42 11 27 12 39 21 44 23 33 22 28 48 49 29 46 43 8 2 38 26 36 32 13 7 31 9 10 4 20 19 18 50 47 17 

Inst_Index:5073 	 City_Num:50 	 Concorde:0.057309 	 MCTS:5.730901 Improve:0.000000 	 Time:5.00 Seconds
Solution: 1 33 10 38 17 45 20 9 39 6 23 4 41 44 26 27 18 42 22 36 11 16 31 50 3 2 37 40 7 8 19 29 14 5 28 35 47 15 34 25 12 30 46 48 43 13 21 49 32 24 

Inst_Index:5074 	 City_Num:50 	 Concorde:0.053010 	 MCTS:5.297789 Improve:0.003208 	 Time:5.00 Seconds
Solution: 1 24 34 13 15 20 37 18 28 25 3 22 12 33 46 26 48 47 39 40 10 14 27 44 23 31 41 42 49 6 50 9 30 16 35 5 11 2 8 29 45 32 4 36 38 43 19 7 21 17 

Inst_Index:5075 	 City_Num:50 	 Concorde:0.058087 	 MCTS:5.808743 Improve:-0.000000 	 Time:5.01 Seconds
Solution: 1 39 28 13 35 40 21 45 2 42 48 32 18 31 47 41 33 30 15 23 10 34 37 22 16 12 17 5 46 50 49 7 8 11 4 44 20 25 38 43 6 26 19 9 14 24 29 27 36 3 

Inst_Index:5076 	 City_Num:50 	 Concorde:0.054088 	 MCTS:5.402599 Improve:0.006193 	 Time:5.00 Seconds
Solution: 1 14 18 24 39 43 8 6 49 50 32 20 5 9 13 26 4 48 15 35 31 12 36 40 38 23 21 22 47 7 19 3 2 11 16 17 33 10 25 37 41 28 45 30 42 34 27 46 44 29 

Inst_Index:5077 	 City_Num:50 	 Concorde:0.057187 	 MCTS:5.718708 Improve:0.000000 	 Time:5.00 Seconds
Solution: 1 31 15 37 33 3 28 35 39 32 36 9 50 25 49 26 44 12 42 8 23 45 43 30 29 34 17 48 16 6 13 5 7 14 41 11 19 38 2 22 10 27 21 20 47 40 18 24 4 46 

Inst_Index:5078 	 City_Num:50 	 Concorde:0.053699 	 MCTS:5.366116 Improve:0.003776 	 Time:5.00 Seconds
Solution: 1 46 7 40 25 18 6 8 4 22 43 36 45 39 17 20 19 28 9 26 50 42 23 15 27 32 11 12 14 29 10 21 2 13 38 35 3 37 24 44 5 33 48 16 31 47 30 34 49 41 

Inst_Index:5079 	 City_Num:50 	 Concorde:0.060624 	 MCTS:6.062354 Improve:-0.000000 	 Time:5.00 Seconds
Solution: 1 3 26 23 22 21 4 10 15 19 45 40 11 9 12 35 20 27 48 6 34 28 39 5 41 31 37 42 49 30 2 7 13 18 47 33 16 50 43 44 8 46 25 17 14 32 24 36 29 38 

Inst_Index:5080 	 City_Num:50 	 Concorde:0.062090 	 MCTS:6.208978 Improve:-0.000000 	 Time:5.00 Seconds
Solution: 1 38 29 28 39 43 36 37 25 46 47 34 21 19 9 48 5 7 10 50 11 3 30 14 22 8 33 6 13 16 31 41 23 42 49 44 40 15 17 45 32 20 35 24 26 12 18 4 2 27 

Inst_Index:5081 	 City_Num:50 	 Concorde:0.052912 	 MCTS:5.285994 Improve:0.005178 	 Time:5.00 Seconds
Solution: 1 35 21 22 5 18 10 43 16 42 4 32 20 40 15 33 44 26 47 34 6 49 48 8 2 7 17 50 13 11 38 39 46 27 36 45 41 9 19 28 29 37 3 23 30 24 14 12 25 31 

Inst_Index:5082 	 City_Num:50 	 Concorde:0.061234 	 MCTS:6.123367 Improve:-0.000000 	 Time:5.00 Seconds
Solution: 1 37 25 44 20 5 10 23 2 13 9 32 42 12 3 30 41 28 43 22 15 38 48 19 7 47 11 31 26 18 21 16 6 14 50 36 40 27 4 17 8 35 24 46 45 39 29 34 49 33 

Inst_Index:5083 	 City_Num:50 	 Concorde:0.058965 	 MCTS:5.896543 Improve:-0.000000 	 Time:5.00 Seconds
Solution: 1 50 31 43 18 41 40 48 49 15 38 23 27 3 9 19 20 16 39 14 4 24 5 21 32 30 34 13 47 35 7 33 42 29 28 46 6 12 44 25 45 8 11 22 36 10 37 2 17 26 

Inst_Index:5084 	 City_Num:50 	 Concorde:0.055823 	 MCTS:5.582286 Improve:0.000000 	 Time:5.00 Seconds
Solution: 1 14 20 8 18 3 48 44 11 10 36 9 6 31 38 13 26 33 19 37 42 17 29 47 16 50 2 22 41 30 35 4 7 27 46 15 25 23 12 34 21 40 5 49 28 45 39 24 43 32 

Inst_Index:5085 	 City_Num:50 	 Concorde:0.058495 	 MCTS:5.849455 Improve:-0.000000 	 Time:5.00 Seconds
Solution: 1 14 16 36 33 2 7 5 41 28 48 17 10 29 40 34 50 45 23 35 8 43 25 18 32 46 27 31 15 4 9 3 6 26 42 38 49 30 39 12 47 19 20 22 44 13 21 37 24 11 

Inst_Index:5086 	 City_Num:50 	 Concorde:0.058529 	 MCTS:5.852940 Improve:0.000000 	 Time:5.00 Seconds
Solution: 1 37 5 44 19 46 12 32 48 16 28 33 34 22 3 20 45 10 7 39 18 21 25 24 13 26 4 31 50 30 23 27 8 14 40 9 36 11 29 2 43 35 15 38 49 47 42 17 6 41 

Inst_Index:5087 	 City_Num:50 	 Concorde:0.061801 	 MCTS:6.180077 Improve:0.000000 	 Time:5.00 Seconds
Solution: 1 13 46 40 48 18 25 47 29 12 42 4 15 27 26 14 17 8 7 44 39 37 41 10 16 3 23 24 21 11 19 31 38 28 35 30 49 2 22 20 50 6 36 34 43 33 9 5 45 32 

Inst_Index:5088 	 City_Num:50 	 Concorde:0.055664 	 MCTS:5.564459 Improve:0.001947 	 Time:5.00 Seconds
Solution: 1 28 50 44 13 42 26 2 19 40 16 15 29 38 34 41 6 23 7 39 46 17 36 8 11 27 25 22 9 14 12 37 5 4 49 32 47 24 33 21 30 48 3 20 43 10 31 18 45 35 

Inst_Index:5089 	 City_Num:50 	 Concorde:0.057445 	 MCTS:5.744544 Improve:0.000000 	 Time:5.00 Seconds
Solution: 1 13 35 8 17 24 23 12 37 7 22 31 26 29 45 39 2 4 34 28 9 6 32 42 19 16 30 15 40 36 43 10 27 14 20 47 25 38 33 49 11 18 44 5 46 21 48 3 41 50 

Inst_Index:5090 	 City_Num:50 	 Concorde:0.058140 	 MCTS:5.826826 Improve:-0.012797 	 Time:5.00 Seconds
Solution: 1 20 11 13 30 49 7 19 23 47 34 28 37 41 50 35 27 31 25 22 9 46 36 5 48 3 21 14 18 15 16 38 12 29 45 6 8 10 39 2 40 24 26 32 42 43 4 44 17 33 

Inst_Index:5091 	 City_Num:50 	 Concorde:0.059041 	 MCTS:5.904080 Improve:0.000000 	 Time:5.01 Seconds
Solution: 1 29 6 15 28 31 34 23 25 39 12 2 37 43 33 18 21 36 10 17 27 22 30 24 8 19 5 40 44 26 16 42 11 3 20 49 14 13 48 46 50 35 47 41 45 32 38 9 7 4 

Inst_Index:5092 	 City_Num:50 	 Concorde:0.056588 	 MCTS:5.658818 Improve:-0.000000 	 Time:5.00 Seconds
Solution: 1 19 31 6 27 20 13 28 49 30 2 12 5 33 14 21 4 3 11 39 18 25 23 22 26 40 32 43 41 44 17 29 9 16 34 36 15 10 24 48 42 7 37 47 46 35 45 38 8 50 

Inst_Index:5093 	 City_Num:50 	 Concorde:0.058340 	 MCTS:5.834059 Improve:-0.000020 	 Time:5.00 Seconds
Solution: 1 17 25 14 15 33 49 31 36 35 39 44 9 6 50 23 43 3 29 45 27 19 38 22 37 8 12 18 30 42 46 24 5 10 13 16 28 40 11 34 7 4 48 2 32 41 26 47 20 21 

Inst_Index:5094 	 City_Num:50 	 Concorde:0.054216 	 MCTS:5.421624 Improve:0.000000 	 Time:5.00 Seconds
Solution: 1 19 10 3 6 18 22 37 7 44 48 42 27 33 21 49 9 47 25 29 43 16 46 13 28 23 20 12 38 17 35 34 15 39 36 2 4 14 45 50 30 26 8 11 41 40 5 32 24 31 

Inst_Index:5095 	 City_Num:50 	 Concorde:0.056084 	 MCTS:5.608405 Improve:0.000000 	 Time:5.00 Seconds
Solution: 1 35 8 15 31 32 22 21 3 23 41 11 17 47 16 28 27 5 48 43 13 6 9 2 7 36 45 24 46 34 10 40 26 18 19 14 38 20 49 33 4 25 50 12 44 29 37 42 39 30 

Inst_Index:5096 	 City_Num:50 	 Concorde:0.061802 	 MCTS:6.177171 Improve:0.003062 	 Time:5.01 Seconds
Solution: 1 7 36 3 43 21 14 35 5 18 8 28 4 2 42 10 41 19 37 33 29 6 30 47 25 11 9 26 27 44 16 13 23 20 38 49 39 32 48 24 17 31 22 46 40 34 50 15 12 45 

Inst_Index:5097 	 City_Num:50 	 Concorde:0.052176 	 MCTS:5.217631 Improve:0.000000 	 Time:5.00 Seconds
Solution: 1 25 5 3 39 10 22 40 27 31 20 16 18 6 30 38 2 11 8 26 4 21 7 44 24 47 37 29 9 28 48 14 32 15 49 34 36 45 46 41 33 17 19 43 35 12 42 23 50 13 

Inst_Index:5098 	 City_Num:50 	 Concorde:0.055477 	 MCTS:5.547689 Improve:-0.000000 	 Time:5.00 Seconds
Solution: 1 24 12 29 42 25 16 46 17 47 38 49 23 45 10 31 18 4 36 22 39 20 13 19 2 32 26 5 30 40 37 34 15 48 33 27 6 7 21 14 8 11 3 35 9 41 28 44 43 50 

Inst_Index:5099 	 City_Num:50 	 Concorde:0.060857 	 MCTS:6.083180 Improve:0.002485 	 Time:5.00 Seconds
Solution: 1 41 9 15 16 21 5 34 32 39 22 18 27 23 4 8 29 50 17 33 48 12 45 19 38 11 10 2 26 3 47 25 7 24 35 49 14 42 37 28 20 13 30 31 40 44 43 46 36 6 

Inst_Index:5100 	 City_Num:50 	 Concorde:0.059072 	 MCTS:5.907202 Improve:0.000000 	 Time:5.00 Seconds
Solution: 1 29 37 33 38 14 3 42 40 46 18 20 25 26 48 24 44 11 31 10 30 15 4 32 43 17 8 16 5 45 9 12 49 7 13 23 22 19 47 21 34 27 35 41 28 50 6 36 39 2 

Inst_Index:5101 	 City_Num:50 	 Concorde:0.056155 	 MCTS:5.615507 Improve:0.000000 	 Time:5.00 Seconds
Solution: 1 6 45 7 21 50 17 3 10 15 5 8 44 33 19 36 27 18 23 49 31 46 25 28 43 22 40 41 16 39 4 47 32 12 34 30 29 48 13 14 9 37 38 26 20 2 35 11 42 24 

Inst_Index:5102 	 City_Num:50 	 Concorde:0.053747 	 MCTS:5.373489 Improve:0.001258 	 Time:5.00 Seconds
Solution: 1 16 12 7 28 41 34 35 18 33 19 21 14 15 43 45 32 44 50 10 40 46 13 24 3 9 42 31 11 39 27 5 20 38 2 17 23 6 26 36 48 47 37 22 29 8 4 49 30 25 

Inst_Index:5103 	 City_Num:50 	 Concorde:0.058703 	 MCTS:5.870332 Improve:-0.000000 	 Time:5.00 Seconds
Solution: 1 48 27 38 35 44 50 34 23 2 10 8 49 21 32 18 43 5 15 19 7 41 24 29 31 14 30 42 17 11 9 47 22 25 4 36 20 33 45 28 46 16 6 26 3 13 40 39 37 12 

Inst_Index:5104 	 City_Num:50 	 Concorde:0.057710 	 MCTS:5.770099 Improve:0.000908 	 Time:5.00 Seconds
Solution: 1 28 41 46 48 9 16 5 27 12 47 13 40 39 3 42 21 20 14 24 44 2 32 10 37 8 50 38 26 19 18 4 43 45 34 7 11 23 49 36 35 31 33 30 17 25 22 29 6 15 

Inst_Index:5105 	 City_Num:50 	 Concorde:0.060734 	 MCTS:6.073369 Improve:0.000000 	 Time:5.00 Seconds
Solution: 1 17 50 47 5 39 34 12 35 36 3 31 28 49 43 42 30 32 48 18 24 4 20 38 46 21 15 19 13 23 40 44 29 33 8 22 9 6 7 25 10 27 2 41 45 37 26 16 14 11 

Inst_Index:5106 	 City_Num:50 	 Concorde:0.058200 	 MCTS:5.850330 Improve:-0.030300 	 Time:5.00 Seconds
Solution: 1 21 5 40 33 17 50 49 45 11 2 12 25 28 34 41 29 35 4 32 15 22 8 3 46 27 20 47 14 38 10 16 43 18 30 31 44 26 48 36 19 42 37 7 9 13 24 23 6 39 

Inst_Index:5107 	 City_Num:50 	 Concorde:0.056400 	 MCTS:5.640572 Improve:-0.000613 	 Time:5.01 Seconds
Solution: 1 22 6 28 4 29 46 33 3 38 18 19 48 50 26 9 42 16 20 23 30 39 24 10 32 40 7 13 47 31 17 43 36 34 44 25 8 45 11 5 2 41 27 15 35 21 49 37 12 14 

Inst_Index:5108 	 City_Num:50 	 Concorde:0.057445 	 MCTS:5.744546 Improve:0.000000 	 Time:5.00 Seconds
Solution: 1 34 31 48 14 35 18 28 43 37 13 24 10 38 12 42 40 2 5 45 25 27 49 11 15 19 9 32 36 26 30 7 50 41 46 3 21 47 39 17 6 22 4 29 23 33 44 16 20 8 

Inst_Index:5109 	 City_Num:50 	 Concorde:0.054273 	 MCTS:5.427308 Improve:-0.000000 	 Time:5.00 Seconds
Solution: 1 20 9 19 26 16 32 50 24 41 43 42 3 30 15 22 6 33 31 49 8 5 13 34 21 35 36 48 44 10 25 17 39 18 45 37 28 29 47 7 12 23 40 27 11 14 46 4 38 2 

Inst_Index:5110 	 City_Num:50 	 Concorde:0.059095 	 MCTS:5.909467 Improve:-0.000000 	 Time:5.00 Seconds
Solution: 1 46 49 21 33 28 48 30 37 45 42 14 20 16 7 5 23 18 10 25 41 34 24 17 11 15 32 31 22 35 40 38 43 2 12 6 4 44 27 47 39 36 19 13 9 26 3 50 8 29 

Inst_Index:5111 	 City_Num:50 	 Concorde:0.056690 	 MCTS:5.669028 Improve:0.000000 	 Time:5.01 Seconds
Solution: 1 7 16 11 18 31 24 6 29 36 22 38 10 30 46 39 2 47 13 17 48 20 21 28 33 49 27 14 37 9 41 25 44 4 3 40 34 5 42 26 45 35 8 15 23 32 50 19 12 43 

Inst_Index:5112 	 City_Num:50 	 Concorde:0.057819 	 MCTS:5.802216 Improve:-0.020351 	 Time:5.01 Seconds
Solution: 1 20 29 44 48 27 11 5 12 15 36 22 13 18 14 23 45 21 25 50 16 3 37 17 35 40 26 34 32 43 24 9 31 8 47 4 39 33 28 7 42 10 19 49 46 6 38 2 41 30 

Inst_Index:5113 	 City_Num:50 	 Concorde:0.057839 	 MCTS:5.783857 Improve:0.000000 	 Time:5.00 Seconds
Solution: 1 32 27 30 41 7 44 48 11 19 5 29 13 22 46 40 42 3 9 36 34 8 2 38 23 10 43 28 31 24 15 50 35 18 47 33 4 45 21 16 25 17 6 49 14 39 26 20 12 37 

Inst_Index:5114 	 City_Num:50 	 Concorde:0.053128 	 MCTS:5.312816 Improve:0.000000 	 Time:5.00 Seconds
Solution: 1 41 25 6 31 26 9 13 19 11 15 49 37 7 32 3 16 40 5 35 45 8 36 34 17 4 18 33 12 10 14 23 50 29 48 20 2 46 27 22 30 42 24 43 21 28 38 44 47 39 

Inst_Index:5115 	 City_Num:50 	 Concorde:0.057163 	 MCTS:5.714488 Improve:0.001771 	 Time:5.00 Seconds
Solution: 1 8 43 30 31 50 15 36 34 4 38 14 29 47 6 21 26 39 9 49 22 13 33 32 46 48 25 12 19 3 28 23 44 27 5 10 11 20 45 2 16 7 42 17 18 24 37 35 41 40 

Inst_Index:5116 	 City_Num:50 	 Concorde:0.056318 	 MCTS:5.631799 Improve:0.000000 	 Time:5.01 Seconds
Solution: 1 10 43 15 9 45 38 20 50 37 30 27 23 8 11 2 40 6 16 17 25 34 48 12 4 47 24 3 28 14 21 7 5 44 31 13 22 29 49 39 41 46 36 33 26 19 35 32 42 18 

Inst_Index:5117 	 City_Num:50 	 Concorde:0.056980 	 MCTS:5.698040 Improve:-0.000000 	 Time:5.01 Seconds
Solution: 1 27 37 2 39 25 28 33 4 13 47 36 34 26 40 45 18 16 5 41 11 35 12 17 44 15 23 31 29 48 8 19 9 10 32 30 42 24 22 21 6 14 50 43 49 46 20 7 38 3 

Inst_Index:5118 	 City_Num:50 	 Concorde:0.057277 	 MCTS:5.727230 Improve:0.000421 	 Time:5.00 Seconds
Solution: 1 40 26 4 37 22 38 23 49 43 2 3 19 35 9 16 32 6 46 17 11 24 31 39 44 5 7 28 18 48 15 45 20 42 21 12 27 10 33 8 30 50 29 34 14 47 36 25 41 13 

Inst_Index:5119 	 City_Num:50 	 Concorde:0.060841 	 MCTS:6.084102 Improve:0.000000 	 Time:5.00 Seconds
Solution: 1 11 20 21 31 36 4 22 30 26 43 19 41 28 35 34 7 15 9 44 25 47 17 12 24 27 37 49 38 40 18 14 10 6 32 42 2 33 16 48 23 46 3 50 5 45 8 29 13 39 

Inst_Index:5120 	 City_Num:50 	 Concorde:0.060699 	 MCTS:6.068236 Improve:0.001620 	 Time:5.01 Seconds
Solution: 1 28 31 44 2 4 40 9 8 15 27 22 24 29 37 21 10 20 18 48 5 34 45 49 39 32 25 3 13 6 38 16 46 41 47 43 11 35 42 33 14 19 36 30 26 12 17 50 7 23 

Inst_Index:5121 	 City_Num:50 	 Concorde:0.055577 	 MCTS:5.555631 Improve:0.002102 	 Time:5.00 Seconds
Solution: 1 25 13 12 49 29 5 14 20 50 19 16 28 17 7 8 48 39 21 23 35 34 22 33 40 9 41 30 6 47 45 24 4 38 10 44 37 31 32 42 36 15 11 46 27 2 18 26 3 43 

Inst_Index:5122 	 City_Num:50 	 Concorde:0.056531 	 MCTS:5.653112 Improve:0.000000 	 Time:5.01 Seconds
Solution: 1 24 25 46 21 45 11 18 8 5 17 26 27 36 14 9 29 48 33 28 32 12 35 37 20 39 22 30 34 31 42 49 2 47 13 16 50 44 40 41 6 38 10 7 23 3 4 19 15 43 

Inst_Index:5123 	 City_Num:50 	 Concorde:0.059164 	 MCTS:5.914466 Improve:0.001953 	 Time:5.00 Seconds
Solution: 1 6 39 17 38 11 14 30 7 37 27 49 15 50 3 36 43 46 4 2 25 28 33 18 20 19 34 12 9 22 26 23 31 32 47 45 42 24 44 5 21 29 16 8 41 13 35 48 40 10 

Inst_Index:5124 	 City_Num:50 	 Concorde:0.059421 	 MCTS:5.939498 Improve:0.002604 	 Time:5.02 Seconds
Solution: 1 43 9 25 22 23 34 50 41 2 14 8 49 42 21 48 12 16 15 40 13 37 18 33 19 47 32 24 39 38 36 29 10 11 27 44 4 26 30 35 3 46 31 45 5 20 7 28 17 6 

Inst_Index:5125 	 City_Num:50 	 Concorde:0.055487 	 MCTS:5.548659 Improve:0.000000 	 Time:5.01 Seconds
Solution: 1 38 13 33 27 45 37 31 48 39 29 40 21 18 49 35 23 28 3 26 5 50 14 6 9 17 20 12 46 4 24 44 41 19 16 22 42 36 32 25 7 43 10 30 11 15 8 47 34 2 

Inst_Index:5126 	 City_Num:50 	 Concorde:0.055115 	 MCTS:5.503913 Improve:0.007544 	 Time:5.00 Seconds
Solution: 1 50 4 11 8 33 9 42 15 24 18 12 30 47 45 13 43 41 21 34 38 29 2 49 3 20 14 23 26 37 22 44 6 19 25 40 36 27 16 17 32 46 28 39 31 5 7 10 48 35 

Inst_Index:5127 	 City_Num:50 	 Concorde:0.055952 	 MCTS:5.622446 Improve:-0.027200 	 Time:5.01 Seconds
Solution: 1 49 42 44 7 41 11 28 6 14 16 15 18 31 22 30 9 21 23 13 43 33 24 2 45 25 5 4 48 39 47 38 35 8 20 40 3 46 27 12 34 19 37 10 32 36 50 29 17 26 

Inst_Index:5128 	 City_Num:50 	 Concorde:0.058082 	 MCTS:5.805725 Improve:0.002510 	 Time:5.00 Seconds
Solution: 1 45 33 42 25 46 18 37 28 31 24 35 23 47 4 2 12 26 22 27 8 15 10 20 29 21 36 9 13 5 49 48 7 44 40 43 16 17 39 3 14 32 6 34 30 19 50 38 41 11 

Inst_Index:5129 	 City_Num:50 	 Concorde:0.057351 	 MCTS:5.735093 Improve:0.000000 	 Time:5.00 Seconds
Solution: 1 33 30 21 39 7 3 36 8 13 42 6 49 10 15 4 37 11 29 41 19 18 40 25 26 27 2 46 38 9 32 23 12 14 45 44 28 34 31 5 47 16 43 35 17 48 20 24 50 22 

Inst_Index:5130 	 City_Num:50 	 Concorde:0.053176 	 MCTS:5.314910 Improve:0.002672 	 Time:5.01 Seconds
Solution: 1 3 24 27 28 49 16 5 32 36 46 38 19 10 41 50 48 39 4 11 30 23 7 17 14 9 26 37 34 42 40 25 33 45 43 13 31 2 18 21 22 47 15 6 44 29 12 20 35 8 

Inst_Index:5131 	 City_Num:50 	 Concorde:0.058654 	 MCTS:5.865385 Improve:-0.000000 	 Time:5.00 Seconds
Solution: 1 46 35 10 18 24 3 23 49 30 50 45 17 9 37 22 48 16 40 7 47 33 32 21 31 13 44 19 6 14 28 42 11 34 27 38 43 12 26 8 41 15 2 5 4 39 20 29 25 36 

Inst_Index:5132 	 City_Num:50 	 Concorde:0.058980 	 MCTS:5.898005 Improve:0.000000 	 Time:5.01 Seconds
Solution: 1 21 50 2 20 18 16 30 22 23 15 33 46 25 9 5 11 44 47 26 36 7 38 41 8 6 14 28 17 10 13 12 42 40 29 35 3 39 24 37 34 19 45 31 48 4 49 43 32 27 

Inst_Index:5133 	 City_Num:50 	 Concorde:0.059524 	 MCTS:5.952352 Improve:0.000000 	 Time:5.00 Seconds
Solution: 1 47 35 9 31 50 38 3 6 24 36 44 19 5 18 28 43 45 30 49 8 26 21 4 13 7 27 40 11 12 14 48 29 2 15 16 37 46 41 33 23 25 32 20 39 42 22 34 10 17 

Inst_Index:5134 	 City_Num:50 	 Concorde:0.052581 	 MCTS:5.258058 Improve:-0.000000 	 Time:5.01 Seconds
Solution: 1 28 34 9 33 4 45 18 16 26 15 36 32 25 7 12 38 29 14 39 31 30 23 8 40 24 43 5 6 13 20 50 22 2 11 49 37 19 44 27 3 10 47 35 17 41 42 21 48 46 

Inst_Index:5135 	 City_Num:50 	 Concorde:0.056327 	 MCTS:5.632719 Improve:-0.000000 	 Time:5.01 Seconds
Solution: 1 12 41 40 5 36 7 29 46 3 35 18 20 9 31 33 11 37 22 24 14 32 43 47 25 38 28 2 49 44 13 45 30 34 6 39 8 50 16 23 10 17 21 19 27 48 42 4 15 26 

Inst_Index:5136 	 City_Num:50 	 Concorde:0.054721 	 MCTS:5.472076 Improve:0.000000 	 Time:5.00 Seconds
Solution: 1 47 12 32 31 28 10 37 8 49 16 40 42 9 44 38 43 18 25 34 22 41 27 15 17 13 23 3 50 39 24 7 19 30 46 29 35 2 48 33 26 6 11 20 21 4 5 36 45 14 

Inst_Index:5137 	 City_Num:50 	 Concorde:0.055518 	 MCTS:5.547991 Improve:0.003761 	 Time:5.00 Seconds
Solution: 1 33 41 44 49 50 42 9 22 14 36 47 19 45 16 39 10 30 35 13 11 31 5 18 25 4 3 48 8 15 21 2 24 29 12 20 17 43 28 26 38 23 40 37 27 7 46 6 34 32 

Inst_Index:5138 	 City_Num:50 	 Concorde:0.057719 	 MCTS:5.771944 Improve:-0.000000 	 Time:5.02 Seconds
Solution: 1 17 29 6 45 32 42 15 36 37 18 24 43 28 10 11 9 48 13 12 7 8 4 34 23 41 50 47 21 46 39 33 40 35 30 38 22 2 20 25 31 44 49 3 5 27 16 14 26 19 

Inst_Index:5139 	 City_Num:50 	 Concorde:0.057473 	 MCTS:5.747318 Improve:0.000000 	 Time:5.00 Seconds
Solution: 1 16 27 12 15 49 8 39 28 20 47 36 43 37 50 5 31 19 42 30 6 2 23 35 22 45 44 24 34 10 14 9 21 40 13 38 25 4 46 41 48 32 17 11 33 26 29 3 7 18 

Inst_Index:5140 	 City_Num:50 	 Concorde:0.057746 	 MCTS:5.774615 Improve:-0.000000 	 Time:5.00 Seconds
Solution: 1 14 8 24 36 32 5 38 3 15 34 4 39 47 48 7 35 31 50 22 9 12 20 11 40 44 41 25 16 43 10 49 42 21 29 19 6 28 33 46 27 17 23 45 2 26 37 13 18 30 

Inst_Index:5141 	 City_Num:50 	 Concorde:0.056201 	 MCTS:5.620083 Improve:0.000000 	 Time:5.00 Seconds
Solution: 1 48 3 25 10 26 6 45 50 12 11 22 49 4 14 34 36 17 33 29 20 9 21 47 23 38 8 15 30 42 44 19 13 37 2 43 32 7 28 24 16 41 31 40 5 39 46 18 35 27 

Inst_Index:5142 	 City_Num:50 	 Concorde:0.053283 	 MCTS:5.327464 Improve:0.000786 	 Time:5.00 Seconds
Solution: 1 45 35 50 27 13 29 31 38 22 18 39 15 46 28 7 19 16 41 40 49 17 11 20 12 42 26 34 37 33 47 4 9 21 30 48 5 32 3 8 6 43 44 24 25 36 23 2 10 14 

Inst_Index:5143 	 City_Num:50 	 Concorde:0.059031 	 MCTS:5.903073 Improve:0.000000 	 Time:5.00 Seconds
Solution: 1 30 24 10 12 21 49 26 23 48 34 47 11 6 9 2 15 19 22 35 7 13 46 40 3 18 32 50 16 25 17 37 27 31 8 44 33 42 43 36 28 41 39 14 38 45 29 4 20 5 

Inst_Index:5144 	 City_Num:50 	 Concorde:0.058562 	 MCTS:5.856202 Improve:-0.000000 	 Time:5.01 Seconds
Solution: 1 32 23 9 33 50 45 5 12 48 35 40 7 19 44 36 46 34 8 28 47 49 18 15 16 20 38 10 22 27 17 25 43 13 42 30 29 3 6 31 24 37 41 14 2 11 21 39 4 26 

Inst_Index:5145 	 City_Num:50 	 Concorde:0.055329 	 MCTS:5.531304 Improve:0.001584 	 Time:5.00 Seconds
Solution: 1 6 8 44 3 41 13 15 34 31 18 37 36 32 25 38 9 19 33 17 5 2 16 49 11 28 20 12 24 22 30 23 26 39 40 46 47 43 45 42 14 21 29 48 35 27 7 50 4 10 

Inst_Index:5146 	 City_Num:50 	 Concorde:0.055952 	 MCTS:5.595207 Improve:0.000000 	 Time:5.00 Seconds
Solution: 1 30 40 48 22 39 5 43 16 29 31 37 27 4 42 23 46 44 34 10 24 13 20 7 17 50 18 19 9 14 8 15 38 6 49 21 25 36 3 26 33 11 41 35 28 12 47 2 32 45 

Inst_Index:5147 	 City_Num:50 	 Concorde:0.060077 	 MCTS:6.005778 Improve:0.001891 	 Time:5.00 Seconds
Solution: 1 25 6 17 43 13 41 45 22 31 44 9 26 15 47 34 7 5 39 46 2 30 28 35 40 20 48 16 10 19 3 8 24 18 49 50 42 11 29 4 36 27 38 37 21 23 14 33 32 12 

Inst_Index:5148 	 City_Num:50 	 Concorde:0.056840 	 MCTS:5.684030 Improve:0.000000 	 Time:5.01 Seconds
Solution: 1 48 50 10 44 18 26 2 21 49 14 8 45 31 19 29 4 39 27 42 32 36 40 25 34 15 11 28 20 23 47 17 37 30 46 13 35 9 5 43 16 3 33 22 7 24 12 38 6 41 

Inst_Index:5149 	 City_Num:50 	 Concorde:0.057236 	 MCTS:5.723600 Improve:0.000000 	 Time:5.00 Seconds
Solution: 1 36 4 15 25 18 9 49 28 11 46 14 27 30 44 32 43 6 22 13 47 21 23 33 16 40 2 7 50 34 19 5 45 3 48 38 26 37 42 39 41 29 20 31 17 24 8 35 10 12 

Inst_Index:5150 	 City_Num:50 	 Concorde:0.058094 	 MCTS:5.804497 Improve:0.004929 	 Time:5.00 Seconds
Solution: 1 39 43 42 11 32 30 21 3 13 16 10 26 23 15 37 17 25 50 41 8 48 36 45 9 27 31 34 2 4 38 18 35 24 49 33 20 22 19 7 47 5 14 44 28 46 12 29 40 6 

Inst_Index:5151 	 City_Num:50 	 Concorde:0.050976 	 MCTS:5.097574 Improve:0.000000 	 Time:5.00 Seconds
Solution: 1 46 36 49 2 23 21 4 33 44 27 24 8 50 39 12 10 43 47 41 13 19 9 48 25 28 15 34 6 42 18 29 3 7 14 35 45 17 22 40 11 38 5 37 26 30 31 20 32 16 

Inst_Index:5152 	 City_Num:50 	 Concorde:0.057430 	 MCTS:5.743040 Improve:0.000000 	 Time:5.00 Seconds
Solution: 1 5 21 32 47 44 14 16 48 13 6 37 8 39 45 38 27 17 20 41 26 19 18 30 36 35 24 3 12 9 7 50 42 10 28 15 31 2 4 40 33 49 43 23 22 25 46 29 34 11 

Inst_Index:5153 	 City_Num:50 	 Concorde:0.052506 	 MCTS:5.250612 Improve:0.000000 	 Time:5.00 Seconds
Solution: 1 7 25 49 18 33 35 38 26 39 28 9 8 24 15 31 45 4 6 41 36 13 30 12 47 23 29 2 27 17 11 37 14 46 43 20 5 3 44 50 32 42 48 34 22 40 19 21 16 10 

Inst_Index:5154 	 City_Num:50 	 Concorde:0.056093 	 MCTS:5.609307 Improve:-0.000000 	 Time:5.00 Seconds
Solution: 1 9 50 15 25 30 5 45 19 16 35 24 33 41 10 31 12 37 48 20 26 22 14 3 6 28 34 2 13 32 21 49 36 43 23 27 4 46 7 29 44 47 18 39 42 17 11 8 38 40 

Inst_Index:5155 	 City_Num:50 	 Concorde:0.053685 	 MCTS:5.364771 Improve:0.003727 	 Time:5.00 Seconds
Solution: 1 15 9 50 26 38 36 8 12 2 24 35 16 21 17 3 45 10 6 32 28 23 33 4 14 30 5 39 42 43 7 31 41 20 44 27 29 49 22 47 46 34 40 18 48 19 37 11 13 25 

Inst_Index:5156 	 City_Num:50 	 Concorde:0.056112 	 MCTS:5.611187 Improve:-0.000000 	 Time:5.00 Seconds
Solution: 1 49 27 26 43 20 17 14 42 6 45 35 16 30 3 4 39 5 36 10 9 8 50 24 28 11 18 46 48 32 40 34 13 23 19 29 47 37 25 2 21 12 44 38 41 31 7 15 33 22 

Inst_Index:5157 	 City_Num:50 	 Concorde:0.059268 	 MCTS:5.926826 Improve:0.000000 	 Time:5.01 Seconds
Solution: 1 24 48 3 6 21 19 40 38 25 49 5 47 11 34 8 46 22 39 13 4 29 26 50 36 37 12 23 9 20 45 15 32 43 42 33 17 14 2 28 10 30 41 7 16 44 35 27 31 18 

Inst_Index:5158 	 City_Num:50 	 Concorde:0.055181 	 MCTS:5.518101 Improve:0.000000 	 Time:5.00 Seconds
Solution: 1 50 7 42 25 3 47 11 12 14 38 35 28 18 26 29 48 34 43 19 5 23 16 31 24 2 20 49 10 4 21 33 44 41 40 22 36 15 17 32 9 45 27 6 8 39 30 37 13 46 

Inst_Index:5159 	 City_Num:50 	 Concorde:0.057244 	 MCTS:5.724413 Improve:0.000000 	 Time:5.00 Seconds
Solution: 1 23 33 2 45 29 6 28 41 17 49 13 31 46 48 34 16 5 30 20 11 10 43 12 35 9 44 25 32 40 3 18 27 24 21 8 4 7 36 39 15 37 47 26 38 14 19 22 50 42 

Inst_Index:5160 	 City_Num:50 	 Concorde:0.056196 	 MCTS:5.619615 Improve:0.000000 	 Time:5.01 Seconds
Solution: 1 44 25 22 19 4 20 8 10 13 32 2 46 21 50 29 15 35 18 39 41 31 40 33 3 26 11 9 5 28 23 16 17 12 38 45 48 27 24 14 6 7 42 30 43 34 49 47 36 37 

Inst_Index:5161 	 City_Num:50 	 Concorde:0.054441 	 MCTS:5.444078 Improve:-0.000000 	 Time:5.01 Seconds
Solution: 1 23 7 29 50 13 5 11 21 17 4 18 46 6 40 34 9 45 37 42 30 16 14 32 49 20 24 26 44 28 47 8 39 33 3 12 35 10 48 19 27 38 41 36 43 15 22 2 25 31 

Inst_Index:5162 	 City_Num:50 	 Concorde:0.055278 	 MCTS:5.524883 Improve:0.002942 	 Time:5.00 Seconds
Solution: 1 2 6 28 24 33 36 46 22 40 34 27 26 13 9 35 23 14 15 3 48 7 39 42 20 10 29 18 49 38 16 8 50 19 21 25 45 5 41 17 32 37 30 47 11 31 44 12 4 43 

Inst_Index:5163 	 City_Num:50 	 Concorde:0.060645 	 MCTS:6.059598 Improve:0.004868 	 Time:5.00 Seconds
Solution: 1 25 33 35 32 14 34 40 10 45 29 42 5 24 3 47 50 9 13 8 44 11 43 19 49 37 48 23 2 41 39 46 16 7 17 4 6 22 26 38 28 20 27 31 30 36 12 15 18 21 

Inst_Index:5164 	 City_Num:50 	 Concorde:0.057020 	 MCTS:5.700170 Improve:0.001835 	 Time:5.00 Seconds
Solution: 1 33 24 36 45 41 26 37 13 17 34 2 14 7 18 31 39 30 8 22 9 42 44 11 25 19 23 3 15 5 28 6 50 48 40 10 4 27 21 43 35 46 12 29 38 20 47 49 32 16 

Inst_Index:5165 	 City_Num:50 	 Concorde:0.058553 	 MCTS:5.855307 Improve:0.000000 	 Time:5.00 Seconds
Solution: 1 32 17 35 21 5 42 39 47 28 9 26 44 43 31 29 8 20 27 16 2 33 34 49 13 24 3 4 36 7 19 40 6 37 22 14 38 18 46 15 30 50 41 45 25 48 23 10 12 11 

Inst_Index:5166 	 City_Num:50 	 Concorde:0.059141 	 MCTS:5.914144 Improve:0.000000 	 Time:5.00 Seconds
Solution: 1 8 43 16 12 7 10 38 35 23 50 20 36 24 4 18 21 6 25 37 15 39 34 41 46 11 33 32 22 17 29 9 31 2 47 28 14 19 42 30 45 48 5 26 3 27 49 44 40 13 

Inst_Index:5167 	 City_Num:50 	 Concorde:0.052916 	 MCTS:5.291585 Improve:0.000000 	 Time:5.01 Seconds
Solution: 1 29 40 25 2 39 31 8 34 15 4 20 18 48 49 13 10 3 44 41 23 47 28 43 37 30 45 12 22 14 7 21 46 42 19 6 27 16 36 11 32 35 24 5 33 38 50 26 17 9 

Inst_Index:5168 	 City_Num:50 	 Concorde:0.057717 	 MCTS:5.771339 Improve:0.000356 	 Time:5.01 Seconds
Solution: 1 44 26 28 17 29 23 11 31 16 40 4 21 27 45 2 20 48 15 5 12 6 14 49 35 3 43 42 10 30 37 41 47 13 50 33 46 19 25 22 39 7 18 24 36 8 38 9 34 32 

Inst_Index:5169 	 City_Num:50 	 Concorde:0.052357 	 MCTS:5.235669 Improve:0.000000 	 Time:5.00 Seconds
Solution: 1 35 41 15 28 4 14 48 39 16 31 11 27 18 21 19 3 34 49 17 44 32 9 42 43 40 25 45 29 38 22 8 23 24 37 50 36 30 10 2 7 26 13 33 47 46 12 20 6 5 

Inst_Index:5170 	 City_Num:50 	 Concorde:0.057005 	 MCTS:5.700511 Improve:-0.000000 	 Time:5.00 Seconds
Solution: 1 8 23 25 43 36 14 30 18 7 20 9 13 12 21 33 47 31 22 40 39 5 38 10 32 37 15 45 2 49 34 48 50 4 29 42 44 27 16 6 11 26 17 28 41 46 19 35 24 3 

Inst_Index:5171 	 City_Num:50 	 Concorde:0.056030 	 MCTS:5.602950 Improve:0.000000 	 Time:5.00 Seconds
Solution: 1 9 49 32 12 24 15 4 7 14 18 50 38 20 23 30 33 35 43 41 17 48 27 2 37 47 10 26 36 45 22 40 13 5 39 3 8 25 42 34 11 21 31 46 19 28 29 6 16 44 

Inst_Index:5172 	 City_Num:50 	 Concorde:0.056206 	 MCTS:5.620606 Improve:0.000000 	 Time:5.00 Seconds
Solution: 1 20 46 30 19 7 28 47 27 43 2 26 21 29 16 39 9 37 11 6 38 17 22 24 45 14 8 5 49 48 13 25 50 40 10 12 33 18 44 15 4 23 42 31 36 41 32 3 34 35 

Inst_Index:5173 	 City_Num:50 	 Concorde:0.056790 	 MCTS:5.678966 Improve:-0.000000 	 Time:5.00 Seconds
Solution: 1 7 14 11 15 26 30 27 46 32 3 8 39 6 18 20 5 19 44 41 33 34 4 49 47 24 37 25 31 28 35 42 9 12 2 21 29 45 48 23 38 22 10 17 13 16 50 43 40 36 

Inst_Index:5174 	 City_Num:50 	 Concorde:0.053783 	 MCTS:5.378333 Improve:-0.000000 	 Time:5.00 Seconds
Solution: 1 22 37 15 45 12 20 46 50 17 6 25 49 4 44 34 28 3 32 39 11 2 14 5 40 7 48 13 29 47 43 42 30 23 26 33 21 18 16 8 41 9 24 10 27 19 31 35 38 36 

Inst_Index:5175 	 City_Num:50 	 Concorde:0.057971 	 MCTS:5.783744 Improve:0.013306 	 Time:5.00 Seconds
Solution: 1 19 10 24 26 8 44 11 49 45 16 50 43 21 31 7 41 13 42 47 22 23 3 40 35 34 12 39 14 4 17 9 38 37 29 5 32 6 28 27 18 30 25 2 20 33 48 15 46 36 

Inst_Index:5176 	 City_Num:50 	 Concorde:0.059579 	 MCTS:5.957939 Improve:0.000000 	 Time:5.00 Seconds
Solution: 1 17 24 14 13 41 23 39 6 44 33 11 29 42 34 47 2 35 15 36 21 30 40 28 8 16 12 46 4 5 45 43 32 7 9 18 49 27 31 25 3 26 50 20 48 38 10 22 37 19 

Inst_Index:5177 	 City_Num:50 	 Concorde:0.057545 	 MCTS:5.754534 Improve:0.000000 	 Time:5.00 Seconds
Solution: 1 36 3 11 6 50 38 40 24 9 5 12 34 7 29 21 49 4 35 31 39 43 41 37 20 26 8 13 17 2 46 42 23 32 44 15 10 30 18 33 14 27 19 16 45 22 47 28 25 48 

Inst_Index:5178 	 City_Num:50 	 Concorde:0.051818 	 MCTS:5.226382 Improve:-0.044618 	 Time:5.00 Seconds
Solution: 1 32 11 43 27 17 23 28 13 35 7 10 30 33 19 45 50 14 4 8 6 38 49 41 25 31 46 9 21 20 26 12 22 34 5 24 3 18 2 16 37 15 39 48 42 29 44 36 40 47 

Inst_Index:5179 	 City_Num:50 	 Concorde:0.059553 	 MCTS:5.955269 Improve:-0.000000 	 Time:5.00 Seconds
Solution: 1 23 17 35 14 18 7 12 34 32 22 43 38 4 10 3 33 25 2 31 16 8 37 13 45 30 21 28 42 36 47 19 29 20 44 5 40 41 27 50 11 15 49 46 6 48 9 26 24 39 

Inst_Index:5180 	 City_Num:50 	 Concorde:0.057478 	 MCTS:5.745957 Improve:0.001886 	 Time:5.00 Seconds
Solution: 1 25 4 47 7 40 35 34 30 20 12 19 22 38 23 48 3 43 11 36 27 18 45 32 5 31 16 6 28 46 39 29 2 21 14 17 13 49 37 24 42 26 8 41 9 10 33 50 15 44 

Inst_Index:5181 	 City_Num:50 	 Concorde:0.053070 	 MCTS:5.307049 Improve:-0.000000 	 Time:5.00 Seconds
Solution: 1 27 41 40 48 34 29 36 2 32 13 30 25 39 21 37 3 20 14 35 23 10 31 19 45 17 24 12 11 6 7 5 15 4 38 28 26 42 9 43 22 50 44 49 8 46 33 16 47 18 

Inst_Index:5182 	 City_Num:50 	 Concorde:0.053348 	 MCTS:5.334371 Improve:0.000408 	 Time:5.00 Seconds
Solution: 1 14 20 23 50 25 29 3 34 11 38 42 44 27 8 39 45 17 40 13 7 26 33 30 32 5 21 49 22 10 31 41 6 4 19 18 2 9 47 28 15 43 48 24 36 37 16 35 46 12 

Inst_Index:5183 	 City_Num:50 	 Concorde:0.056720 	 MCTS:5.670582 Improve:0.001444 	 Time:5.00 Seconds
Solution: 1 31 10 13 28 2 25 17 15 27 7 37 19 21 43 26 38 3 30 34 16 18 40 32 12 24 23 22 44 6 36 9 20 49 46 50 8 11 5 35 29 39 42 33 48 4 41 47 14 45 

Inst_Index:5184 	 City_Num:50 	 Concorde:0.053984 	 MCTS:5.393432 Improve:0.004953 	 Time:5.00 Seconds
Solution: 1 21 22 6 18 34 47 10 50 30 17 16 29 25 3 2 27 49 44 20 9 26 4 38 45 8 12 19 37 11 24 23 42 48 40 46 14 39 5 15 32 7 33 28 31 35 43 41 36 13 

Inst_Index:5185 	 City_Num:50 	 Concorde:0.055895 	 MCTS:5.604228 Improve:-0.014734 	 Time:5.00 Seconds
Solution: 1 42 43 37 28 23 36 38 31 14 12 35 10 22 46 17 34 7 30 2 16 21 49 8 29 24 15 20 6 48 18 11 27 4 41 40 33 47 13 3 44 45 26 5 9 25 32 39 50 19 

Inst_Index:5186 	 City_Num:50 	 Concorde:0.055465 	 MCTS:5.546484 Improve:-0.000000 	 Time:5.00 Seconds
Solution: 1 24 41 23 31 44 18 10 2 19 20 37 46 16 38 9 34 26 5 27 36 50 30 13 48 29 11 40 6 8 4 14 45 33 17 15 21 43 42 39 12 32 47 25 35 22 28 3 49 7 

Inst_Index:5187 	 City_Num:50 	 Concorde:0.054091 	 MCTS:5.406772 Improve:0.002313 	 Time:5.00 Seconds
Solution: 1 36 48 28 43 22 17 24 42 46 20 14 21 16 40 12 5 29 19 30 35 9 25 3 49 6 31 33 32 2 7 41 18 34 38 4 11 39 47 15 44 37 26 13 45 8 23 10 50 27 

Inst_Index:5188 	 City_Num:50 	 Concorde:0.051832 	 MCTS:5.183177 Improve:0.000000 	 Time:5.00 Seconds
Solution: 1 32 22 49 27 28 43 20 30 19 17 21 38 34 16 9 4 14 13 47 26 29 45 6 33 25 41 2 36 11 5 10 18 40 23 3 42 35 39 24 50 48 12 15 31 37 46 7 44 8 

Inst_Index:5189 	 City_Num:50 	 Concorde:0.054872 	 MCTS:5.487221 Improve:0.000000 	 Time:5.00 Seconds
Solution: 1 48 2 33 32 5 4 19 20 7 22 25 39 21 49 37 42 9 27 35 47 18 23 50 10 26 11 45 12 46 41 29 24 30 15 17 38 28 40 31 13 34 43 6 14 44 8 16 36 3 

Inst_Index:5190 	 City_Num:50 	 Concorde:0.054324 	 MCTS:5.432371 Improve:0.000000 	 Time:5.00 Seconds
Solution: 1 36 31 25 28 35 42 50 40 34 22 46 33 48 38 7 10 44 5 13 9 3 17 43 29 15 20 4 21 32 45 49 18 6 23 39 27 24 8 2 26 12 11 30 14 47 41 16 19 37 

Inst_Index:5191 	 City_Num:50 	 Concorde:0.056887 	 MCTS:5.688733 Improve:0.000000 	 Time:5.00 Seconds
Solution: 1 39 20 8 12 9 13 40 44 16 47 38 37 36 7 2 35 28 14 26 49 25 29 46 33 48 6 21 5 23 24 45 19 11 18 10 42 43 17 41 15 34 32 27 31 22 30 50 3 4 

Inst_Index:5192 	 City_Num:50 	 Concorde:0.056226 	 MCTS:5.617462 Improve:0.005130 	 Time:5.00 Seconds
Solution: 1 38 41 31 50 47 14 46 39 11 29 8 5 37 18 34 9 48 32 36 12 13 45 24 20 6 33 49 40 26 2 35 7 3 44 43 23 15 16 30 4 21 10 17 19 42 25 27 28 22 

Inst_Index:5193 	 City_Num:50 	 Concorde:0.055514 	 MCTS:5.551394 Improve:0.000000 	 Time:5.00 Seconds
Solution: 1 26 27 18 40 10 42 31 25 14 48 37 20 49 30 43 50 8 6 34 46 47 45 35 39 38 23 16 2 12 21 36 3 44 41 24 9 5 13 11 19 4 32 17 22 33 28 15 29 7 

Inst_Index:5194 	 City_Num:50 	 Concorde:0.056493 	 MCTS:5.648220 Improve:0.001035 	 Time:5.01 Seconds
Solution: 1 43 17 24 26 46 33 30 13 8 40 4 7 3 38 15 25 9 31 50 48 12 39 21 18 23 42 16 45 11 35 36 37 20 5 29 22 49 28 6 32 44 10 47 19 41 27 34 2 14 

Inst_Index:5195 	 City_Num:50 	 Concorde:0.057808 	 MCTS:5.778136 Improve:0.002664 	 Time:5.00 Seconds
Solution: 1 10 9 14 27 40 3 48 33 2 47 46 49 35 31 45 28 32 50 8 44 23 19 4 25 41 7 29 24 13 5 22 38 11 37 30 21 15 17 42 43 12 6 36 16 34 26 18 20 39 

Inst_Index:5196 	 City_Num:50 	 Concorde:0.056419 	 MCTS:5.641883 Improve:0.000000 	 Time:5.00 Seconds
Solution: 1 35 34 30 13 32 23 29 38 3 45 47 24 46 15 7 5 4 14 36 49 16 11 8 12 20 37 50 41 39 26 18 40 44 27 6 2 31 21 9 43 42 10 22 28 33 25 48 19 17 

Inst_Index:5197 	 City_Num:50 	 Concorde:0.054074 	 MCTS:5.398484 Improve:0.008932 	 Time:5.00 Seconds
Solution: 1 3 34 24 9 49 8 39 10 16 41 48 31 29 20 44 19 35 37 28 42 18 45 23 22 12 25 43 50 46 21 40 7 4 13 26 5 14 27 47 30 38 32 11 33 36 17 6 2 15 

Inst_Index:5198 	 City_Num:50 	 Concorde:0.057129 	 MCTS:5.707615 Improve:0.005293 	 Time:5.00 Seconds
Solution: 1 10 6 43 17 36 35 27 37 47 16 45 2 30 32 23 40 20 48 14 18 26 19 13 42 39 15 11 41 24 22 21 4 3 33 38 25 31 49 50 46 12 29 5 28 34 44 8 9 7 

Inst_Index:5199 	 City_Num:50 	 Concorde:0.054696 	 MCTS:5.463526 Improve:0.006049 	 Time:5.01 Seconds
Solution: 1 35 17 11 20 40 15 14 24 31 37 6 25 3 8 39 4 30 33 7 48 12 50 9 23 32 36 42 5 10 26 49 28 41 44 16 22 2 13 29 18 46 47 21 19 43 38 45 27 34 

Inst_Index:5200 	 City_Num:50 	 Concorde:0.058125 	 MCTS:5.812448 Improve:0.000044 	 Time:5.00 Seconds
Solution: 1 22 32 43 29 10 26 14 33 41 36 11 2 42 48 27 50 17 23 7 5 31 25 38 47 16 39 35 13 12 9 4 6 19 46 20 44 18 28 3 34 21 30 15 45 24 8 40 49 37 

Inst_Index:5201 	 City_Num:50 	 Concorde:0.059485 	 MCTS:5.947925 Improve:0.000549 	 Time:5.00 Seconds
Solution: 1 48 4 15 32 33 34 47 25 35 40 24 30 46 42 19 31 10 3 45 38 20 39 5 44 26 12 18 13 49 16 36 2 27 21 37 41 43 14 8 28 6 22 29 9 50 17 7 23 11 

Inst_Index:5202 	 City_Num:50 	 Concorde:0.059135 	 MCTS:5.913541 Improve:0.000000 	 Time:5.00 Seconds
Solution: 1 45 27 30 16 24 2 42 12 20 32 35 13 15 44 46 5 9 34 6 39 3 14 17 22 4 7 28 36 40 33 18 37 29 23 47 43 31 21 49 41 10 50 25 38 8 26 48 19 11 

Inst_Index:5203 	 City_Num:50 	 Concorde:0.055195 	 MCTS:5.532130 Improve:-0.012677 	 Time:5.00 Seconds
Solution: 1 44 42 19 38 26 24 35 8 22 49 23 11 6 34 33 25 5 48 14 47 39 41 29 32 2 43 3 10 15 50 28 45 7 16 21 20 9 12 37 18 31 17 46 30 27 36 4 40 13 

Inst_Index:5204 	 City_Num:50 	 Concorde:0.056492 	 MCTS:5.649237 Improve:0.000000 	 Time:5.00 Seconds
Solution: 1 26 9 47 40 30 43 22 28 37 18 23 14 6 48 2 19 13 10 8 50 45 16 39 15 25 24 34 17 11 42 7 3 5 46 29 27 41 36 12 44 38 21 32 49 31 4 20 33 35 

Inst_Index:5205 	 City_Num:50 	 Concorde:0.059667 	 MCTS:5.966650 Improve:0.000000 	 Time:5.01 Seconds
Solution: 1 4 25 19 50 7 6 27 39 18 46 37 14 22 43 36 17 26 20 48 16 15 31 9 45 8 2 11 3 24 30 23 13 47 41 5 28 34 10 21 38 35 42 33 49 12 44 29 32 40 

Inst_Index:5206 	 City_Num:50 	 Concorde:0.061948 	 MCTS:6.191724 Improve:0.003042 	 Time:5.00 Seconds
Solution: 1 10 16 43 50 25 15 17 42 34 14 37 21 41 3 8 27 35 22 20 7 31 48 47 39 46 12 9 18 45 49 44 4 11 32 36 24 23 26 13 19 6 29 28 5 38 2 40 30 33 

Inst_Index:5207 	 City_Num:50 	 Concorde:0.055345 	 MCTS:5.532745 Improve:0.001789 	 Time:5.00 Seconds
Solution: 1 21 17 48 41 40 36 47 5 14 43 11 10 39 33 49 12 44 18 16 6 8 27 28 37 38 31 20 26 45 50 42 23 13 35 24 32 2 7 34 3 22 29 4 15 19 46 30 25 9 

Inst_Index:5208 	 City_Num:50 	 Concorde:0.053957 	 MCTS:5.395659 Improve:-0.000000 	 Time:5.00 Seconds
Solution: 1 29 2 44 35 34 16 45 10 46 24 15 50 48 26 30 37 32 11 27 7 49 22 8 31 18 39 4 47 9 5 43 33 20 21 6 25 14 28 36 17 19 12 13 23 3 38 41 40 42 

Inst_Index:5209 	 City_Num:50 	 Concorde:0.058316 	 MCTS:5.831583 Improve:-0.000000 	 Time:5.01 Seconds
Solution: 1 7 34 19 16 20 36 12 30 2 45 22 26 4 46 9 3 13 50 32 40 48 18 10 11 35 15 39 33 43 21 25 28 14 23 5 27 47 31 17 38 41 6 44 42 24 49 29 8 37 

Inst_Index:5210 	 City_Num:50 	 Concorde:0.057947 	 MCTS:5.794674 Improve:0.000000 	 Time:5.01 Seconds
Solution: 1 48 46 18 22 35 47 12 5 40 32 10 33 34 7 15 11 25 45 43 29 37 19 39 30 4 20 3 49 21 9 16 41 8 2 28 38 36 17 27 44 26 13 31 14 6 24 42 50 23 

Inst_Index:5211 	 City_Num:50 	 Concorde:0.056517 	 MCTS:5.651658 Improve:0.000000 	 Time:5.00 Seconds
Solution: 1 4 43 3 5 32 29 47 23 6 49 7 36 42 21 24 16 34 44 41 38 18 48 46 25 14 13 12 2 22 9 11 30 45 26 37 35 39 10 19 40 33 28 31 50 17 27 15 20 8 

Inst_Index:5212 	 City_Num:50 	 Concorde:0.053625 	 MCTS:5.360975 Improve:0.001509 	 Time:5.01 Seconds
Solution: 1 21 29 11 27 16 5 12 15 43 18 22 28 38 8 30 49 10 36 47 31 20 42 13 25 50 6 32 44 33 17 14 4 46 34 24 48 2 23 39 41 19 40 45 3 7 35 37 9 26 

Inst_Index:5213 	 City_Num:50 	 Concorde:0.057987 	 MCTS:5.798935 Improve:-0.000213 	 Time:5.01 Seconds
Solution: 1 42 3 2 15 36 29 27 19 24 31 16 5 48 47 14 11 6 9 35 4 38 43 10 21 7 17 25 20 8 26 30 46 18 23 40 12 32 45 41 39 22 37 33 49 13 28 34 44 50 

Inst_Index:5214 	 City_Num:50 	 Concorde:0.052263 	 MCTS:5.226313 Improve:0.000000 	 Time:5.00 Seconds
Solution: 1 33 36 18 5 3 21 12 41 26 6 35 42 49 40 39 16 44 19 11 34 38 45 29 10 17 4 9 14 25 48 32 23 43 20 50 37 22 24 47 15 27 8 7 28 30 46 13 31 2 

Inst_Index:5215 	 City_Num:50 	 Concorde:0.061829 	 MCTS:6.174743 Improve:0.008191 	 Time:5.00 Seconds
Solution: 1 50 22 39 48 31 45 17 21 8 42 18 32 36 33 44 28 14 15 12 49 19 46 6 35 5 23 20 30 11 41 13 34 38 29 26 47 27 3 40 16 4 2 25 7 10 37 43 24 9 

Inst_Index:5216 	 City_Num:50 	 Concorde:0.053178 	 MCTS:5.317802 Improve:-0.000000 	 Time:5.01 Seconds
Solution: 1 18 40 2 15 20 48 31 29 42 36 38 11 10 24 39 19 5 28 43 25 13 35 41 14 46 45 17 32 50 23 8 16 22 6 7 33 12 4 34 9 26 3 47 49 44 30 21 27 37 

Inst_Index:5217 	 City_Num:50 	 Concorde:0.054494 	 MCTS:5.449362 Improve:0.000000 	 Time:5.00 Seconds
Solution: 1 19 38 48 14 25 2 17 11 7 43 28 47 10 34 44 12 15 35 32 27 40 5 13 4 20 3 39 23 42 21 30 8 46 45 41 49 24 22 36 18 6 31 50 16 33 37 29 9 26 

Inst_Index:5218 	 City_Num:50 	 Concorde:0.053412 	 MCTS:5.341247 Improve:0.000000 	 Time:5.01 Seconds
Solution: 1 48 13 12 43 17 50 49 19 14 7 25 45 9 5 24 42 6 36 23 22 16 3 34 21 20 26 2 47 40 37 31 41 15 30 33 29 28 44 10 35 46 11 27 8 18 39 32 4 38 

Inst_Index:5219 	 City_Num:50 	 Concorde:0.054925 	 MCTS:5.491531 Improve:0.000992 	 Time:5.01 Seconds
Solution: 1 22 26 7 36 46 24 21 30 39 15 28 16 4 32 33 37 27 47 25 48 40 45 20 49 3 12 8 29 41 42 17 35 23 2 18 50 11 34 14 44 13 38 43 19 31 9 6 10 5 

Inst_Index:5220 	 City_Num:50 	 Concorde:0.052093 	 MCTS:5.209272 Improve:-0.000000 	 Time:5.00 Seconds
Solution: 1 48 32 24 27 26 17 43 25 33 10 34 42 38 14 50 46 21 7 22 23 45 4 44 11 40 5 16 12 41 36 18 30 8 19 31 9 13 39 28 47 29 35 2 3 20 49 6 37 15 

Inst_Index:5221 	 City_Num:50 	 Concorde:0.052182 	 MCTS:5.211424 Improve:0.006801 	 Time:5.01 Seconds
Solution: 1 2 28 26 47 42 39 8 23 22 34 17 12 43 4 20 16 36 24 21 33 6 35 44 10 9 11 49 45 46 14 32 38 50 3 15 40 25 27 30 29 5 13 37 18 31 19 48 7 41 

Inst_Index:5222 	 City_Num:50 	 Concorde:0.058526 	 MCTS:5.844025 Improve:0.008530 	 Time:5.01 Seconds
Solution: 1 48 10 33 17 40 5 26 45 7 24 13 20 19 30 32 18 16 43 8 38 46 22 39 29 3 6 49 44 31 11 36 34 47 12 28 23 42 9 50 35 25 27 41 37 21 2 4 14 15 

Inst_Index:5223 	 City_Num:50 	 Concorde:0.056674 	 MCTS:5.667416 Improve:0.000000 	 Time:5.00 Seconds
Solution: 1 44 25 32 47 23 5 9 20 15 22 35 30 8 24 3 48 42 18 43 10 49 33 19 40 27 50 39 7 34 11 29 26 4 37 41 12 28 21 14 38 46 45 17 2 36 13 31 6 16 

Inst_Index:5224 	 City_Num:50 	 Concorde:0.059737 	 MCTS:5.964330 Improve:0.009360 	 Time:5.00 Seconds
Solution: 1 3 26 6 49 15 2 11 35 16 20 50 45 8 13 42 4 33 46 21 32 14 29 43 48 47 39 5 25 17 23 44 40 28 22 37 27 19 9 36 34 30 10 31 24 12 38 18 41 7 

Inst_Index:5225 	 City_Num:50 	 Concorde:0.059412 	 MCTS:5.941167 Improve:0.000000 	 Time:5.00 Seconds
Solution: 1 5 22 41 14 30 29 6 33 44 10 20 28 47 8 27 43 42 39 38 23 24 46 34 25 16 17 32 7 35 18 9 11 49 50 2 13 21 12 45 37 26 4 19 3 31 36 40 48 15 

Inst_Index:5226 	 City_Num:50 	 Concorde:0.056851 	 MCTS:5.685086 Improve:0.000000 	 Time:5.01 Seconds
Solution: 1 22 38 5 48 47 27 28 25 20 15 29 3 2 8 36 50 33 14 6 18 49 32 30 40 35 16 34 42 12 11 45 41 26 17 39 46 19 43 37 13 10 24 7 31 4 21 9 44 23 

Inst_Index:5227 	 City_Num:50 	 Concorde:0.060829 	 MCTS:6.076021 Improve:0.006838 	 Time:5.00 Seconds
Solution: 1 4 40 32 10 28 3 49 18 44 11 17 25 38 36 19 43 45 46 29 24 23 39 20 16 50 31 33 27 14 12 41 21 47 34 7 2 6 15 26 35 9 22 8 30 48 5 13 37 42 

Inst_Index:5228 	 City_Num:50 	 Concorde:0.059178 	 MCTS:5.917833 Improve:0.000000 	 Time:5.00 Seconds
Solution: 1 15 8 5 34 3 6 39 23 32 37 31 33 24 14 16 50 40 4 2 22 11 45 10 38 41 49 47 18 43 12 13 28 21 29 9 19 46 17 36 48 44 20 27 42 35 25 26 30 7 

Inst_Index:5229 	 City_Num:50 	 Concorde:0.053714 	 MCTS:5.371374 Improve:0.000000 	 Time:5.00 Seconds
Solution: 1 41 4 14 30 18 36 48 7 43 29 25 15 46 42 12 47 31 11 27 44 10 49 32 19 45 39 13 8 17 6 24 20 37 2 16 5 9 21 38 22 33 34 28 35 26 3 40 50 23 

Inst_Index:5230 	 City_Num:50 	 Concorde:0.058600 	 MCTS:5.868002 Improve:-0.008049 	 Time:5.00 Seconds
Solution: 1 12 23 47 37 44 11 25 8 15 9 4 6 31 30 46 10 27 17 3 16 21 20 36 29 39 40 14 34 22 24 42 13 7 49 19 32 5 41 48 33 18 50 45 26 35 38 2 28 43 

Inst_Index:5231 	 City_Num:50 	 Concorde:0.052602 	 MCTS:5.258218 Improve:0.001951 	 Time:5.01 Seconds
Solution: 1 2 25 10 12 49 16 5 9 15 36 6 44 41 11 48 26 37 34 7 24 14 50 29 43 22 19 8 32 45 31 4 38 42 39 13 27 21 40 3 20 30 47 23 46 18 17 33 28 35 

Inst_Index:5232 	 City_Num:50 	 Concorde:0.054251 	 MCTS:5.425150 Improve:0.000000 	 Time:5.00 Seconds
Solution: 1 38 11 20 22 6 21 32 40 36 3 35 13 26 15 46 37 5 7 31 39 34 44 17 18 49 16 28 10 14 43 42 50 41 47 30 23 29 45 12 24 25 2 4 19 27 9 8 48 33 

Inst_Index:5233 	 City_Num:50 	 Concorde:0.055258 	 MCTS:5.525522 Improve:0.000324 	 Time:5.00 Seconds
Solution: 1 47 18 21 40 46 8 10 12 23 2 3 48 31 27 39 22 26 4 13 20 42 19 50 11 34 45 29 15 24 25 43 35 44 49 36 32 38 6 33 30 5 14 41 17 7 16 28 37 9 

Inst_Index:5234 	 City_Num:50 	 Concorde:0.053189 	 MCTS:5.312605 Improve:0.006295 	 Time:5.00 Seconds
Solution: 1 22 9 20 30 10 19 40 35 36 25 3 34 16 18 43 32 14 50 26 42 31 39 41 12 7 23 49 11 4 45 15 2 8 29 24 38 28 33 48 5 46 13 37 21 44 6 47 17 27 

Inst_Index:5235 	 City_Num:50 	 Concorde:0.056590 	 MCTS:5.658878 Improve:0.000095 	 Time:5.00 Seconds
Solution: 1 45 4 37 18 3 44 35 9 24 2 31 49 41 29 19 36 23 38 13 10 22 8 50 21 40 12 7 27 42 39 17 33 30 14 34 25 47 5 43 26 11 32 6 16 46 20 28 15 48 

Inst_Index:5236 	 City_Num:50 	 Concorde:0.058298 	 MCTS:5.829841 Improve:-0.000000 	 Time:5.00 Seconds
Solution: 1 37 36 17 30 35 33 27 13 26 25 9 23 12 29 48 46 44 28 20 10 47 18 21 22 24 31 40 7 2 19 6 50 38 4 8 11 43 3 42 32 45 16 41 14 39 34 15 49 5 

Inst_Index:5237 	 City_Num:50 	 Concorde:0.054049 	 MCTS:5.403992 Improve:0.000872 	 Time:5.01 Seconds
Solution: 1 13 24 45 20 36 9 19 7 39 11 8 48 47 49 30 41 46 4 37 44 3 25 42 27 32 16 38 12 28 10 2 23 29 31 26 34 17 33 5 40 14 15 21 22 6 35 18 43 50 

Inst_Index:5238 	 City_Num:50 	 Concorde:0.057751 	 MCTS:5.775054 Improve:-0.000000 	 Time:5.00 Seconds
Solution: 1 19 23 12 34 42 31 5 43 40 9 17 46 18 28 41 24 2 7 15 47 44 32 6 36 45 8 20 49 16 4 3 38 25 11 33 39 22 26 48 37 30 29 14 13 10 50 35 21 27 

Inst_Index:5239 	 City_Num:50 	 Concorde:0.059235 	 MCTS:5.922897 Improve:0.000617 	 Time:5.01 Seconds
Solution: 1 34 16 28 41 25 33 2 22 39 14 21 15 6 42 13 20 38 19 8 36 40 11 17 35 31 37 29 43 27 44 24 45 47 23 49 10 18 12 32 26 50 5 48 3 4 30 7 9 46 

Inst_Index:5240 	 City_Num:50 	 Concorde:0.062172 	 MCTS:6.217177 Improve:0.000000 	 Time:5.02 Seconds
Solution: 1 43 15 3 6 25 20 19 34 40 5 39 32 27 31 22 30 36 48 12 33 9 8 28 4 35 24 37 46 38 23 14 47 50 26 7 11 45 10 21 49 2 18 16 29 41 42 17 44 13 

Inst_Index:5241 	 City_Num:50 	 Concorde:0.060661 	 MCTS:6.066081 Improve:-0.000000 	 Time:5.01 Seconds
Solution: 1 2 8 26 40 50 36 25 4 27 6 21 15 47 32 45 14 49 44 20 5 7 3 24 10 9 30 22 19 31 39 37 34 16 33 23 46 43 28 12 48 42 18 41 13 35 11 29 38 17 

Inst_Index:5242 	 City_Num:50 	 Concorde:0.061633 	 MCTS:6.163346 Improve:0.000000 	 Time:5.00 Seconds
Solution: 1 6 35 31 17 8 46 27 21 45 25 48 16 19 14 42 10 41 22 20 26 37 43 4 5 12 49 39 44 7 36 32 23 33 24 2 50 34 28 47 15 38 13 11 30 40 29 9 3 18 

Inst_Index:5243 	 City_Num:50 	 Concorde:0.057976 	 MCTS:5.795317 Improve:0.002292 	 Time:5.00 Seconds
Solution: 1 39 14 5 3 21 29 11 6 43 45 41 4 12 7 27 48 49 46 32 47 22 50 28 20 44 38 40 34 26 33 16 36 2 18 9 31 30 8 23 13 37 42 15 17 25 35 24 10 19 

Inst_Index:5244 	 City_Num:50 	 Concorde:0.052064 	 MCTS:5.202972 Improve:0.003436 	 Time:5.00 Seconds
Solution: 1 18 14 42 49 29 28 2 16 22 37 27 9 13 11 24 3 38 21 15 19 17 44 8 47 36 45 33 6 50 32 41 10 46 30 34 35 7 26 20 12 25 23 48 43 4 31 39 40 5 

Inst_Index:5245 	 City_Num:50 	 Concorde:0.055630 	 MCTS:5.562952 Improve:-0.000000 	 Time:5.00 Seconds
Solution: 1 48 39 25 44 9 7 30 19 40 36 37 16 24 5 2 49 35 12 15 28 23 50 26 31 46 29 13 6 14 10 27 34 4 45 38 22 18 47 42 43 20 33 32 21 11 3 41 8 17 

Inst_Index:5246 	 City_Num:50 	 Concorde:0.060284 	 MCTS:6.023455 Improve:0.004978 	 Time:5.01 Seconds
Solution: 1 13 39 20 12 15 28 23 6 16 48 40 45 26 42 8 4 22 38 44 50 34 7 14 30 21 46 27 49 10 41 19 47 17 31 5 33 24 9 43 32 18 11 35 3 2 37 36 25 29 

Inst_Index:5247 	 City_Num:50 	 Concorde:0.056681 	 MCTS:5.662554 Improve:0.005571 	 Time:5.00 Seconds
Solution: 1 11 6 5 17 33 44 36 18 12 49 39 27 43 31 13 48 8 7 4 29 38 14 47 24 50 23 45 42 16 9 25 19 21 22 10 15 3 40 26 35 30 34 2 46 37 20 41 32 28 

Inst_Index:5248 	 City_Num:50 	 Concorde:0.056918 	 MCTS:5.712765 Improve:-0.020935 	 Time:5.00 Seconds
Solution: 1 11 2 32 47 49 33 29 42 39 40 24 20 38 22 45 43 5 19 23 13 30 46 7 8 10 28 4 26 36 35 16 48 9 25 6 17 44 21 31 18 14 27 3 37 15 34 12 50 41 

Inst_Index:5249 	 City_Num:50 	 Concorde:0.057873 	 MCTS:5.781137 Improve:0.006169 	 Time:5.00 Seconds
Solution: 1 38 41 46 31 8 25 33 12 22 6 24 4 36 39 42 17 43 48 27 29 9 5 35 21 49 44 23 32 45 15 2 20 7 40 18 10 30 50 16 37 13 14 34 19 28 11 3 47 26 

Inst_Index:5250 	 City_Num:50 	 Concorde:0.053357 	 MCTS:5.332970 Improve:0.002736 	 Time:5.00 Seconds
Solution: 1 47 35 28 43 31 18 33 32 46 16 41 21 15 4 44 38 45 10 13 34 11 9 5 40 42 12 17 37 24 26 36 6 20 29 2 49 7 14 39 30 25 48 50 22 23 3 8 27 19 

Inst_Index:5251 	 City_Num:50 	 Concorde:0.057436 	 MCTS:5.738346 Improve:0.005278 	 Time:5.00 Seconds
Solution: 1 26 5 36 31 48 3 39 10 21 30 24 6 16 15 38 46 4 2 47 13 34 29 11 42 37 14 33 18 40 12 19 23 7 41 9 20 27 44 32 43 28 17 50 35 22 45 25 49 8 

Inst_Index:5252 	 City_Num:50 	 Concorde:0.057534 	 MCTS:5.753374 Improve:-0.000000 	 Time:5.00 Seconds
Solution: 1 21 31 39 50 41 22 4 16 30 44 13 19 40 18 24 2 26 45 14 5 49 48 3 9 23 38 20 11 35 43 12 47 37 46 15 29 6 33 28 17 7 8 34 36 42 25 27 32 10 

Inst_Index:5253 	 City_Num:50 	 Concorde:0.060180 	 MCTS:6.017973 Improve:0.000000 	 Time:5.02 Seconds
Solution: 1 2 32 16 7 13 41 21 18 38 36 40 30 39 42 24 29 50 43 15 5 26 8 12 25 37 22 10 14 20 47 48 9 4 35 31 27 6 34 19 23 44 17 33 45 46 11 49 3 28 

Inst_Index:5254 	 City_Num:50 	 Concorde:0.058387 	 MCTS:5.837126 Improve:0.001604 	 Time:5.00 Seconds
Solution: 1 23 36 35 42 26 31 49 6 45 13 21 40 29 10 22 19 8 16 46 32 11 9 37 41 27 24 18 15 7 48 38 30 14 17 4 20 50 5 43 34 39 47 33 12 44 3 2 25 28 

Inst_Index:5255 	 City_Num:50 	 Concorde:0.056352 	 MCTS:5.635170 Improve:0.000000 	 Time:5.00 Seconds
Solution: 1 35 27 26 32 50 7 25 2 19 12 3 11 46 24 15 31 30 18 8 29 43 21 37 36 17 28 39 9 42 33 6 4 48 40 45 20 34 47 14 49 16 41 23 38 44 10 13 5 22 

Inst_Index:5256 	 City_Num:50 	 Concorde:0.056582 	 MCTS:5.654596 Improve:0.003631 	 Time:5.00 Seconds
Solution: 1 5 44 41 11 45 17 46 4 20 32 31 49 21 6 50 9 48 8 35 33 24 37 47 2 30 22 28 29 12 7 3 23 42 19 27 15 39 34 16 43 25 26 40 13 18 14 36 38 10 

Inst_Index:5257 	 City_Num:50 	 Concorde:0.056604 	 MCTS:5.659942 Improve:0.000422 	 Time:5.00 Seconds
Solution: 1 6 16 26 9 3 20 35 37 4 29 19 47 22 28 10 39 23 42 12 43 44 14 24 32 50 45 30 38 17 27 15 41 5 7 49 34 13 11 46 40 31 48 21 2 18 25 36 8 33 

Inst_Index:5258 	 City_Num:50 	 Concorde:0.053959 	 MCTS:5.395929 Improve:0.000000 	 Time:5.00 Seconds
Solution: 1 25 38 7 16 21 17 9 18 13 20 2 3 46 40 34 33 4 45 37 19 49 14 50 35 36 6 24 8 29 22 48 5 27 32 44 30 10 47 23 31 26 43 15 42 41 11 39 12 28 

Inst_Index:5259 	 City_Num:50 	 Concorde:0.057878 	 MCTS:5.787130 Improve:0.000718 	 Time:5.02 Seconds
Solution: 1 3 19 11 37 20 27 44 30 39 42 5 13 18 21 50 28 31 45 34 24 4 43 26 41 8 48 7 49 17 46 16 32 6 23 29 15 35 36 47 9 22 10 12 2 40 14 38 33 25 

Inst_Index:5260 	 City_Num:50 	 Concorde:0.060038 	 MCTS:6.002033 Improve:0.001812 	 Time:5.01 Seconds
Solution: 1 2 37 38 9 10 35 29 39 40 46 26 27 36 23 34 14 28 7 13 25 4 20 12 44 5 11 31 32 6 33 49 47 43 18 8 19 16 21 15 48 30 22 45 50 3 17 24 42 41 

Inst_Index:5261 	 City_Num:50 	 Concorde:0.057652 	 MCTS:5.765174 Improve:0.000000 	 Time:5.01 Seconds
Solution: 1 17 26 31 5 39 30 46 8 27 50 47 4 11 22 25 20 12 49 6 40 10 44 24 21 2 33 41 34 7 37 48 29 23 9 19 42 18 43 35 38 28 14 32 16 45 13 15 36 3 

Inst_Index:5262 	 City_Num:50 	 Concorde:0.058617 	 MCTS:5.860204 Improve:0.001536 	 Time:5.01 Seconds
Solution: 1 2 26 38 46 21 25 32 45 22 41 40 4 34 17 47 14 49 7 29 16 24 28 31 37 48 15 44 12 13 42 36 30 6 39 3 11 19 8 35 33 10 20 18 27 43 23 9 5 50 

Inst_Index:5263 	 City_Num:50 	 Concorde:0.054975 	 MCTS:5.494792 Improve:0.002686 	 Time:5.00 Seconds
Solution: 1 7 30 47 3 35 32 18 12 23 11 31 42 50 22 16 10 5 39 24 4 44 38 15 48 34 26 14 45 8 6 19 29 17 13 37 36 43 27 21 20 33 25 40 2 28 41 49 9 46 

Inst_Index:5264 	 City_Num:50 	 Concorde:0.056889 	 MCTS:5.686927 Improve:0.001988 	 Time:5.01 Seconds
Solution: 1 49 16 34 47 10 48 11 7 33 22 13 20 14 3 40 21 43 46 25 42 44 37 4 45 2 31 28 27 15 17 39 23 41 18 50 24 5 19 32 9 38 36 35 8 26 30 12 6 29 

Inst_Index:5265 	 City_Num:50 	 Concorde:0.061304 	 MCTS:6.121968 Improve:0.008450 	 Time:5.00 Seconds
Solution: 1 45 6 12 4 43 46 39 50 49 18 25 38 28 32 44 16 7 9 8 40 13 35 37 14 27 30 47 20 2 11 36 29 41 34 21 23 10 26 5 17 42 3 24 15 31 48 33 22 19 

Inst_Index:5266 	 City_Num:50 	 Concorde:0.060068 	 MCTS:6.006787 Improve:0.000000 	 Time:5.00 Seconds
Solution: 1 24 25 46 29 9 42 6 21 43 22 12 7 19 44 32 2 30 39 14 26 4 31 35 18 37 8 41 36 13 48 3 27 10 49 40 15 28 47 33 5 11 20 16 23 34 45 38 50 17 

Inst_Index:5267 	 City_Num:50 	 Concorde:0.056401 	 MCTS:5.640082 Improve:-0.000000 	 Time:5.02 Seconds
Solution: 1 38 11 47 20 29 45 7 32 43 40 22 37 21 26 18 12 8 34 25 50 16 28 41 49 2 17 33 30 24 19 46 27 4 23 5 14 42 3 10 48 13 39 35 9 6 36 44 31 15 

Inst_Index:5268 	 City_Num:50 	 Concorde:0.057681 	 MCTS:5.787046 Improve:-0.018985 	 Time:5.01 Seconds
Solution: 1 22 24 46 18 27 7 32 43 39 20 50 33 34 37 10 2 8 44 42 5 26 12 45 3 30 48 36 6 4 28 38 40 9 19 15 47 49 23 17 14 13 11 21 25 16 31 29 41 35 

Inst_Index:5269 	 City_Num:50 	 Concorde:0.054154 	 MCTS:5.406539 Improve:0.008841 	 Time:5.00 Seconds
Solution: 1 25 38 4 28 39 32 20 44 48 8 3 12 29 40 14 22 11 13 41 42 27 5 19 9 24 26 46 18 35 50 6 33 36 30 15 23 49 7 43 10 21 47 34 16 17 31 45 37 2 

Inst_Index:5270 	 City_Num:50 	 Concorde:0.050751 	 MCTS:5.075130 Improve:-0.000000 	 Time:5.01 Seconds
Solution: 1 12 39 37 26 16 9 44 6 43 17 28 42 14 50 48 36 38 8 5 46 47 40 33 19 32 2 35 31 20 45 7 11 18 23 3 13 10 49 21 30 24 34 41 4 29 15 27 25 22 

Inst_Index:5271 	 City_Num:50 	 Concorde:0.056384 	 MCTS:5.637061 Improve:0.001320 	 Time:5.00 Seconds
Solution: 1 4 42 22 16 2 8 30 14 38 49 20 17 33 48 18 9 40 34 45 21 39 19 5 11 41 35 24 7 36 12 28 50 47 25 13 23 29 32 10 3 43 37 6 46 31 15 27 44 26 

Inst_Index:5272 	 City_Num:50 	 Concorde:0.055720 	 MCTS:5.570154 Improve:0.001830 	 Time:5.00 Seconds
Solution: 1 10 2 7 27 50 34 36 20 30 49 22 8 42 24 5 46 31 26 18 21 39 11 33 14 47 23 38 43 25 41 17 19 28 35 48 45 15 6 3 9 29 32 40 13 12 37 4 16 44 

Inst_Index:5273 	 City_Num:50 	 Concorde:0.053964 	 MCTS:5.396388 Improve:-0.000000 	 Time:5.01 Seconds
Solution: 1 48 37 10 6 27 12 11 22 21 33 13 44 46 20 7 9 31 5 34 43 38 35 30 49 32 8 24 45 36 14 15 47 18 2 23 29 16 50 3 17 39 40 41 4 42 28 25 26 19 

Inst_Index:5274 	 City_Num:50 	 Concorde:0.059840 	 MCTS:5.984029 Improve:0.000000 	 Time:5.01 Seconds
Solution: 1 29 25 48 40 32 11 23 21 35 50 5 44 34 28 30 49 33 14 26 43 13 16 18 6 4 37 15 38 27 12 31 22 7 36 42 20 24 45 3 47 46 39 9 41 2 19 10 17 8 

Inst_Index:5275 	 City_Num:50 	 Concorde:0.059661 	 MCTS:5.966086 Improve:0.000000 	 Time:5.00 Seconds
Solution: 1 44 38 3 46 32 26 21 25 39 36 45 23 27 7 4 15 19 49 9 33 6 17 18 11 40 2 8 41 22 43 5 29 10 28 12 37 47 24 35 16 30 20 14 13 31 50 34 42 48 

Inst_Index:5276 	 City_Num:50 	 Concorde:0.060710 	 MCTS:6.066834 Improve:0.004213 	 Time:5.00 Seconds
Solution: 1 47 10 35 16 6 49 11 44 32 22 9 5 28 41 42 23 43 25 7 36 21 2 13 37 15 17 4 33 18 48 20 8 46 27 3 30 38 29 50 40 31 19 45 26 14 39 12 24 34 

Inst_Index:5277 	 City_Num:50 	 Concorde:0.057325 	 MCTS:5.730628 Improve:0.001888 	 Time:5.00 Seconds
Solution: 1 44 13 24 30 46 36 49 10 17 42 32 6 23 26 28 11 43 37 5 22 2 48 16 38 47 33 27 7 9 41 18 4 19 45 12 40 35 8 34 20 3 31 15 25 39 21 29 50 14 

Inst_Index:5278 	 City_Num:50 	 Concorde:0.057244 	 MCTS:5.724377 Improve:-0.000000 	 Time:5.00 Seconds
Solution: 1 37 18 13 3 35 48 19 16 20 9 23 7 40 17 39 46 41 14 49 42 11 44 21 24 38 4 34 30 27 33 29 31 25 50 36 26 10 8 47 15 5 12 6 22 28 32 43 45 2 

Inst_Index:5279 	 City_Num:50 	 Concorde:0.060526 	 MCTS:6.052565 Improve:0.000000 	 Time:5.00 Seconds
Solution: 1 48 39 50 17 32 23 38 4 37 13 36 18 2 49 8 40 3 16 7 30 26 15 25 27 20 6 12 34 44 24 14 21 45 28 41 9 47 22 43 33 42 19 5 35 31 11 10 46 29 

Inst_Index:5280 	 City_Num:50 	 Concorde:0.057546 	 MCTS:5.754565 Improve:0.000000 	 Time:5.00 Seconds
Solution: 1 13 34 42 7 41 20 28 47 43 3 23 26 8 15 9 21 16 40 30 45 50 18 27 24 25 39 49 17 33 46 10 12 5 31 4 11 38 48 6 44 32 36 22 14 37 35 2 19 29 

Inst_Index:5281 	 City_Num:50 	 Concorde:0.061369 	 MCTS:6.136008 Improve:0.000864 	 Time:5.00 Seconds
Solution: 1 31 38 14 15 9 22 40 47 39 5 19 44 43 10 33 35 11 42 30 41 3 37 8 50 25 7 24 6 45 26 20 36 23 46 28 16 49 48 29 13 27 12 18 32 34 21 4 2 17 

Inst_Index:5282 	 City_Num:50 	 Concorde:0.055409 	 MCTS:5.536166 Improve:0.004691 	 Time:5.00 Seconds
Solution: 1 10 32 46 7 11 28 12 37 38 50 27 21 49 41 48 5 30 40 26 35 3 22 19 33 42 47 45 31 18 44 20 17 14 13 39 16 43 25 29 2 4 8 9 36 6 34 23 24 15 

Inst_Index:5283 	 City_Num:50 	 Concorde:0.058829 	 MCTS:5.882945 Improve:-0.000000 	 Time:5.00 Seconds
Solution: 1 6 12 10 27 30 49 36 43 24 46 45 38 40 9 25 18 4 7 33 44 5 29 2 20 32 19 42 21 47 41 11 35 31 13 16 14 37 50 26 23 39 15 22 8 48 17 3 34 28 

Inst_Index:5284 	 City_Num:50 	 Concorde:0.054337 	 MCTS:5.433704 Improve:0.000000 	 Time:5.00 Seconds
Solution: 1 29 18 47 50 28 9 36 26 17 25 22 3 16 41 14 40 32 44 4 37 39 21 11 19 6 5 13 42 20 48 35 23 12 45 43 10 30 2 31 7 46 38 34 27 49 15 24 8 33 

Inst_Index:5285 	 City_Num:50 	 Concorde:0.062153 	 MCTS:6.215252 Improve:0.000000 	 Time:5.00 Seconds
Solution: 1 13 36 50 40 9 39 46 11 15 25 21 4 3 12 32 7 28 27 42 35 48 24 20 29 22 18 38 44 5 19 16 47 31 6 2 37 26 34 49 41 43 45 23 10 14 30 17 8 33 

Inst_Index:5286 	 City_Num:50 	 Concorde:0.058257 	 MCTS:5.825672 Improve:-0.000000 	 Time:5.00 Seconds
Solution: 1 20 30 14 6 17 12 47 5 22 41 34 36 23 33 11 15 42 40 21 24 32 16 3 31 29 9 48 4 2 45 50 35 19 44 46 25 37 28 39 13 8 10 43 38 49 27 26 7 18 

Inst_Index:5287 	 City_Num:50 	 Concorde:0.059244 	 MCTS:5.924443 Improve:0.000000 	 Time:5.01 Seconds
Solution: 1 49 21 30 38 32 34 8 24 20 45 40 11 7 41 42 48 25 26 36 31 14 18 27 6 35 47 23 15 44 28 2 46 17 4 3 16 5 10 9 12 37 33 43 50 13 22 39 29 19 

Inst_Index:5288 	 City_Num:50 	 Concorde:0.051801 	 MCTS:5.180071 Improve:0.000000 	 Time:5.00 Seconds
Solution: 1 44 10 33 27 30 16 3 5 12 4 36 34 21 40 45 39 42 19 24 25 43 18 13 38 15 7 32 2 8 9 11 48 17 14 23 31 6 49 22 29 20 37 46 26 41 47 35 50 28 

Inst_Index:5289 	 City_Num:50 	 Concorde:0.055748 	 MCTS:5.570277 Improve:0.004551 	 Time:5.00 Seconds
Solution: 1 32 47 9 6 15 50 8 33 24 46 5 21 35 37 40 12 48 14 45 41 49 13 4 34 29 7 22 2 42 3 28 10 18 43 30 16 31 26 38 11 39 23 36 20 19 25 17 44 27 

Inst_Index:5290 	 City_Num:50 	 Concorde:0.056274 	 MCTS:5.627353 Improve:-0.000000 	 Time:5.00 Seconds
Solution: 1 12 15 18 42 34 41 3 23 17 47 10 13 38 39 44 27 43 5 7 40 50 36 31 30 4 24 29 8 37 9 14 6 45 49 2 25 16 21 33 11 48 46 35 20 32 28 26 22 19 

Inst_Index:5291 	 City_Num:50 	 Concorde:0.053679 	 MCTS:5.364460 Improve:0.003412 	 Time:5.00 Seconds
Solution: 1 33 47 21 7 10 34 41 13 32 29 38 31 27 37 6 16 24 25 44 3 12 43 50 8 14 18 45 4 2 42 5 9 46 23 17 20 48 36 35 49 30 28 22 40 15 19 39 26 11 

Inst_Index:5292 	 City_Num:50 	 Concorde:0.050242 	 MCTS:5.024241 Improve:0.000000 	 Time:5.00 Seconds
Solution: 1 22 5 6 42 7 33 8 47 35 12 39 17 32 40 2 24 3 4 31 19 14 44 41 49 43 29 36 20 38 25 11 34 28 13 10 46 37 27 48 18 9 23 15 50 30 21 45 26 16 

Inst_Index:5293 	 City_Num:50 	 Concorde:0.060073 	 MCTS:6.005328 Improve:0.002016 	 Time:5.00 Seconds
Solution: 1 41 35 7 15 4 23 2 46 5 17 31 13 27 14 9 22 36 3 38 42 39 32 18 8 28 12 30 21 26 44 10 11 29 33 45 34 40 37 20 19 50 24 16 25 43 6 48 47 49 

Inst_Index:5294 	 City_Num:50 	 Concorde:0.057304 	 MCTS:5.754321 Improve:-0.023934 	 Time:5.00 Seconds
Solution: 1 39 16 30 26 28 43 12 19 35 42 2 34 6 44 25 13 8 15 23 18 27 21 41 45 3 47 40 17 24 4 36 48 9 5 14 46 50 37 31 22 7 11 32 29 49 10 33 20 38 

Inst_Index:5295 	 City_Num:50 	 Concorde:0.058348 	 MCTS:5.834807 Improve:0.000000 	 Time:5.00 Seconds
Solution: 1 24 10 16 30 28 40 39 50 6 49 2 3 43 35 46 27 17 47 15 13 25 48 34 21 37 42 41 45 44 20 14 23 19 38 4 7 9 22 18 11 5 26 29 33 12 32 31 8 36 

Inst_Index:5296 	 City_Num:50 	 Concorde:0.050482 	 MCTS:5.048194 Improve:-0.000000 	 Time:5.00 Seconds
Solution: 1 37 12 16 38 14 43 5 34 28 32 18 9 27 20 15 41 31 11 42 35 6 29 40 3 45 10 50 23 22 8 26 13 2 46 49 47 7 25 19 44 4 39 21 33 17 48 24 30 36 

Inst_Index:5297 	 City_Num:50 	 Concorde:0.057707 	 MCTS:5.770725 Improve:0.000000 	 Time:5.00 Seconds
Solution: 1 32 38 23 8 17 36 50 26 34 48 15 19 4 43 24 49 5 10 37 7 44 2 25 39 47 40 46 21 9 27 41 13 33 11 42 14 22 18 45 30 16 31 3 28 29 6 20 12 35 

Inst_Index:5298 	 City_Num:50 	 Concorde:0.055734 	 MCTS:5.573369 Improve:0.000000 	 Time:5.00 Seconds
Solution: 1 14 36 16 3 43 33 27 29 8 24 2 12 25 40 41 11 47 39 13 26 28 17 45 9 4 34 31 30 35 15 5 38 37 20 48 10 42 6 18 22 19 32 46 50 49 44 23 7 21 

Inst_Index:5299 	 City_Num:50 	 Concorde:0.051740 	 MCTS:5.172405 Improve:0.001568 	 Time:5.00 Seconds
Solution: 1 37 11 12 18 20 46 40 6 24 38 47 36 28 45 19 32 3 2 27 15 39 17 43 41 5 14 42 26 7 4 31 50 48 35 49 21 23 8 13 22 10 44 30 9 33 34 25 16 29 

Inst_Index:5300 	 City_Num:50 	 Concorde:0.056834 	 MCTS:5.682616 Improve:0.000741 	 Time:5.00 Seconds
Solution: 1 42 35 34 45 38 9 31 47 32 50 20 48 3 29 22 4 16 44 10 41 28 14 36 40 49 27 33 26 7 2 18 17 39 13 15 37 23 30 8 46 6 19 11 43 24 21 5 12 25 

Inst_Index:5301 	 City_Num:50 	 Concorde:0.058917 	 MCTS:5.891731 Improve:0.000000 	 Time:5.00 Seconds
Solution: 1 18 39 42 47 30 9 31 44 10 11 4 12 28 16 50 37 40 6 14 46 15 3 41 38 21 2 8 36 32 48 43 34 20 29 23 45 26 35 27 22 7 17 19 5 13 25 49 33 24 

Inst_Index:5302 	 City_Num:50 	 Concorde:0.054776 	 MCTS:5.477635 Improve:-0.000000 	 Time:5.00 Seconds
Solution: 1 37 12 39 16 41 13 34 35 18 14 40 23 11 19 31 24 48 49 42 4 47 28 27 33 6 20 36 8 15 10 38 21 25 44 5 7 26 17 46 3 50 32 29 2 22 9 45 30 43 

Inst_Index:5303 	 City_Num:50 	 Concorde:0.057769 	 MCTS:5.774897 Improve:0.002046 	 Time:5.00 Seconds
Solution: 1 36 49 34 17 15 21 12 50 44 25 11 18 32 9 6 4 5 37 2 48 20 23 47 16 35 41 40 45 29 33 27 8 22 14 43 13 10 28 30 19 31 38 3 26 46 42 7 24 39 

Inst_Index:5304 	 City_Num:50 	 Concorde:0.059890 	 MCTS:5.989009 Improve:0.000000 	 Time:5.00 Seconds
Solution: 1 4 14 23 29 30 38 47 43 21 15 31 35 25 36 19 8 50 46 42 45 12 44 49 26 24 11 10 37 16 27 33 34 48 39 17 18 3 22 32 41 28 6 7 2 40 5 13 20 9 

Inst_Index:5305 	 City_Num:50 	 Concorde:0.054993 	 MCTS:5.499278 Improve:-0.000000 	 Time:5.00 Seconds
Solution: 1 28 10 38 2 45 44 6 47 21 27 35 7 22 4 23 39 36 16 31 37 8 33 43 5 19 26 15 24 3 11 17 50 29 12 13 46 42 30 18 41 40 34 49 14 48 20 9 32 25 

Inst_Index:5306 	 City_Num:50 	 Concorde:0.057179 	 MCTS:5.711540 Improve:0.006370 	 Time:5.00 Seconds
Solution: 1 31 38 12 23 49 15 3 44 21 4 10 8 26 37 50 13 28 16 2 9 43 14 30 40 17 20 48 46 35 6 19 7 39 42 47 5 29 22 34 24 36 25 32 11 45 33 41 18 27 

Inst_Index:5307 	 City_Num:50 	 Concorde:0.056966 	 MCTS:5.694398 Improve:0.002160 	 Time:5.00 Seconds
Solution: 1 49 31 39 40 2 23 10 42 34 48 33 14 27 3 35 12 21 38 47 5 41 18 36 8 37 16 4 17 19 6 44 32 29 11 26 9 13 20 15 25 22 30 24 46 28 45 43 7 50 

Inst_Index:5308 	 City_Num:50 	 Concorde:0.058390 	 MCTS:5.839019 Improve:0.000000 	 Time:5.00 Seconds
Solution: 1 27 43 37 45 33 35 29 14 36 46 16 17 40 3 15 41 48 34 5 13 20 44 22 6 8 28 39 12 25 11 10 7 47 32 30 50 31 21 42 9 4 38 49 19 18 24 23 2 26 

Inst_Index:5309 	 City_Num:50 	 Concorde:0.056687 	 MCTS:5.667859 Improve:0.000823 	 Time:5.00 Seconds
Solution: 1 24 36 10 7 18 3 22 32 33 40 39 6 29 31 15 37 30 12 9 4 38 42 25 48 14 50 8 17 41 46 5 26 23 49 2 43 13 47 11 28 45 19 27 16 44 34 35 21 20 

Inst_Index:5310 	 City_Num:50 	 Concorde:0.058843 	 MCTS:5.884266 Improve:0.000073 	 Time:5.00 Seconds
Solution: 1 47 32 17 19 2 21 37 14 43 44 29 23 48 20 6 5 34 45 18 25 33 46 36 38 24 7 31 35 4 30 12 10 11 9 13 42 27 50 39 49 16 22 26 15 8 40 3 28 41 

Inst_Index:5311 	 City_Num:50 	 Concorde:0.059159 	 MCTS:5.915943 Improve:0.000000 	 Time:5.00 Seconds
Solution: 1 27 41 34 30 8 25 31 4 49 19 24 3 14 37 7 43 28 9 42 40 21 15 35 23 13 6 48 47 50 29 33 12 11 16 17 44 32 39 5 2 45 36 20 22 18 26 10 46 38 

Inst_Index:5312 	 City_Num:50 	 Concorde:0.058671 	 MCTS:5.867140 Improve:0.000000 	 Time:5.00 Seconds
Solution: 1 44 29 9 12 31 34 32 41 48 35 49 15 42 46 30 24 5 14 18 8 40 38 22 36 50 26 43 11 45 33 3 21 25 7 16 39 2 10 4 28 6 47 27 17 13 19 23 20 37 

Inst_Index:5313 	 City_Num:50 	 Concorde:0.050947 	 MCTS:5.094706 Improve:-0.000000 	 Time:5.00 Seconds
Solution: 1 15 31 23 40 44 25 22 42 18 10 45 35 50 5 28 20 38 12 48 11 29 16 39 46 19 32 41 4 33 49 27 6 24 21 34 43 36 30 13 9 47 2 7 26 37 8 14 3 17 

Inst_Index:5314 	 City_Num:50 	 Concorde:0.057472 	 MCTS:5.747168 Improve:0.000000 	 Time:5.00 Seconds
Solution: 1 6 48 26 40 50 10 45 17 14 44 5 28 36 24 27 35 12 32 30 2 43 20 16 49 31 9 39 21 25 47 11 41 19 33 8 15 34 18 7 37 42 23 3 4 38 13 22 29 46 

Inst_Index:5315 	 City_Num:50 	 Concorde:0.057733 	 MCTS:5.773262 Improve:-0.000000 	 Time:5.00 Seconds
Solution: 1 31 8 43 32 39 37 5 21 28 25 16 3 12 6 38 35 42 26 47 40 41 22 44 50 19 33 2 17 30 27 4 36 20 29 14 23 9 45 7 10 15 48 18 11 49 13 24 46 34 

Inst_Index:5316 	 City_Num:50 	 Concorde:0.058586 	 MCTS:5.858636 Improve:-0.000000 	 Time:5.00 Seconds
Solution: 1 27 10 44 3 46 21 16 33 4 7 19 40 26 6 22 13 29 11 15 2 50 12 28 41 47 14 36 5 48 34 45 24 9 38 23 17 43 8 49 42 18 35 32 30 25 39 31 20 37 

Inst_Index:5317 	 City_Num:50 	 Concorde:0.057982 	 MCTS:5.795232 Improve:0.002982 	 Time:5.00 Seconds
Solution: 1 18 13 49 46 17 15 19 4 22 30 25 27 35 48 36 10 31 43 9 12 8 14 44 7 50 32 38 28 3 33 45 26 2 20 11 41 21 39 29 34 16 5 24 47 37 40 6 42 23 

Inst_Index:5318 	 City_Num:50 	 Concorde:0.054601 	 MCTS:5.460102 Improve:-0.000000 	 Time:5.00 Seconds
Solution: 1 23 24 2 32 6 16 4 5 26 34 14 15 18 3 39 40 30 44 37 46 47 42 41 12 27 43 22 45 31 10 9 17 7 21 49 20 8 48 19 50 35 13 38 25 33 36 29 28 11 

Inst_Index:5319 	 City_Num:50 	 Concorde:0.059938 	 MCTS:5.993797 Improve:0.000000 	 Time:5.00 Seconds
Solution: 1 4 3 34 48 25 44 28 38 32 31 27 26 6 9 22 49 5 10 8 29 42 13 2 37 41 15 19 36 35 23 17 12 16 21 20 45 43 7 11 33 40 24 18 39 46 50 14 30 47 

Inst_Index:5320 	 City_Num:50 	 Concorde:0.057111 	 MCTS:5.711137 Improve:0.000000 	 Time:5.00 Seconds
Solution: 1 19 40 15 45 44 20 36 48 3 9 6 33 24 27 10 49 38 5 18 13 39 16 28 8 26 41 35 23 12 43 32 4 25 11 42 34 14 7 47 46 17 21 31 37 50 30 29 2 22 

Inst_Index:5321 	 City_Num:50 	 Concorde:0.058083 	 MCTS:5.808254 Improve:0.000000 	 Time:5.00 Seconds
Solution: 1 11 21 31 25 46 2 17 50 7 9 35 43 10 45 18 8 38 49 39 48 14 33 15 23 13 22 4 32 34 27 36 16 37 29 24 47 40 20 19 5 6 30 44 3 26 12 41 28 42 


Avg_Concorde_Distance: 5.682138 Avg_MCTS_Distance: 5.681665 Avg_Gap: -0.000082 Total_Time: 1566.26 Seconds 
 Beat_Best_Known_Times: 120 Match_Best_Known_Times: 177 Miss_Best_Known_Times: 16 
