Number_of_Instances_In_Current_Batch: 313

Inst_Index:2505 	 City_Num:50 	 Concorde:0.059295 	 MCTS:5.929531 Improve:0.000000 	 Time:5.00 Seconds
Solution: 1 5 44 19 38 33 24 20 26 3 23 10 8 29 17 32 9 47 31 34 22 35 6 2 45 14 11 27 41 49 50 7 16 30 42 21 15 13 40 28 25 37 4 12 36 39 18 46 43 48 

Inst_Index:2506 	 City_Num:50 	 Concorde:0.060456 	 MCTS:6.041795 Improve:0.003828 	 Time:5.00 Seconds
Solution: 1 7 13 17 10 45 23 46 44 18 20 39 48 34 38 21 42 11 33 37 6 50 19 28 14 25 9 15 12 49 27 43 5 29 47 36 16 24 3 41 31 26 22 30 32 4 35 2 8 40 

Inst_Index:2507 	 City_Num:50 	 Concorde:0.056352 	 MCTS:5.635151 Improve:-0.000000 	 Time:5.00 Seconds
Solution: 1 13 33 7 31 20 48 30 22 19 18 17 37 23 36 38 41 27 32 2 14 6 26 4 46 45 49 39 9 12 8 21 47 3 24 44 11 25 29 10 35 50 16 5 28 42 43 34 15 40 

Inst_Index:2508 	 City_Num:50 	 Concorde:0.053900 	 MCTS:5.386875 Improve:0.003129 	 Time:5.00 Seconds
Solution: 1 34 49 37 5 7 4 35 12 15 29 8 48 18 13 42 6 17 24 45 23 10 33 46 20 31 41 39 26 3 32 38 47 11 22 21 2 43 30 19 16 40 44 28 50 25 14 9 36 27 

Inst_Index:2509 	 City_Num:50 	 Concorde:0.059897 	 MCTS:5.985652 Improve:0.004044 	 Time:5.00 Seconds
Solution: 1 23 46 4 29 3 21 32 5 45 47 50 35 34 30 37 36 18 26 14 11 39 10 28 8 31 48 38 6 17 25 44 19 7 15 9 13 24 12 20 43 22 40 41 42 16 2 33 27 49 

Inst_Index:2510 	 City_Num:50 	 Concorde:0.057336 	 MCTS:5.733555 Improve:0.000000 	 Time:5.00 Seconds
Solution: 1 39 35 14 11 43 34 40 27 33 29 45 15 2 41 13 12 20 26 32 28 47 8 6 5 19 49 16 38 21 36 48 24 18 22 31 10 44 23 17 46 37 50 30 4 25 42 9 3 7 

Inst_Index:2511 	 City_Num:50 	 Concorde:0.055178 	 MCTS:5.517764 Improve:0.000000 	 Time:5.00 Seconds
Solution: 1 14 8 22 4 12 15 46 40 25 44 42 13 21 17 47 24 37 19 48 16 33 50 34 3 45 9 11 10 35 26 27 41 31 23 20 38 2 30 49 5 18 29 36 6 7 39 28 43 32 

Inst_Index:2512 	 City_Num:50 	 Concorde:0.052132 	 MCTS:5.209680 Improve:0.003537 	 Time:5.00 Seconds
Solution: 1 7 21 24 43 33 5 46 11 19 41 39 37 36 4 32 49 48 6 9 31 26 16 23 15 50 12 47 45 8 38 35 29 42 2 44 30 20 34 28 10 27 22 13 3 18 25 14 17 40 

Inst_Index:2513 	 City_Num:50 	 Concorde:0.059128 	 MCTS:5.912837 Improve:-0.000010 	 Time:5.00 Seconds
Solution: 1 13 37 39 17 33 32 27 47 21 4 34 42 23 28 7 3 2 45 22 43 16 10 18 36 25 15 8 9 41 6 49 40 29 19 31 24 35 30 50 44 14 26 46 48 20 12 38 5 11 

Inst_Index:2514 	 City_Num:50 	 Concorde:0.058093 	 MCTS:5.797805 Improve:0.011511 	 Time:5.00 Seconds
Solution: 1 3 24 31 18 30 37 10 7 45 2 28 11 20 32 46 17 9 21 5 25 29 27 22 39 36 34 19 40 44 14 43 23 42 47 4 50 49 16 8 35 15 41 26 6 12 33 48 38 13 

Inst_Index:2515 	 City_Num:50 	 Concorde:0.065417 	 MCTS:6.535195 Improve:0.006515 	 Time:5.00 Seconds
Solution: 1 28 36 33 44 43 2 9 50 13 11 12 21 29 38 10 19 25 18 3 22 47 27 34 30 35 6 49 24 7 20 15 37 16 42 48 8 14 26 45 41 4 5 32 40 23 17 31 39 46 

Inst_Index:2516 	 City_Num:50 	 Concorde:0.060105 	 MCTS:6.008746 Improve:0.001796 	 Time:5.00 Seconds
Solution: 1 9 32 18 31 39 12 14 25 43 46 48 41 5 44 26 20 42 40 37 19 35 38 29 36 10 22 17 16 50 23 13 15 3 34 6 21 2 45 4 24 33 28 27 49 30 7 11 8 47 

Inst_Index:2517 	 City_Num:50 	 Concorde:0.060578 	 MCTS:6.055997 Improve:0.001837 	 Time:5.01 Seconds
Solution: 1 48 19 33 11 15 47 21 8 9 28 6 16 5 3 42 29 31 13 32 26 49 34 20 14 10 36 22 40 18 46 37 44 45 24 25 38 43 35 27 41 4 23 39 7 50 30 2 12 17 

Inst_Index:2518 	 City_Num:50 	 Concorde:0.057782 	 MCTS:5.778165 Improve:0.000000 	 Time:5.00 Seconds
Solution: 1 11 5 8 19 23 26 30 14 7 12 48 16 28 22 10 38 35 47 13 15 17 4 31 44 46 21 42 24 45 37 18 36 33 9 20 25 49 50 39 41 2 43 29 40 27 6 3 34 32 

Inst_Index:2519 	 City_Num:50 	 Concorde:0.054196 	 MCTS:5.419588 Improve:-0.000000 	 Time:5.00 Seconds
Solution: 1 31 41 43 24 37 25 44 21 36 40 8 49 20 7 33 46 38 34 22 32 5 6 50 3 17 26 39 2 10 11 29 27 12 47 19 14 35 15 28 13 23 18 9 48 16 45 4 30 42 

Inst_Index:2520 	 City_Num:50 	 Concorde:0.058930 	 MCTS:5.890942 Improve:0.002032 	 Time:5.00 Seconds
Solution: 1 39 19 40 16 27 25 8 18 49 5 26 34 41 31 43 50 48 20 36 28 11 21 13 24 33 10 23 32 14 44 45 37 6 3 35 2 46 7 15 42 4 29 38 17 9 30 22 12 47 

Inst_Index:2521 	 City_Num:50 	 Concorde:0.056493 	 MCTS:5.648322 Improve:0.000946 	 Time:5.00 Seconds
Solution: 1 9 17 47 4 35 32 31 36 2 11 28 14 21 45 48 13 8 6 50 20 24 15 23 16 12 44 19 33 46 37 26 10 40 5 29 39 18 34 42 22 3 7 41 38 43 27 30 25 49 

Inst_Index:2522 	 City_Num:50 	 Concorde:0.058864 	 MCTS:5.886358 Improve:0.000000 	 Time:5.00 Seconds
Solution: 1 46 49 5 8 48 21 13 43 25 50 36 4 33 29 45 42 39 9 35 40 2 28 10 15 23 12 41 38 3 47 17 30 32 44 31 18 37 19 26 14 22 27 24 11 7 16 6 20 34 

Inst_Index:2523 	 City_Num:50 	 Concorde:0.058583 	 MCTS:5.858267 Improve:0.000000 	 Time:5.01 Seconds
Solution: 1 46 29 43 21 40 49 24 14 4 38 2 31 9 42 41 8 12 17 28 39 16 6 37 7 36 26 18 25 23 48 50 5 35 34 33 13 10 27 45 44 22 15 19 30 47 3 32 11 20 

Inst_Index:2524 	 City_Num:50 	 Concorde:0.057753 	 MCTS:5.771806 Improve:0.003465 	 Time:5.00 Seconds
Solution: 1 3 50 38 13 11 15 8 27 46 10 2 30 45 17 33 47 4 36 24 43 40 16 35 39 7 34 6 14 22 28 29 25 31 41 42 26 20 5 19 21 12 49 37 9 48 44 32 23 18 

Inst_Index:2525 	 City_Num:50 	 Concorde:0.056179 	 MCTS:5.617923 Improve:0.000000 	 Time:5.00 Seconds
Solution: 1 38 32 27 19 25 5 14 31 22 49 37 13 18 16 47 4 34 39 24 40 12 44 23 8 36 50 20 33 35 11 41 2 10 29 46 7 28 21 43 26 6 15 17 42 9 3 45 30 48 

Inst_Index:2526 	 City_Num:50 	 Concorde:0.060088 	 MCTS:6.008844 Improve:0.000000 	 Time:5.00 Seconds
Solution: 1 13 33 5 15 11 47 50 35 31 6 3 44 37 23 38 18 26 41 36 10 29 22 40 9 16 19 21 39 46 45 34 8 4 49 7 2 28 12 17 42 30 14 24 48 32 43 20 25 27 

Inst_Index:2527 	 City_Num:50 	 Concorde:0.057502 	 MCTS:5.740660 Improve:0.009584 	 Time:5.00 Seconds
Solution: 1 37 6 14 30 48 42 38 35 25 18 26 33 17 46 39 47 4 10 8 24 31 34 22 29 49 50 41 44 28 45 43 20 23 27 32 2 16 7 5 36 21 9 13 19 3 15 40 12 11 

Inst_Index:2528 	 City_Num:50 	 Concorde:0.056649 	 MCTS:5.664894 Improve:0.000000 	 Time:5.00 Seconds
Solution: 1 32 29 15 47 17 36 25 50 45 3 21 5 9 22 10 27 16 12 18 2 19 48 28 46 31 41 30 24 34 39 43 26 49 14 35 40 33 11 23 20 42 44 7 13 38 4 8 37 6 

Inst_Index:2529 	 City_Num:50 	 Concorde:0.054888 	 MCTS:5.480729 Improve:0.008086 	 Time:5.00 Seconds
Solution: 1 13 11 35 16 44 31 15 17 49 4 40 41 28 10 32 30 20 29 14 33 48 39 3 50 5 36 9 2 45 6 24 42 46 26 23 27 21 8 12 34 38 37 43 22 47 7 25 18 19 

Inst_Index:2530 	 City_Num:50 	 Concorde:0.059828 	 MCTS:5.982810 Improve:0.000000 	 Time:5.00 Seconds
Solution: 1 12 13 36 24 26 8 6 22 19 39 30 43 14 10 18 17 42 34 31 38 40 25 32 44 15 16 11 23 46 2 4 41 3 50 37 20 45 7 21 33 28 27 35 48 29 5 9 49 47 

Inst_Index:2531 	 City_Num:50 	 Concorde:0.056130 	 MCTS:5.612622 Improve:0.000357 	 Time:5.00 Seconds
Solution: 1 22 48 11 27 26 46 39 21 28 24 38 43 4 35 5 47 17 49 7 45 30 37 33 23 36 20 13 14 42 25 41 31 19 50 16 9 6 3 34 2 32 18 10 15 40 29 8 12 44 

Inst_Index:2532 	 City_Num:50 	 Concorde:0.057058 	 MCTS:5.705115 Improve:0.000668 	 Time:5.00 Seconds
Solution: 1 41 19 32 23 6 38 44 34 11 39 2 35 29 25 12 3 8 37 5 49 26 13 17 48 9 45 20 31 21 40 47 4 33 7 15 43 46 10 14 16 36 50 24 27 22 28 42 30 18 

Inst_Index:2533 	 City_Num:50 	 Concorde:0.058255 	 MCTS:5.825476 Improve:0.000000 	 Time:5.00 Seconds
Solution: 1 39 45 32 24 26 13 10 8 36 20 5 19 17 48 28 23 29 43 30 12 33 42 2 47 38 21 46 35 49 7 11 37 50 41 25 4 6 44 31 18 27 16 3 14 34 15 22 9 40 

Inst_Index:2534 	 City_Num:50 	 Concorde:0.054460 	 MCTS:5.445994 Improve:0.000000 	 Time:5.00 Seconds
Solution: 1 6 42 12 11 8 2 28 20 27 31 26 10 15 21 18 46 41 40 48 3 23 9 24 50 4 30 5 33 36 29 34 16 47 44 39 25 43 45 49 14 38 17 13 22 7 35 19 37 32 

Inst_Index:2535 	 City_Num:50 	 Concorde:0.058334 	 MCTS:5.831274 Improve:0.002152 	 Time:5.00 Seconds
Solution: 1 33 44 24 42 40 13 28 46 25 20 7 21 23 17 34 32 39 43 35 31 38 26 3 22 50 27 12 10 16 9 11 45 47 37 19 2 41 15 36 29 5 8 48 30 14 18 4 6 49 

Inst_Index:2536 	 City_Num:50 	 Concorde:0.057688 	 MCTS:5.768803 Improve:0.000000 	 Time:5.01 Seconds
Solution: 1 2 4 15 48 17 23 11 42 43 18 46 37 28 26 7 38 31 32 47 24 14 33 49 21 22 29 3 30 12 13 40 39 44 27 9 19 41 10 50 36 35 34 6 16 25 8 20 5 45 

Inst_Index:2537 	 City_Num:50 	 Concorde:0.060075 	 MCTS:6.007502 Improve:-0.000000 	 Time:5.00 Seconds
Solution: 1 36 11 6 29 22 27 35 26 31 12 49 13 50 9 21 23 38 7 43 34 42 2 32 44 25 48 28 17 33 18 10 5 45 24 41 14 39 4 19 20 3 47 15 46 40 37 8 30 16 

Inst_Index:2538 	 City_Num:50 	 Concorde:0.057652 	 MCTS:5.764171 Improve:0.001067 	 Time:5.00 Seconds
Solution: 1 39 21 30 36 34 31 29 13 45 19 15 2 8 50 4 28 3 9 24 32 22 44 11 48 23 38 17 5 18 12 20 49 35 14 27 6 40 46 10 42 43 26 37 47 25 33 7 16 41 

Inst_Index:2539 	 City_Num:50 	 Concorde:0.055526 	 MCTS:5.552634 Improve:0.000000 	 Time:5.00 Seconds
Solution: 1 42 17 24 26 10 44 41 21 27 31 5 15 3 14 50 19 20 18 45 11 46 9 38 4 43 47 36 49 33 30 2 28 37 34 7 32 35 39 40 23 25 8 48 29 12 6 16 13 22 

Inst_Index:2540 	 City_Num:50 	 Concorde:0.057158 	 MCTS:5.711346 Improve:0.004501 	 Time:5.00 Seconds
Solution: 1 7 17 6 11 33 8 27 30 4 37 20 35 38 3 36 29 41 44 10 14 31 50 12 2 48 42 28 49 32 25 40 5 19 45 15 39 24 46 47 34 16 21 23 22 18 13 26 43 9 

Inst_Index:2541 	 City_Num:50 	 Concorde:0.054760 	 MCTS:5.475999 Improve:0.000000 	 Time:5.00 Seconds
Solution: 1 29 18 47 13 46 6 8 27 26 49 32 14 35 30 5 3 48 24 45 12 10 44 2 23 22 28 38 4 19 16 31 9 37 11 25 33 20 17 42 41 15 40 7 36 34 39 43 50 21 

Inst_Index:2542 	 City_Num:50 	 Concorde:0.057699 	 MCTS:5.769892 Improve:0.000000 	 Time:5.01 Seconds
Solution: 1 9 8 26 15 38 46 36 42 45 39 33 16 30 18 20 41 34 44 2 28 48 19 23 43 7 4 11 22 6 31 37 14 17 25 3 32 13 5 40 10 35 27 49 12 47 24 50 21 29 

Inst_Index:2543 	 City_Num:50 	 Concorde:0.059300 	 MCTS:5.928337 Improve:0.001629 	 Time:5.01 Seconds
Solution: 1 20 30 3 9 13 40 7 34 46 5 17 36 10 28 48 12 22 21 31 23 4 39 38 33 32 6 26 45 16 19 47 15 29 25 41 18 14 8 35 24 37 27 11 50 44 43 42 49 2 

Inst_Index:2544 	 City_Num:50 	 Concorde:0.058404 	 MCTS:5.840405 Improve:0.000000 	 Time:5.00 Seconds
Solution: 1 5 6 18 25 20 46 43 37 7 40 11 24 3 13 14 42 50 36 44 19 17 45 48 21 23 30 35 41 12 47 34 33 49 2 8 31 29 15 28 32 27 16 22 4 9 39 38 10 26 

Inst_Index:2545 	 City_Num:50 	 Concorde:0.056851 	 MCTS:5.683053 Improve:0.002072 	 Time:5.00 Seconds
Solution: 1 3 30 19 20 23 39 40 34 22 28 10 21 42 37 43 33 49 31 6 12 14 5 45 18 41 35 9 32 2 38 11 27 15 48 13 36 25 7 44 50 46 47 16 29 24 8 26 4 17 

Inst_Index:2546 	 City_Num:50 	 Concorde:0.055440 	 MCTS:5.542930 Improve:0.001102 	 Time:5.00 Seconds
Solution: 1 48 14 4 42 11 9 37 10 39 31 50 44 15 28 19 6 34 45 47 32 36 30 38 21 12 26 3 2 27 8 23 22 25 24 7 13 29 35 20 5 46 40 33 49 18 41 17 43 16 

Inst_Index:2547 	 City_Num:50 	 Concorde:0.059924 	 MCTS:5.992433 Improve:0.000000 	 Time:5.00 Seconds
Solution: 1 47 28 23 5 48 45 15 42 26 10 21 13 31 2 37 7 17 19 41 34 35 39 50 25 6 46 12 32 16 24 36 22 9 3 44 38 40 29 33 43 14 18 20 8 4 49 11 27 30 

Inst_Index:2548 	 City_Num:50 	 Concorde:0.052081 	 MCTS:5.208133 Improve:-0.000000 	 Time:5.00 Seconds
Solution: 1 41 12 10 9 36 43 14 37 27 26 3 13 31 18 44 19 16 6 50 40 22 47 30 21 8 20 32 38 29 25 4 5 33 35 45 46 48 42 2 7 49 23 17 28 24 15 11 34 39 

Inst_Index:2549 	 City_Num:50 	 Concorde:0.058354 	 MCTS:5.833930 Improve:0.001458 	 Time:5.02 Seconds
Solution: 1 16 23 15 12 37 32 30 5 4 41 20 18 8 17 24 34 49 14 31 38 3 48 19 26 28 42 21 22 50 36 2 29 40 10 35 44 7 27 45 11 43 47 46 39 13 25 9 33 6 

Inst_Index:2550 	 City_Num:50 	 Concorde:0.055713 	 MCTS:5.571309 Improve:-0.000000 	 Time:5.01 Seconds
Solution: 1 6 31 42 38 43 12 36 4 39 47 45 19 15 20 41 11 16 13 14 33 21 26 44 10 28 50 49 29 30 35 34 32 5 40 25 2 17 23 18 3 37 24 46 22 48 27 8 9 7 

Inst_Index:2551 	 City_Num:50 	 Concorde:0.059671 	 MCTS:5.967145 Improve:-0.000000 	 Time:5.00 Seconds
Solution: 1 17 29 32 4 37 41 30 50 10 13 40 46 34 47 31 38 48 33 42 43 18 24 27 7 28 12 16 6 21 26 25 44 3 22 2 14 35 45 11 23 15 19 49 8 9 39 36 5 20 

Inst_Index:2552 	 City_Num:50 	 Concorde:0.054599 	 MCTS:5.456138 Improve:0.003740 	 Time:5.00 Seconds
Solution: 1 23 4 28 26 16 36 8 20 47 17 15 43 46 5 14 48 10 24 9 21 35 31 42 22 12 38 13 32 37 30 34 11 49 18 19 25 6 45 7 3 41 27 29 2 33 40 39 44 50 

Inst_Index:2553 	 City_Num:50 	 Concorde:0.054548 	 MCTS:5.454679 Improve:0.000108 	 Time:5.00 Seconds
Solution: 1 47 32 11 9 37 39 13 7 6 30 5 34 44 21 40 16 3 4 38 41 48 10 28 49 15 22 20 29 25 31 23 2 42 17 19 46 24 33 50 18 45 36 35 12 14 27 43 8 26 

Inst_Index:2554 	 City_Num:50 	 Concorde:0.054763 	 MCTS:5.476312 Improve:-0.000000 	 Time:5.00 Seconds
Solution: 1 48 12 13 6 37 42 31 4 7 16 11 32 24 29 15 2 45 40 14 18 47 41 46 49 39 9 23 21 44 36 26 43 3 50 5 28 19 10 27 35 33 22 25 17 20 38 34 30 8 

Inst_Index:2555 	 City_Num:50 	 Concorde:0.054129 	 MCTS:5.411999 Improve:0.000933 	 Time:5.01 Seconds
Solution: 1 16 42 29 34 31 14 24 13 26 47 36 21 48 12 41 43 15 38 30 32 27 20 10 50 5 49 46 18 44 45 28 8 9 7 4 35 22 11 39 3 23 37 40 6 2 19 25 17 33 

Inst_Index:2556 	 City_Num:50 	 Concorde:0.055308 	 MCTS:5.530810 Improve:0.000000 	 Time:5.00 Seconds
Solution: 1 26 41 5 2 24 48 14 4 38 44 10 20 13 16 8 27 30 18 12 15 39 47 37 34 22 31 50 7 11 40 23 29 6 35 19 32 33 49 28 3 9 36 21 43 25 46 45 42 17 

Inst_Index:2557 	 City_Num:50 	 Concorde:0.051624 	 MCTS:5.158880 Improve:0.003507 	 Time:5.00 Seconds
Solution: 1 22 35 8 28 29 50 13 21 39 46 17 43 2 14 11 19 25 15 6 16 4 10 3 47 41 38 20 7 33 42 30 36 27 34 32 18 44 37 40 24 23 45 5 12 31 48 26 9 49 

Inst_Index:2558 	 City_Num:50 	 Concorde:0.058790 	 MCTS:5.878983 Improve:-0.000000 	 Time:5.01 Seconds
Solution: 1 33 15 47 42 5 34 14 26 29 18 3 20 44 38 11 49 43 39 23 4 41 12 16 19 6 40 32 21 31 48 24 30 7 10 36 13 28 9 50 8 37 17 25 22 35 45 46 2 27 

Inst_Index:2559 	 City_Num:50 	 Concorde:0.057734 	 MCTS:5.773426 Improve:0.000000 	 Time:5.00 Seconds
Solution: 1 9 4 47 7 41 43 48 20 28 23 35 24 22 40 25 26 39 5 13 3 45 6 34 42 49 38 27 46 12 16 17 15 18 36 19 37 8 50 11 2 32 33 29 14 31 44 10 30 21 

Inst_Index:2560 	 City_Num:50 	 Concorde:0.061036 	 MCTS:6.103563 Improve:-0.000000 	 Time:5.00 Seconds
Solution: 1 25 2 23 32 30 19 21 36 28 8 4 13 7 26 27 9 41 20 37 11 31 49 17 14 22 10 6 38 50 34 43 16 5 29 39 12 18 24 40 3 42 44 46 47 45 48 15 35 33 

Inst_Index:2561 	 City_Num:50 	 Concorde:0.056032 	 MCTS:5.595576 Improve:0.007613 	 Time:5.01 Seconds
Solution: 1 15 2 14 50 39 40 45 7 30 49 37 33 46 11 34 16 48 5 18 35 27 13 6 28 44 17 32 41 8 38 31 43 3 23 42 4 19 29 9 20 36 26 10 21 12 24 25 22 47 

Inst_Index:2562 	 City_Num:50 	 Concorde:0.057323 	 MCTS:5.731809 Improve:0.000504 	 Time:5.00 Seconds
Solution: 1 44 4 25 32 30 13 24 45 27 31 15 10 7 46 12 6 41 22 2 28 35 38 9 3 26 21 37 47 17 49 33 16 34 18 29 8 48 11 20 43 42 5 14 23 40 19 36 39 50 

Inst_Index:2563 	 City_Num:50 	 Concorde:0.052988 	 MCTS:5.298813 Improve:0.000000 	 Time:5.00 Seconds
Solution: 1 12 2 32 29 48 45 39 24 37 17 46 27 22 26 10 47 8 15 30 35 28 9 20 33 25 6 43 18 38 14 5 50 16 49 36 44 34 19 13 4 40 21 23 3 42 41 31 7 11 

Inst_Index:2564 	 City_Num:50 	 Concorde:0.053052 	 MCTS:5.305240 Improve:0.000000 	 Time:5.00 Seconds
Solution: 1 22 29 47 5 6 34 46 26 32 49 11 2 7 35 21 8 39 50 20 15 33 14 43 10 9 24 25 41 4 3 37 12 18 28 40 17 27 23 44 16 42 13 48 36 31 38 45 19 30 

Inst_Index:2565 	 City_Num:50 	 Concorde:0.050669 	 MCTS:5.064730 Improve:0.002210 	 Time:5.00 Seconds
Solution: 1 18 49 29 5 20 35 6 34 8 50 38 33 23 7 43 9 39 24 32 30 10 27 14 37 41 21 36 22 4 13 26 16 25 11 42 47 12 40 17 46 15 19 48 2 3 45 28 31 44 

Inst_Index:2566 	 City_Num:50 	 Concorde:0.055624 	 MCTS:5.562429 Improve:-0.000000 	 Time:5.00 Seconds
Solution: 1 41 47 50 16 44 15 46 38 27 3 43 7 18 30 32 31 48 13 40 10 2 29 5 21 35 20 24 36 4 9 26 34 19 22 45 49 37 23 14 28 25 6 33 12 42 39 8 17 11 

Inst_Index:2567 	 City_Num:50 	 Concorde:0.058476 	 MCTS:5.838056 Improve:0.009526 	 Time:5.01 Seconds
Solution: 1 22 2 29 44 6 45 42 49 43 25 31 12 41 40 24 10 19 9 4 50 21 32 23 47 14 34 16 18 20 30 37 48 17 39 35 26 36 8 15 38 7 3 11 46 28 27 13 33 5 

Inst_Index:2568 	 City_Num:50 	 Concorde:0.058344 	 MCTS:5.834375 Improve:0.000000 	 Time:5.00 Seconds
Solution: 1 16 50 20 2 10 49 6 32 37 48 26 17 35 40 22 12 38 33 11 15 18 8 13 25 43 3 14 5 27 46 9 7 24 30 45 44 29 34 19 31 42 36 21 23 47 39 28 4 41 

Inst_Index:2569 	 City_Num:50 	 Concorde:0.060765 	 MCTS:6.076525 Improve:-0.000000 	 Time:5.00 Seconds
Solution: 1 41 8 45 23 37 12 31 4 42 28 33 50 38 47 22 27 10 21 25 36 5 2 46 29 32 11 19 39 43 14 49 18 9 48 6 30 13 26 44 15 24 34 17 40 35 3 20 16 7 

Inst_Index:2570 	 City_Num:50 	 Concorde:0.054898 	 MCTS:5.489778 Improve:0.000000 	 Time:5.00 Seconds
Solution: 1 34 38 10 18 8 25 46 16 35 26 11 21 45 7 37 29 20 12 19 15 23 33 44 50 41 14 2 31 24 39 43 17 28 32 40 49 5 6 3 27 4 47 22 30 13 36 9 48 42 

Inst_Index:2571 	 City_Num:50 	 Concorde:0.056847 	 MCTS:5.684750 Improve:0.000000 	 Time:5.00 Seconds
Solution: 1 6 32 20 4 34 12 17 7 27 45 13 43 22 42 3 37 30 5 39 2 33 29 8 49 23 9 25 35 26 48 21 46 28 31 10 47 14 40 38 19 11 50 41 18 24 44 15 16 36 

Inst_Index:2572 	 City_Num:50 	 Concorde:0.061127 	 MCTS:6.112742 Improve:-0.000000 	 Time:5.00 Seconds
Solution: 1 36 31 29 12 10 26 20 49 33 32 24 17 5 27 30 46 3 9 35 21 38 22 37 25 40 42 11 28 2 47 34 13 44 18 23 50 16 7 8 45 41 6 48 39 43 19 15 14 4 

Inst_Index:2573 	 City_Num:50 	 Concorde:0.054258 	 MCTS:5.425400 Improve:0.000387 	 Time:5.00 Seconds
Solution: 1 8 17 31 45 47 38 48 5 13 10 2 43 23 35 9 21 20 49 46 36 30 24 29 11 19 4 15 28 40 22 6 25 32 18 44 42 16 14 7 37 33 12 50 27 41 39 26 3 34 

Inst_Index:2574 	 City_Num:50 	 Concorde:0.058007 	 MCTS:5.799463 Improve:0.001228 	 Time:5.00 Seconds
Solution: 1 42 4 35 46 8 31 50 20 13 11 36 28 14 17 22 24 29 44 45 10 23 25 9 16 21 33 48 27 19 12 47 40 2 39 3 5 49 43 18 7 41 37 26 34 6 15 30 38 32 

Inst_Index:2575 	 City_Num:50 	 Concorde:0.059291 	 MCTS:5.929149 Improve:-0.000000 	 Time:5.00 Seconds
Solution: 1 14 38 33 24 6 36 45 31 42 4 46 9 48 40 21 11 37 26 35 29 47 43 44 7 13 10 49 8 25 16 41 22 39 15 5 19 17 28 34 3 32 50 27 30 12 20 23 18 2 

Inst_Index:2576 	 City_Num:50 	 Concorde:0.061046 	 MCTS:6.104597 Improve:0.000000 	 Time:5.01 Seconds
Solution: 1 50 45 16 41 9 19 42 47 35 32 6 2 44 20 30 34 14 26 31 10 22 23 8 17 37 4 43 24 11 48 40 36 38 49 13 28 12 25 21 18 46 39 15 29 33 5 3 27 7 

Inst_Index:2577 	 City_Num:50 	 Concorde:0.055303 	 MCTS:5.530288 Improve:0.000000 	 Time:5.01 Seconds
Solution: 1 28 2 38 48 21 12 17 45 24 22 13 20 37 50 23 6 35 32 16 14 30 10 9 41 42 46 15 40 3 29 4 5 33 34 39 36 26 47 7 18 25 8 19 27 49 44 43 11 31 

Inst_Index:2578 	 City_Num:50 	 Concorde:0.058627 	 MCTS:5.862746 Improve:0.000000 	 Time:5.00 Seconds
Solution: 1 50 46 29 14 20 11 6 8 13 36 48 41 30 33 2 12 7 32 17 15 39 26 44 24 23 22 43 25 37 42 28 49 19 5 34 4 18 31 27 38 21 45 9 47 10 35 40 3 16 

Inst_Index:2579 	 City_Num:50 	 Concorde:0.058608 	 MCTS:5.860846 Improve:-0.000000 	 Time:5.00 Seconds
Solution: 1 47 44 13 39 29 46 31 32 36 2 38 20 10 16 34 23 50 4 35 41 43 30 21 49 17 24 40 37 18 3 8 15 33 5 9 27 45 6 22 11 26 19 28 25 42 7 12 48 14 

Inst_Index:2580 	 City_Num:50 	 Concorde:0.052051 	 MCTS:5.203885 Improve:0.001193 	 Time:5.01 Seconds
Solution: 1 16 22 4 9 20 42 25 7 32 3 36 47 21 49 27 40 50 41 38 31 5 43 29 12 10 2 46 19 14 15 44 37 48 24 33 13 30 39 28 11 45 35 26 34 18 23 8 17 6 

Inst_Index:2581 	 City_Num:50 	 Concorde:0.055089 	 MCTS:5.503300 Improve:0.005618 	 Time:5.00 Seconds
Solution: 1 4 49 36 3 32 5 26 7 6 2 21 34 22 39 17 19 44 33 27 9 37 45 43 23 8 28 38 48 35 11 15 47 16 24 18 30 12 20 14 46 31 42 25 13 40 41 29 50 10 

Inst_Index:2582 	 City_Num:50 	 Concorde:0.059985 	 MCTS:5.993252 Improve:0.005226 	 Time:5.00 Seconds
Solution: 1 17 38 46 50 22 35 30 33 19 26 4 3 5 47 2 39 24 37 15 27 16 34 8 28 23 21 31 11 7 44 6 40 45 48 25 41 10 42 20 29 36 14 12 49 9 18 43 32 13 

Inst_Index:2583 	 City_Num:50 	 Concorde:0.057920 	 MCTS:5.791988 Improve:0.000000 	 Time:5.01 Seconds
Solution: 1 18 16 48 9 17 13 4 45 33 28 14 41 40 50 46 30 10 2 27 42 35 11 43 38 21 49 7 5 26 3 47 23 22 6 32 12 19 8 25 34 36 24 29 31 20 37 44 15 39 

Inst_Index:2584 	 City_Num:50 	 Concorde:0.060658 	 MCTS:6.065761 Improve:0.000000 	 Time:5.00 Seconds
Solution: 1 12 18 14 33 8 17 30 21 24 19 16 38 29 42 27 15 22 10 44 35 11 43 36 47 23 4 37 7 3 5 49 45 31 40 28 41 32 2 9 20 13 25 50 34 48 6 39 46 26 

Inst_Index:2585 	 City_Num:50 	 Concorde:0.058220 	 MCTS:5.822048 Improve:0.000000 	 Time:5.00 Seconds
Solution: 1 21 8 46 2 5 40 45 16 49 26 44 17 7 14 31 30 43 10 18 3 9 48 13 39 6 4 29 36 15 28 35 37 38 27 50 11 34 33 47 32 25 41 22 20 42 19 12 24 23 

Inst_Index:2586 	 City_Num:50 	 Concorde:0.058784 	 MCTS:5.878447 Improve:0.000000 	 Time:5.00 Seconds
Solution: 1 9 28 5 27 17 36 37 50 13 24 11 7 40 34 43 35 21 18 32 48 38 41 10 46 39 22 12 8 4 49 2 19 16 3 44 42 31 23 6 29 45 20 47 26 14 33 30 15 25 

Inst_Index:2587 	 City_Num:50 	 Concorde:0.054330 	 MCTS:5.432984 Improve:-0.000000 	 Time:5.00 Seconds
Solution: 1 41 29 30 15 12 34 3 4 48 22 5 42 8 40 11 32 17 45 46 50 44 36 14 19 16 20 47 25 27 18 9 39 37 49 6 13 35 26 2 7 24 28 21 43 31 23 33 10 38 

Inst_Index:2588 	 City_Num:50 	 Concorde:0.056624 	 MCTS:5.659086 Improve:0.003318 	 Time:5.00 Seconds
Solution: 1 37 39 5 28 48 10 29 47 2 25 45 21 6 46 4 27 38 13 23 19 3 26 31 41 22 42 49 43 40 14 36 11 9 33 34 7 8 20 17 30 15 32 44 35 50 16 24 18 12 

Inst_Index:2589 	 City_Num:50 	 Concorde:0.058270 	 MCTS:5.826955 Improve:0.000000 	 Time:5.00 Seconds
Solution: 1 26 39 2 42 38 12 33 49 9 32 8 6 22 19 10 30 3 40 47 45 37 25 5 41 48 44 21 15 14 35 24 17 31 7 43 29 23 20 34 16 50 28 11 13 46 18 27 4 36 

Inst_Index:2590 	 City_Num:50 	 Concorde:0.054897 	 MCTS:5.489658 Improve:0.000000 	 Time:5.00 Seconds
Solution: 1 14 31 26 43 4 22 23 33 40 13 12 10 35 34 11 15 20 44 48 24 38 32 5 28 42 17 3 50 41 36 25 16 49 7 45 8 39 21 46 29 37 19 30 18 27 2 6 9 47 

Inst_Index:2591 	 City_Num:50 	 Concorde:0.059516 	 MCTS:5.951578 Improve:0.000000 	 Time:5.00 Seconds
Solution: 1 38 36 14 24 18 13 48 12 37 30 23 47 11 42 44 3 6 5 22 46 31 2 8 17 21 29 49 43 27 28 39 10 41 50 32 40 25 15 45 4 9 33 35 19 20 16 26 34 7 

Inst_Index:2592 	 City_Num:50 	 Concorde:0.059625 	 MCTS:5.961974 Improve:0.000538 	 Time:5.00 Seconds
Solution: 1 14 5 34 35 47 15 4 3 22 12 41 44 25 28 42 30 20 10 37 38 19 9 50 2 49 32 16 39 29 21 27 6 11 26 36 40 17 8 7 31 23 45 46 24 13 48 18 33 43 

Inst_Index:2593 	 City_Num:50 	 Concorde:0.055239 	 MCTS:5.520521 Improve:0.003371 	 Time:5.00 Seconds
Solution: 1 36 50 10 3 26 9 41 33 40 38 30 31 24 11 32 20 15 2 45 23 35 7 44 46 5 8 49 28 34 16 42 37 6 17 21 22 12 43 19 47 27 13 14 18 48 25 4 29 39 

Inst_Index:2594 	 City_Num:50 	 Concorde:0.055711 	 MCTS:5.569141 Improve:0.001945 	 Time:5.00 Seconds
Solution: 1 7 16 24 10 31 49 6 39 23 36 30 26 44 41 25 50 12 47 42 14 5 21 48 46 9 13 40 15 29 33 4 22 20 34 27 28 38 3 18 43 17 35 11 8 19 45 2 32 37 

Inst_Index:2595 	 City_Num:50 	 Concorde:0.055107 	 MCTS:5.507890 Improve:0.002806 	 Time:5.00 Seconds
Solution: 1 7 42 23 26 34 46 41 2 31 3 5 48 47 20 36 11 40 44 30 43 10 32 39 4 45 18 15 13 22 49 50 37 19 17 6 25 24 12 9 38 35 27 16 33 14 8 29 21 28 

Inst_Index:2596 	 City_Num:50 	 Concorde:0.054461 	 MCTS:5.446074 Improve:-0.000000 	 Time:5.00 Seconds
Solution: 1 7 39 2 25 40 37 3 36 31 26 14 6 10 8 44 46 35 23 38 42 4 32 17 12 50 20 21 29 13 45 27 30 33 18 48 11 24 22 47 43 28 19 16 9 49 5 15 41 34 

Inst_Index:2597 	 City_Num:50 	 Concorde:0.056470 	 MCTS:5.646994 Improve:0.000000 	 Time:5.01 Seconds
Solution: 1 13 49 11 30 9 50 42 46 32 12 21 22 29 7 47 27 39 36 43 4 24 37 10 17 8 16 28 14 18 23 25 40 26 2 3 41 48 15 35 5 34 31 6 20 19 33 38 44 45 

Inst_Index:2598 	 City_Num:50 	 Concorde:0.056815 	 MCTS:5.681460 Improve:0.000000 	 Time:5.00 Seconds
Solution: 1 18 4 25 8 24 39 45 32 16 29 42 15 36 12 5 7 22 3 38 23 50 11 47 40 13 14 26 34 10 49 43 19 28 37 48 31 20 9 27 21 41 35 44 33 30 46 2 6 17 

Inst_Index:2599 	 City_Num:50 	 Concorde:0.056770 	 MCTS:5.675782 Improve:0.001259 	 Time:5.01 Seconds
Solution: 1 17 40 43 27 28 23 9 25 29 21 36 30 41 22 6 32 44 45 2 24 16 8 34 20 31 12 49 47 13 33 19 48 38 10 39 11 14 50 35 46 26 37 42 4 3 5 7 15 18 

Inst_Index:2600 	 City_Num:50 	 Concorde:0.057452 	 MCTS:5.742041 Improve:0.003194 	 Time:5.01 Seconds
Solution: 1 3 14 15 5 13 41 10 28 17 34 30 48 8 18 49 45 21 44 37 16 25 35 26 32 6 23 42 36 27 43 22 46 20 29 40 19 12 24 33 9 2 50 11 38 4 7 47 39 31 

Inst_Index:2601 	 City_Num:50 	 Concorde:0.061672 	 MCTS:6.167242 Improve:0.000000 	 Time:5.00 Seconds
Solution: 1 32 25 13 23 27 20 21 37 4 14 33 26 39 9 29 40 15 50 8 16 35 43 12 18 5 6 28 2 41 3 11 10 45 24 47 36 42 22 7 17 19 38 34 44 46 31 48 49 30 

Inst_Index:2602 	 City_Num:50 	 Concorde:0.055838 	 MCTS:5.583803 Improve:-0.000000 	 Time:5.00 Seconds
Solution: 1 21 44 38 11 47 29 17 3 26 9 43 40 13 18 41 45 6 27 2 8 24 28 31 37 35 10 20 30 42 46 32 48 49 14 34 39 7 33 22 15 4 12 36 5 16 25 19 23 50 

Inst_Index:2603 	 City_Num:50 	 Concorde:0.055172 	 MCTS:5.513972 Improve:0.003190 	 Time:5.00 Seconds
Solution: 1 40 38 4 16 41 44 2 42 31 34 50 10 33 28 19 15 12 20 29 47 49 8 6 25 22 43 18 7 32 13 35 46 39 3 37 45 23 11 9 26 27 21 5 17 48 30 24 14 36 

Inst_Index:2604 	 City_Num:50 	 Concorde:0.057567 	 MCTS:5.756670 Improve:0.000000 	 Time:5.01 Seconds
Solution: 1 19 15 28 49 8 5 44 4 7 20 43 22 10 27 37 24 25 26 14 42 35 41 23 40 18 34 33 13 2 47 29 11 17 39 36 32 45 50 6 46 38 31 48 21 16 12 30 3 9 

Inst_Index:2605 	 City_Num:50 	 Concorde:0.057280 	 MCTS:5.727957 Improve:-0.000000 	 Time:5.00 Seconds
Solution: 1 31 23 36 20 11 39 4 6 3 18 28 33 2 44 32 19 10 49 15 27 16 50 5 34 40 42 8 13 29 37 26 17 48 47 45 7 41 12 9 38 22 30 24 14 25 43 21 35 46 

Inst_Index:2606 	 City_Num:50 	 Concorde:0.060191 	 MCTS:6.019104 Improve:-0.000000 	 Time:5.00 Seconds
Solution: 1 28 42 41 14 48 7 9 47 27 5 43 29 40 20 26 46 3 45 17 23 32 2 36 21 35 4 24 39 15 34 31 30 10 12 37 8 18 13 22 33 49 25 19 11 38 6 44 50 16 

Inst_Index:2607 	 City_Num:50 	 Concorde:0.055599 	 MCTS:5.555475 Improve:0.004451 	 Time:5.01 Seconds
Solution: 1 3 42 45 23 17 30 8 16 34 12 20 13 14 31 18 36 41 37 19 35 25 49 5 4 39 50 21 11 43 26 29 15 44 33 48 7 24 9 32 47 38 27 10 22 46 2 6 40 28 

Inst_Index:2608 	 City_Num:50 	 Concorde:0.056937 	 MCTS:5.693669 Improve:0.000000 	 Time:5.00 Seconds
Solution: 1 47 30 26 28 27 17 2 49 32 12 9 23 3 31 18 50 25 19 16 37 11 7 48 44 14 24 39 5 46 13 40 8 45 20 22 21 42 34 35 29 4 15 38 41 33 10 36 6 43 

Inst_Index:2609 	 City_Num:50 	 Concorde:0.060578 	 MCTS:6.057822 Improve:-0.000000 	 Time:5.00 Seconds
Solution: 1 48 8 26 21 17 2 41 36 29 49 27 38 19 18 4 12 33 37 50 23 40 16 11 6 35 13 46 31 14 10 5 43 22 24 9 15 28 25 7 47 20 45 39 32 42 44 30 34 3 

Inst_Index:2610 	 City_Num:50 	 Concorde:0.057175 	 MCTS:5.717502 Improve:0.000000 	 Time:5.00 Seconds
Solution: 1 34 17 14 5 46 4 43 26 36 23 7 50 29 19 6 3 11 20 42 37 44 39 22 13 40 33 35 18 48 28 49 41 8 31 2 9 21 15 12 16 32 25 24 38 47 27 45 10 30 

Inst_Index:2611 	 City_Num:50 	 Concorde:0.057739 	 MCTS:5.773935 Improve:-0.000000 	 Time:5.00 Seconds
Solution: 1 26 38 25 11 39 5 48 14 13 34 40 30 21 22 31 24 6 4 16 20 43 33 9 46 10 12 49 36 45 19 8 23 42 3 15 2 18 28 50 35 47 44 27 41 7 17 37 29 32 

Inst_Index:2612 	 City_Num:50 	 Concorde:0.049480 	 MCTS:4.947954 Improve:0.000000 	 Time:5.00 Seconds
Solution: 1 29 42 49 14 28 19 20 30 45 11 21 46 37 10 16 18 13 36 17 5 3 9 32 34 2 41 33 38 12 35 22 6 24 23 7 25 43 40 26 31 27 50 8 48 44 15 4 47 39 

Inst_Index:2613 	 City_Num:50 	 Concorde:0.059055 	 MCTS:5.893692 Improve:0.011817 	 Time:5.00 Seconds
Solution: 1 19 48 6 10 15 43 32 49 44 22 17 24 35 26 20 18 33 23 30 2 13 29 9 7 31 34 16 5 45 21 12 41 37 4 3 25 14 39 36 46 11 38 40 27 28 50 42 8 47 

Inst_Index:2614 	 City_Num:50 	 Concorde:0.055999 	 MCTS:5.598934 Improve:0.000946 	 Time:5.01 Seconds
Solution: 1 6 16 47 35 23 38 31 18 5 44 12 10 34 46 48 39 17 20 28 41 21 30 24 42 40 4 25 3 29 19 33 45 8 15 26 11 49 22 7 13 36 50 32 27 37 9 14 43 2 

Inst_Index:2615 	 City_Num:50 	 Concorde:0.052128 	 MCTS:5.209079 Improve:0.003717 	 Time:5.00 Seconds
Solution: 1 5 16 3 31 47 14 33 34 15 13 50 44 27 26 6 42 8 11 19 29 38 46 21 39 25 28 20 32 18 36 30 35 43 22 45 10 2 9 37 17 40 24 7 48 4 23 41 12 49 

Inst_Index:2616 	 City_Num:50 	 Concorde:0.060008 	 MCTS:6.000838 Improve:-0.000000 	 Time:5.00 Seconds
Solution: 1 42 17 33 15 9 23 48 8 36 13 12 14 24 7 28 44 19 47 3 2 43 40 35 32 31 49 50 25 38 22 10 30 20 46 16 4 11 5 6 26 34 41 45 39 21 29 37 27 18 

Inst_Index:2617 	 City_Num:50 	 Concorde:0.057096 	 MCTS:5.709613 Improve:0.000000 	 Time:5.01 Seconds
Solution: 1 24 9 44 27 14 28 29 42 15 16 32 17 5 34 22 49 41 13 45 21 30 18 48 7 46 38 43 11 36 12 31 35 40 37 33 3 4 50 20 2 39 6 26 23 8 47 10 19 25 

Inst_Index:2618 	 City_Num:50 	 Concorde:0.060857 	 MCTS:6.085709 Improve:0.000000 	 Time:5.00 Seconds
Solution: 1 18 7 35 49 14 48 41 3 23 37 17 19 20 44 9 28 8 34 50 5 27 45 2 24 40 16 26 6 46 13 15 33 30 32 43 22 12 36 39 29 31 38 11 25 4 10 21 47 42 

Inst_Index:2619 	 City_Num:50 	 Concorde:0.057275 	 MCTS:5.727501 Improve:-0.000000 	 Time:5.01 Seconds
Solution: 1 5 31 23 7 24 39 13 32 37 49 47 19 15 45 9 30 29 21 11 28 41 3 50 8 6 18 46 42 38 14 40 22 35 44 34 43 48 33 16 17 10 36 2 20 25 4 26 12 27 

Inst_Index:2620 	 City_Num:50 	 Concorde:0.060893 	 MCTS:6.089336 Improve:0.000000 	 Time:5.00 Seconds
Solution: 1 36 27 24 30 31 32 6 28 34 20 3 25 33 9 4 22 29 35 38 23 18 26 41 47 50 45 46 15 44 5 7 12 37 43 2 13 40 39 10 8 48 21 42 16 19 49 14 17 11 

Inst_Index:2621 	 City_Num:50 	 Concorde:0.057603 	 MCTS:5.779964 Improve:-0.019661 	 Time:5.00 Seconds
Solution: 1 17 29 50 19 7 27 20 48 12 5 47 28 31 15 44 49 41 36 45 10 46 26 38 8 22 18 42 32 30 33 16 14 3 34 11 2 24 37 13 35 4 25 23 43 40 9 39 6 21 

Inst_Index:2622 	 City_Num:50 	 Concorde:0.060481 	 MCTS:6.048148 Improve:0.000000 	 Time:5.00 Seconds
Solution: 1 45 8 26 46 19 50 36 23 28 5 40 39 12 15 18 37 11 32 49 9 27 25 17 31 42 14 47 21 3 20 2 16 22 44 10 29 13 43 41 7 34 33 4 35 48 30 6 38 24 

Inst_Index:2623 	 City_Num:50 	 Concorde:0.059798 	 MCTS:5.978558 Improve:0.001274 	 Time:5.00 Seconds
Solution: 1 9 40 30 28 49 19 15 32 4 25 17 33 24 18 10 13 45 14 37 26 23 16 2 48 5 35 29 34 8 36 38 39 11 50 47 20 41 6 46 7 21 22 43 27 31 42 3 44 12 

Inst_Index:2624 	 City_Num:50 	 Concorde:0.061196 	 MCTS:6.119622 Improve:0.000000 	 Time:5.00 Seconds
Solution: 1 19 46 11 34 29 45 23 28 26 41 10 37 4 15 2 35 8 14 27 49 39 32 22 40 47 21 44 33 43 48 31 30 20 38 9 6 36 18 3 25 7 13 42 24 16 5 50 12 17 

Inst_Index:2625 	 City_Num:50 	 Concorde:0.056106 	 MCTS:5.610630 Improve:0.000000 	 Time:5.00 Seconds
Solution: 1 37 40 43 6 7 39 28 38 48 20 31 11 50 24 8 23 49 25 47 15 13 19 35 18 16 46 42 17 14 44 34 41 21 29 12 27 36 3 22 5 33 10 26 45 9 30 32 2 4 

Inst_Index:2626 	 City_Num:50 	 Concorde:0.056821 	 MCTS:5.681046 Improve:0.001075 	 Time:5.01 Seconds
Solution: 1 16 15 46 13 22 4 34 31 20 12 37 32 42 28 19 40 18 49 17 25 36 26 7 43 38 24 23 41 6 44 33 14 5 35 3 45 21 30 27 48 39 47 9 10 29 50 8 11 2 

Inst_Index:2627 	 City_Num:50 	 Concorde:0.053550 	 MCTS:5.355007 Improve:0.000000 	 Time:5.00 Seconds
Solution: 1 18 33 12 42 47 50 2 40 29 17 48 45 36 4 14 39 5 24 26 9 13 16 6 27 20 31 19 49 37 43 28 15 35 7 25 44 22 11 32 23 34 3 38 46 10 21 8 41 30 

Inst_Index:2628 	 City_Num:50 	 Concorde:0.058951 	 MCTS:5.895065 Improve:0.000000 	 Time:5.00 Seconds
Solution: 1 17 22 37 25 32 33 44 50 21 16 40 42 49 45 2 29 9 6 28 7 36 27 20 39 24 10 46 8 41 12 11 47 43 19 15 48 14 18 23 4 35 13 38 5 3 30 31 26 34 

Inst_Index:2629 	 City_Num:50 	 Concorde:0.060692 	 MCTS:6.060825 Improve:0.008385 	 Time:5.00 Seconds
Solution: 1 30 46 50 44 27 17 45 16 40 4 14 5 42 2 23 28 33 43 3 22 37 18 10 12 9 49 8 6 29 24 41 31 13 34 47 19 32 25 48 35 36 7 26 20 39 38 11 15 21 

Inst_Index:2630 	 City_Num:50 	 Concorde:0.054371 	 MCTS:5.437099 Improve:0.000000 	 Time:5.00 Seconds
Solution: 1 28 29 24 39 45 43 21 13 37 35 34 26 5 33 47 27 9 19 20 22 8 4 46 16 32 15 23 50 14 40 17 44 25 36 18 12 30 41 49 7 48 3 42 31 2 38 10 11 6 

Inst_Index:2631 	 City_Num:50 	 Concorde:0.055677 	 MCTS:5.567676 Improve:0.000000 	 Time:5.00 Seconds
Solution: 1 36 21 49 34 42 39 6 14 25 24 7 19 11 50 32 26 13 37 29 23 12 45 22 44 41 43 47 18 17 35 9 10 3 31 33 28 46 27 40 2 15 16 5 20 8 38 30 4 48 

Inst_Index:2632 	 City_Num:50 	 Concorde:0.058081 	 MCTS:5.814615 Improve:-0.006564 	 Time:5.00 Seconds
Solution: 1 11 6 14 13 19 48 15 49 41 34 4 17 40 46 7 12 50 9 42 26 31 25 39 10 23 18 24 33 21 2 37 43 30 5 36 38 16 32 47 20 8 44 28 22 3 35 27 29 45 

Inst_Index:2633 	 City_Num:50 	 Concorde:0.055636 	 MCTS:5.562448 Improve:0.001183 	 Time:5.00 Seconds
Solution: 1 33 17 13 19 46 29 40 11 21 43 32 16 23 45 38 48 3 50 30 25 44 35 8 22 20 41 15 5 14 12 18 39 7 49 9 24 28 37 10 47 27 6 4 42 36 34 2 26 31 

Inst_Index:2634 	 City_Num:50 	 Concorde:0.056204 	 MCTS:5.620435 Improve:0.000000 	 Time:5.00 Seconds
Solution: 1 10 16 20 25 40 41 30 15 11 21 9 26 44 22 38 6 23 27 31 45 47 49 35 8 46 7 5 24 29 48 42 50 36 12 3 4 13 14 33 17 43 32 28 18 34 39 19 37 2 

Inst_Index:2635 	 City_Num:50 	 Concorde:0.058431 	 MCTS:5.841525 Improve:0.001598 	 Time:5.00 Seconds
Solution: 1 25 26 36 5 13 24 17 39 45 35 38 23 48 18 6 19 28 9 4 29 22 16 40 8 43 7 47 37 46 49 32 50 30 10 2 14 15 21 34 11 3 44 12 31 42 20 27 33 41 

Inst_Index:2636 	 City_Num:50 	 Concorde:0.056777 	 MCTS:5.677691 Improve:0.000000 	 Time:5.00 Seconds
Solution: 1 36 43 47 21 50 9 20 46 32 3 18 45 8 44 41 10 34 26 7 12 5 22 27 48 14 25 38 49 16 24 6 4 11 30 33 23 29 37 19 13 35 17 28 15 42 40 39 31 2 

Inst_Index:2637 	 City_Num:50 	 Concorde:0.059206 	 MCTS:5.920632 Improve:0.000000 	 Time:5.00 Seconds
Solution: 1 39 5 37 18 13 8 31 21 25 24 14 26 10 35 23 30 22 41 49 40 9 28 16 17 33 44 43 4 32 15 29 7 6 45 46 34 47 50 12 2 48 27 36 38 11 42 20 3 19 

Inst_Index:2638 	 City_Num:50 	 Concorde:0.059501 	 MCTS:5.950127 Improve:0.000000 	 Time:5.00 Seconds
Solution: 1 7 23 39 12 4 15 21 40 6 19 26 41 14 3 44 9 34 37 2 27 25 33 50 45 20 31 24 16 28 22 32 11 18 13 30 36 43 8 10 35 46 29 17 49 48 38 5 42 47 

Inst_Index:2639 	 City_Num:50 	 Concorde:0.060010 	 MCTS:5.997403 Improve:0.003602 	 Time:5.00 Seconds
Solution: 1 34 42 20 25 15 29 14 46 3 41 50 2 32 9 47 30 18 8 11 43 16 45 39 28 4 40 38 22 6 23 36 44 21 5 17 33 37 27 35 31 48 10 12 19 13 49 24 7 26 

Inst_Index:2640 	 City_Num:50 	 Concorde:0.059734 	 MCTS:5.973430 Improve:-0.000000 	 Time:5.00 Seconds
Solution: 1 24 45 12 38 26 11 33 20 49 46 6 47 10 14 18 29 2 19 16 25 37 35 8 22 28 17 7 34 50 5 40 23 32 43 27 3 13 48 4 31 44 36 42 41 9 15 30 39 21 

Inst_Index:2641 	 City_Num:50 	 Concorde:0.056580 	 MCTS:5.653105 Improve:0.004898 	 Time:5.00 Seconds
Solution: 1 17 35 30 5 9 18 6 28 3 15 49 4 12 21 34 13 23 32 37 43 27 29 24 22 39 38 40 48 50 25 16 45 31 8 42 20 14 7 2 11 33 47 41 46 44 10 26 19 36 

Inst_Index:2642 	 City_Num:50 	 Concorde:0.053934 	 MCTS:5.390387 Improve:0.003001 	 Time:5.00 Seconds
Solution: 1 24 47 33 27 35 29 28 25 4 49 37 38 30 12 13 18 40 34 5 16 23 11 19 39 48 7 44 41 2 32 22 42 3 6 20 15 46 17 14 43 26 31 10 8 21 50 45 9 36 

Inst_Index:2643 	 City_Num:50 	 Concorde:0.056306 	 MCTS:5.623745 Improve:0.006858 	 Time:5.00 Seconds
Solution: 1 6 46 14 41 30 2 5 40 42 21 31 48 45 49 17 24 28 22 16 10 18 19 37 11 34 26 7 33 20 23 35 44 25 27 32 29 13 12 9 39 15 43 38 3 50 36 4 47 8 

Inst_Index:2644 	 City_Num:50 	 Concorde:0.054346 	 MCTS:5.434139 Improve:0.000484 	 Time:5.00 Seconds
Solution: 1 35 10 44 38 6 16 45 36 24 20 39 17 43 14 8 19 18 26 12 23 29 22 28 11 42 40 15 27 34 37 33 3 21 5 41 2 46 13 7 32 47 25 31 30 48 50 49 4 9 

Inst_Index:2645 	 City_Num:50 	 Concorde:0.057565 	 MCTS:5.756515 Improve:-0.000000 	 Time:5.00 Seconds
Solution: 1 16 25 33 19 40 7 14 2 5 8 10 9 32 50 3 41 27 37 30 47 23 29 6 20 15 49 43 35 39 21 42 26 34 38 28 18 45 44 22 13 36 4 11 46 48 24 17 31 12 

Inst_Index:2646 	 City_Num:50 	 Concorde:0.057239 	 MCTS:5.723934 Improve:0.000000 	 Time:5.00 Seconds
Solution: 1 39 36 13 48 43 29 16 26 46 27 2 9 17 49 15 28 14 37 30 33 24 42 50 18 19 11 20 22 12 34 7 4 41 35 44 6 38 25 45 10 23 32 8 40 47 5 3 21 31 

Inst_Index:2647 	 City_Num:50 	 Concorde:0.058825 	 MCTS:5.882542 Improve:-0.000000 	 Time:5.01 Seconds
Solution: 1 47 49 26 38 48 34 42 13 30 10 19 32 50 7 15 37 43 31 44 5 6 16 12 24 40 14 18 35 36 2 29 11 28 17 27 33 4 22 8 21 45 23 20 9 46 25 3 39 41 

Inst_Index:2648 	 City_Num:50 	 Concorde:0.061135 	 MCTS:6.113476 Improve:-0.000000 	 Time:5.01 Seconds
Solution: 1 43 37 31 24 9 6 40 20 49 50 47 17 7 48 29 13 14 45 36 15 22 3 21 26 30 42 39 19 35 8 18 34 28 2 4 41 5 32 38 46 23 25 12 16 11 33 27 10 44 

Inst_Index:2649 	 City_Num:50 	 Concorde:0.055493 	 MCTS:5.549311 Improve:-0.000000 	 Time:5.00 Seconds
Solution: 1 7 50 24 11 19 29 13 27 35 43 22 26 8 44 49 28 34 17 31 4 12 14 16 33 30 3 5 39 10 25 21 32 41 2 45 46 36 15 9 20 38 23 48 42 40 37 47 6 18 

Inst_Index:2650 	 City_Num:50 	 Concorde:0.052282 	 MCTS:5.228172 Improve:-0.000000 	 Time:5.00 Seconds
Solution: 1 24 8 15 48 40 9 42 14 37 49 10 25 3 19 27 7 43 32 2 47 26 13 17 12 23 29 45 44 28 30 33 16 21 39 41 31 18 38 11 46 34 5 50 36 20 4 35 6 22 

Inst_Index:2651 	 City_Num:50 	 Concorde:0.057440 	 MCTS:5.743467 Improve:0.000484 	 Time:5.00 Seconds
Solution: 1 5 3 26 27 34 11 35 9 42 41 45 30 40 46 50 13 8 36 6 15 47 48 44 21 2 43 7 16 38 19 4 24 18 33 17 20 31 49 39 14 10 22 32 25 37 23 29 12 28 

Inst_Index:2652 	 City_Num:50 	 Concorde:0.050895 	 MCTS:5.089491 Improve:-0.000000 	 Time:5.00 Seconds
Solution: 1 33 26 24 50 8 16 11 10 34 29 17 5 21 38 40 6 41 31 18 39 44 19 37 22 23 48 4 28 42 14 46 13 15 35 32 49 43 30 25 20 3 36 2 27 12 9 45 7 47 

Inst_Index:2653 	 City_Num:50 	 Concorde:0.056690 	 MCTS:5.669002 Improve:0.000000 	 Time:5.00 Seconds
Solution: 1 50 6 43 2 29 5 13 15 17 14 8 4 10 47 16 36 34 32 37 38 23 21 44 46 49 39 9 28 20 33 35 7 3 22 42 40 18 31 26 11 27 41 45 24 30 12 19 25 48 

Inst_Index:2654 	 City_Num:50 	 Concorde:0.058732 	 MCTS:5.865196 Improve:0.007972 	 Time:5.02 Seconds
Solution: 1 27 44 50 8 24 48 36 13 4 11 3 21 16 7 9 23 17 42 25 41 29 32 46 43 14 34 5 35 37 2 40 49 26 45 10 6 18 15 28 33 20 47 22 39 31 38 30 19 12 

Inst_Index:2655 	 City_Num:50 	 Concorde:0.062250 	 MCTS:6.220818 Improve:0.004219 	 Time:5.01 Seconds
Solution: 1 9 18 13 49 38 42 44 27 36 2 14 47 5 41 17 19 45 39 40 25 28 35 33 46 24 37 22 20 4 30 3 16 31 26 23 48 50 21 29 32 43 15 11 7 6 8 10 12 34 

Inst_Index:2656 	 City_Num:50 	 Concorde:0.055336 	 MCTS:5.533644 Improve:0.000000 	 Time:5.00 Seconds
Solution: 1 49 17 8 12 27 3 22 18 37 33 9 46 7 11 23 32 50 15 31 47 5 16 19 38 21 34 40 14 36 6 45 10 35 26 29 25 43 39 41 44 20 48 24 13 42 4 2 28 30 

Inst_Index:2657 	 City_Num:50 	 Concorde:0.058146 	 MCTS:5.809209 Improve:0.005367 	 Time:5.00 Seconds
Solution: 1 14 10 13 31 46 32 17 44 18 16 7 43 37 2 49 9 12 15 26 42 27 50 21 47 41 28 29 20 35 19 38 23 40 5 39 45 30 22 36 34 33 6 48 8 11 24 3 25 4 

Inst_Index:2658 	 City_Num:50 	 Concorde:0.057376 	 MCTS:5.737626 Improve:-0.000000 	 Time:5.00 Seconds
Solution: 1 23 33 49 13 5 7 22 44 28 15 6 18 46 30 20 48 31 36 35 11 45 39 40 16 19 12 3 4 2 34 10 29 42 25 27 9 41 38 17 24 50 37 26 47 14 8 43 21 32 

Inst_Index:2659 	 City_Num:50 	 Concorde:0.056876 	 MCTS:5.686836 Improve:0.000778 	 Time:5.01 Seconds
Solution: 1 28 50 11 25 19 36 17 13 33 3 44 21 38 47 27 26 45 4 8 31 40 34 10 12 37 30 35 20 24 22 6 7 39 18 46 9 14 41 2 48 49 42 32 16 15 23 43 5 29 

Inst_Index:2660 	 City_Num:50 	 Concorde:0.057146 	 MCTS:5.714621 Improve:0.000000 	 Time:5.01 Seconds
Solution: 1 14 13 39 5 43 47 31 28 17 29 6 7 42 18 38 40 41 35 23 12 3 20 25 30 11 15 45 19 2 10 32 50 8 26 48 46 9 16 34 24 44 21 37 36 4 22 49 27 33 

Inst_Index:2661 	 City_Num:50 	 Concorde:0.056904 	 MCTS:5.690445 Improve:0.000000 	 Time:5.00 Seconds
Solution: 1 23 8 20 13 6 7 46 3 24 14 44 10 16 47 5 4 42 31 26 22 12 40 2 50 43 49 27 18 29 25 33 21 37 36 39 30 19 48 38 11 17 15 28 45 35 9 34 32 41 

Inst_Index:2662 	 City_Num:50 	 Concorde:0.056790 	 MCTS:5.677720 Improve:0.001281 	 Time:5.00 Seconds
Solution: 1 12 38 27 34 8 14 5 43 37 25 6 18 3 16 26 48 44 36 20 21 47 42 13 17 19 40 31 24 29 10 4 11 35 39 49 41 2 9 46 7 30 32 45 28 22 15 50 23 33 

Inst_Index:2663 	 City_Num:50 	 Concorde:0.055283 	 MCTS:5.528344 Improve:0.000000 	 Time:5.00 Seconds
Solution: 1 33 21 36 25 41 46 24 35 50 19 2 44 30 16 6 23 39 26 11 22 37 27 14 29 4 18 42 5 38 48 8 31 49 43 45 34 17 3 15 40 13 28 7 10 20 32 47 9 12 

Inst_Index:2664 	 City_Num:50 	 Concorde:0.056113 	 MCTS:5.611335 Improve:0.000000 	 Time:5.01 Seconds
Solution: 1 8 30 39 23 20 38 14 3 35 7 10 37 17 48 49 42 43 28 24 9 47 11 18 27 44 16 50 34 5 41 33 45 19 4 29 6 26 2 22 13 32 15 40 46 21 12 25 36 31 

Inst_Index:2665 	 City_Num:50 	 Concorde:0.059112 	 MCTS:5.911240 Improve:-0.000000 	 Time:5.00 Seconds
Solution: 1 2 16 47 48 8 4 9 22 10 17 44 32 37 50 7 27 11 36 5 19 24 3 30 38 46 34 43 13 31 33 35 29 42 21 26 23 6 39 18 28 15 14 40 20 12 25 41 45 49 

Inst_Index:2666 	 City_Num:50 	 Concorde:0.059068 	 MCTS:5.906784 Improve:0.000000 	 Time:5.00 Seconds
Solution: 1 15 50 35 45 48 4 49 16 46 43 25 18 30 2 41 36 24 27 34 28 7 42 39 6 40 23 14 20 13 22 10 5 29 19 12 21 47 17 26 38 9 11 32 37 3 33 31 44 8 

Inst_Index:2667 	 City_Num:50 	 Concorde:0.060363 	 MCTS:6.032193 Improve:0.004083 	 Time:5.00 Seconds
Solution: 1 42 33 4 46 50 17 12 7 28 9 49 41 16 36 30 10 32 6 22 23 5 45 21 26 44 11 38 34 20 15 43 29 37 35 40 14 18 8 19 3 24 27 47 31 39 48 2 13 25 

Inst_Index:2668 	 City_Num:50 	 Concorde:0.056782 	 MCTS:5.678240 Improve:0.000000 	 Time:5.00 Seconds
Solution: 1 35 9 18 46 11 2 16 38 41 31 40 17 14 44 50 23 21 37 42 47 20 30 3 22 27 34 13 6 43 24 19 8 25 49 45 32 29 10 39 12 4 5 48 33 7 26 36 28 15 

Inst_Index:2669 	 City_Num:50 	 Concorde:0.056943 	 MCTS:5.694325 Improve:0.000000 	 Time:5.00 Seconds
Solution: 1 4 46 29 16 2 3 44 19 37 47 5 17 20 40 12 48 26 34 38 6 32 18 8 10 41 36 21 33 50 23 13 35 27 9 28 24 31 39 30 15 49 7 43 45 22 25 14 42 11 

Inst_Index:2670 	 City_Num:50 	 Concorde:0.057336 	 MCTS:5.733648 Improve:-0.000000 	 Time:5.00 Seconds
Solution: 1 37 45 32 48 4 40 31 49 11 46 42 10 22 17 24 33 47 41 21 26 25 50 9 39 12 44 6 29 2 43 16 7 19 13 20 28 23 30 8 5 36 34 3 35 14 15 38 18 27 

Inst_Index:2671 	 City_Num:50 	 Concorde:0.058397 	 MCTS:5.839688 Improve:-0.000000 	 Time:5.00 Seconds
Solution: 1 2 39 22 46 23 45 21 34 24 11 49 26 25 12 40 20 5 13 36 42 44 31 3 38 17 33 4 35 14 10 41 7 6 43 32 8 50 19 48 18 27 37 47 15 28 29 30 9 16 

Inst_Index:2672 	 City_Num:50 	 Concorde:0.054763 	 MCTS:5.475857 Improve:0.000407 	 Time:5.00 Seconds
Solution: 1 30 5 20 33 49 10 4 35 21 3 24 43 34 22 48 11 7 9 46 17 12 44 39 18 23 2 14 26 16 6 47 42 19 8 36 45 40 27 28 32 31 38 15 25 37 13 41 29 50 

Inst_Index:2673 	 City_Num:50 	 Concorde:0.054576 	 MCTS:5.457589 Improve:0.000000 	 Time:5.00 Seconds
Solution: 1 15 3 40 11 24 37 18 2 38 47 23 43 44 21 4 42 22 29 33 20 31 48 13 10 12 41 28 8 49 5 14 17 27 35 25 16 45 32 19 39 26 9 6 36 30 46 50 7 34 

Inst_Index:2674 	 City_Num:50 	 Concorde:0.054326 	 MCTS:5.432609 Improve:0.000000 	 Time:5.00 Seconds
Solution: 1 19 40 4 17 25 34 7 43 27 39 9 10 26 28 13 35 33 11 41 29 38 32 23 45 31 12 16 47 42 21 46 30 5 14 37 50 22 44 18 36 48 24 15 49 2 8 3 6 20 

Inst_Index:2675 	 City_Num:50 	 Concorde:0.052317 	 MCTS:5.231412 Improve:0.000336 	 Time:5.00 Seconds
Solution: 1 19 50 39 26 38 5 31 13 43 49 17 15 18 3 2 11 34 7 25 20 29 30 28 24 4 44 23 37 45 41 32 36 6 40 22 27 21 46 16 8 14 12 48 33 9 10 47 35 42 

Inst_Index:2676 	 City_Num:50 	 Concorde:0.056621 	 MCTS:5.660886 Improve:0.001202 	 Time:5.00 Seconds
Solution: 1 38 23 12 41 29 11 25 31 45 7 21 36 34 49 46 28 33 32 48 10 43 19 5 42 22 8 4 9 13 50 35 14 26 27 3 16 17 39 37 18 2 44 47 15 30 20 40 24 6 

Inst_Index:2677 	 City_Num:50 	 Concorde:0.060181 	 MCTS:6.018144 Improve:0.000000 	 Time:5.00 Seconds
Solution: 1 23 36 4 37 27 21 42 18 8 34 49 43 13 20 7 15 24 16 44 32 22 10 40 29 11 28 41 31 12 3 46 25 33 39 47 30 45 14 6 35 9 38 48 26 50 17 5 2 19 

Inst_Index:2678 	 City_Num:50 	 Concorde:0.058164 	 MCTS:5.816358 Improve:0.000000 	 Time:5.00 Seconds
Solution: 1 10 6 5 34 44 13 32 38 48 47 17 29 46 42 25 11 40 3 36 8 35 24 21 16 4 45 20 30 43 18 39 31 22 15 7 37 14 33 41 19 49 23 28 26 12 50 2 9 27 

Inst_Index:2679 	 City_Num:50 	 Concorde:0.051992 	 MCTS:5.199209 Improve:0.000000 	 Time:5.01 Seconds
Solution: 1 40 37 22 48 10 16 30 45 12 31 41 47 2 44 26 49 17 8 33 13 38 24 23 34 4 29 32 5 21 39 27 9 42 20 15 14 3 28 25 43 6 46 35 7 36 11 19 50 18 

Inst_Index:2680 	 City_Num:50 	 Concorde:0.057160 	 MCTS:5.715957 Improve:0.000000 	 Time:5.00 Seconds
Solution: 1 16 7 29 4 45 41 43 11 9 27 30 31 38 35 50 5 28 22 37 10 32 46 3 21 14 6 42 49 24 34 8 18 40 13 26 19 25 44 36 15 23 33 39 17 47 20 12 48 2 

Inst_Index:2681 	 City_Num:50 	 Concorde:0.056922 	 MCTS:5.689056 Improve:0.003126 	 Time:5.00 Seconds
Solution: 1 7 23 30 44 33 4 41 34 46 32 12 45 47 28 22 39 29 40 27 37 10 17 6 38 19 24 2 49 26 43 25 16 35 31 21 50 42 14 36 11 8 18 15 9 48 5 3 13 20 

Inst_Index:2682 	 City_Num:50 	 Concorde:0.055298 	 MCTS:5.529819 Improve:0.000000 	 Time:5.00 Seconds
Solution: 1 25 10 17 35 39 26 14 16 32 34 29 8 2 27 49 40 37 28 30 19 20 48 15 50 38 13 42 12 43 31 44 5 33 36 23 18 47 4 22 3 11 6 9 24 41 46 45 21 7 

Inst_Index:2683 	 City_Num:50 	 Concorde:0.054013 	 MCTS:5.401336 Improve:0.000000 	 Time:5.00 Seconds
Solution: 1 37 30 35 11 41 19 10 28 9 46 49 45 20 27 36 48 39 38 18 2 21 14 4 13 44 5 16 34 26 40 50 23 43 47 32 33 29 31 7 42 24 25 3 8 12 15 17 6 22 

Inst_Index:2684 	 City_Num:50 	 Concorde:0.056050 	 MCTS:5.604999 Improve:-0.000000 	 Time:5.03 Seconds
Solution: 1 47 21 45 30 49 48 16 28 8 9 38 2 31 42 27 33 26 20 13 7 3 5 22 12 18 50 40 24 35 10 32 44 39 17 14 46 11 23 36 29 6 25 15 19 37 34 41 43 4 

Inst_Index:2685 	 City_Num:50 	 Concorde:0.059139 	 MCTS:5.910650 Improve:0.003232 	 Time:5.00 Seconds
Solution: 1 6 50 44 47 46 36 31 5 22 45 20 8 19 34 49 4 13 25 30 27 7 33 26 38 21 12 15 9 3 39 48 24 16 17 37 29 42 35 2 23 28 40 32 11 41 18 10 43 14 

Inst_Index:2686 	 City_Num:50 	 Concorde:0.059846 	 MCTS:5.982040 Improve:0.002523 	 Time:5.00 Seconds
Solution: 1 34 48 7 5 40 30 47 14 16 18 41 20 4 37 10 46 35 45 21 15 38 13 39 6 11 49 26 28 33 50 27 24 31 42 29 8 19 2 23 25 3 17 22 12 43 9 32 44 36 

Inst_Index:2687 	 City_Num:50 	 Concorde:0.057641 	 MCTS:5.764146 Improve:0.000000 	 Time:5.01 Seconds
Solution: 1 12 15 38 23 48 18 45 41 17 11 9 6 13 24 26 36 19 25 34 32 42 44 47 20 33 14 46 28 10 49 29 22 7 31 8 35 39 43 27 21 16 4 3 37 40 2 5 30 50 

Inst_Index:2688 	 City_Num:50 	 Concorde:0.052629 	 MCTS:5.262935 Improve:0.000000 	 Time:5.00 Seconds
Solution: 1 46 40 35 25 50 47 26 33 17 21 23 11 15 4 48 12 16 22 42 29 36 41 19 30 49 18 44 14 20 45 2 7 39 32 3 9 5 10 8 6 43 28 31 27 37 38 34 13 24 

Inst_Index:2689 	 City_Num:50 	 Concorde:0.058910 	 MCTS:5.890986 Improve:0.000000 	 Time:5.00 Seconds
Solution: 1 31 39 5 47 25 32 45 46 13 29 41 9 12 24 42 20 17 11 4 22 30 8 21 6 33 28 37 19 26 16 44 36 38 23 14 3 15 18 7 34 40 50 10 35 2 49 27 43 48 

Inst_Index:2690 	 City_Num:50 	 Concorde:0.058372 	 MCTS:5.834872 Improve:0.002378 	 Time:5.01 Seconds
Solution: 1 21 11 44 7 5 15 10 49 20 32 18 4 36 39 24 9 31 45 43 38 23 30 2 17 13 42 28 6 33 26 3 29 12 34 48 47 37 50 46 19 27 41 16 35 25 14 8 40 22 

Inst_Index:2691 	 City_Num:50 	 Concorde:0.061263 	 MCTS:6.126341 Improve:-0.000000 	 Time:5.00 Seconds
Solution: 1 44 17 5 38 47 9 4 22 50 43 27 42 14 2 8 48 40 19 3 37 41 30 25 16 12 29 36 21 45 49 32 33 13 7 35 6 15 34 39 31 20 18 26 46 28 10 24 11 23 

Inst_Index:2692 	 City_Num:50 	 Concorde:0.060331 	 MCTS:6.033107 Improve:0.000000 	 Time:5.00 Seconds
Solution: 1 30 43 14 3 7 40 2 49 23 34 50 36 10 22 33 31 12 24 29 5 17 8 16 26 15 20 9 41 38 35 48 32 42 25 11 4 39 46 21 18 37 6 44 45 47 19 13 27 28 

Inst_Index:2693 	 City_Num:50 	 Concorde:0.056439 	 MCTS:5.643895 Improve:0.000000 	 Time:5.00 Seconds
Solution: 1 21 3 29 47 50 45 42 17 9 6 28 15 36 16 14 35 34 32 4 33 5 20 49 25 30 41 12 18 46 19 24 2 7 37 44 22 10 39 31 26 48 38 8 43 27 11 13 40 23 

Inst_Index:2694 	 City_Num:50 	 Concorde:0.051724 	 MCTS:5.172438 Improve:0.000000 	 Time:5.00 Seconds
Solution: 1 45 10 29 26 46 6 38 24 47 42 33 14 31 7 23 9 19 30 27 17 32 16 20 44 5 4 13 36 50 8 43 18 2 48 22 3 35 37 21 12 11 25 34 28 41 15 39 49 40 

Inst_Index:2695 	 City_Num:50 	 Concorde:0.058226 	 MCTS:5.822574 Improve:-0.000000 	 Time:5.02 Seconds
Solution: 1 34 12 36 40 10 20 32 47 31 15 3 4 28 11 43 23 44 39 14 8 35 2 45 50 9 41 16 33 18 29 7 46 27 17 25 26 13 21 19 6 30 37 38 5 49 48 22 24 42 

Inst_Index:2696 	 City_Num:50 	 Concorde:0.056176 	 MCTS:5.617558 Improve:0.000000 	 Time:5.00 Seconds
Solution: 1 4 6 3 36 2 13 47 25 15 44 37 42 49 27 16 5 50 9 14 28 35 26 19 33 32 34 30 23 46 22 17 31 21 8 45 48 10 41 20 40 7 18 24 11 12 29 43 38 39 

Inst_Index:2697 	 City_Num:50 	 Concorde:0.060108 	 MCTS:6.010848 Improve:-0.000000 	 Time:5.01 Seconds
Solution: 1 18 29 14 17 15 3 13 45 7 39 33 6 20 44 8 2 37 30 38 34 4 23 27 49 31 16 42 46 12 19 9 26 11 50 10 47 5 48 21 36 40 43 28 25 41 35 24 22 32 

Inst_Index:2698 	 City_Num:50 	 Concorde:0.062525 	 MCTS:6.249254 Improve:0.003278 	 Time:5.00 Seconds
Solution: 1 25 15 28 18 49 42 7 20 34 31 45 48 19 12 26 24 29 46 33 5 22 27 13 14 37 6 10 23 30 39 36 41 50 4 40 32 43 11 47 16 9 35 2 8 17 21 38 44 3 

Inst_Index:2699 	 City_Num:50 	 Concorde:0.058075 	 MCTS:5.807550 Improve:0.000000 	 Time:5.00 Seconds
Solution: 1 19 14 21 3 4 16 15 34 18 9 13 40 26 6 42 47 2 31 36 10 50 22 33 29 44 46 32 41 48 8 43 12 7 28 25 24 39 38 27 20 35 37 17 23 30 49 5 11 45 

Inst_Index:2700 	 City_Num:50 	 Concorde:0.056065 	 MCTS:5.602491 Improve:0.003998 	 Time:5.00 Seconds
Solution: 1 50 38 46 48 32 16 29 35 47 22 49 12 3 45 7 20 41 14 4 34 2 17 18 40 27 21 30 25 6 24 15 42 28 44 8 26 43 23 37 33 13 31 10 19 39 36 5 9 11 

Inst_Index:2701 	 City_Num:50 	 Concorde:0.052102 	 MCTS:5.210167 Improve:0.000000 	 Time:5.00 Seconds
Solution: 1 7 21 47 20 9 45 27 33 31 18 10 41 22 42 35 24 36 17 5 49 13 16 34 12 4 11 32 50 46 19 48 26 8 3 43 2 40 44 30 23 29 15 37 38 14 28 39 25 6 

Inst_Index:2702 	 City_Num:50 	 Concorde:0.059199 	 MCTS:5.919863 Improve:0.000000 	 Time:5.00 Seconds
Solution: 1 9 17 42 33 46 35 45 16 28 44 39 14 15 43 27 41 38 49 3 26 18 11 6 7 36 32 25 48 2 31 37 30 47 5 19 21 13 20 12 34 29 40 23 4 10 22 8 50 24 

Inst_Index:2703 	 City_Num:50 	 Concorde:0.056794 	 MCTS:5.679376 Improve:-0.000000 	 Time:5.00 Seconds
Solution: 1 33 30 37 25 36 45 20 27 47 15 3 32 19 28 11 40 22 43 7 38 23 21 24 26 46 41 31 49 39 13 5 6 35 44 17 9 34 42 18 4 16 29 50 48 14 2 12 10 8 

Inst_Index:2704 	 City_Num:50 	 Concorde:0.055273 	 MCTS:5.527294 Improve:0.000000 	 Time:5.00 Seconds
Solution: 1 4 23 17 45 6 31 16 29 33 5 42 9 40 35 47 19 22 46 38 36 49 12 24 48 27 28 11 25 39 34 18 14 2 41 7 37 20 44 8 13 43 50 10 32 30 21 15 3 26 

Inst_Index:2705 	 City_Num:50 	 Concorde:0.053074 	 MCTS:5.307363 Improve:-0.000000 	 Time:5.00 Seconds
Solution: 1 7 27 20 19 43 2 37 21 30 38 26 11 41 48 32 6 45 35 47 46 3 14 16 4 18 22 44 33 25 34 17 39 36 9 40 31 24 8 42 12 15 28 5 49 50 23 13 29 10 

Inst_Index:2706 	 City_Num:50 	 Concorde:0.055973 	 MCTS:5.597292 Improve:0.000000 	 Time:5.00 Seconds
Solution: 1 10 18 36 20 45 3 28 5 43 8 4 17 2 48 49 26 23 9 15 6 32 30 50 41 38 47 35 13 27 7 25 39 29 44 31 14 16 22 11 33 40 19 24 34 21 37 12 42 46 

Inst_Index:2707 	 City_Num:50 	 Concorde:0.055794 	 MCTS:5.576792 Improve:0.002641 	 Time:5.01 Seconds
Solution: 1 41 29 23 43 40 17 4 45 30 33 6 24 5 22 46 36 38 2 48 25 13 50 26 16 37 32 11 28 31 20 19 18 34 12 8 42 15 49 47 10 39 14 44 35 3 21 7 27 9 

Inst_Index:2708 	 City_Num:50 	 Concorde:0.059760 	 MCTS:5.975970 Improve:-0.000000 	 Time:5.00 Seconds
Solution: 1 41 32 17 18 24 12 28 45 34 15 9 23 19 49 48 37 4 35 20 36 50 7 30 43 42 40 27 29 13 39 31 5 26 38 47 14 8 3 44 46 16 33 6 22 25 10 11 2 21 

Inst_Index:2709 	 City_Num:50 	 Concorde:0.061452 	 MCTS:6.142701 Improve:0.002485 	 Time:5.00 Seconds
Solution: 1 43 29 39 18 34 8 33 36 19 7 44 49 17 25 42 4 50 32 13 47 16 9 2 31 14 35 10 15 3 5 46 48 11 38 21 30 24 6 12 26 37 22 20 23 40 28 41 45 27 

Inst_Index:2710 	 City_Num:50 	 Concorde:0.054546 	 MCTS:5.454628 Improve:-0.000000 	 Time:5.01 Seconds
Solution: 1 43 44 22 28 40 4 12 48 39 30 32 29 10 47 42 14 33 23 35 38 5 45 9 2 50 16 37 24 15 8 26 41 11 20 7 3 17 6 46 19 36 25 18 31 49 13 21 27 34 

Inst_Index:2711 	 City_Num:50 	 Concorde:0.056907 	 MCTS:5.690744 Improve:-0.000000 	 Time:5.01 Seconds
Solution: 1 43 23 6 33 18 48 50 5 19 38 30 21 7 3 16 27 36 34 46 22 8 35 24 29 44 47 41 32 39 12 2 11 14 9 49 28 42 40 25 37 31 26 17 13 15 10 45 4 20 

Inst_Index:2712 	 City_Num:50 	 Concorde:0.057083 	 MCTS:5.708307 Improve:-0.000000 	 Time:5.02 Seconds
Solution: 1 26 6 11 47 17 13 23 16 46 35 9 2 15 31 50 8 18 27 43 10 45 28 30 4 38 49 3 39 32 33 41 7 20 19 29 24 25 21 14 42 34 5 40 37 48 44 22 36 12 

Inst_Index:2713 	 City_Num:50 	 Concorde:0.055377 	 MCTS:5.537709 Improve:0.000000 	 Time:5.02 Seconds
Solution: 1 45 4 19 11 17 13 18 8 6 37 14 33 49 38 2 34 9 41 50 12 10 24 28 44 25 22 23 20 40 29 26 42 21 15 16 48 36 35 31 39 43 30 47 46 27 3 7 5 32 

Inst_Index:2714 	 City_Num:50 	 Concorde:0.059045 	 MCTS:5.903182 Improve:0.001299 	 Time:5.01 Seconds
Solution: 1 10 19 25 33 38 9 50 21 49 15 43 32 45 7 30 11 31 8 4 39 27 17 2 12 18 42 41 36 48 24 3 16 5 28 14 44 47 37 22 6 20 35 13 26 29 23 46 34 40 

Inst_Index:2715 	 City_Num:50 	 Concorde:0.055936 	 MCTS:5.593571 Improve:-0.000000 	 Time:5.00 Seconds
Solution: 1 28 32 42 15 27 34 33 47 24 7 9 13 43 39 38 50 22 41 12 16 21 30 20 14 46 26 4 2 48 6 10 19 29 8 5 37 17 23 40 35 25 18 45 31 11 44 36 3 49 

Inst_Index:2716 	 City_Num:50 	 Concorde:0.057472 	 MCTS:5.745229 Improve:0.001929 	 Time:5.00 Seconds
Solution: 1 34 31 35 5 11 10 46 6 19 37 27 22 16 43 49 36 41 2 28 8 17 38 7 4 18 29 48 26 23 33 32 14 30 24 50 44 20 9 21 39 3 12 15 42 13 47 25 45 40 

Inst_Index:2717 	 City_Num:50 	 Concorde:0.056605 	 MCTS:5.660460 Improve:0.000000 	 Time:5.01 Seconds
Solution: 1 25 38 9 27 4 35 5 19 30 45 37 26 40 20 34 15 18 29 7 48 14 12 13 46 50 39 42 21 17 10 43 41 3 16 22 36 23 6 24 31 44 47 49 2 11 28 8 33 32 

Inst_Index:2718 	 City_Num:50 	 Concorde:0.056028 	 MCTS:5.602764 Improve:-0.000000 	 Time:5.00 Seconds
Solution: 1 38 33 23 40 25 47 30 37 42 3 44 26 46 16 7 5 28 17 9 4 14 36 32 34 49 39 24 6 13 29 21 31 10 43 27 22 12 50 15 2 8 19 35 11 48 18 20 41 45 

Inst_Index:2719 	 City_Num:50 	 Concorde:0.058717 	 MCTS:5.871740 Improve:0.000000 	 Time:5.00 Seconds
Solution: 1 16 44 43 21 39 34 42 3 46 10 26 35 31 28 11 15 32 30 14 33 40 4 27 20 25 5 6 17 9 29 22 8 2 7 38 23 12 19 50 37 36 47 18 13 45 49 41 48 24 

Inst_Index:2720 	 City_Num:50 	 Concorde:0.056310 	 MCTS:5.624489 Improve:0.006501 	 Time:5.01 Seconds
Solution: 1 2 6 21 25 13 10 49 31 41 43 50 12 32 37 29 11 30 14 42 27 17 8 9 39 18 3 40 35 45 19 46 48 26 16 4 33 47 34 44 7 5 24 22 20 15 28 23 38 36 

Inst_Index:2721 	 City_Num:50 	 Concorde:0.057168 	 MCTS:5.716820 Improve:-0.000000 	 Time:5.00 Seconds
Solution: 1 21 28 46 8 25 32 24 45 30 12 2 34 27 35 10 42 40 31 4 47 22 3 49 9 13 26 14 38 6 15 23 18 39 11 17 48 5 43 36 33 44 20 19 41 50 29 16 37 7 

Inst_Index:2722 	 City_Num:50 	 Concorde:0.056954 	 MCTS:5.693204 Improve:0.002196 	 Time:5.00 Seconds
Solution: 1 8 27 49 22 18 47 11 38 3 24 33 4 42 35 28 37 43 39 31 20 14 10 5 36 29 26 19 6 9 25 7 41 30 44 17 40 15 2 21 48 16 45 50 13 46 32 12 23 34 

Inst_Index:2723 	 City_Num:50 	 Concorde:0.050680 	 MCTS:5.068029 Improve:-0.000000 	 Time:5.00 Seconds
Solution: 1 3 41 48 5 38 22 15 50 6 49 16 28 36 39 20 33 18 14 24 44 47 2 13 34 25 21 11 43 32 46 27 26 17 7 42 29 45 40 35 37 8 12 9 23 31 4 30 10 19 

Inst_Index:2724 	 City_Num:50 	 Concorde:0.056895 	 MCTS:5.682131 Improve:0.007342 	 Time:5.00 Seconds
Solution: 1 23 15 41 36 27 20 6 34 48 18 25 37 40 32 31 30 29 22 39 12 44 45 3 46 13 11 33 49 17 16 35 19 26 21 28 38 42 5 2 47 24 10 50 14 7 9 8 4 43 

Inst_Index:2725 	 City_Num:50 	 Concorde:0.059880 	 MCTS:5.983875 Improve:0.004149 	 Time:5.00 Seconds
Solution: 1 36 49 44 5 50 20 23 4 25 37 21 29 38 22 8 9 18 12 28 43 17 47 34 11 35 41 31 15 32 16 10 42 33 48 26 45 6 14 40 24 19 13 2 39 3 27 46 7 30 

Inst_Index:2726 	 City_Num:50 	 Concorde:0.057825 	 MCTS:5.781939 Improve:0.000533 	 Time:5.00 Seconds
Solution: 1 11 18 2 14 40 3 36 39 41 31 50 35 47 33 24 49 19 44 30 13 10 34 7 26 6 16 45 23 42 28 48 8 20 22 43 9 17 21 37 29 4 46 5 15 38 27 12 32 25 

Inst_Index:2727 	 City_Num:50 	 Concorde:0.056510 	 MCTS:5.651019 Improve:0.000000 	 Time:5.00 Seconds
Solution: 1 32 13 30 5 43 26 49 33 6 17 45 22 18 41 38 36 37 39 4 29 9 15 46 20 10 50 7 11 42 28 31 12 40 23 25 2 14 47 16 19 24 35 21 3 44 34 27 48 8 

Inst_Index:2728 	 City_Num:50 	 Concorde:0.055236 	 MCTS:5.523607 Improve:-0.000000 	 Time:5.01 Seconds
Solution: 1 7 49 28 41 9 47 6 38 22 35 2 26 42 29 37 43 24 36 25 45 48 14 11 16 32 20 23 3 15 10 8 34 12 31 21 4 13 39 50 44 33 17 46 27 5 40 30 18 19 

Inst_Index:2729 	 City_Num:50 	 Concorde:0.055908 	 MCTS:5.590826 Improve:-0.000000 	 Time:5.01 Seconds
Solution: 1 7 38 50 44 4 31 23 32 13 47 29 9 20 19 15 12 3 45 11 10 5 43 34 14 30 17 22 27 16 49 41 48 8 18 37 28 26 6 39 46 25 21 33 24 2 42 40 35 36 

Inst_Index:2730 	 City_Num:50 	 Concorde:0.055234 	 MCTS:5.520957 Improve:0.002460 	 Time:5.00 Seconds
Solution: 1 34 25 15 28 2 26 9 46 43 20 12 13 22 6 44 35 41 16 10 30 7 8 47 18 39 40 32 3 21 19 24 23 48 49 5 37 11 29 38 42 17 45 14 50 27 31 4 33 36 

Inst_Index:2731 	 City_Num:50 	 Concorde:0.060481 	 MCTS:6.048115 Improve:-0.000000 	 Time:5.00 Seconds
Solution: 1 25 23 34 17 46 19 9 39 18 15 10 28 45 49 11 14 44 7 4 42 35 12 26 48 22 13 30 16 2 38 21 31 5 36 32 24 8 40 20 47 43 6 41 27 3 33 50 29 37 

Inst_Index:2732 	 City_Num:50 	 Concorde:0.054801 	 MCTS:5.480072 Improve:0.000000 	 Time:5.02 Seconds
Solution: 1 13 44 4 7 10 34 35 8 33 39 5 37 47 32 16 26 20 22 15 21 6 46 31 42 19 14 3 43 18 50 41 11 29 17 28 27 24 49 2 12 25 38 48 36 45 40 23 9 30 

Inst_Index:2733 	 City_Num:50 	 Concorde:0.059727 	 MCTS:5.972695 Improve:-0.000000 	 Time:5.00 Seconds
Solution: 1 10 46 27 7 13 18 38 6 41 11 30 4 31 48 37 20 2 17 28 39 12 8 34 14 26 42 44 25 3 15 33 9 36 5 29 35 16 45 19 24 49 40 22 23 43 21 50 32 47 

Inst_Index:2734 	 City_Num:50 	 Concorde:0.061691 	 MCTS:6.166253 Improve:0.002848 	 Time:5.00 Seconds
Solution: 1 27 16 47 29 49 6 46 36 44 32 11 42 23 9 17 35 34 10 48 21 5 50 43 2 14 39 7 18 37 30 31 45 33 40 20 25 24 8 28 4 19 13 12 15 22 41 26 38 3 

Inst_Index:2735 	 City_Num:50 	 Concorde:0.057312 	 MCTS:5.730858 Improve:0.000368 	 Time:5.00 Seconds
Solution: 1 35 25 26 4 18 28 43 36 13 6 27 37 48 42 2 38 34 21 32 14 22 3 23 9 45 20 31 41 30 49 16 50 33 7 47 39 15 46 12 19 44 40 29 10 8 24 17 5 11 

Inst_Index:2736 	 City_Num:50 	 Concorde:0.060559 	 MCTS:6.055755 Improve:0.000141 	 Time:5.01 Seconds
Solution: 1 18 16 42 29 3 30 50 7 33 27 19 23 45 17 11 13 28 39 15 36 24 9 20 49 26 35 10 46 22 25 44 21 14 2 32 38 6 12 41 34 5 48 40 4 47 31 43 8 37 

Inst_Index:2737 	 City_Num:50 	 Concorde:0.060429 	 MCTS:6.042932 Improve:0.000000 	 Time:5.00 Seconds
Solution: 1 4 26 16 24 23 39 22 37 30 32 10 35 42 47 19 25 48 3 27 45 38 14 34 36 40 2 41 18 7 21 13 43 17 50 5 29 9 44 20 33 28 8 11 12 15 49 31 6 46 

Inst_Index:2738 	 City_Num:50 	 Concorde:0.058236 	 MCTS:5.823588 Improve:0.000000 	 Time:5.01 Seconds
Solution: 1 43 7 31 18 44 46 40 10 29 8 25 38 2 4 17 22 45 48 49 21 30 28 35 14 15 34 47 12 27 33 13 39 32 20 26 36 50 41 3 42 9 23 24 11 37 5 6 19 16 

Inst_Index:2739 	 City_Num:50 	 Concorde:0.058010 	 MCTS:5.801000 Improve:0.000000 	 Time:5.00 Seconds
Solution: 1 43 36 39 7 10 38 37 25 32 9 31 20 40 26 45 3 27 13 30 44 15 5 33 28 35 21 47 19 34 16 14 46 24 4 18 48 11 8 2 6 50 23 42 12 29 41 17 49 22 

Inst_Index:2740 	 City_Num:50 	 Concorde:0.055493 	 MCTS:5.548414 Improve:0.000876 	 Time:5.01 Seconds
Solution: 1 22 6 26 30 44 36 20 37 3 17 35 2 15 18 24 41 14 8 50 40 10 9 32 33 21 23 45 4 46 49 28 42 47 19 16 25 12 34 48 29 39 31 13 43 38 11 27 7 5 

Inst_Index:2741 	 City_Num:50 	 Concorde:0.057845 	 MCTS:5.782953 Improve:0.001499 	 Time:5.00 Seconds
Solution: 1 24 13 2 49 28 27 31 40 17 38 4 43 10 37 20 25 39 3 26 5 41 6 22 46 35 42 19 45 48 34 23 7 30 50 44 21 33 18 16 14 9 47 32 36 15 12 11 29 8 

Inst_Index:2742 	 City_Num:50 	 Concorde:0.057693 	 MCTS:5.765952 Improve:0.003342 	 Time:5.00 Seconds
Solution: 1 4 40 16 41 28 17 42 35 36 19 31 20 22 37 13 6 39 43 25 10 11 27 38 50 47 18 15 24 2 30 46 5 8 44 48 34 7 12 49 9 3 32 33 21 45 26 14 23 29 

Inst_Index:2743 	 City_Num:50 	 Concorde:0.053426 	 MCTS:5.342612 Improve:0.000000 	 Time:5.00 Seconds
Solution: 1 9 45 25 8 41 24 17 4 18 28 36 16 40 20 34 50 26 23 19 11 31 7 42 12 22 49 44 15 5 47 6 37 21 27 32 46 33 30 29 2 10 3 39 13 48 38 35 43 14 

Inst_Index:2744 	 City_Num:50 	 Concorde:0.058314 	 MCTS:5.831387 Improve:-0.000000 	 Time:5.01 Seconds
Solution: 1 30 42 3 31 6 47 35 17 16 40 11 14 49 48 13 46 39 29 4 50 15 27 45 10 12 20 26 44 43 8 9 25 5 19 2 41 33 28 22 21 7 36 34 23 24 38 18 32 37 

Inst_Index:2745 	 City_Num:50 	 Concorde:0.057830 	 MCTS:5.781740 Improve:0.001241 	 Time:5.01 Seconds
Solution: 1 34 20 31 12 23 16 10 36 37 48 50 49 35 3 44 7 8 5 2 4 18 25 26 17 6 42 39 13 21 19 14 46 29 28 40 22 11 15 41 47 43 38 30 32 45 24 33 9 27 

Inst_Index:2746 	 City_Num:50 	 Concorde:0.056710 	 MCTS:5.671034 Improve:-0.000000 	 Time:5.02 Seconds
Solution: 1 45 40 22 48 6 15 34 38 50 5 11 4 19 43 33 44 24 7 12 8 32 26 3 30 41 21 2 10 35 25 46 27 9 16 20 13 23 31 14 28 39 49 37 42 17 18 29 36 47 

Inst_Index:2747 	 City_Num:50 	 Concorde:0.054543 	 MCTS:5.454302 Improve:-0.000000 	 Time:5.00 Seconds
Solution: 1 40 15 12 21 16 13 10 20 25 29 50 38 42 39 33 14 32 17 30 8 37 24 34 5 19 6 36 27 44 9 23 47 3 45 22 31 7 18 4 49 43 35 26 48 28 46 41 2 11 

Inst_Index:2748 	 City_Num:50 	 Concorde:0.055547 	 MCTS:5.552718 Improve:0.001935 	 Time:5.00 Seconds
Solution: 1 42 8 5 45 13 7 19 11 46 31 14 4 9 23 47 36 34 6 18 44 40 50 24 29 20 37 3 25 39 16 30 43 38 2 48 10 33 21 41 35 12 22 28 49 27 17 32 15 26 

Inst_Index:2749 	 City_Num:50 	 Concorde:0.059949 	 MCTS:5.994859 Improve:0.000000 	 Time:5.00 Seconds
Solution: 1 38 22 12 30 34 4 40 42 9 43 17 39 31 36 35 26 33 48 8 7 20 19 50 25 11 44 3 13 47 41 28 27 14 45 23 37 15 29 21 6 2 16 18 10 24 5 46 32 49 

Inst_Index:2750 	 City_Num:50 	 Concorde:0.056902 	 MCTS:5.690202 Improve:-0.000000 	 Time:5.00 Seconds
Solution: 1 44 22 8 36 31 2 11 18 41 20 33 50 5 28 17 6 35 9 23 16 24 42 32 10 7 48 26 27 49 13 21 25 30 12 45 40 38 39 3 43 29 46 34 19 4 47 37 15 14 

Inst_Index:2751 	 City_Num:50 	 Concorde:0.059440 	 MCTS:5.944034 Improve:0.000000 	 Time:5.00 Seconds
Solution: 1 50 33 25 16 27 2 19 41 22 37 20 31 32 18 43 13 17 14 44 15 34 26 46 11 5 47 21 6 45 39 28 29 23 3 10 30 12 49 42 40 24 48 35 9 7 4 8 38 36 

Inst_Index:2752 	 City_Num:50 	 Concorde:0.053816 	 MCTS:5.381325 Improve:0.000294 	 Time:5.00 Seconds
Solution: 1 25 18 34 29 49 26 39 30 5 46 35 45 4 33 9 38 27 31 6 17 41 7 47 11 19 15 44 3 10 2 8 23 40 48 50 43 36 42 16 22 12 37 13 28 20 21 24 32 14 

Inst_Index:2753 	 City_Num:50 	 Concorde:0.054242 	 MCTS:5.422423 Improve:0.001818 	 Time:5.00 Seconds
Solution: 1 31 41 17 18 30 24 48 37 6 38 33 16 4 12 25 36 39 19 15 47 26 50 13 9 8 40 5 29 42 27 22 21 28 14 20 23 2 49 34 43 10 44 3 45 7 11 32 46 35 

Inst_Index:2754 	 City_Num:50 	 Concorde:0.056498 	 MCTS:5.649780 Improve:-0.000000 	 Time:5.00 Seconds
Solution: 1 28 30 41 9 12 46 17 36 44 49 13 34 39 48 19 7 45 10 42 27 8 16 6 24 50 37 22 4 31 26 14 40 32 20 21 25 35 18 29 2 47 11 38 43 15 23 33 3 5 

Inst_Index:2755 	 City_Num:50 	 Concorde:0.056718 	 MCTS:5.670344 Improve:0.001467 	 Time:5.00 Seconds
Solution: 1 35 24 2 28 5 19 23 26 46 31 20 41 6 11 48 21 18 3 7 34 22 43 30 44 33 45 4 37 8 32 25 27 39 10 42 40 50 14 9 13 38 12 49 16 36 29 15 17 47 

Inst_Index:2756 	 City_Num:50 	 Concorde:0.052332 	 MCTS:5.230777 Improve:0.002392 	 Time:5.00 Seconds
Solution: 1 36 42 29 19 38 15 17 26 40 7 39 12 31 37 25 9 50 43 10 3 27 32 18 13 5 6 35 20 44 4 45 2 48 46 8 34 11 30 24 22 21 23 47 49 33 16 28 14 41 

Inst_Index:2757 	 City_Num:50 	 Concorde:0.053671 	 MCTS:5.361001 Improve:0.006116 	 Time:5.00 Seconds
Solution: 1 6 20 46 44 5 42 40 31 24 27 26 43 12 35 11 17 3 34 13 9 18 28 22 33 50 21 39 23 47 4 2 8 19 49 36 14 41 15 29 48 30 10 32 37 38 7 25 45 16 

Inst_Index:2758 	 City_Num:50 	 Concorde:0.051277 	 MCTS:5.127654 Improve:0.000000 	 Time:5.00 Seconds
Solution: 1 11 45 16 29 38 35 41 7 13 8 34 23 47 18 2 19 24 15 36 22 37 30 33 49 46 20 48 25 31 9 14 42 4 32 10 3 27 43 39 44 50 28 21 17 6 12 26 40 5 

Inst_Index:2759 	 City_Num:50 	 Concorde:0.059092 	 MCTS:5.909179 Improve:0.000000 	 Time:5.00 Seconds
Solution: 1 22 33 44 27 17 29 20 31 23 48 42 39 30 7 3 5 45 16 18 11 24 15 12 6 46 32 25 36 21 43 14 49 35 38 13 26 10 4 19 47 2 40 8 34 37 41 50 9 28 

Inst_Index:2760 	 City_Num:50 	 Concorde:0.054700 	 MCTS:5.470049 Improve:0.000000 	 Time:5.01 Seconds
Solution: 1 34 24 41 10 49 25 44 16 14 15 46 26 36 5 30 12 29 33 22 6 17 11 4 37 38 9 31 28 40 50 35 47 13 43 19 45 32 21 48 42 18 20 23 27 39 3 2 7 8 

Inst_Index:2761 	 City_Num:50 	 Concorde:0.059244 	 MCTS:5.922999 Improve:0.001370 	 Time:5.01 Seconds
Solution: 1 45 46 16 12 17 32 44 4 26 39 7 36 38 31 30 10 5 24 21 41 50 8 37 35 22 42 11 47 34 9 13 2 19 23 43 28 27 25 48 18 29 6 33 49 3 14 20 15 40 

Inst_Index:2762 	 City_Num:50 	 Concorde:0.054175 	 MCTS:5.417541 Improve:0.000000 	 Time:5.02 Seconds
Solution: 1 5 9 39 18 8 48 46 27 47 20 37 41 7 38 34 42 2 45 11 28 15 26 50 4 12 25 31 22 3 16 14 21 36 44 24 49 10 23 32 35 43 19 33 6 40 29 13 17 30 

Inst_Index:2763 	 City_Num:50 	 Concorde:0.051769 	 MCTS:5.176858 Improve:0.000000 	 Time:5.00 Seconds
Solution: 1 45 8 41 4 2 6 32 10 23 17 35 11 44 39 37 47 49 28 22 13 20 12 19 33 50 3 31 42 18 43 40 21 5 16 27 9 15 48 36 29 7 24 46 26 38 25 34 30 14 

Inst_Index:2764 	 City_Num:50 	 Concorde:0.058273 	 MCTS:5.823588 Improve:0.003697 	 Time:5.00 Seconds
Solution: 1 4 12 16 23 42 33 28 9 3 35 31 19 20 11 34 27 36 2 17 21 41 48 8 29 22 10 39 32 6 40 7 46 38 47 49 18 50 14 13 24 15 30 45 44 25 26 5 37 43 

Inst_Index:2765 	 City_Num:50 	 Concorde:0.056792 	 MCTS:5.679240 Improve:0.000000 	 Time:5.01 Seconds
Solution: 1 45 10 7 22 47 37 41 49 19 8 36 29 46 26 14 3 27 15 44 11 38 40 24 9 13 20 39 35 17 2 33 50 23 5 4 28 30 34 21 16 48 43 32 18 25 6 31 12 42 

Inst_Index:2766 	 City_Num:50 	 Concorde:0.059631 	 MCTS:5.963096 Improve:-0.000000 	 Time:5.00 Seconds
Solution: 1 37 26 49 10 48 42 6 29 28 23 4 32 36 38 22 44 18 30 7 43 21 40 12 47 5 34 17 3 19 39 20 24 33 25 15 45 2 46 8 9 13 27 14 31 35 16 50 11 41 

Inst_Index:2767 	 City_Num:50 	 Concorde:0.056980 	 MCTS:5.697959 Improve:0.000000 	 Time:5.00 Seconds
Solution: 1 9 44 7 21 14 49 39 29 16 12 30 3 19 10 8 17 11 2 15 33 18 24 47 4 48 34 31 32 22 27 50 5 42 46 6 20 13 37 28 36 38 26 45 23 40 43 41 35 25 

Inst_Index:2768 	 City_Num:50 	 Concorde:0.057830 	 MCTS:5.782984 Improve:-0.000000 	 Time:5.00 Seconds
Solution: 1 45 13 7 28 36 34 22 19 48 50 21 18 9 35 42 26 47 43 41 3 12 27 46 14 5 32 44 8 24 37 23 49 15 38 4 33 25 40 20 31 17 10 29 6 16 39 30 11 2 

Inst_Index:2769 	 City_Num:50 	 Concorde:0.053982 	 MCTS:5.393576 Improve:0.004626 	 Time:5.00 Seconds
Solution: 1 22 34 40 25 13 19 45 6 11 3 39 16 26 7 48 49 23 8 15 14 33 27 38 41 29 36 2 50 30 12 18 24 5 9 32 44 43 31 47 20 42 37 4 17 10 35 21 46 28 

Inst_Index:2770 	 City_Num:50 	 Concorde:0.055581 	 MCTS:5.558105 Improve:-0.000000 	 Time:5.01 Seconds
Solution: 1 10 40 2 21 47 8 18 32 16 7 39 24 22 42 28 4 41 23 6 15 25 27 13 9 46 35 33 48 38 11 3 49 34 5 26 43 45 31 14 20 19 37 30 17 12 29 50 44 36 

Inst_Index:2771 	 City_Num:50 	 Concorde:0.057270 	 MCTS:5.726975 Improve:-0.000000 	 Time:5.00 Seconds
Solution: 1 17 6 24 39 33 20 5 32 46 40 47 35 2 48 31 30 50 19 11 29 38 36 3 28 8 18 4 23 41 15 22 43 16 9 26 49 45 42 25 14 12 7 44 27 34 37 10 13 21 

Inst_Index:2772 	 City_Num:50 	 Concorde:0.059090 	 MCTS:5.905143 Improve:0.003879 	 Time:5.00 Seconds
Solution: 1 27 28 10 43 17 16 42 44 47 9 20 8 24 11 3 48 4 21 39 12 22 30 13 23 18 29 31 19 45 5 7 40 33 38 25 35 34 6 49 32 37 26 15 46 14 36 41 2 50 

Inst_Index:2773 	 City_Num:50 	 Concorde:0.055177 	 MCTS:5.517686 Improve:0.000000 	 Time:5.01 Seconds
Solution: 1 12 14 27 16 18 23 5 40 10 22 21 50 38 17 15 39 4 48 49 13 37 44 26 36 43 32 35 31 46 8 2 30 25 19 42 9 7 6 28 41 3 34 11 33 45 47 29 20 24 

Inst_Index:2774 	 City_Num:50 	 Concorde:0.054378 	 MCTS:5.437808 Improve:0.000000 	 Time:5.00 Seconds
Solution: 1 38 27 13 12 29 25 17 20 26 40 24 46 14 23 22 42 9 3 34 36 11 35 28 44 32 2 47 21 49 33 18 8 6 45 31 15 41 10 37 4 7 19 43 39 5 16 30 48 50 

Inst_Index:2775 	 City_Num:50 	 Concorde:0.056882 	 MCTS:5.679118 Improve:0.009032 	 Time:5.00 Seconds
Solution: 1 25 41 27 42 9 30 10 50 44 20 45 37 34 32 7 46 18 5 24 12 15 22 26 13 28 17 14 48 33 16 36 43 39 4 3 11 35 31 2 38 40 6 29 47 49 21 19 8 23 

Inst_Index:2776 	 City_Num:50 	 Concorde:0.058878 	 MCTS:5.887770 Improve:-0.000000 	 Time:5.00 Seconds
Solution: 1 13 42 5 39 21 16 43 18 47 28 11 8 4 14 31 33 20 37 46 12 34 17 40 50 15 41 30 19 38 26 27 48 23 49 32 45 9 3 24 10 22 6 44 36 29 35 2 25 7 

Inst_Index:2777 	 City_Num:50 	 Concorde:0.056037 	 MCTS:5.603677 Improve:-0.000000 	 Time:5.00 Seconds
Solution: 1 35 22 13 31 19 39 2 45 20 3 26 44 24 12 6 32 21 46 7 18 10 50 37 17 8 23 43 25 15 33 14 47 41 9 49 11 40 42 29 30 48 4 38 5 36 28 16 34 27 

Inst_Index:2778 	 City_Num:50 	 Concorde:0.058937 	 MCTS:5.904154 Improve:-0.010455 	 Time:5.00 Seconds
Solution: 1 24 23 43 21 4 10 26 50 3 47 32 33 41 48 31 49 9 27 18 36 19 11 42 25 28 5 15 39 40 45 6 14 17 34 29 8 22 13 35 16 30 46 12 44 37 2 20 7 38 

Inst_Index:2779 	 City_Num:50 	 Concorde:0.056438 	 MCTS:5.643823 Improve:0.000000 	 Time:5.01 Seconds
Solution: 1 15 2 19 44 7 47 22 33 32 28 21 36 10 20 40 37 48 30 50 35 11 5 18 13 23 24 14 26 43 46 34 4 38 9 42 39 49 3 29 16 31 12 17 6 8 41 25 27 45 

Inst_Index:2780 	 City_Num:50 	 Concorde:0.056362 	 MCTS:5.636232 Improve:0.000000 	 Time:5.00 Seconds
Solution: 1 14 24 17 12 42 36 10 23 49 9 40 21 20 18 45 25 37 4 41 38 34 2 6 13 46 5 11 43 16 26 47 7 35 31 29 30 27 19 33 50 39 48 15 22 32 28 3 44 8 

Inst_Index:2781 	 City_Num:50 	 Concorde:0.057279 	 MCTS:5.727924 Improve:0.000000 	 Time:5.01 Seconds
Solution: 1 35 32 8 26 24 9 44 42 17 19 46 40 2 16 18 48 25 37 29 14 5 39 20 23 30 50 41 11 45 38 4 13 21 27 6 34 7 12 33 47 3 49 15 36 22 28 31 43 10 

Inst_Index:2782 	 City_Num:50 	 Concorde:0.057298 	 MCTS:5.727054 Improve:0.002770 	 Time:5.01 Seconds
Solution: 1 5 49 27 18 24 35 33 9 22 6 44 3 28 19 17 40 25 4 47 39 12 42 23 7 31 48 37 32 45 13 8 36 10 2 15 11 38 16 26 20 41 34 46 30 43 21 29 50 14 

Inst_Index:2783 	 City_Num:50 	 Concorde:0.056445 	 MCTS:5.641220 Improve:0.003255 	 Time:5.00 Seconds
Solution: 1 38 44 19 43 27 2 23 31 18 5 16 3 40 8 36 45 30 34 15 13 37 10 42 32 11 29 47 9 17 12 20 46 39 41 4 49 48 7 6 33 50 28 22 25 14 24 26 21 35 

Inst_Index:2784 	 City_Num:50 	 Concorde:0.058235 	 MCTS:5.823479 Improve:0.000000 	 Time:5.00 Seconds
Solution: 1 27 10 47 14 26 49 46 45 6 19 5 29 23 22 16 4 43 31 11 35 42 17 7 34 41 37 40 28 30 32 12 24 13 20 25 3 44 33 38 48 8 50 18 39 2 9 36 21 15 

Inst_Index:2785 	 City_Num:50 	 Concorde:0.055553 	 MCTS:5.555164 Improve:0.000170 	 Time:5.01 Seconds
Solution: 1 32 50 29 17 2 7 15 30 13 22 41 9 48 47 35 49 26 45 6 3 42 46 27 44 20 38 33 36 31 19 5 11 21 16 23 14 37 10 18 12 25 24 40 39 4 34 8 28 43 

Inst_Index:2786 	 City_Num:50 	 Concorde:0.057468 	 MCTS:5.746789 Improve:0.000000 	 Time:5.00 Seconds
Solution: 1 33 5 14 36 17 43 27 15 6 39 45 32 29 25 19 10 50 49 3 38 30 16 44 7 8 34 37 12 22 2 18 4 48 28 46 23 42 9 35 13 21 20 11 26 31 40 47 41 24 

Inst_Index:2787 	 City_Num:50 	 Concorde:0.054670 	 MCTS:5.458508 Improve:0.008523 	 Time:5.00 Seconds
Solution: 1 19 9 31 46 35 42 14 6 18 29 24 32 16 50 37 41 12 2 40 44 3 33 25 47 22 8 38 15 34 20 7 21 4 11 17 26 48 13 23 28 49 5 30 36 27 43 39 10 45 

Inst_Index:2788 	 City_Num:50 	 Concorde:0.054876 	 MCTS:5.481558 Improve:0.006073 	 Time:5.03 Seconds
Solution: 1 41 17 49 14 43 12 23 44 18 30 9 3 13 40 25 7 29 36 26 27 50 34 6 5 15 21 20 37 39 28 38 32 4 31 8 35 24 19 47 48 16 46 2 10 45 22 42 33 11 

Inst_Index:2789 	 City_Num:50 	 Concorde:0.054461 	 MCTS:5.446124 Improve:0.000000 	 Time:5.00 Seconds
Solution: 1 44 17 16 49 18 38 39 34 28 20 13 27 19 8 40 45 37 11 46 50 35 21 5 41 14 43 42 47 7 25 23 24 32 3 15 10 12 31 2 26 30 36 4 48 6 22 33 9 29 

Inst_Index:2790 	 City_Num:50 	 Concorde:0.058033 	 MCTS:5.800462 Improve:0.002836 	 Time:5.02 Seconds
Solution: 1 27 47 50 20 23 10 36 14 5 3 7 40 42 35 19 39 26 22 41 32 8 30 43 45 28 46 34 24 16 38 33 6 11 15 12 9 21 13 44 31 49 48 18 2 29 25 17 4 37 

Inst_Index:2791 	 City_Num:50 	 Concorde:0.055917 	 MCTS:5.591173 Improve:0.000537 	 Time:5.01 Seconds
Solution: 1 25 24 7 6 26 35 30 4 40 2 31 36 41 13 27 22 28 15 17 44 10 3 12 42 19 48 29 20 33 39 45 16 38 32 5 37 14 43 47 23 50 21 8 18 49 46 11 9 34 

Inst_Index:2792 	 City_Num:50 	 Concorde:0.055289 	 MCTS:5.523684 Improve:0.005178 	 Time:5.00 Seconds
Solution: 1 34 12 41 37 46 31 45 20 38 11 9 7 19 17 40 26 24 13 18 22 33 49 47 36 29 10 28 2 15 4 23 25 32 16 48 44 43 14 39 21 8 3 27 50 30 35 5 42 6 

Inst_Index:2793 	 City_Num:50 	 Concorde:0.056506 	 MCTS:5.648377 Improve:0.002253 	 Time:5.00 Seconds
Solution: 1 42 39 33 44 45 11 28 34 31 9 2 38 12 47 27 21 43 29 17 20 3 4 36 50 7 41 22 49 37 32 26 35 15 14 19 16 13 23 5 10 24 30 18 48 46 8 6 25 40 

Inst_Index:2794 	 City_Num:50 	 Concorde:0.059435 	 MCTS:5.942629 Improve:0.000888 	 Time:5.01 Seconds
Solution: 1 46 11 9 36 45 42 14 28 23 38 29 5 37 26 15 22 6 13 25 40 12 20 50 8 35 49 32 17 10 18 48 2 47 24 31 30 39 19 34 44 33 41 3 43 21 16 7 4 27 

Inst_Index:2795 	 City_Num:50 	 Concorde:0.057990 	 MCTS:5.798714 Improve:0.000253 	 Time:5.00 Seconds
Solution: 1 9 42 16 22 37 49 45 40 12 47 10 18 39 23 30 14 31 32 11 27 38 13 17 50 26 46 34 6 15 4 44 48 33 2 28 20 25 29 19 24 8 41 35 7 43 36 5 3 21 

Inst_Index:2796 	 City_Num:50 	 Concorde:0.055718 	 MCTS:5.571761 Improve:0.000000 	 Time:5.01 Seconds
Solution: 1 36 39 50 48 35 3 7 45 14 12 2 28 46 17 40 33 21 8 20 26 6 44 9 42 27 25 29 49 15 34 32 23 38 47 30 24 16 13 37 31 10 5 43 41 19 22 18 4 11 

Inst_Index:2797 	 City_Num:50 	 Concorde:0.058497 	 MCTS:5.849667 Improve:-0.000000 	 Time:5.01 Seconds
Solution: 1 29 26 28 27 22 40 43 37 2 39 38 45 5 48 44 10 46 6 12 41 24 11 32 4 50 42 33 23 21 34 15 30 8 7 13 25 31 49 17 3 18 47 9 19 16 36 20 35 14 

Inst_Index:2798 	 City_Num:50 	 Concorde:0.053235 	 MCTS:5.320013 Improve:0.003457 	 Time:5.02 Seconds
Solution: 1 27 6 18 25 10 28 24 37 47 35 31 40 42 46 21 12 11 38 32 20 16 43 41 5 30 4 26 14 2 33 44 19 49 9 45 48 15 36 29 3 34 50 7 8 22 17 13 23 39 

Inst_Index:2799 	 City_Num:50 	 Concorde:0.058121 	 MCTS:5.810429 Improve:0.001697 	 Time:5.00 Seconds
Solution: 1 37 47 3 17 19 14 11 46 26 4 36 29 13 31 6 21 32 40 10 39 16 44 50 43 48 20 28 2 30 18 27 12 33 49 34 5 45 8 9 23 24 22 35 7 25 38 41 42 15 

Inst_Index:2800 	 City_Num:50 	 Concorde:0.058074 	 MCTS:5.807365 Improve:0.000000 	 Time:5.01 Seconds
Solution: 1 8 20 41 3 13 28 16 40 47 12 22 19 17 24 34 46 49 25 45 35 7 4 18 2 38 42 15 5 31 44 26 10 36 6 50 43 9 23 39 29 48 27 33 30 32 14 11 37 21 

Inst_Index:2801 	 City_Num:50 	 Concorde:0.055986 	 MCTS:5.596698 Improve:0.001869 	 Time:5.01 Seconds
Solution: 1 5 3 14 16 45 22 34 12 49 46 10 29 20 28 32 8 4 24 42 47 25 9 33 43 36 39 2 13 17 44 21 7 27 19 30 48 38 26 50 6 23 15 41 37 40 11 35 31 18 

Inst_Index:2802 	 City_Num:50 	 Concorde:0.060640 	 MCTS:6.063963 Improve:0.000000 	 Time:5.00 Seconds
Solution: 1 11 5 46 48 28 20 32 29 12 19 18 37 17 8 7 47 44 36 31 30 43 27 26 50 13 25 35 6 39 2 42 33 16 41 45 21 9 34 23 3 40 22 49 14 24 15 10 38 4 

Inst_Index:2803 	 City_Num:50 	 Concorde:0.054057 	 MCTS:5.401629 Improve:0.004047 	 Time:5.00 Seconds
Solution: 1 30 6 43 18 23 41 46 32 5 36 50 22 42 40 15 35 21 11 39 38 47 34 29 28 9 49 16 27 8 26 4 12 3 13 31 7 25 33 37 17 19 45 48 20 2 44 24 10 14 

Inst_Index:2804 	 City_Num:50 	 Concorde:0.053058 	 MCTS:5.305794 Improve:0.000000 	 Time:5.00 Seconds
Solution: 1 34 7 47 37 39 10 42 15 5 48 9 29 16 49 12 2 46 23 26 32 27 24 45 31 36 13 6 8 4 14 21 20 18 50 25 19 11 43 41 30 17 28 33 3 35 38 40 22 44 

Inst_Index:2805 	 City_Num:50 	 Concorde:0.058264 	 MCTS:5.826375 Improve:-0.000000 	 Time:5.00 Seconds
Solution: 1 34 37 10 39 25 28 2 35 9 27 8 40 42 21 20 22 36 13 33 6 45 31 43 41 49 30 48 16 19 11 44 12 32 50 4 29 26 7 47 38 17 18 24 46 14 5 3 15 23 

Inst_Index:2806 	 City_Num:50 	 Concorde:0.056145 	 MCTS:5.614470 Improve:0.000000 	 Time:5.00 Seconds
Solution: 1 10 4 20 16 32 35 15 14 11 17 2 12 19 8 50 34 29 23 44 38 5 39 43 25 42 48 22 9 13 18 37 40 33 36 31 45 6 47 28 24 49 3 27 7 46 26 30 41 21 

Inst_Index:2807 	 City_Num:50 	 Concorde:0.058779 	 MCTS:5.877900 Improve:0.000000 	 Time:5.02 Seconds
Solution: 1 28 19 23 43 29 46 33 42 9 50 30 6 24 14 39 3 36 15 34 25 21 35 31 27 49 20 12 10 18 32 40 45 26 7 16 37 11 44 47 41 4 38 2 22 5 17 13 48 8 

Inst_Index:2808 	 City_Num:50 	 Concorde:0.059199 	 MCTS:5.913093 Improve:0.006822 	 Time:5.01 Seconds
Solution: 1 3 35 24 11 48 40 43 15 39 36 26 32 7 44 23 47 10 41 13 30 38 20 21 14 28 27 2 19 5 4 46 33 50 31 6 18 29 12 45 25 42 34 22 16 17 49 9 37 8 

Inst_Index:2809 	 City_Num:50 	 Concorde:0.057697 	 MCTS:5.766341 Improve:0.003399 	 Time:5.00 Seconds
Solution: 1 49 33 2 31 30 40 7 38 19 23 25 28 12 10 8 47 17 16 22 11 44 27 50 9 5 37 13 35 18 4 36 34 29 32 24 39 3 6 41 42 21 46 48 43 45 26 14 20 15 

Inst_Index:2810 	 City_Num:50 	 Concorde:0.055064 	 MCTS:5.506418 Improve:-0.000000 	 Time:5.01 Seconds
Solution: 1 15 18 26 28 50 30 45 29 27 46 7 38 36 6 17 34 40 33 12 43 21 5 4 44 31 23 41 39 35 42 22 8 47 3 19 9 48 20 11 32 49 16 25 37 24 10 13 14 2 

Inst_Index:2811 	 City_Num:50 	 Concorde:0.060514 	 MCTS:6.051373 Improve:0.000000 	 Time:5.00 Seconds
Solution: 1 40 41 46 43 11 27 26 20 15 8 23 35 16 2 34 29 13 22 10 6 17 7 25 28 42 30 24 3 19 5 9 50 38 31 14 37 18 44 4 33 32 49 36 48 39 47 12 45 21 

Inst_Index:2812 	 City_Num:50 	 Concorde:0.053119 	 MCTS:5.311891 Improve:0.000000 	 Time:5.00 Seconds
Solution: 1 15 27 39 20 45 47 19 36 50 48 34 31 10 28 2 3 4 23 49 35 33 30 18 5 14 8 46 22 11 24 42 32 41 37 26 29 44 12 13 43 16 38 25 6 21 17 40 9 7 

Inst_Index:2813 	 City_Num:50 	 Concorde:0.050774 	 MCTS:5.075213 Improve:0.002178 	 Time:5.00 Seconds
Solution: 1 29 49 11 38 36 25 15 6 50 24 16 21 4 13 3 46 35 2 18 22 5 30 8 14 32 12 41 45 33 47 40 31 20 26 48 28 23 34 44 27 42 37 7 17 9 10 39 43 19 

Inst_Index:2814 	 City_Num:50 	 Concorde:0.057096 	 MCTS:5.709553 Improve:0.000000 	 Time:5.01 Seconds
Solution: 1 22 33 42 21 16 20 14 45 35 17 38 40 34 32 31 7 29 41 9 10 39 24 3 28 4 43 5 23 44 30 36 2 46 19 11 12 50 18 27 13 49 47 37 15 26 8 6 25 48 

Inst_Index:2815 	 City_Num:50 	 Concorde:0.052800 	 MCTS:5.280036 Improve:0.000000 	 Time:5.00 Seconds
Solution: 1 34 22 19 9 23 41 31 45 13 3 27 7 35 43 49 18 37 15 39 32 40 14 25 33 17 26 42 28 47 10 46 44 2 5 11 30 21 4 50 38 29 48 12 20 16 6 8 24 36 

Inst_Index:2816 	 City_Num:50 	 Concorde:0.056478 	 MCTS:5.647802 Improve:-0.000000 	 Time:5.00 Seconds
Solution: 1 27 25 23 9 12 47 33 50 19 36 21 4 29 6 8 20 34 31 39 37 10 5 49 43 15 2 30 41 26 24 7 18 13 48 35 46 11 38 28 22 32 14 45 42 40 3 17 16 44 

Inst_Index:2817 	 City_Num:50 	 Concorde:0.059423 	 MCTS:5.942256 Improve:-0.000000 	 Time:5.00 Seconds
Solution: 1 2 32 31 22 7 43 28 17 15 14 42 29 4 41 16 39 46 49 8 12 44 40 36 27 45 6 33 19 38 11 9 13 18 25 34 20 10 47 30 23 26 35 37 3 48 21 50 5 24 


Avg_Concorde_Distance: 5.698969 Avg_MCTS_Distance: 5.697906 Avg_Gap: -0.000187 Total_Time: 1566.53 Seconds 
 Beat_Best_Known_Times: 119 Match_Best_Known_Times: 190 Miss_Best_Known_Times: 4 
