Number_of_Instances_In_Current_Batch: 313

Inst_Index:8452 	 City_Num:50 	 Concorde:0.056802 	 MCTS:5.680177 Improve:0.000000 	 Time:5.00 Seconds
Solution: 1 35 49 29 11 24 8 39 10 14 12 30 37 48 31 44 2 20 36 4 26 19 33 3 16 38 7 5 47 50 42 25 23 40 13 28 21 27 9 22 46 32 6 41 17 34 43 45 15 18 

Inst_Index:8453 	 City_Num:50 	 Concorde:0.059259 	 MCTS:5.923866 Improve:0.002033 	 Time:5.00 Seconds
Solution: 1 43 30 33 2 22 44 34 9 12 40 35 42 26 5 37 25 3 27 11 23 45 15 28 31 29 6 21 7 17 4 46 39 18 20 36 13 49 8 38 48 41 50 10 32 19 47 14 24 16 

Inst_Index:8454 	 City_Num:50 	 Concorde:0.056637 	 MCTS:5.663668 Improve:-0.000000 	 Time:5.00 Seconds
Solution: 1 27 23 4 16 12 37 24 46 19 5 21 7 38 17 26 33 32 42 40 10 43 36 11 13 25 35 18 49 31 39 50 8 29 6 41 47 15 48 30 28 45 20 34 44 3 9 22 14 2 

Inst_Index:8455 	 City_Num:50 	 Concorde:0.060383 	 MCTS:6.038326 Improve:0.000000 	 Time:5.00 Seconds
Solution: 1 43 34 9 24 26 5 19 11 10 33 50 3 14 17 47 48 4 7 25 39 38 16 41 31 13 49 44 30 40 28 23 42 32 15 6 8 45 18 2 35 46 22 21 20 12 27 36 37 29 

Inst_Index:8456 	 City_Num:50 	 Concorde:0.056339 	 MCTS:5.633885 Improve:0.000000 	 Time:5.00 Seconds
Solution: 1 7 25 48 27 32 43 24 42 5 36 46 38 21 22 35 41 8 49 2 3 15 17 28 50 34 19 45 18 4 30 11 26 31 29 12 44 40 39 10 33 14 9 20 6 37 23 16 13 47 

Inst_Index:8457 	 City_Num:50 	 Concorde:0.060261 	 MCTS:6.026102 Improve:-0.000000 	 Time:5.00 Seconds
Solution: 1 32 21 25 38 15 30 23 33 28 14 45 43 34 40 41 4 5 48 50 47 8 35 10 44 27 31 19 39 36 3 37 24 49 16 20 6 18 42 11 46 9 13 26 22 17 2 29 12 7 

Inst_Index:8458 	 City_Num:50 	 Concorde:0.055684 	 MCTS:5.568392 Improve:-0.000000 	 Time:5.01 Seconds
Solution: 1 9 36 48 23 32 15 47 37 40 27 42 29 4 20 24 38 16 18 2 49 34 30 13 8 3 44 50 12 17 28 21 10 6 19 22 35 14 39 26 43 45 41 31 25 46 7 11 33 5 

Inst_Index:8459 	 City_Num:50 	 Concorde:0.053652 	 MCTS:5.363393 Improve:0.001854 	 Time:5.00 Seconds
Solution: 1 46 47 25 11 24 15 31 41 5 21 43 18 6 39 26 14 27 38 20 7 13 36 40 12 23 4 28 10 45 33 50 22 8 49 48 17 30 2 29 3 9 19 35 34 37 44 16 32 42 

Inst_Index:8460 	 City_Num:50 	 Concorde:0.057613 	 MCTS:5.761069 Improve:0.000231 	 Time:5.00 Seconds
Solution: 1 25 41 15 30 43 47 38 4 31 48 28 26 32 5 22 33 18 6 45 50 46 34 2 14 21 44 16 36 27 17 3 8 19 9 49 24 7 40 42 37 39 35 23 12 29 13 11 20 10 

Inst_Index:8461 	 City_Num:50 	 Concorde:0.054888 	 MCTS:5.488757 Improve:0.000000 	 Time:5.01 Seconds
Solution: 1 7 6 28 29 44 33 30 47 32 17 36 12 50 40 10 35 2 26 11 3 42 4 34 15 45 41 24 8 5 37 31 21 19 13 38 22 49 18 43 16 23 39 14 46 20 48 9 25 27 

Inst_Index:8462 	 City_Num:50 	 Concorde:0.059461 	 MCTS:5.946067 Improve:0.000000 	 Time:5.00 Seconds
Solution: 1 40 19 12 11 27 3 5 6 32 24 39 16 18 48 4 25 37 13 23 26 29 42 34 28 38 36 9 2 30 10 45 21 15 46 33 41 7 20 35 14 31 49 50 22 8 43 17 47 44 

Inst_Index:8463 	 City_Num:50 	 Concorde:0.052689 	 MCTS:5.268871 Improve:0.000000 	 Time:5.00 Seconds
Solution: 1 29 19 44 42 50 33 8 48 27 24 23 25 26 9 13 2 10 34 31 22 3 6 47 43 41 38 20 37 17 11 12 49 40 35 4 36 30 7 46 18 5 21 14 39 45 32 28 16 15 

Inst_Index:8464 	 City_Num:50 	 Concorde:0.055189 	 MCTS:5.518933 Improve:0.000000 	 Time:5.01 Seconds
Solution: 1 7 25 16 8 47 20 4 19 41 28 34 9 49 39 23 27 15 18 11 13 46 29 24 6 48 36 22 32 17 21 2 45 3 37 50 10 43 26 14 31 33 40 35 5 38 42 12 30 44 

Inst_Index:8465 	 City_Num:50 	 Concorde:0.057418 	 MCTS:5.741805 Improve:0.000000 	 Time:5.00 Seconds
Solution: 1 30 46 5 3 19 47 38 13 21 18 42 36 37 40 9 20 25 31 41 29 49 4 2 12 27 39 10 26 45 23 7 35 17 33 32 6 15 11 22 16 48 28 14 50 34 44 24 43 8 

Inst_Index:8466 	 City_Num:50 	 Concorde:0.056261 	 MCTS:5.626119 Improve:0.000000 	 Time:5.00 Seconds
Solution: 1 20 27 48 4 3 38 34 6 33 17 2 44 13 23 36 11 39 19 49 8 24 10 15 40 26 7 46 47 41 42 5 37 12 32 21 31 22 28 25 16 43 50 30 45 9 14 29 35 18 

Inst_Index:8467 	 City_Num:50 	 Concorde:0.051455 	 MCTS:5.145459 Improve:0.000000 	 Time:5.00 Seconds
Solution: 1 49 48 14 31 9 22 18 30 39 21 37 17 34 23 12 27 25 35 8 41 15 19 38 36 50 4 32 3 5 47 29 20 2 7 6 28 46 10 44 13 26 33 40 11 16 45 43 24 42 

Inst_Index:8468 	 City_Num:50 	 Concorde:0.058510 	 MCTS:5.850826 Improve:0.000184 	 Time:5.00 Seconds
Solution: 1 48 5 10 36 30 8 27 39 22 32 34 16 46 9 20 3 26 41 6 12 40 7 13 37 18 47 29 15 23 21 2 4 25 31 19 42 24 35 44 28 33 50 14 17 49 43 11 45 38 

Inst_Index:8469 	 City_Num:50 	 Concorde:0.053611 	 MCTS:5.361102 Improve:0.000000 	 Time:5.00 Seconds
Solution: 1 47 27 35 18 9 16 32 48 39 37 29 23 38 46 34 15 22 43 26 13 24 33 42 40 44 11 12 28 49 5 25 36 10 2 4 45 14 19 8 17 21 3 6 50 20 31 30 7 41 

Inst_Index:8470 	 City_Num:50 	 Concorde:0.058184 	 MCTS:5.817357 Improve:0.001082 	 Time:5.00 Seconds
Solution: 1 50 3 34 28 4 38 36 9 7 5 21 15 37 12 11 24 42 41 23 39 17 19 25 30 35 22 33 16 47 14 8 26 43 46 27 48 29 10 40 13 44 45 49 20 32 31 18 2 6 

Inst_Index:8471 	 City_Num:50 	 Concorde:0.061719 	 MCTS:6.167543 Improve:0.004401 	 Time:5.00 Seconds
Solution: 1 12 28 3 15 26 43 44 49 31 17 39 18 2 46 34 40 14 23 27 38 5 8 20 24 37 16 42 22 30 19 9 10 21 29 35 7 41 48 25 33 6 11 32 36 13 50 47 45 4 

Inst_Index:8472 	 City_Num:50 	 Concorde:0.057089 	 MCTS:5.708852 Improve:0.000000 	 Time:5.01 Seconds
Solution: 1 9 26 5 15 23 22 27 12 28 50 31 47 10 41 6 38 3 48 4 16 36 44 43 30 21 13 34 14 24 19 20 32 18 46 39 8 42 2 29 45 17 33 40 7 37 11 25 35 49 

Inst_Index:8473 	 City_Num:50 	 Concorde:0.056862 	 MCTS:5.686184 Improve:-0.000000 	 Time:5.00 Seconds
Solution: 1 12 17 14 45 39 49 11 32 5 16 28 50 20 23 34 48 8 35 47 40 43 37 42 13 7 46 2 3 4 21 33 18 9 29 10 30 38 36 26 44 22 41 6 25 15 24 31 27 19 

Inst_Index:8474 	 City_Num:50 	 Concorde:0.057672 	 MCTS:5.767158 Improve:0.000000 	 Time:5.01 Seconds
Solution: 1 8 19 25 36 15 7 31 9 30 26 13 29 20 34 43 27 16 3 47 40 14 35 37 33 46 42 44 41 4 11 6 38 28 10 50 17 2 18 23 39 21 24 49 5 12 22 48 32 45 

Inst_Index:8475 	 City_Num:50 	 Concorde:0.057973 	 MCTS:5.797259 Improve:-0.000000 	 Time:5.00 Seconds
Solution: 1 45 3 29 24 9 8 18 30 26 11 44 43 36 42 37 15 40 22 50 27 23 17 14 49 21 48 33 38 47 6 20 4 7 13 39 32 16 19 41 5 12 35 28 25 2 31 46 34 10 

Inst_Index:8476 	 City_Num:50 	 Concorde:0.061919 	 MCTS:6.191930 Improve:-0.000000 	 Time:5.01 Seconds
Solution: 1 32 30 12 43 34 15 17 36 49 20 8 38 26 31 22 9 2 46 50 3 25 7 35 11 16 48 19 28 4 10 47 27 29 42 5 40 13 6 14 21 41 44 24 23 33 45 18 37 39 

Inst_Index:8477 	 City_Num:50 	 Concorde:0.054654 	 MCTS:5.462217 Improve:0.003146 	 Time:5.00 Seconds
Solution: 1 2 36 37 47 39 26 24 12 25 32 14 21 7 8 33 11 29 13 20 38 35 6 18 46 19 22 10 44 4 45 49 5 41 27 43 48 40 3 23 15 28 30 17 50 31 42 16 34 9 

Inst_Index:8478 	 City_Num:50 	 Concorde:0.056707 	 MCTS:5.670676 Improve:0.000000 	 Time:5.01 Seconds
Solution: 1 43 36 34 44 27 8 32 50 37 41 25 21 33 6 39 19 18 14 42 30 45 15 5 3 2 29 31 49 46 24 28 17 10 35 40 48 22 38 7 47 26 23 20 12 11 4 13 9 16 

Inst_Index:8479 	 City_Num:50 	 Concorde:0.057462 	 MCTS:5.743738 Improve:0.002448 	 Time:5.00 Seconds
Solution: 1 12 30 4 37 3 40 13 34 8 7 31 35 28 15 50 9 14 33 10 26 18 45 47 11 25 44 16 22 27 38 23 5 6 24 36 29 49 41 48 19 46 20 32 39 17 43 21 2 42 

Inst_Index:8480 	 City_Num:50 	 Concorde:0.056582 	 MCTS:5.658162 Improve:0.000000 	 Time:5.00 Seconds
Solution: 1 40 12 42 28 8 13 14 44 4 7 41 31 30 39 36 25 2 48 26 6 9 5 17 45 16 10 33 21 19 20 38 50 23 43 3 11 35 47 24 27 15 29 22 34 32 18 46 37 49 

Inst_Index:8481 	 City_Num:50 	 Concorde:0.055291 	 MCTS:5.527763 Improve:0.001369 	 Time:5.00 Seconds
Solution: 1 48 4 25 13 12 8 35 38 22 19 10 50 33 24 29 45 2 28 20 5 21 41 15 49 43 44 18 16 6 40 11 36 9 14 32 37 30 3 47 7 27 42 23 46 34 39 17 31 26 

Inst_Index:8482 	 City_Num:50 	 Concorde:0.057069 	 MCTS:5.706893 Improve:-0.000000 	 Time:5.01 Seconds
Solution: 1 2 48 31 7 18 38 4 47 21 39 9 33 14 44 34 11 40 24 49 19 27 29 42 43 3 17 13 8 28 37 23 16 36 35 10 5 6 30 12 45 32 41 22 50 15 46 20 25 26 

Inst_Index:8483 	 City_Num:50 	 Concorde:0.057843 	 MCTS:5.783282 Improve:0.001060 	 Time:5.00 Seconds
Solution: 1 45 11 32 6 10 9 24 12 18 25 29 48 2 26 23 8 37 46 36 5 41 38 19 4 42 7 22 27 20 44 40 30 49 21 33 31 50 14 17 35 43 15 13 3 39 47 34 16 28 

Inst_Index:8484 	 City_Num:50 	 Concorde:0.059570 	 MCTS:5.956973 Improve:0.000000 	 Time:5.00 Seconds
Solution: 1 17 6 19 33 48 14 10 39 47 22 40 29 20 24 16 50 9 3 26 32 5 25 21 4 13 15 37 45 42 23 36 8 49 35 31 7 38 44 18 43 34 12 2 11 27 30 41 28 46 

Inst_Index:8485 	 City_Num:50 	 Concorde:0.052057 	 MCTS:5.205705 Improve:-0.000000 	 Time:5.00 Seconds
Solution: 1 6 39 14 23 21 31 5 26 38 37 33 44 4 34 42 18 32 20 49 22 28 16 46 45 48 30 40 47 24 10 9 50 13 41 8 3 19 2 25 43 29 7 12 35 17 27 11 15 36 

Inst_Index:8486 	 City_Num:50 	 Concorde:0.054730 	 MCTS:5.473027 Improve:0.000000 	 Time:5.01 Seconds
Solution: 1 50 24 6 17 30 31 16 12 14 48 11 3 32 43 4 23 38 15 20 2 41 25 42 5 49 34 22 27 36 13 10 21 37 45 47 33 7 28 46 29 44 39 19 40 8 35 26 18 9 

Inst_Index:8487 	 City_Num:50 	 Concorde:0.058854 	 MCTS:5.876404 Improve:0.009032 	 Time:5.00 Seconds
Solution: 1 38 16 26 42 43 19 22 48 4 36 34 8 27 5 30 44 15 40 20 35 2 10 47 39 21 12 45 14 32 13 6 7 28 3 46 18 25 37 33 9 31 11 17 29 49 23 50 41 24 

Inst_Index:8488 	 City_Num:50 	 Concorde:0.058941 	 MCTS:5.894105 Improve:-0.000000 	 Time:5.00 Seconds
Solution: 1 27 34 39 4 2 44 46 25 23 5 26 48 28 37 15 18 16 43 50 38 29 22 45 11 49 17 31 3 8 36 33 47 10 20 24 7 42 30 32 14 21 40 12 13 6 35 41 19 9 

Inst_Index:8489 	 City_Num:50 	 Concorde:0.058987 	 MCTS:5.898684 Improve:-0.000000 	 Time:5.01 Seconds
Solution: 1 10 50 16 40 4 47 27 3 30 13 9 33 35 38 41 26 25 18 48 11 43 23 24 37 31 5 6 45 32 2 20 34 15 22 44 36 12 21 28 7 39 42 29 46 49 17 14 19 8 

Inst_Index:8490 	 City_Num:50 	 Concorde:0.057407 	 MCTS:5.740662 Improve:-0.000000 	 Time:5.00 Seconds
Solution: 1 12 39 11 35 29 2 10 15 50 14 41 26 46 25 30 23 3 4 32 33 34 22 47 38 48 40 27 9 31 42 19 7 45 8 6 17 20 28 44 37 13 49 43 36 18 16 21 5 24 

Inst_Index:8491 	 City_Num:50 	 Concorde:0.059376 	 MCTS:5.929857 Improve:0.007708 	 Time:5.00 Seconds
Solution: 1 26 24 37 8 11 2 14 17 33 21 15 4 43 29 13 38 5 40 35 12 39 16 7 25 42 3 49 20 18 22 28 47 31 34 6 50 23 30 36 10 27 19 32 9 44 48 46 41 45 

Inst_Index:8492 	 City_Num:50 	 Concorde:0.058689 	 MCTS:5.868907 Improve:0.000000 	 Time:5.00 Seconds
Solution: 1 43 6 14 22 47 5 8 20 18 38 49 35 26 39 7 30 11 27 36 33 4 9 29 46 41 48 12 42 28 13 37 32 3 44 45 31 17 40 10 21 50 15 23 16 24 19 2 25 34 

Inst_Index:8493 	 City_Num:50 	 Concorde:0.057011 	 MCTS:5.693158 Improve:0.007905 	 Time:5.01 Seconds
Solution: 1 28 30 49 31 4 37 10 22 27 21 29 48 3 40 36 12 17 43 42 16 47 35 34 24 2 26 8 39 19 9 13 46 32 45 50 5 15 33 25 6 18 23 44 41 14 38 7 20 11 

Inst_Index:8494 	 City_Num:50 	 Concorde:0.050318 	 MCTS:5.031816 Improve:0.000000 	 Time:5.00 Seconds
Solution: 1 36 7 31 23 46 16 13 30 24 4 18 15 38 11 37 50 43 25 22 2 9 28 44 19 47 26 34 5 32 48 40 10 6 8 29 17 49 41 35 27 12 3 14 20 39 42 33 45 21 

Inst_Index:8495 	 City_Num:50 	 Concorde:0.056547 	 MCTS:5.632696 Improve:0.022050 	 Time:5.00 Seconds
Solution: 1 41 39 18 28 11 42 19 31 25 35 3 7 24 46 44 21 9 8 16 40 38 29 45 6 5 43 12 26 15 47 50 22 20 30 2 10 37 23 33 49 4 17 27 34 14 32 13 36 48 

Inst_Index:8496 	 City_Num:50 	 Concorde:0.053492 	 MCTS:5.349186 Improve:0.000000 	 Time:5.00 Seconds
Solution: 1 8 50 4 10 41 34 33 45 38 6 39 11 2 48 22 28 24 13 29 3 20 21 18 37 19 25 44 16 35 36 7 31 9 12 30 46 40 23 42 15 17 14 5 26 43 27 47 49 32 

Inst_Index:8497 	 City_Num:50 	 Concorde:0.055169 	 MCTS:5.516864 Improve:0.000000 	 Time:5.00 Seconds
Solution: 1 11 10 12 7 40 45 48 27 43 15 6 50 14 36 23 31 17 8 28 39 21 46 18 13 5 44 32 4 26 35 16 41 25 34 33 20 2 24 9 38 37 30 49 3 19 29 47 42 22 

Inst_Index:8498 	 City_Num:50 	 Concorde:0.059375 	 MCTS:5.937517 Improve:0.000000 	 Time:5.00 Seconds
Solution: 1 40 19 38 8 20 3 47 2 13 42 28 7 35 16 5 48 17 12 33 26 43 9 44 6 32 29 45 36 24 22 23 31 39 18 27 15 21 11 30 14 49 10 4 50 25 41 46 34 37 

Inst_Index:8499 	 City_Num:50 	 Concorde:0.058468 	 MCTS:5.846035 Improve:0.000722 	 Time:5.01 Seconds
Solution: 1 9 42 34 26 3 12 40 32 14 23 45 22 10 49 33 39 7 36 25 15 21 13 31 46 4 28 20 16 35 47 38 24 18 2 48 17 30 50 19 11 6 5 37 27 41 43 29 8 44 

Inst_Index:8500 	 City_Num:50 	 Concorde:0.053504 	 MCTS:5.349237 Improve:0.001176 	 Time:5.00 Seconds
Solution: 1 22 45 50 49 6 38 3 25 29 35 24 9 48 31 19 46 23 43 47 36 2 30 28 16 12 39 4 5 33 7 20 27 14 32 26 42 34 17 10 18 8 13 37 15 41 11 44 40 21 

Inst_Index:8501 	 City_Num:50 	 Concorde:0.061380 	 MCTS:6.138030 Improve:-0.000000 	 Time:5.01 Seconds
Solution: 1 22 49 9 15 21 25 17 32 45 47 3 8 13 30 50 11 31 16 7 34 29 42 23 4 28 5 33 36 20 12 18 46 41 44 27 6 40 35 19 14 26 48 24 38 37 39 43 2 10 

Inst_Index:8502 	 City_Num:50 	 Concorde:0.054411 	 MCTS:5.440612 Improve:0.000441 	 Time:5.00 Seconds
Solution: 1 15 48 18 49 44 35 20 9 26 17 5 3 28 37 25 40 10 50 29 12 21 19 41 7 22 6 33 4 31 14 11 34 43 16 23 13 46 45 32 30 8 42 27 38 24 39 2 47 36 

Inst_Index:8503 	 City_Num:50 	 Concorde:0.060164 	 MCTS:6.016412 Improve:-0.000000 	 Time:5.00 Seconds
Solution: 1 13 37 45 22 23 18 6 2 36 11 20 30 7 26 46 47 32 39 24 8 31 49 3 27 16 34 4 28 25 33 50 43 29 19 9 17 21 15 40 35 14 12 41 10 38 5 48 42 44 

Inst_Index:8504 	 City_Num:50 	 Concorde:0.056418 	 MCTS:5.641825 Improve:0.000000 	 Time:5.00 Seconds
Solution: 1 22 20 50 25 31 41 11 38 6 36 8 45 17 18 4 27 44 7 10 23 14 32 19 48 13 16 29 28 47 37 2 5 33 49 39 9 24 3 42 43 26 40 15 30 35 34 12 21 46 

Inst_Index:8505 	 City_Num:50 	 Concorde:0.054734 	 MCTS:5.478647 Improve:-0.005244 	 Time:5.00 Seconds
Solution: 1 2 3 26 11 50 33 28 47 43 20 7 23 32 6 8 17 42 4 44 10 15 35 16 9 29 21 41 30 48 34 31 24 38 37 18 5 12 45 49 13 46 39 36 27 25 40 19 14 22 

Inst_Index:8506 	 City_Num:50 	 Concorde:0.058920 	 MCTS:5.888249 Improve:0.003801 	 Time:5.00 Seconds
Solution: 1 38 40 33 14 42 20 45 26 27 11 18 43 4 34 3 12 8 19 9 37 47 31 41 17 36 2 48 7 21 50 6 13 16 32 23 49 28 44 30 15 5 29 24 10 46 39 25 35 22 

Inst_Index:8507 	 City_Num:50 	 Concorde:0.055541 	 MCTS:5.552692 Improve:0.001404 	 Time:5.00 Seconds
Solution: 1 40 7 39 10 48 24 8 29 25 19 2 45 13 14 30 47 5 23 18 37 35 12 27 36 9 26 3 22 15 43 28 38 21 16 34 33 20 46 49 42 41 6 11 31 32 50 17 44 4 

Inst_Index:8508 	 City_Num:50 	 Concorde:0.057399 	 MCTS:5.739928 Improve:-0.000000 	 Time:5.00 Seconds
Solution: 1 45 9 15 20 3 35 7 47 40 11 50 23 43 37 28 2 30 36 39 38 44 17 21 25 5 31 10 22 16 13 29 48 42 27 19 34 32 14 12 4 6 18 33 8 24 41 46 49 26 

Inst_Index:8509 	 City_Num:50 	 Concorde:0.057691 	 MCTS:5.769143 Improve:0.000000 	 Time:5.00 Seconds
Solution: 1 9 6 36 5 21 20 49 24 26 2 15 45 29 12 17 48 7 40 31 3 35 47 46 50 8 16 4 13 10 41 22 27 43 11 37 44 33 14 42 39 23 28 25 34 32 19 38 18 30 

Inst_Index:8510 	 City_Num:50 	 Concorde:0.054525 	 MCTS:5.452508 Improve:0.000000 	 Time:5.01 Seconds
Solution: 1 35 12 2 44 20 41 11 21 42 49 3 25 17 45 22 37 19 5 9 8 16 14 13 18 39 26 47 43 29 31 40 10 38 23 15 46 36 50 48 4 30 6 33 7 28 34 24 27 32 

Inst_Index:8511 	 City_Num:50 	 Concorde:0.058490 	 MCTS:5.848957 Improve:0.000000 	 Time:5.01 Seconds
Solution: 1 2 11 23 6 44 7 45 17 28 14 9 34 32 47 22 50 10 19 35 18 43 27 20 41 16 31 38 29 8 13 37 39 36 5 15 26 40 25 21 12 33 4 24 48 46 30 49 3 42 

Inst_Index:8512 	 City_Num:50 	 Concorde:0.054571 	 MCTS:5.457058 Improve:-0.000000 	 Time:5.00 Seconds
Solution: 1 29 24 4 3 38 11 15 21 37 34 8 49 19 5 20 6 45 31 22 17 9 25 32 26 23 39 46 41 50 18 47 43 12 33 35 2 16 28 42 36 27 13 30 40 7 48 10 14 44 

Inst_Index:8513 	 City_Num:50 	 Concorde:0.059225 	 MCTS:5.922498 Improve:0.000000 	 Time:5.00 Seconds
Solution: 1 8 10 41 3 25 45 37 6 18 20 12 9 44 38 36 24 46 15 28 43 29 30 11 23 32 14 13 21 19 47 34 2 39 40 16 5 22 26 17 42 48 35 49 50 27 4 7 33 31 

Inst_Index:8514 	 City_Num:50 	 Concorde:0.057807 	 MCTS:5.780675 Improve:-0.000000 	 Time:5.01 Seconds
Solution: 1 15 29 19 20 17 43 39 9 38 11 37 36 41 8 22 31 23 5 4 24 48 27 14 46 6 45 28 18 13 12 25 49 33 32 3 42 21 47 40 16 7 50 44 35 30 34 10 2 26 

Inst_Index:8515 	 City_Num:50 	 Concorde:0.059091 	 MCTS:5.909143 Improve:0.000000 	 Time:5.01 Seconds
Solution: 1 5 42 31 21 6 50 49 20 29 18 11 38 8 4 17 32 26 36 37 33 7 9 41 24 12 39 35 3 10 45 34 13 23 16 15 22 30 46 47 28 25 27 43 44 2 48 40 14 19 

Inst_Index:8516 	 City_Num:50 	 Concorde:0.059262 	 MCTS:5.926225 Improve:0.000000 	 Time:5.00 Seconds
Solution: 1 43 46 30 34 35 40 45 22 41 39 21 29 38 31 14 13 28 44 42 12 7 5 47 4 25 20 2 11 19 23 48 26 17 33 50 37 27 9 36 24 3 8 16 49 18 10 15 32 6 

Inst_Index:8517 	 City_Num:50 	 Concorde:0.053262 	 MCTS:5.325661 Improve:0.000534 	 Time:5.00 Seconds
Solution: 1 25 46 43 31 14 39 35 34 5 27 40 29 42 4 41 3 32 36 38 2 50 48 13 22 16 9 7 23 28 26 24 15 30 49 33 17 21 37 18 10 19 11 8 20 12 6 44 47 45 

Inst_Index:8518 	 City_Num:50 	 Concorde:0.054096 	 MCTS:5.409571 Improve:-0.000000 	 Time:5.00 Seconds
Solution: 1 12 14 32 34 9 31 7 39 29 30 21 28 5 38 42 10 45 25 23 47 8 13 6 11 46 19 44 48 41 24 35 15 17 4 43 18 3 50 16 20 2 49 26 27 40 22 33 36 37 

Inst_Index:8519 	 City_Num:50 	 Concorde:0.060826 	 MCTS:6.082610 Improve:0.000000 	 Time:5.01 Seconds
Solution: 1 37 24 17 25 10 20 2 29 40 14 26 19 30 23 22 36 15 11 48 38 49 50 18 39 34 3 47 32 6 33 16 44 42 5 43 46 21 28 35 31 7 12 45 4 27 13 9 41 8 

Inst_Index:8520 	 City_Num:50 	 Concorde:0.057605 	 MCTS:5.760457 Improve:0.000000 	 Time:5.02 Seconds
Solution: 1 19 44 23 22 14 27 35 39 21 12 50 49 33 29 32 31 6 34 40 5 37 26 42 24 48 11 30 43 9 47 16 20 38 15 25 46 4 3 10 13 28 2 7 18 36 41 8 45 17 

Inst_Index:8521 	 City_Num:50 	 Concorde:0.051726 	 MCTS:5.172575 Improve:-0.000000 	 Time:5.00 Seconds
Solution: 1 30 8 12 16 23 5 41 39 13 24 14 9 25 49 28 46 42 22 37 15 11 31 29 50 3 10 40 32 21 48 27 4 38 47 35 33 6 36 34 2 18 26 19 44 17 45 7 43 20 

Inst_Index:8522 	 City_Num:50 	 Concorde:0.057330 	 MCTS:5.732641 Improve:0.000317 	 Time:5.00 Seconds
Solution: 1 20 24 31 37 35 21 23 43 15 27 9 14 45 19 5 12 33 3 50 32 7 39 28 29 47 11 13 40 17 8 25 4 34 26 6 10 42 30 36 48 41 38 16 18 46 22 49 2 44 

Inst_Index:8523 	 City_Num:50 	 Concorde:0.049473 	 MCTS:4.947322 Improve:0.000000 	 Time:5.00 Seconds
Solution: 1 6 35 27 13 17 15 20 39 48 34 14 7 45 16 42 11 28 9 46 41 19 12 4 33 3 26 36 43 31 44 24 30 2 38 49 25 50 32 37 47 40 23 18 8 22 21 10 5 29 

Inst_Index:8524 	 City_Num:50 	 Concorde:0.055922 	 MCTS:5.592172 Improve:0.000000 	 Time:5.00 Seconds
Solution: 1 16 25 10 36 38 31 19 21 45 11 4 22 6 2 30 12 14 23 49 3 15 18 9 7 34 39 20 8 46 27 40 35 24 50 47 41 32 33 48 43 29 26 5 37 44 13 17 42 28 

Inst_Index:8525 	 City_Num:50 	 Concorde:0.054135 	 MCTS:5.413533 Improve:0.000000 	 Time:5.00 Seconds
Solution: 1 37 36 27 29 44 41 31 38 47 3 19 35 39 49 30 46 16 6 23 15 20 13 42 22 5 17 18 40 8 7 45 28 50 14 26 2 48 12 43 11 25 33 9 21 4 32 24 34 10 

Inst_Index:8526 	 City_Num:50 	 Concorde:0.052551 	 MCTS:5.255072 Improve:-0.000000 	 Time:5.00 Seconds
Solution: 1 14 7 35 31 49 30 24 22 27 9 2 45 6 16 32 25 8 50 13 42 41 40 17 10 38 20 23 18 37 44 3 34 29 12 15 43 36 33 26 21 48 28 11 5 47 46 4 19 39 

Inst_Index:8527 	 City_Num:50 	 Concorde:0.047936 	 MCTS:4.787934 Improve:0.005677 	 Time:5.01 Seconds
Solution: 1 12 14 27 4 9 45 24 8 41 40 13 7 33 3 2 16 36 37 30 47 46 50 43 25 34 42 38 26 20 39 23 28 21 44 11 32 22 35 19 5 18 15 31 48 29 10 49 17 6 

Inst_Index:8528 	 City_Num:50 	 Concorde:0.056267 	 MCTS:5.626694 Improve:0.000000 	 Time:5.00 Seconds
Solution: 1 27 28 8 19 30 6 7 38 29 2 33 18 45 34 9 25 11 3 36 50 22 41 46 39 31 14 15 32 4 12 24 13 21 35 48 47 37 49 42 44 20 26 10 17 40 43 23 16 5 

Inst_Index:8529 	 City_Num:50 	 Concorde:0.057425 	 MCTS:5.739771 Improve:0.002760 	 Time:5.00 Seconds
Solution: 1 33 37 39 35 25 24 49 2 46 3 45 44 8 29 15 5 27 12 43 4 42 28 22 26 47 38 34 16 10 6 36 11 7 19 50 48 31 23 30 40 9 20 18 17 32 41 13 21 14 

Inst_Index:8530 	 City_Num:50 	 Concorde:0.057947 	 MCTS:5.794654 Improve:0.000000 	 Time:5.00 Seconds
Solution: 1 26 49 8 20 30 28 39 34 13 25 42 19 36 11 22 32 3 43 16 7 9 5 40 48 37 45 27 33 35 10 4 23 50 6 31 18 2 21 44 15 46 17 47 29 14 38 41 24 12 

Inst_Index:8531 	 City_Num:50 	 Concorde:0.058906 	 MCTS:5.889865 Improve:0.000686 	 Time:5.01 Seconds
Solution: 1 12 39 18 13 43 5 35 11 17 9 31 29 6 2 42 4 47 49 34 3 48 23 22 44 41 46 36 27 40 45 50 10 16 15 21 7 38 25 20 37 14 8 30 33 24 19 26 32 28 

Inst_Index:8532 	 City_Num:50 	 Concorde:0.058911 	 MCTS:5.891114 Improve:0.000000 	 Time:5.00 Seconds
Solution: 1 49 43 26 34 30 40 5 8 3 42 27 23 4 12 9 44 45 7 2 36 13 20 33 48 25 16 39 29 15 17 41 22 47 37 21 38 11 31 46 50 19 6 10 32 14 18 28 35 24 

Inst_Index:8533 	 City_Num:50 	 Concorde:0.059346 	 MCTS:5.934563 Improve:0.000000 	 Time:5.00 Seconds
Solution: 1 41 37 20 26 28 38 18 31 9 8 46 50 2 10 25 5 32 13 35 47 30 24 23 3 42 7 33 6 22 49 16 27 14 17 39 19 12 36 11 15 43 21 44 34 4 40 29 48 45 

Inst_Index:8534 	 City_Num:50 	 Concorde:0.056270 	 MCTS:5.626980 Improve:0.000000 	 Time:5.01 Seconds
Solution: 1 25 47 41 31 35 9 19 5 26 21 22 6 16 13 29 36 49 11 42 43 44 8 37 48 4 39 46 30 7 38 14 17 27 12 18 32 33 3 24 15 40 20 10 2 28 50 23 45 34 

Inst_Index:8535 	 City_Num:50 	 Concorde:0.057829 	 MCTS:5.782910 Improve:0.000000 	 Time:5.00 Seconds
Solution: 1 50 32 43 39 4 20 30 37 5 3 47 36 19 26 16 11 22 17 29 33 6 7 8 41 31 34 44 24 35 49 13 38 40 14 15 2 21 12 28 48 25 18 42 45 9 46 23 27 10 

Inst_Index:8536 	 City_Num:50 	 Concorde:0.059676 	 MCTS:5.966423 Improve:0.001128 	 Time:5.00 Seconds
Solution: 1 39 27 15 28 25 5 42 16 29 43 30 45 7 31 49 3 47 41 6 4 20 18 2 11 21 37 12 14 46 9 36 17 40 38 50 22 24 44 35 26 48 32 13 19 10 34 33 8 23 

Inst_Index:8537 	 City_Num:50 	 Concorde:0.059989 	 MCTS:5.998925 Improve:0.000000 	 Time:5.00 Seconds
Solution: 1 4 10 32 38 42 21 19 7 37 2 5 22 33 46 29 24 3 47 26 13 23 45 12 31 18 14 30 20 44 15 41 25 34 43 39 9 28 16 11 50 48 35 8 6 40 49 36 17 27 

Inst_Index:8538 	 City_Num:50 	 Concorde:0.059412 	 MCTS:5.941220 Improve:-0.000000 	 Time:5.00 Seconds
Solution: 1 48 47 14 40 21 37 26 9 12 31 6 16 42 35 24 30 38 20 28 43 3 33 17 32 11 22 50 4 27 29 41 44 49 13 23 5 45 39 25 18 36 19 15 2 8 7 10 46 34 

Inst_Index:8539 	 City_Num:50 	 Concorde:0.058623 	 MCTS:5.862350 Improve:-0.000000 	 Time:5.00 Seconds
Solution: 1 36 14 50 38 43 6 30 31 27 9 47 41 12 8 39 7 5 46 44 29 18 22 24 32 13 11 33 40 16 2 34 17 35 48 23 3 28 49 4 20 26 42 19 10 25 37 45 15 21 

Inst_Index:8540 	 City_Num:50 	 Concorde:0.054591 	 MCTS:5.455552 Improve:0.003573 	 Time:5.00 Seconds
Solution: 1 48 13 38 42 15 40 10 22 49 9 45 43 35 29 31 32 8 44 14 21 12 30 2 23 24 50 20 27 34 39 37 5 25 47 19 17 28 7 18 46 16 26 6 33 11 4 36 3 41 

Inst_Index:8541 	 City_Num:50 	 Concorde:0.055399 	 MCTS:5.539934 Improve:0.000000 	 Time:5.00 Seconds
Solution: 1 48 23 50 5 30 13 29 14 16 26 32 21 8 31 27 7 24 46 28 17 15 22 19 18 4 2 44 37 9 41 25 40 10 39 45 11 20 6 36 34 33 12 49 38 3 42 47 35 43 

Inst_Index:8542 	 City_Num:50 	 Concorde:0.056412 	 MCTS:5.641152 Improve:0.000000 	 Time:5.00 Seconds
Solution: 1 41 28 46 34 21 8 18 3 25 4 40 11 14 27 38 35 20 50 5 16 22 48 26 17 12 37 49 32 19 39 45 33 44 9 47 24 31 13 15 42 23 43 7 10 29 2 36 30 6 

Inst_Index:8543 	 City_Num:50 	 Concorde:0.052577 	 MCTS:5.253664 Improve:0.004076 	 Time:5.00 Seconds
Solution: 1 50 15 25 13 4 20 27 17 26 32 5 33 48 44 43 16 2 31 12 18 21 47 36 9 19 49 41 11 40 28 34 10 45 30 14 3 7 42 35 23 37 29 46 22 6 24 38 8 39 

Inst_Index:8544 	 City_Num:50 	 Concorde:0.055297 	 MCTS:5.529651 Improve:0.000000 	 Time:5.00 Seconds
Solution: 1 42 22 44 12 41 23 10 7 8 15 24 34 28 3 50 27 45 11 21 20 30 39 32 49 38 19 35 16 6 47 43 37 29 2 4 25 40 14 5 18 17 26 36 31 33 48 46 9 13 

Inst_Index:8545 	 City_Num:50 	 Concorde:0.058475 	 MCTS:5.847478 Improve:0.000000 	 Time:5.00 Seconds
Solution: 1 21 33 40 34 24 9 3 6 4 22 8 14 20 12 16 39 29 38 37 35 47 48 44 18 46 36 17 45 25 28 11 19 10 30 49 27 5 32 23 26 7 43 50 41 2 42 31 15 13 

Inst_Index:8546 	 City_Num:50 	 Concorde:0.054901 	 MCTS:5.487664 Improve:0.002445 	 Time:5.00 Seconds
Solution: 1 34 29 20 17 41 5 50 49 8 31 44 40 42 26 19 35 16 24 43 28 37 12 39 30 2 46 47 11 45 10 13 36 25 3 32 33 14 6 27 23 4 9 38 22 21 18 7 15 48 

Inst_Index:8547 	 City_Num:50 	 Concorde:0.057515 	 MCTS:5.750773 Improve:0.000714 	 Time:5.00 Seconds
Solution: 1 3 38 4 6 35 5 13 39 41 28 22 27 46 19 47 23 9 40 43 10 50 21 7 26 8 29 31 17 15 11 44 34 16 49 32 18 33 36 20 48 24 45 25 37 2 14 30 12 42 

Inst_Index:8548 	 City_Num:50 	 Concorde:0.054686 	 MCTS:5.461423 Improve:0.007131 	 Time:5.00 Seconds
Solution: 1 16 6 17 3 29 19 27 49 43 15 26 30 39 2 7 21 10 34 35 11 41 5 40 36 45 9 38 46 4 47 28 44 12 42 31 50 18 32 24 25 33 22 48 8 20 13 37 23 14 

Inst_Index:8549 	 City_Num:50 	 Concorde:0.055049 	 MCTS:5.503196 Improve:0.001667 	 Time:5.00 Seconds
Solution: 1 13 44 14 39 9 8 50 27 33 26 19 21 49 12 6 4 25 16 41 42 35 7 48 32 3 5 29 2 34 38 47 20 11 37 31 36 30 17 28 40 23 46 10 43 22 15 18 45 24 

Inst_Index:8550 	 City_Num:50 	 Concorde:0.054983 	 MCTS:5.492720 Improve:0.005611 	 Time:5.00 Seconds
Solution: 1 35 12 25 47 37 42 28 4 13 14 17 22 19 34 21 33 31 2 32 29 30 16 10 23 15 50 45 7 39 18 6 26 38 11 43 40 24 8 49 48 9 20 3 36 5 41 44 46 27 

Inst_Index:8551 	 City_Num:50 	 Concorde:0.057712 	 MCTS:5.771223 Improve:0.000000 	 Time:5.00 Seconds
Solution: 1 26 32 45 19 37 2 28 10 44 38 8 40 24 48 30 3 39 23 41 49 12 46 33 36 50 17 34 31 42 9 4 14 15 5 20 7 18 6 47 16 11 35 43 25 29 21 13 27 22 

Inst_Index:8552 	 City_Num:50 	 Concorde:0.053793 	 MCTS:5.378670 Improve:0.000586 	 Time:5.00 Seconds
Solution: 1 47 45 23 26 20 9 11 16 39 3 15 19 12 40 49 5 34 33 28 36 50 8 10 41 18 32 22 46 21 44 24 42 37 29 35 4 6 17 14 43 7 13 30 27 25 48 31 38 2 

Inst_Index:8553 	 City_Num:50 	 Concorde:0.058207 	 MCTS:5.820695 Improve:0.000000 	 Time:5.00 Seconds
Solution: 1 16 9 19 46 45 37 18 24 50 48 39 28 10 22 8 30 49 23 20 33 12 31 13 47 27 32 21 40 14 4 15 17 5 25 38 41 42 29 6 11 3 26 7 43 34 2 44 35 36 

Inst_Index:8554 	 City_Num:50 	 Concorde:0.054262 	 MCTS:5.426160 Improve:-0.000000 	 Time:5.01 Seconds
Solution: 1 29 9 14 25 46 3 45 44 37 27 17 15 50 33 38 32 49 4 6 42 16 18 21 23 20 22 43 8 13 28 31 40 2 11 41 30 5 19 26 48 39 12 10 36 24 7 47 35 34 

Inst_Index:8555 	 City_Num:50 	 Concorde:0.057300 	 MCTS:5.728852 Improve:0.001126 	 Time:5.00 Seconds
Solution: 1 12 5 33 22 46 39 3 27 30 2 19 4 32 21 47 45 26 42 20 43 13 16 28 6 18 11 50 48 31 41 14 17 24 7 34 49 44 9 38 8 29 35 10 40 37 23 36 25 15 

Inst_Index:8556 	 City_Num:50 	 Concorde:0.058019 	 MCTS:5.801877 Improve:0.000000 	 Time:5.00 Seconds
Solution: 1 19 37 22 38 8 41 10 28 11 32 49 4 42 2 34 24 3 15 36 26 14 48 6 20 18 25 45 31 33 30 17 13 16 35 29 12 46 40 43 27 39 9 23 21 44 7 50 5 47 

Inst_Index:8557 	 City_Num:50 	 Concorde:0.056441 	 MCTS:5.644078 Improve:0.000000 	 Time:5.00 Seconds
Solution: 1 41 38 47 8 22 10 43 29 7 17 50 48 49 31 46 12 3 37 13 6 26 23 28 25 27 42 39 5 18 45 11 34 30 20 4 32 33 40 36 35 24 9 14 21 15 16 19 2 44 

Inst_Index:8558 	 City_Num:50 	 Concorde:0.060484 	 MCTS:6.042669 Improve:0.005779 	 Time:5.00 Seconds
Solution: 1 24 5 23 35 10 8 2 32 38 22 36 40 43 6 19 14 50 49 42 29 37 30 16 9 26 41 4 34 11 25 7 21 12 48 20 13 39 45 47 3 17 44 31 28 46 18 27 33 15 

Inst_Index:8559 	 City_Num:50 	 Concorde:0.057672 	 MCTS:5.767196 Improve:0.000000 	 Time:5.00 Seconds
Solution: 1 11 21 13 32 37 9 5 16 42 4 36 46 20 14 34 19 12 30 45 40 15 18 2 43 6 17 41 47 31 28 33 10 7 25 27 35 48 50 22 44 39 49 24 8 26 3 38 29 23 

Inst_Index:8560 	 City_Num:50 	 Concorde:0.058993 	 MCTS:5.899318 Improve:0.000000 	 Time:5.00 Seconds
Solution: 1 2 38 4 43 17 27 21 16 25 12 48 28 47 5 24 23 9 6 44 15 8 33 14 46 40 45 30 34 11 37 20 31 13 29 10 36 41 50 39 32 49 35 19 26 3 42 18 7 22 

Inst_Index:8561 	 City_Num:50 	 Concorde:0.054290 	 MCTS:5.429006 Improve:-0.000000 	 Time:5.00 Seconds
Solution: 1 47 6 28 37 18 24 15 14 34 43 44 36 26 49 19 11 4 23 35 42 38 39 5 25 3 32 30 29 20 22 33 40 50 13 12 16 2 31 8 7 48 17 9 27 46 21 10 45 41 

Inst_Index:8562 	 City_Num:50 	 Concorde:0.062126 	 MCTS:6.212608 Improve:-0.000000 	 Time:5.00 Seconds
Solution: 1 13 12 5 50 2 39 33 21 31 46 9 14 20 45 22 49 18 11 41 35 6 30 25 28 26 27 34 36 23 19 3 4 48 8 37 42 15 7 17 10 32 24 29 47 43 44 40 16 38 

Inst_Index:8563 	 City_Num:50 	 Concorde:0.057847 	 MCTS:5.784711 Improve:-0.000000 	 Time:5.00 Seconds
Solution: 1 36 23 33 46 39 28 42 32 20 13 17 7 10 47 6 31 2 22 21 27 38 48 50 43 26 44 3 34 37 40 4 24 35 25 29 15 11 14 45 19 12 8 18 41 49 9 30 5 16 

Inst_Index:8564 	 City_Num:50 	 Concorde:0.059675 	 MCTS:5.967519 Improve:0.000000 	 Time:5.00 Seconds
Solution: 1 35 26 28 2 16 29 9 37 38 14 11 6 19 18 10 27 48 8 45 13 20 36 39 43 42 33 49 15 31 46 12 30 34 4 21 23 5 3 7 32 41 25 44 24 40 50 47 22 17 

Inst_Index:8565 	 City_Num:50 	 Concorde:0.056623 	 MCTS:5.662318 Improve:0.000000 	 Time:5.00 Seconds
Solution: 1 39 46 2 25 21 37 8 22 4 5 38 49 10 45 18 35 27 26 11 47 32 12 20 30 36 42 17 44 9 6 16 7 48 14 33 15 24 28 43 41 31 34 13 50 29 40 23 19 3 

Inst_Index:8566 	 City_Num:50 	 Concorde:0.060620 	 MCTS:6.061592 Improve:0.000365 	 Time:5.00 Seconds
Solution: 1 4 32 2 19 24 43 16 37 39 17 25 44 8 3 5 48 33 13 47 22 49 45 23 11 50 9 36 27 34 21 29 38 7 15 26 20 41 35 28 31 10 40 14 30 12 6 18 46 42 

Inst_Index:8567 	 City_Num:50 	 Concorde:0.056245 	 MCTS:5.624530 Improve:0.000000 	 Time:5.00 Seconds
Solution: 1 2 15 17 8 42 49 48 21 41 39 34 50 31 13 11 16 24 6 30 44 25 23 3 45 5 38 26 35 28 36 19 46 37 18 14 12 4 43 27 47 32 20 22 10 33 29 9 40 7 

Inst_Index:8568 	 City_Num:50 	 Concorde:0.057966 	 MCTS:5.796617 Improve:0.000000 	 Time:5.02 Seconds
Solution: 1 5 7 43 12 38 9 34 45 15 26 8 35 13 44 37 18 42 6 50 36 25 20 16 4 23 41 40 27 14 30 32 29 10 28 19 47 24 11 39 31 46 48 17 22 49 2 3 33 21 

Inst_Index:8569 	 City_Num:50 	 Concorde:0.059469 	 MCTS:5.946948 Improve:0.000000 	 Time:5.00 Seconds
Solution: 1 28 36 47 24 9 30 15 44 45 10 50 20 40 43 33 46 5 41 18 13 8 12 25 21 29 7 14 49 11 2 35 34 31 4 48 22 23 42 37 39 32 6 38 3 19 26 17 16 27 

Inst_Index:8570 	 City_Num:50 	 Concorde:0.056659 	 MCTS:5.665900 Improve:-0.000000 	 Time:5.00 Seconds
Solution: 1 41 38 25 44 2 27 47 39 35 45 49 28 12 24 42 50 11 21 40 46 3 18 10 29 36 7 17 13 19 30 31 33 5 48 32 15 20 8 9 26 16 23 43 37 4 22 14 6 34 

Inst_Index:8571 	 City_Num:50 	 Concorde:0.058979 	 MCTS:5.926914 Improve:-0.028993 	 Time:5.00 Seconds
Solution: 1 38 19 14 21 13 25 5 35 34 26 18 10 29 50 4 37 22 24 44 32 39 23 28 11 41 15 45 33 40 43 36 8 17 7 20 47 42 30 9 6 27 12 3 46 48 2 16 49 31 

Inst_Index:8572 	 City_Num:50 	 Concorde:0.057503 	 MCTS:5.750464 Improve:-0.000125 	 Time:5.00 Seconds
Solution: 1 39 40 31 42 6 14 18 8 30 13 10 29 32 34 33 49 12 2 50 11 45 28 38 22 17 27 19 43 16 23 44 26 41 21 3 24 46 37 36 20 5 15 9 25 4 48 35 7 47 

Inst_Index:8573 	 City_Num:50 	 Concorde:0.053092 	 MCTS:5.309171 Improve:-0.000000 	 Time:5.00 Seconds
Solution: 1 40 24 29 44 18 32 48 15 46 49 39 27 12 43 28 31 10 36 33 42 30 47 3 21 23 22 4 16 41 38 7 17 20 8 13 6 2 11 25 35 34 37 14 19 9 26 50 5 45 

Inst_Index:8574 	 City_Num:50 	 Concorde:0.060938 	 MCTS:6.093838 Improve:-0.000000 	 Time:5.00 Seconds
Solution: 1 25 35 20 48 21 28 22 3 7 4 44 14 18 2 31 13 46 40 5 47 11 33 23 6 29 19 32 10 15 9 16 26 17 49 34 24 12 50 38 37 41 42 43 45 36 30 8 27 39 

Inst_Index:8575 	 City_Num:50 	 Concorde:0.057228 	 MCTS:5.722814 Improve:0.000000 	 Time:5.00 Seconds
Solution: 1 24 9 46 48 32 45 4 28 10 18 34 17 39 19 20 35 31 33 23 15 7 26 50 22 40 38 44 11 41 36 12 27 8 13 2 14 3 25 21 16 6 30 5 37 43 47 42 29 49 

Inst_Index:8576 	 City_Num:50 	 Concorde:0.058456 	 MCTS:5.843063 Improve:0.002581 	 Time:5.01 Seconds
Solution: 1 29 20 40 18 4 10 42 11 33 8 15 2 36 41 22 31 37 23 13 34 6 28 21 24 5 26 49 30 48 50 32 14 27 19 38 47 39 25 46 35 12 3 45 44 9 43 7 16 17 

Inst_Index:8577 	 City_Num:50 	 Concorde:0.060719 	 MCTS:6.069799 Improve:0.002131 	 Time:5.00 Seconds
Solution: 1 26 25 24 18 6 4 17 43 2 35 37 39 14 34 13 21 50 9 5 44 42 22 8 48 12 45 36 31 7 10 30 27 15 20 49 41 38 33 11 40 28 23 47 3 29 46 16 19 32 

Inst_Index:8578 	 City_Num:50 	 Concorde:0.058604 	 MCTS:5.857430 Improve:0.002997 	 Time:5.00 Seconds
Solution: 1 38 12 9 6 40 34 48 19 29 17 13 28 5 2 18 50 30 25 7 49 45 33 36 24 11 20 32 23 41 8 16 4 39 37 22 43 27 10 21 3 26 31 15 46 44 47 35 42 14 

Inst_Index:8579 	 City_Num:50 	 Concorde:0.053798 	 MCTS:5.378742 Improve:0.001013 	 Time:5.00 Seconds
Solution: 1 40 2 27 7 5 21 31 11 44 32 18 12 19 35 17 14 48 20 25 3 49 28 29 23 26 39 24 50 42 15 43 33 36 6 13 10 16 30 45 9 41 34 37 47 4 46 38 22 8 

Inst_Index:8580 	 City_Num:50 	 Concorde:0.054652 	 MCTS:5.465163 Improve:0.000000 	 Time:5.00 Seconds
Solution: 1 41 29 26 3 10 31 14 50 9 22 35 39 21 20 4 11 27 32 38 34 23 18 5 30 15 7 24 13 17 46 12 44 19 42 25 2 48 36 49 16 37 28 45 6 43 40 33 47 8 

Inst_Index:8581 	 City_Num:50 	 Concorde:0.058560 	 MCTS:5.856012 Improve:0.000000 	 Time:5.00 Seconds
Solution: 1 49 10 6 5 13 23 3 17 2 7 9 27 43 33 39 8 11 24 20 31 22 45 48 14 18 41 21 37 32 26 15 47 19 42 30 36 34 44 50 4 16 29 40 46 28 25 38 12 35 

Inst_Index:8582 	 City_Num:50 	 Concorde:0.056649 	 MCTS:5.664893 Improve:0.000000 	 Time:5.00 Seconds
Solution: 1 40 8 28 50 37 2 49 35 42 15 29 12 27 26 16 41 19 4 45 48 11 25 20 34 43 7 3 5 30 9 22 13 21 14 18 31 23 10 6 44 17 32 36 33 46 38 47 24 39 

Inst_Index:8583 	 City_Num:50 	 Concorde:0.055048 	 MCTS:5.502514 Improve:0.002325 	 Time:5.00 Seconds
Solution: 1 30 12 32 26 22 25 43 44 36 45 18 4 27 41 39 46 31 33 38 3 49 28 6 20 14 5 21 19 2 8 48 16 23 9 29 47 35 10 17 40 24 7 13 11 50 37 34 42 15 

Inst_Index:8584 	 City_Num:50 	 Concorde:0.056734 	 MCTS:5.672604 Improve:0.000839 	 Time:5.00 Seconds
Solution: 1 9 4 16 31 26 8 10 28 50 18 42 39 48 11 7 5 37 23 36 45 19 49 30 13 34 38 25 41 3 40 43 33 32 46 35 22 6 29 24 20 15 47 14 21 2 12 44 27 17 

Inst_Index:8585 	 City_Num:50 	 Concorde:0.059342 	 MCTS:5.934152 Improve:0.000000 	 Time:5.00 Seconds
Solution: 1 6 50 11 34 29 37 47 43 36 16 25 28 49 35 18 40 39 42 13 9 19 24 44 21 30 23 26 12 41 14 46 48 45 8 38 32 2 3 31 15 20 7 5 27 4 17 33 22 10 

Inst_Index:8586 	 City_Num:50 	 Concorde:0.059948 	 MCTS:5.994777 Improve:0.000000 	 Time:5.00 Seconds
Solution: 1 3 9 44 4 30 14 10 22 32 49 50 26 36 25 41 7 47 45 27 29 23 2 43 13 34 6 15 37 16 35 11 18 24 8 20 19 46 42 5 33 48 21 28 12 38 40 31 17 39 

Inst_Index:8587 	 City_Num:50 	 Concorde:0.061596 	 MCTS:6.159578 Improve:-0.000000 	 Time:5.00 Seconds
Solution: 1 47 29 30 15 5 37 8 19 20 40 32 39 24 23 27 6 4 12 48 13 18 35 42 50 33 7 3 26 45 14 46 41 9 43 38 25 36 10 49 2 22 34 44 16 11 17 31 28 21 

Inst_Index:8588 	 City_Num:50 	 Concorde:0.055585 	 MCTS:5.558460 Improve:-0.000000 	 Time:5.00 Seconds
Solution: 1 38 5 25 28 13 29 2 41 33 16 10 31 36 11 7 50 22 12 9 40 37 8 18 4 43 30 45 49 6 32 20 14 34 17 42 48 39 3 27 47 26 44 15 46 24 23 19 21 35 

Inst_Index:8589 	 City_Num:50 	 Concorde:0.056680 	 MCTS:5.667962 Improve:0.000000 	 Time:5.00 Seconds
Solution: 1 29 17 40 36 48 11 47 46 23 39 44 45 37 22 12 41 25 9 32 49 6 30 31 10 28 13 4 33 42 3 24 27 26 8 35 50 21 2 43 16 34 14 20 38 5 15 19 7 18 

Inst_Index:8590 	 City_Num:50 	 Concorde:0.057081 	 MCTS:5.708093 Improve:0.000000 	 Time:5.00 Seconds
Solution: 1 26 46 11 38 50 21 25 10 39 18 16 22 13 5 24 6 20 27 29 23 43 36 7 9 49 34 32 33 12 2 19 4 47 44 14 40 35 15 28 45 48 17 8 37 42 31 41 3 30 

Inst_Index:8591 	 City_Num:50 	 Concorde:0.057141 	 MCTS:5.714054 Improve:0.000000 	 Time:5.00 Seconds
Solution: 1 21 44 28 43 49 33 23 48 15 8 24 40 11 42 7 35 36 19 50 29 41 17 39 46 13 45 47 25 34 20 6 37 38 18 4 9 32 31 16 26 30 2 27 14 3 22 12 10 5 

Inst_Index:8592 	 City_Num:50 	 Concorde:0.054702 	 MCTS:5.470159 Improve:-0.000000 	 Time:5.00 Seconds
Solution: 1 2 38 23 40 49 4 12 24 8 42 37 20 45 35 27 10 48 21 14 47 18 11 9 17 46 39 6 28 15 41 30 25 50 29 34 7 32 22 43 26 31 16 33 13 36 44 19 5 3 

Inst_Index:8593 	 City_Num:50 	 Concorde:0.058530 	 MCTS:5.853021 Improve:0.000000 	 Time:5.00 Seconds
Solution: 1 24 18 32 14 13 16 50 9 47 3 23 7 43 49 33 5 40 34 10 45 29 20 35 39 15 30 48 8 19 25 37 11 2 38 6 22 26 21 42 44 41 4 31 36 17 46 12 28 27 

Inst_Index:8594 	 City_Num:50 	 Concorde:0.054783 	 MCTS:5.468875 Improve:0.009449 	 Time:5.00 Seconds
Solution: 1 48 32 42 16 31 14 43 38 47 6 46 19 4 29 2 35 50 27 36 21 24 34 17 5 18 25 11 39 37 10 22 9 45 23 41 26 49 15 3 8 33 13 12 44 30 20 7 28 40 

Inst_Index:8595 	 City_Num:50 	 Concorde:0.059508 	 MCTS:5.950845 Improve:0.000000 	 Time:5.00 Seconds
Solution: 1 28 10 22 27 41 29 5 19 16 11 14 25 13 3 34 20 26 46 17 38 18 43 2 15 48 4 31 21 49 44 23 32 35 9 40 24 42 7 30 50 6 47 37 12 45 36 8 39 33 

Inst_Index:8596 	 City_Num:50 	 Concorde:0.055483 	 MCTS:5.540620 Improve:0.007647 	 Time:5.00 Seconds
Solution: 1 24 32 11 28 36 44 9 35 27 13 50 33 26 18 21 45 48 30 40 4 38 20 2 34 47 43 22 16 41 8 3 15 42 19 29 17 25 46 12 6 7 37 23 39 10 49 31 14 5 

Inst_Index:8597 	 City_Num:50 	 Concorde:0.060983 	 MCTS:6.096648 Improve:0.001697 	 Time:5.00 Seconds
Solution: 1 27 23 33 8 21 28 50 14 2 19 46 24 18 5 40 49 45 26 16 17 34 35 41 10 11 31 32 22 37 47 44 25 7 29 39 48 3 4 43 13 12 30 42 36 9 38 20 15 6 

Inst_Index:8598 	 City_Num:50 	 Concorde:0.054094 	 MCTS:5.409389 Improve:0.000000 	 Time:5.00 Seconds
Solution: 1 29 5 44 23 25 37 28 10 2 9 33 19 35 30 22 12 43 38 18 47 13 24 6 48 26 7 16 49 34 39 40 8 46 21 32 17 31 3 45 42 41 50 14 27 36 11 20 4 15 

Inst_Index:8599 	 City_Num:50 	 Concorde:0.054219 	 MCTS:5.421866 Improve:0.000000 	 Time:5.00 Seconds
Solution: 1 22 41 36 50 30 2 28 38 13 33 44 9 34 7 19 21 27 29 8 42 31 12 3 24 48 39 32 46 45 47 15 49 5 10 18 40 23 4 6 20 14 43 11 16 26 37 25 35 17 

Inst_Index:8600 	 City_Num:50 	 Concorde:0.054552 	 MCTS:5.455224 Improve:0.000000 	 Time:5.01 Seconds
Solution: 1 12 44 5 8 38 36 43 16 9 26 31 18 20 14 21 47 37 28 22 11 34 39 23 24 45 3 17 10 46 42 29 4 32 19 50 40 2 6 33 30 7 35 49 27 13 15 25 48 41 

Inst_Index:8601 	 City_Num:50 	 Concorde:0.057863 	 MCTS:5.781036 Improve:0.005215 	 Time:5.00 Seconds
Solution: 1 42 3 33 47 24 49 38 11 9 8 4 17 23 21 44 40 34 43 46 41 50 13 7 15 16 27 39 22 31 6 36 19 37 28 14 32 20 30 2 12 29 25 5 48 18 35 26 45 10 

Inst_Index:8602 	 City_Num:50 	 Concorde:0.058972 	 MCTS:5.893314 Improve:0.003856 	 Time:5.00 Seconds
Solution: 1 20 33 39 34 23 48 50 46 11 16 36 18 14 38 7 47 43 32 29 19 31 15 26 12 45 49 44 35 4 3 27 42 22 21 2 17 37 9 25 40 10 41 24 13 6 5 30 8 28 

Inst_Index:8603 	 City_Num:50 	 Concorde:0.055956 	 MCTS:5.591420 Improve:0.004158 	 Time:5.00 Seconds
Solution: 1 39 31 10 12 27 41 44 15 45 7 33 13 37 38 43 48 35 9 2 18 24 5 25 6 14 17 40 8 42 34 50 16 4 49 30 19 36 21 28 26 47 22 20 29 11 23 46 3 32 

Inst_Index:8604 	 City_Num:50 	 Concorde:0.058852 	 MCTS:5.886224 Improve:-0.000982 	 Time:5.00 Seconds
Solution: 1 12 11 50 37 26 5 2 6 29 8 46 16 27 19 49 34 47 24 33 43 14 23 36 18 48 42 45 15 22 10 40 25 13 3 41 32 9 7 20 31 39 17 28 30 4 38 44 21 35 

Inst_Index:8605 	 City_Num:50 	 Concorde:0.057065 	 MCTS:5.706494 Improve:-0.000000 	 Time:5.00 Seconds
Solution: 1 37 40 15 33 30 47 3 50 12 44 24 45 16 26 32 13 39 46 43 20 2 38 41 48 34 23 11 28 7 35 9 31 4 18 49 14 17 29 19 22 8 5 25 10 21 27 42 36 6 

Inst_Index:8606 	 City_Num:50 	 Concorde:0.055242 	 MCTS:5.524222 Improve:-0.000000 	 Time:5.00 Seconds
Solution: 1 24 21 20 9 33 17 40 6 31 45 39 13 5 28 12 14 35 46 26 38 2 32 27 10 36 23 15 22 47 44 49 3 16 18 25 34 50 29 37 30 19 42 8 41 4 48 7 43 11 

Inst_Index:8607 	 City_Num:50 	 Concorde:0.057615 	 MCTS:5.758341 Improve:0.003160 	 Time:5.00 Seconds
Solution: 1 17 50 18 44 26 32 5 34 19 9 42 33 36 47 20 7 8 3 35 14 13 10 48 15 27 22 2 23 4 16 11 31 45 38 30 6 12 39 24 21 43 37 28 25 41 46 49 29 40 

Inst_Index:8608 	 City_Num:50 	 Concorde:0.060457 	 MCTS:6.044557 Improve:0.001101 	 Time:5.00 Seconds
Solution: 1 13 42 10 5 16 40 15 19 11 35 48 28 12 2 8 41 7 6 26 23 34 47 14 20 44 25 46 45 17 33 38 4 39 22 36 24 32 9 18 50 37 31 3 27 21 49 43 29 30 

Inst_Index:8609 	 City_Num:50 	 Concorde:0.058854 	 MCTS:5.885435 Improve:0.000000 	 Time:5.01 Seconds
Solution: 1 12 26 24 8 29 9 50 28 11 5 32 37 38 31 18 14 27 6 48 3 45 34 46 22 25 7 2 33 19 13 42 20 17 43 40 10 49 16 15 30 23 36 44 21 41 39 35 47 4 

Inst_Index:8610 	 City_Num:50 	 Concorde:0.057970 	 MCTS:5.797011 Improve:0.000000 	 Time:5.01 Seconds
Solution: 1 10 20 6 28 8 11 7 23 2 14 49 47 40 48 43 16 37 4 29 39 38 21 25 12 45 5 9 17 15 32 34 46 31 22 26 13 35 36 30 44 24 41 50 33 27 19 42 3 18 

Inst_Index:8611 	 City_Num:50 	 Concorde:0.056090 	 MCTS:5.602761 Improve:0.006277 	 Time:5.00 Seconds
Solution: 1 34 46 14 45 47 27 31 7 12 11 36 22 18 15 30 50 13 20 9 4 21 19 38 23 26 41 24 32 6 10 5 49 28 8 42 48 2 17 29 44 43 39 40 35 37 25 33 3 16 

Inst_Index:8612 	 City_Num:50 	 Concorde:0.056598 	 MCTS:5.659773 Improve:-0.000000 	 Time:5.00 Seconds
Solution: 1 15 49 47 28 41 44 18 38 8 14 40 7 29 32 37 27 6 25 10 35 36 45 17 42 13 4 33 9 16 12 24 19 46 20 31 43 21 3 48 11 26 22 50 23 2 30 39 34 5 

Inst_Index:8613 	 City_Num:50 	 Concorde:0.055612 	 MCTS:5.559561 Improve:0.001669 	 Time:5.00 Seconds
Solution: 1 2 32 21 10 5 13 22 6 29 9 12 42 43 15 19 7 18 24 33 4 30 41 38 11 28 35 8 37 27 40 20 39 17 49 47 25 34 50 14 45 46 3 44 31 26 48 36 23 16 

Inst_Index:8614 	 City_Num:50 	 Concorde:0.054912 	 MCTS:5.489617 Improve:0.001554 	 Time:5.00 Seconds
Solution: 1 40 25 50 35 33 39 37 9 18 46 14 6 10 32 21 4 3 13 44 28 38 41 27 12 45 29 48 26 49 2 15 36 23 16 5 43 17 30 7 20 42 19 11 34 8 24 47 31 22 

Inst_Index:8615 	 City_Num:50 	 Concorde:0.058436 	 MCTS:5.843664 Improve:-0.000109 	 Time:5.00 Seconds
Solution: 1 21 31 44 9 45 32 15 16 6 46 24 17 5 11 12 35 36 19 8 47 43 10 22 30 13 14 49 37 33 48 42 7 34 29 3 41 50 40 27 23 20 39 4 2 18 26 25 28 38 

Inst_Index:8616 	 City_Num:50 	 Concorde:0.055538 	 MCTS:5.552180 Improve:0.001583 	 Time:5.00 Seconds
Solution: 1 27 22 36 37 18 49 20 42 24 12 43 11 47 17 31 25 32 13 26 3 50 39 21 45 35 8 38 34 9 46 16 10 28 40 33 15 14 44 23 29 30 19 5 4 6 2 7 41 48 

Inst_Index:8617 	 City_Num:50 	 Concorde:0.054577 	 MCTS:5.457728 Improve:0.000000 	 Time:5.00 Seconds
Solution: 1 41 35 39 11 32 45 28 47 43 2 26 50 46 24 33 30 42 10 19 40 15 37 29 4 13 12 16 22 34 17 14 9 7 3 18 31 38 48 23 5 27 8 6 25 49 20 44 21 36 

Inst_Index:8618 	 City_Num:50 	 Concorde:0.059482 	 MCTS:5.947269 Improve:0.000932 	 Time:5.01 Seconds
Solution: 1 19 15 42 25 6 30 36 3 4 43 35 34 2 22 21 48 46 47 39 16 27 11 50 18 7 5 44 33 12 37 28 32 9 17 41 8 23 14 49 29 26 20 24 40 45 31 10 13 38 

Inst_Index:8619 	 City_Num:50 	 Concorde:0.058812 	 MCTS:5.876619 Improve:0.004534 	 Time:5.00 Seconds
Solution: 1 11 5 27 28 3 30 41 36 49 23 26 10 48 20 7 24 18 45 25 38 8 40 39 43 32 12 42 19 34 46 14 2 33 4 35 9 13 16 21 6 44 50 22 15 37 47 17 29 31 

Inst_Index:8620 	 City_Num:50 	 Concorde:0.058203 	 MCTS:5.820317 Improve:0.000000 	 Time:5.01 Seconds
Solution: 1 29 20 32 3 2 39 14 50 49 24 22 4 6 36 28 45 5 30 34 19 27 37 41 25 42 13 43 7 47 23 46 10 11 15 21 16 33 18 9 48 8 44 38 12 31 26 40 35 17 

Inst_Index:8621 	 City_Num:50 	 Concorde:0.054181 	 MCTS:5.418052 Improve:0.000000 	 Time:5.00 Seconds
Solution: 1 24 31 6 2 4 9 38 5 19 16 22 48 18 10 39 43 37 34 47 27 20 12 33 3 30 45 49 21 50 36 17 44 28 8 41 42 32 14 29 13 25 11 35 40 23 26 7 15 46 

Inst_Index:8622 	 City_Num:50 	 Concorde:0.053969 	 MCTS:5.396935 Improve:0.000000 	 Time:5.00 Seconds
Solution: 1 20 32 14 38 41 6 43 19 13 15 10 50 3 48 46 22 49 28 39 21 33 35 18 17 11 7 36 2 16 4 26 23 30 34 47 31 8 24 40 29 25 9 27 45 42 37 12 44 5 

Inst_Index:8623 	 City_Num:50 	 Concorde:0.061482 	 MCTS:6.148183 Improve:0.000000 	 Time:5.00 Seconds
Solution: 1 9 46 19 50 20 24 35 49 27 7 26 14 11 39 36 28 6 25 32 41 47 34 18 15 29 23 12 42 48 2 30 33 31 43 8 17 3 40 5 13 22 45 37 10 4 16 44 21 38 

Inst_Index:8624 	 City_Num:50 	 Concorde:0.055715 	 MCTS:5.571496 Improve:0.000000 	 Time:5.00 Seconds
Solution: 1 4 8 14 24 34 3 21 40 47 50 12 10 7 38 33 30 43 18 48 41 35 46 39 9 26 15 13 29 6 42 5 49 11 23 32 45 27 20 36 2 25 22 31 19 17 16 44 37 28 

Inst_Index:8625 	 City_Num:50 	 Concorde:0.054706 	 MCTS:5.470589 Improve:0.000000 	 Time:5.01 Seconds
Solution: 1 30 26 31 45 38 27 47 43 20 41 48 39 4 18 22 49 32 40 37 7 8 34 42 29 2 16 35 25 19 12 3 28 33 23 10 24 15 9 46 44 6 36 21 13 11 50 14 17 5 

Inst_Index:8626 	 City_Num:50 	 Concorde:0.056077 	 MCTS:5.607475 Improve:0.000269 	 Time:5.01 Seconds
Solution: 1 19 25 44 36 39 20 22 28 43 9 30 7 16 33 15 13 3 40 49 27 8 12 18 14 38 5 46 48 21 6 41 26 37 23 31 4 24 42 29 17 47 11 2 32 10 45 34 50 35 

Inst_Index:8627 	 City_Num:50 	 Concorde:0.058323 	 MCTS:5.832283 Improve:0.000000 	 Time:5.00 Seconds
Solution: 1 31 10 41 28 33 36 22 50 40 37 35 8 30 2 48 27 19 13 15 23 42 38 24 6 20 17 45 49 29 39 3 11 46 14 34 7 5 43 9 16 26 25 4 18 47 12 44 32 21 

Inst_Index:8628 	 City_Num:50 	 Concorde:0.055752 	 MCTS:5.575221 Improve:0.000000 	 Time:5.00 Seconds
Solution: 1 30 17 5 41 20 40 49 27 18 9 11 46 39 19 32 8 29 6 22 25 23 35 21 37 38 15 43 13 24 47 2 33 16 31 14 50 48 10 44 36 42 45 28 7 12 3 26 34 4 

Inst_Index:8629 	 City_Num:50 	 Concorde:0.055938 	 MCTS:5.587198 Improve:0.006575 	 Time:5.00 Seconds
Solution: 1 31 5 43 34 19 4 48 23 49 12 36 44 9 29 11 46 28 38 13 14 33 15 30 37 2 8 41 7 6 16 21 26 45 35 10 18 47 32 20 22 27 25 39 50 17 24 40 3 42 

Inst_Index:8630 	 City_Num:50 	 Concorde:0.056413 	 MCTS:5.650558 Improve:-0.009284 	 Time:5.00 Seconds
Solution: 1 11 37 16 38 3 41 6 13 25 26 36 24 35 8 34 31 42 46 33 47 39 12 2 7 9 20 29 15 27 19 30 22 17 28 18 49 32 4 40 14 45 23 43 21 44 5 48 10 50 

Inst_Index:8631 	 City_Num:50 	 Concorde:0.057170 	 MCTS:5.714732 Improve:0.002239 	 Time:5.00 Seconds
Solution: 1 49 21 31 3 14 19 48 38 15 39 24 2 13 42 36 25 9 35 16 6 27 4 43 28 47 17 7 20 45 29 37 40 30 12 22 11 10 5 26 23 18 33 8 44 46 41 50 34 32 

Inst_Index:8632 	 City_Num:50 	 Concorde:0.061348 	 MCTS:6.134804 Improve:0.000000 	 Time:5.00 Seconds
Solution: 1 41 5 16 33 10 49 7 11 20 18 29 31 43 8 27 46 17 19 13 26 44 42 28 25 23 9 47 2 15 39 45 14 30 22 38 24 48 37 36 35 40 6 50 3 21 12 4 34 32 

Inst_Index:8633 	 City_Num:50 	 Concorde:0.055807 	 MCTS:5.580670 Improve:-0.000000 	 Time:5.00 Seconds
Solution: 1 26 23 7 47 18 44 27 17 19 48 11 20 30 3 6 22 4 12 21 46 25 39 38 9 40 29 33 35 45 42 36 14 16 10 8 5 31 50 41 32 13 15 24 34 37 28 49 43 2 

Inst_Index:8634 	 City_Num:50 	 Concorde:0.059422 	 MCTS:5.942166 Improve:-0.000000 	 Time:5.00 Seconds
Solution: 1 46 35 25 36 28 26 31 7 22 38 4 37 12 42 21 44 2 5 19 43 30 49 23 6 11 20 15 17 39 32 16 9 33 41 14 47 29 45 18 8 50 27 13 24 48 3 10 34 40 

Inst_Index:8635 	 City_Num:50 	 Concorde:0.052184 	 MCTS:5.218391 Improve:0.000000 	 Time:5.00 Seconds
Solution: 1 47 29 22 41 45 7 10 6 46 4 15 42 34 3 49 12 20 8 37 35 27 38 26 39 36 2 5 48 50 31 19 17 11 43 32 33 16 13 40 23 9 18 30 21 14 44 28 24 25 

Inst_Index:8636 	 City_Num:50 	 Concorde:0.051001 	 MCTS:5.100098 Improve:0.000000 	 Time:5.00 Seconds
Solution: 1 3 18 39 4 17 45 20 10 31 27 37 44 42 13 32 19 43 33 36 41 35 48 47 30 23 11 46 15 34 7 5 8 9 6 50 28 2 25 26 12 22 40 29 21 16 14 24 49 38 

Inst_Index:8637 	 City_Num:50 	 Concorde:0.058971 	 MCTS:5.894121 Improve:0.002985 	 Time:5.00 Seconds
Solution: 1 33 29 26 47 43 36 14 10 5 40 17 31 16 41 34 20 11 48 18 35 25 24 27 32 8 6 21 19 30 22 39 28 45 13 37 42 7 4 12 15 9 3 44 2 50 38 23 49 46 

Inst_Index:8638 	 City_Num:50 	 Concorde:0.053882 	 MCTS:5.388215 Improve:0.000000 	 Time:5.00 Seconds
Solution: 1 47 43 41 18 4 31 36 15 46 29 32 2 19 12 35 39 24 38 50 16 27 7 3 26 33 37 21 42 49 40 34 44 8 22 45 11 25 14 17 28 13 6 5 10 20 30 23 48 9 

Inst_Index:8639 	 City_Num:50 	 Concorde:0.057856 	 MCTS:5.783859 Improve:0.001719 	 Time:5.00 Seconds
Solution: 1 22 29 43 33 16 24 26 5 37 47 46 7 48 32 44 28 19 50 23 39 34 14 38 42 40 20 10 36 17 30 9 31 45 12 18 41 4 3 25 21 2 13 11 6 15 35 27 49 8 

Inst_Index:8640 	 City_Num:50 	 Concorde:0.051653 	 MCTS:5.163875 Improve:0.001411 	 Time:5.00 Seconds
Solution: 1 46 37 15 25 34 21 32 8 5 20 2 11 23 16 17 45 31 40 13 29 6 33 43 44 28 38 39 7 49 27 18 19 12 48 26 30 36 4 3 41 14 42 9 24 47 10 22 50 35 

Inst_Index:8641 	 City_Num:50 	 Concorde:0.053588 	 MCTS:5.358763 Improve:0.000000 	 Time:5.00 Seconds
Solution: 1 3 7 24 48 16 5 43 49 8 38 39 2 36 40 45 41 22 14 18 34 21 47 25 12 15 46 28 32 44 35 6 33 19 4 17 42 37 31 23 50 30 20 10 27 26 11 29 13 9 

Inst_Index:8642 	 City_Num:50 	 Concorde:0.061805 	 MCTS:6.179010 Improve:0.001454 	 Time:5.00 Seconds
Solution: 1 33 40 23 38 50 28 13 24 7 18 45 4 44 21 11 26 49 42 46 36 20 14 29 10 34 39 37 30 5 32 35 3 6 17 15 22 27 47 31 19 2 8 48 25 9 41 43 12 16 

Inst_Index:8643 	 City_Num:50 	 Concorde:0.056751 	 MCTS:5.672688 Improve:0.002386 	 Time:5.01 Seconds
Solution: 1 22 3 36 47 48 17 31 9 29 33 16 42 11 50 40 12 27 24 6 49 23 18 28 46 37 39 15 44 13 43 10 4 2 30 26 38 14 20 19 25 5 41 35 34 32 21 45 7 8 

Inst_Index:8644 	 City_Num:50 	 Concorde:0.059241 	 MCTS:5.924108 Improve:-0.000000 	 Time:5.00 Seconds
Solution: 1 19 9 26 25 2 5 6 11 3 27 15 38 21 40 33 45 34 18 41 37 44 30 49 43 16 32 8 10 20 46 29 4 23 17 42 50 7 12 36 14 28 22 24 31 47 35 48 13 39 

Inst_Index:8645 	 City_Num:50 	 Concorde:0.061912 	 MCTS:6.191232 Improve:-0.000000 	 Time:5.00 Seconds
Solution: 1 10 34 31 9 48 35 15 44 50 24 14 8 39 22 30 16 37 40 17 6 12 46 42 23 2 41 18 38 3 21 11 32 19 27 43 7 28 49 5 13 25 47 36 26 20 29 45 33 4 

Inst_Index:8646 	 City_Num:50 	 Concorde:0.057894 	 MCTS:5.780475 Improve:0.008957 	 Time:5.00 Seconds
Solution: 1 5 18 10 13 48 41 42 3 44 8 12 31 7 39 26 14 43 34 28 16 33 24 4 17 37 49 38 19 46 25 15 6 32 40 30 22 36 45 21 20 11 23 47 27 50 9 35 29 2 

Inst_Index:8647 	 City_Num:50 	 Concorde:0.062172 	 MCTS:6.217213 Improve:0.000000 	 Time:5.00 Seconds
Solution: 1 5 20 23 40 49 44 45 19 35 7 11 37 18 39 41 16 34 3 36 33 27 12 4 10 22 21 29 30 43 9 38 31 13 48 32 15 14 8 46 47 2 28 6 50 26 24 17 42 25 

Inst_Index:8648 	 City_Num:50 	 Concorde:0.055164 	 MCTS:5.516402 Improve:0.000000 	 Time:5.00 Seconds
Solution: 1 20 41 23 30 6 7 21 43 13 18 44 14 49 17 15 34 45 36 24 11 35 19 31 9 5 39 8 27 16 26 4 28 42 37 33 40 48 25 22 50 46 38 29 32 47 3 10 12 2 

Inst_Index:8649 	 City_Num:50 	 Concorde:0.057418 	 MCTS:5.745593 Improve:-0.003789 	 Time:5.00 Seconds
Solution: 1 33 26 31 34 5 21 30 35 3 7 46 9 32 43 6 8 22 25 41 28 39 24 42 27 2 36 16 15 20 48 19 18 40 47 50 14 4 45 37 11 23 13 49 10 44 12 38 29 17 

Inst_Index:8650 	 City_Num:50 	 Concorde:0.061155 	 MCTS:6.115493 Improve:0.000000 	 Time:5.00 Seconds
Solution: 1 28 37 3 30 15 9 22 47 5 40 12 2 18 23 36 14 21 26 10 20 13 32 31 16 25 45 39 4 44 34 7 19 50 41 38 43 17 49 46 29 24 11 33 27 35 8 48 42 6 

Inst_Index:8651 	 City_Num:50 	 Concorde:0.058735 	 MCTS:5.873485 Improve:-0.000000 	 Time:5.00 Seconds
Solution: 1 44 37 27 16 28 2 32 46 38 10 13 6 12 31 49 36 26 39 14 15 11 40 22 43 50 8 23 5 17 48 30 19 33 25 34 7 42 45 24 4 41 18 47 35 29 3 21 20 9 

Inst_Index:8652 	 City_Num:50 	 Concorde:0.056978 	 MCTS:5.697794 Improve:0.000000 	 Time:5.01 Seconds
Solution: 1 35 19 25 28 33 4 48 39 37 41 50 7 46 6 23 3 20 14 29 21 10 13 40 9 32 2 27 5 34 43 11 30 17 18 15 12 45 36 22 42 49 16 38 31 24 44 8 47 26 

Inst_Index:8653 	 City_Num:50 	 Concorde:0.057794 	 MCTS:5.778953 Improve:0.000464 	 Time:5.00 Seconds
Solution: 1 46 18 44 28 15 7 20 9 37 29 23 17 5 13 11 16 43 14 4 49 48 12 2 39 3 27 38 50 41 19 22 40 24 6 21 47 25 45 34 30 26 32 36 31 8 10 35 33 42 

Inst_Index:8654 	 City_Num:50 	 Concorde:0.055034 	 MCTS:5.502394 Improve:0.001031 	 Time:5.00 Seconds
Solution: 1 5 6 42 2 24 19 23 16 10 21 18 29 46 30 11 32 28 36 43 31 26 47 17 15 39 45 12 49 25 9 3 14 41 37 20 44 35 48 33 22 7 40 4 13 38 8 34 50 27 

Inst_Index:8655 	 City_Num:50 	 Concorde:0.056051 	 MCTS:5.605122 Improve:0.000000 	 Time:5.01 Seconds
Solution: 1 26 4 24 13 50 20 43 42 14 15 23 49 27 41 38 9 37 33 31 8 47 19 48 10 45 34 46 36 22 39 3 28 21 12 32 44 5 18 35 40 25 7 11 29 30 6 16 2 17 

Inst_Index:8656 	 City_Num:50 	 Concorde:0.055013 	 MCTS:5.495852 Improve:0.005415 	 Time:5.00 Seconds
Solution: 1 11 25 41 34 37 31 2 32 40 17 10 16 33 38 19 46 39 49 3 24 29 48 47 14 7 50 22 36 27 26 30 6 23 43 44 45 8 18 4 9 13 28 20 21 15 12 35 5 42 

Inst_Index:8657 	 City_Num:50 	 Concorde:0.056026 	 MCTS:5.602617 Improve:0.000000 	 Time:5.00 Seconds
Solution: 1 31 28 46 45 2 27 41 6 22 20 33 39 15 16 32 43 4 48 34 5 29 13 47 38 10 12 14 11 30 21 3 50 40 36 35 19 42 8 9 37 25 18 24 26 23 44 17 49 7 

Inst_Index:8658 	 City_Num:50 	 Concorde:0.053477 	 MCTS:5.347659 Improve:0.000000 	 Time:5.00 Seconds
Solution: 1 29 15 39 47 35 45 20 50 22 37 21 18 42 23 3 34 25 19 7 24 43 5 28 33 8 48 17 31 36 41 26 49 6 12 11 10 40 44 9 27 4 30 14 13 16 46 38 2 32 

Inst_Index:8659 	 City_Num:50 	 Concorde:0.054638 	 MCTS:5.455421 Improve:0.008426 	 Time:5.00 Seconds
Solution: 1 43 46 26 41 39 50 21 12 38 16 8 17 31 11 48 40 6 3 28 22 2 19 37 34 25 20 42 24 23 9 44 30 14 47 7 29 10 49 35 27 33 5 4 18 15 36 32 45 13 

Inst_Index:8660 	 City_Num:50 	 Concorde:0.059180 	 MCTS:5.917963 Improve:-0.000000 	 Time:5.00 Seconds
Solution: 1 17 2 21 24 47 46 14 26 4 50 48 7 20 42 16 45 27 31 13 15 8 10 12 11 40 35 6 36 30 32 34 18 5 22 38 49 3 9 41 23 39 43 19 28 33 37 29 25 44 

Inst_Index:8661 	 City_Num:50 	 Concorde:0.055168 	 MCTS:5.516756 Improve:0.000000 	 Time:5.00 Seconds
Solution: 1 26 12 33 24 30 14 6 31 29 25 22 4 10 9 35 50 3 38 27 20 49 36 19 48 8 28 5 16 34 7 21 11 47 13 41 15 45 39 42 18 43 37 23 46 44 32 40 2 17 

Inst_Index:8662 	 City_Num:50 	 Concorde:0.059662 	 MCTS:5.957394 Improve:0.008849 	 Time:5.00 Seconds
Solution: 1 22 39 23 38 26 41 32 29 10 3 43 20 19 5 6 4 50 48 28 45 21 7 9 16 30 24 25 14 17 8 18 42 44 31 40 15 27 33 46 11 47 36 13 34 49 2 37 35 12 

Inst_Index:8663 	 City_Num:50 	 Concorde:0.056914 	 MCTS:5.691110 Improve:0.000267 	 Time:5.00 Seconds
Solution: 1 40 15 49 29 20 27 10 36 8 11 35 25 5 2 4 23 21 12 9 28 41 7 39 42 22 45 38 30 43 44 32 37 19 50 3 46 47 24 34 26 33 48 13 14 16 18 17 31 6 

Inst_Index:8664 	 City_Num:50 	 Concorde:0.053243 	 MCTS:5.322567 Improve:0.001741 	 Time:5.00 Seconds
Solution: 1 14 38 45 6 47 30 13 29 31 43 4 20 3 12 19 22 46 9 7 39 10 50 41 26 32 24 35 27 33 28 36 42 44 11 21 18 23 34 16 37 17 2 8 5 15 40 49 48 25 

Inst_Index:8665 	 City_Num:50 	 Concorde:0.059441 	 MCTS:5.944097 Improve:0.000000 	 Time:5.00 Seconds
Solution: 1 8 37 31 33 29 49 6 9 20 14 38 21 40 44 4 26 42 22 16 36 19 23 11 47 3 2 5 28 41 15 30 18 24 7 43 50 46 10 34 13 35 45 25 32 39 12 48 27 17 

Inst_Index:8666 	 City_Num:50 	 Concorde:0.058387 	 MCTS:5.834795 Improve:0.003912 	 Time:5.01 Seconds
Solution: 1 9 14 16 46 11 40 20 22 15 42 24 38 45 31 3 27 13 19 49 41 44 18 37 32 21 39 28 26 30 7 29 23 6 43 12 17 10 35 36 8 5 48 4 25 47 34 33 2 50 

Inst_Index:8667 	 City_Num:50 	 Concorde:0.058120 	 MCTS:5.812045 Improve:0.000000 	 Time:5.00 Seconds
Solution: 1 20 4 15 38 21 5 42 26 19 22 27 7 50 49 33 29 12 3 6 25 11 32 43 31 8 16 23 9 28 10 35 37 44 46 30 41 36 47 24 2 34 45 17 48 39 40 13 14 18 

Inst_Index:8668 	 City_Num:50 	 Concorde:0.061740 	 MCTS:6.167027 Improve:0.006963 	 Time:5.00 Seconds
Solution: 1 5 28 13 29 18 22 45 26 12 24 36 46 16 3 38 7 15 42 35 17 9 19 33 21 49 50 41 23 8 47 25 32 10 44 4 43 2 6 48 37 40 11 39 27 30 31 20 14 34 

Inst_Index:8669 	 City_Num:50 	 Concorde:0.055152 	 MCTS:5.515228 Improve:-0.000000 	 Time:5.00 Seconds
Solution: 1 24 50 5 7 49 20 43 23 3 18 35 2 11 33 16 4 29 8 22 25 31 48 37 39 17 26 14 38 9 44 40 45 19 12 46 47 21 10 27 6 32 15 13 30 36 42 28 34 41 

Inst_Index:8670 	 City_Num:50 	 Concorde:0.055063 	 MCTS:5.506321 Improve:0.000000 	 Time:5.01 Seconds
Solution: 1 23 3 37 4 50 27 26 8 33 11 32 41 34 29 16 30 42 12 2 14 28 17 20 39 47 43 48 7 44 15 18 35 9 5 24 40 38 36 22 25 13 6 45 46 31 19 21 10 49 

Inst_Index:8671 	 City_Num:50 	 Concorde:0.057285 	 MCTS:5.728455 Improve:0.000000 	 Time:5.00 Seconds
Solution: 1 29 12 11 21 37 41 15 14 24 10 43 32 8 45 26 3 9 33 18 2 13 39 49 42 28 31 27 22 40 30 35 44 36 4 17 6 34 20 5 48 47 23 38 19 50 16 46 7 25 

Inst_Index:8672 	 City_Num:50 	 Concorde:0.058126 	 MCTS:5.812556 Improve:0.000000 	 Time:5.00 Seconds
Solution: 1 50 49 16 6 25 23 5 39 21 47 4 36 31 43 11 22 32 7 40 26 18 13 9 38 46 34 30 20 33 45 41 44 15 12 14 10 8 35 3 17 27 2 28 24 42 19 37 29 48 

Inst_Index:8673 	 City_Num:50 	 Concorde:0.056717 	 MCTS:5.671672 Improve:0.000000 	 Time:5.00 Seconds
Solution: 1 20 45 31 16 4 38 37 5 44 28 6 14 26 17 3 33 18 19 48 27 7 29 35 13 47 39 32 43 15 25 23 50 9 11 12 10 22 41 36 30 42 46 24 40 8 21 34 2 49 

Inst_Index:8674 	 City_Num:50 	 Concorde:0.054511 	 MCTS:5.451123 Improve:-0.000000 	 Time:5.01 Seconds
Solution: 1 13 10 19 11 23 22 43 30 44 46 39 32 33 40 17 34 18 28 50 37 12 49 31 14 16 9 4 21 2 48 26 6 38 36 3 35 45 15 42 20 29 25 41 7 27 47 5 8 24 

Inst_Index:8675 	 City_Num:50 	 Concorde:0.061703 	 MCTS:6.168652 Improve:0.001663 	 Time:5.00 Seconds
Solution: 1 38 4 19 24 48 30 35 29 43 50 31 37 18 42 26 14 15 5 49 44 47 39 41 8 23 22 32 21 27 17 46 16 25 10 7 11 40 34 9 45 28 12 13 2 33 36 20 3 6 

Inst_Index:8676 	 City_Num:50 	 Concorde:0.054852 	 MCTS:5.483416 Improve:0.001769 	 Time:5.00 Seconds
Solution: 1 21 11 16 5 20 47 9 17 6 41 24 33 7 2 19 13 14 23 49 46 48 25 35 44 28 30 15 45 37 38 43 36 42 18 31 3 39 4 8 50 26 12 29 32 34 27 10 22 40 

Inst_Index:8677 	 City_Num:50 	 Concorde:0.056596 	 MCTS:5.659567 Improve:0.000000 	 Time:5.00 Seconds
Solution: 1 3 17 40 7 5 39 22 46 28 4 21 42 15 13 36 24 9 11 19 41 6 38 45 16 50 20 49 27 44 37 31 8 43 34 33 29 35 23 32 18 26 2 47 10 14 25 30 12 48 

Inst_Index:8678 	 City_Num:50 	 Concorde:0.054988 	 MCTS:5.498574 Improve:0.000252 	 Time:5.00 Seconds
Solution: 1 34 20 30 33 13 22 49 28 16 10 4 11 42 48 24 3 40 36 35 5 23 25 21 8 39 26 38 47 45 37 15 9 43 2 27 32 41 18 31 29 46 14 17 7 12 19 44 6 50 

Inst_Index:8679 	 City_Num:50 	 Concorde:0.056471 	 MCTS:5.653135 Improve:-0.006004 	 Time:5.00 Seconds
Solution: 1 18 20 36 15 39 29 2 30 42 33 37 32 9 8 38 4 7 50 31 13 27 34 25 35 46 41 43 3 45 6 12 48 5 44 23 22 11 24 28 21 14 40 26 47 16 49 17 10 19 

Inst_Index:8680 	 City_Num:50 	 Concorde:0.058853 	 MCTS:5.910379 Improve:-0.025089 	 Time:5.00 Seconds
Solution: 1 25 32 28 5 33 31 11 40 49 35 37 8 10 44 39 15 18 3 36 38 24 22 13 46 47 41 26 27 4 23 43 21 50 42 19 16 29 7 17 45 2 30 34 14 12 20 6 9 48 

Inst_Index:8681 	 City_Num:50 	 Concorde:0.056285 	 MCTS:5.625079 Improve:0.003446 	 Time:5.00 Seconds
Solution: 1 38 42 15 17 48 19 3 41 5 16 23 33 21 7 6 35 4 9 34 24 20 26 49 50 46 8 43 2 11 22 44 30 31 47 39 32 14 12 25 27 10 29 40 36 28 37 13 18 45 

Inst_Index:8682 	 City_Num:50 	 Concorde:0.060819 	 MCTS:6.081947 Improve:0.000000 	 Time:5.00 Seconds
Solution: 1 9 24 11 18 41 7 47 38 25 10 29 17 40 5 42 35 28 12 4 34 2 37 30 3 15 46 33 44 45 23 26 22 21 27 19 32 14 48 50 36 6 20 39 31 43 49 8 13 16 

Inst_Index:8683 	 City_Num:50 	 Concorde:0.056789 	 MCTS:5.678947 Improve:-0.000000 	 Time:5.01 Seconds
Solution: 1 46 6 33 13 32 36 42 34 45 22 9 23 3 15 30 25 29 28 19 24 5 16 18 12 26 47 39 14 7 35 41 40 50 20 49 31 38 11 27 10 43 21 2 8 48 17 44 4 37 

Inst_Index:8684 	 City_Num:50 	 Concorde:0.059302 	 MCTS:5.930196 Improve:0.000000 	 Time:5.00 Seconds
Solution: 1 6 22 12 30 36 50 32 21 28 48 37 13 17 49 5 39 26 4 19 38 47 3 9 7 14 27 34 11 31 20 24 18 40 35 41 8 29 15 44 42 16 25 2 45 10 46 43 23 33 

Inst_Index:8685 	 City_Num:50 	 Concorde:0.058480 	 MCTS:5.848003 Improve:0.000000 	 Time:5.00 Seconds
Solution: 1 36 16 26 10 28 48 46 22 25 40 15 39 29 32 4 24 11 23 13 41 12 35 27 43 20 30 44 47 31 6 49 9 45 7 42 17 37 5 2 14 18 19 50 3 38 33 34 21 8 

Inst_Index:8686 	 City_Num:50 	 Concorde:0.058626 	 MCTS:5.869446 Improve:-0.006848 	 Time:5.00 Seconds
Solution: 1 33 36 47 29 16 28 50 8 21 49 3 43 20 24 9 13 39 2 41 27 25 19 31 35 23 7 15 34 32 44 14 6 4 42 30 18 40 17 5 38 46 48 37 26 22 10 11 12 45 

Inst_Index:8687 	 City_Num:50 	 Concorde:0.062651 	 MCTS:6.265079 Improve:-0.000000 	 Time:5.01 Seconds
Solution: 1 24 50 35 16 45 47 34 44 46 32 38 18 5 29 26 36 41 23 3 12 40 4 22 42 28 39 13 10 20 25 15 33 8 11 17 14 31 7 2 48 30 37 19 6 43 27 21 9 49 

Inst_Index:8688 	 City_Num:50 	 Concorde:0.052269 	 MCTS:5.225537 Improve:0.001348 	 Time:5.00 Seconds
Solution: 1 19 23 33 16 26 11 2 30 25 13 37 36 32 40 8 47 28 14 7 42 20 10 46 48 38 45 43 5 39 31 21 34 18 27 9 41 24 49 35 4 17 3 6 12 44 22 50 15 29 

Inst_Index:8689 	 City_Num:50 	 Concorde:0.057393 	 MCTS:5.739272 Improve:0.000000 	 Time:5.01 Seconds
Solution: 1 9 16 26 40 17 39 13 48 23 11 37 4 45 42 18 7 20 50 3 46 19 25 21 43 34 12 27 44 47 5 6 8 28 35 14 30 32 33 49 41 31 2 38 36 22 24 15 10 29 

Inst_Index:8690 	 City_Num:50 	 Concorde:0.062536 	 MCTS:6.253611 Improve:0.000000 	 Time:5.00 Seconds
Solution: 1 42 18 17 37 20 10 40 36 34 19 22 30 13 21 38 6 47 32 29 33 43 35 12 39 16 25 5 23 3 28 41 26 44 48 27 8 9 46 31 11 15 4 14 24 7 49 45 2 50 

Inst_Index:8691 	 City_Num:50 	 Concorde:0.055274 	 MCTS:5.527436 Improve:0.000000 	 Time:5.00 Seconds
Solution: 1 17 48 44 32 7 28 40 30 16 50 37 15 47 25 43 24 8 19 45 5 22 20 34 3 11 2 9 21 23 12 49 36 10 41 35 42 13 18 6 46 27 33 39 4 26 31 38 14 29 

Inst_Index:8692 	 City_Num:50 	 Concorde:0.059508 	 MCTS:5.945621 Improve:0.005142 	 Time:5.00 Seconds
Solution: 1 21 24 15 32 35 14 25 16 4 40 11 6 47 7 27 29 39 50 22 31 46 45 36 18 13 42 3 12 26 44 17 33 34 30 9 41 48 5 23 37 2 19 38 10 8 49 43 20 28 

Inst_Index:8693 	 City_Num:50 	 Concorde:0.056446 	 MCTS:5.640291 Improve:0.004358 	 Time:5.00 Seconds
Solution: 1 2 25 47 31 8 44 22 38 40 20 3 34 27 9 24 16 11 21 26 4 5 50 37 46 36 35 14 32 19 42 17 39 33 45 10 23 28 41 48 15 49 43 6 29 18 30 12 7 13 

Inst_Index:8694 	 City_Num:50 	 Concorde:0.057608 	 MCTS:5.758255 Improve:0.002530 	 Time:5.00 Seconds
Solution: 1 16 30 12 28 42 4 14 22 11 44 21 5 48 46 25 9 38 50 26 29 36 40 45 7 32 8 6 41 24 33 27 23 20 39 47 17 34 19 10 18 3 49 43 35 13 31 2 37 15 

Inst_Index:8695 	 City_Num:50 	 Concorde:0.058879 	 MCTS:5.887883 Improve:0.000000 	 Time:5.00 Seconds
Solution: 1 22 36 21 26 17 39 46 15 6 41 14 25 30 40 50 28 18 31 29 47 45 9 24 43 2 38 23 5 32 7 33 42 4 3 16 37 20 44 12 10 19 34 13 27 11 35 8 49 48 

Inst_Index:8696 	 City_Num:50 	 Concorde:0.057188 	 MCTS:5.716039 Improve:0.002746 	 Time:5.00 Seconds
Solution: 1 34 17 32 41 3 15 11 27 19 14 47 4 13 42 21 38 28 31 2 46 20 7 10 23 37 30 5 8 12 25 44 29 6 35 33 22 9 48 49 40 45 50 39 24 43 18 36 16 26 

Inst_Index:8697 	 City_Num:50 	 Concorde:0.061872 	 MCTS:6.187155 Improve:-0.000000 	 Time:5.00 Seconds
Solution: 1 24 28 7 5 35 2 33 37 12 42 23 41 32 13 25 6 48 14 43 4 22 38 47 10 8 45 30 9 11 36 50 29 15 21 34 27 40 16 17 3 20 39 46 18 49 19 31 26 44 

Inst_Index:8698 	 City_Num:50 	 Concorde:0.056091 	 MCTS:5.606636 Improve:0.002429 	 Time:5.00 Seconds
Solution: 1 22 47 10 31 15 42 28 37 4 17 34 7 19 50 38 25 21 39 33 24 5 43 44 6 35 36 27 12 18 9 13 49 45 29 40 20 11 16 30 2 46 8 3 32 48 14 23 26 41 

Inst_Index:8699 	 City_Num:50 	 Concorde:0.056597 	 MCTS:5.659733 Improve:-0.000000 	 Time:5.00 Seconds
Solution: 1 11 4 3 6 10 29 5 21 45 42 44 28 19 49 50 20 8 13 36 16 46 32 9 22 47 23 24 17 18 43 7 40 39 38 2 12 33 41 35 48 27 26 31 30 37 34 15 14 25 

Inst_Index:8700 	 City_Num:50 	 Concorde:0.058980 	 MCTS:5.897999 Improve:0.000000 	 Time:5.00 Seconds
Solution: 1 8 14 11 7 26 24 38 15 48 43 36 32 21 40 47 20 30 41 16 33 17 22 3 18 28 23 27 5 39 49 31 46 29 10 45 13 9 42 19 35 2 50 12 6 4 37 34 25 44 

Inst_Index:8701 	 City_Num:50 	 Concorde:0.056776 	 MCTS:5.676357 Improve:0.001256 	 Time:5.00 Seconds
Solution: 1 12 13 26 23 25 32 34 48 50 33 41 9 29 47 21 40 28 16 27 2 43 20 31 45 19 7 14 49 10 3 8 22 36 44 5 6 35 18 4 37 39 17 11 30 15 46 24 38 42 

Inst_Index:8702 	 City_Num:50 	 Concorde:0.055954 	 MCTS:5.595380 Improve:0.000000 	 Time:5.00 Seconds
Solution: 1 27 17 19 36 9 34 12 25 28 42 4 14 2 48 6 35 24 3 16 38 11 20 7 15 18 39 31 22 44 45 29 43 10 8 13 5 33 47 46 23 21 40 50 37 32 30 49 26 41 

Inst_Index:8703 	 City_Num:50 	 Concorde:0.058148 	 MCTS:5.811666 Improve:0.003180 	 Time:5.00 Seconds
Solution: 1 4 18 3 5 41 28 33 32 20 37 40 6 44 24 12 13 47 25 36 30 49 34 43 7 38 26 23 11 17 21 50 48 19 29 27 8 35 10 14 42 31 46 16 22 39 45 9 15 2 

Inst_Index:8704 	 City_Num:50 	 Concorde:0.058728 	 MCTS:5.868315 Improve:0.004533 	 Time:5.00 Seconds
Solution: 1 13 42 20 3 15 25 26 29 10 7 32 34 41 47 49 27 37 48 36 28 14 12 9 8 43 39 35 22 45 18 19 46 31 24 11 21 16 38 50 2 23 33 4 44 30 17 6 5 40 

Inst_Index:8705 	 City_Num:50 	 Concorde:0.062287 	 MCTS:6.228679 Improve:-0.000000 	 Time:5.00 Seconds
Solution: 1 48 32 25 29 9 50 30 12 8 23 6 47 24 7 33 22 40 46 20 26 2 13 10 37 4 17 27 42 49 35 21 16 34 11 14 39 44 19 41 18 28 36 43 5 38 45 31 3 15 

Inst_Index:8706 	 City_Num:50 	 Concorde:0.054369 	 MCTS:5.436921 Improve:0.000000 	 Time:5.00 Seconds
Solution: 1 31 15 36 32 42 37 48 22 10 12 41 34 9 25 29 47 39 11 49 21 23 14 30 33 27 17 43 44 8 2 46 26 13 3 28 19 20 50 24 38 40 5 7 45 4 18 35 16 6 

Inst_Index:8707 	 City_Num:50 	 Concorde:0.056306 	 MCTS:5.630450 Improve:0.000151 	 Time:5.00 Seconds
Solution: 1 37 45 35 2 9 4 18 38 25 17 34 23 13 11 48 8 15 22 7 46 33 28 5 47 27 29 49 14 41 20 21 24 10 6 3 19 12 42 31 50 43 36 39 26 30 32 44 16 40 

Inst_Index:8708 	 City_Num:50 	 Concorde:0.058971 	 MCTS:5.897109 Improve:-0.000000 	 Time:5.01 Seconds
Solution: 1 3 9 37 12 44 28 49 4 22 50 32 17 31 45 10 39 25 33 18 23 14 30 38 48 7 29 13 27 11 34 21 20 16 8 15 5 36 46 2 6 19 26 40 42 47 41 24 35 43 

Inst_Index:8709 	 City_Num:50 	 Concorde:0.057446 	 MCTS:5.739524 Improve:0.005107 	 Time:5.00 Seconds
Solution: 1 37 38 20 27 22 32 29 47 36 41 16 45 31 44 4 21 40 13 6 5 49 17 15 34 42 30 11 24 26 46 39 28 35 7 33 12 25 18 8 48 9 14 2 50 10 19 3 43 23 

Inst_Index:8710 	 City_Num:50 	 Concorde:0.050176 	 MCTS:5.016078 Improve:0.001522 	 Time:5.00 Seconds
Solution: 1 21 24 28 13 38 33 8 39 17 5 27 49 15 36 47 50 4 2 9 20 11 31 23 32 42 16 14 18 22 12 44 30 7 25 26 6 34 10 46 29 35 41 19 40 3 45 43 37 48 

Inst_Index:8711 	 City_Num:50 	 Concorde:0.058336 	 MCTS:5.828672 Improve:0.004885 	 Time:5.00 Seconds
Solution: 1 6 21 20 46 7 39 40 26 29 27 44 36 16 8 22 10 12 4 30 17 25 19 38 42 24 14 33 13 2 23 35 50 11 49 43 18 9 37 28 3 31 41 45 32 47 48 5 34 15 

Inst_Index:8712 	 City_Num:50 	 Concorde:0.056695 	 MCTS:5.669514 Improve:-0.000000 	 Time:5.00 Seconds
Solution: 1 36 43 30 2 20 39 44 34 24 28 11 15 21 19 3 6 50 7 12 26 38 16 14 37 4 23 35 48 22 47 9 27 46 32 40 49 13 42 10 29 17 41 8 31 5 25 18 33 45 

Inst_Index:8713 	 City_Num:50 	 Concorde:0.054641 	 MCTS:5.464100 Improve:-0.000000 	 Time:5.00 Seconds
Solution: 1 49 23 18 16 6 4 50 25 40 35 28 32 21 31 45 7 20 41 14 22 43 46 9 8 3 5 33 17 30 34 47 36 37 2 13 19 10 48 39 12 15 38 24 11 29 27 44 26 42 

Inst_Index:8714 	 City_Num:50 	 Concorde:0.056562 	 MCTS:5.648184 Improve:0.007971 	 Time:5.00 Seconds
Solution: 1 32 24 38 43 36 35 39 8 15 11 9 12 47 13 26 42 2 21 20 46 37 16 22 50 40 28 34 27 49 3 45 25 44 19 30 41 33 7 14 31 18 23 5 10 6 4 17 48 29 

Inst_Index:8715 	 City_Num:50 	 Concorde:0.056991 	 MCTS:5.699053 Improve:-0.000000 	 Time:5.00 Seconds
Solution: 1 40 24 46 43 25 44 13 34 28 26 4 18 48 5 42 23 30 3 35 16 21 41 19 9 31 37 47 39 6 20 17 49 7 22 8 11 50 14 10 38 15 33 29 32 2 45 12 27 36 

Inst_Index:8716 	 City_Num:50 	 Concorde:0.057279 	 MCTS:5.727939 Improve:0.000000 	 Time:5.00 Seconds
Solution: 1 38 8 35 33 32 46 2 4 14 31 29 50 13 16 37 19 15 7 39 30 41 24 12 22 18 20 44 10 9 6 36 21 47 5 25 23 28 42 49 27 45 3 48 17 11 40 26 43 34 

Inst_Index:8717 	 City_Num:50 	 Concorde:0.054673 	 MCTS:5.467256 Improve:0.000000 	 Time:5.00 Seconds
Solution: 1 8 3 15 31 19 10 20 43 36 40 7 18 23 34 22 4 5 49 47 45 44 35 24 28 27 17 30 42 11 26 39 2 48 29 41 38 25 46 9 13 14 32 33 12 37 6 16 21 50 

Inst_Index:8718 	 City_Num:50 	 Concorde:0.059077 	 MCTS:5.907664 Improve:0.000000 	 Time:5.00 Seconds
Solution: 1 42 35 38 49 7 12 8 11 32 39 30 33 6 18 31 34 5 28 37 13 3 19 43 21 50 2 17 20 26 23 40 29 22 15 44 9 41 36 24 27 25 14 45 46 16 10 4 48 47 

Inst_Index:8719 	 City_Num:50 	 Concorde:0.055993 	 MCTS:5.599317 Improve:-0.000000 	 Time:5.00 Seconds
Solution: 1 48 19 39 10 40 37 36 3 17 35 20 13 32 25 23 9 15 7 26 12 11 49 2 28 46 6 38 5 50 4 34 45 24 14 22 8 30 27 47 21 29 16 42 31 44 18 43 41 33 

Inst_Index:8720 	 City_Num:50 	 Concorde:0.058156 	 MCTS:5.815641 Improve:-0.000000 	 Time:5.00 Seconds
Solution: 1 47 49 48 7 34 37 43 11 19 29 8 12 13 20 44 27 15 3 4 50 30 16 38 35 2 10 39 21 42 22 5 33 41 25 46 31 36 18 17 40 24 14 32 9 45 26 6 28 23 

Inst_Index:8721 	 City_Num:50 	 Concorde:0.057708 	 MCTS:5.770754 Improve:-0.000000 	 Time:5.00 Seconds
Solution: 1 36 9 7 5 43 2 3 44 16 10 46 41 8 45 32 40 29 12 35 6 11 31 24 23 42 28 33 22 30 37 14 13 18 21 49 34 48 15 26 17 27 47 4 50 38 20 39 25 19 

Inst_Index:8722 	 City_Num:50 	 Concorde:0.059849 	 MCTS:5.983210 Improve:0.001697 	 Time:5.00 Seconds
Solution: 1 34 14 42 17 49 21 43 47 3 45 38 16 15 4 13 23 29 28 33 48 27 39 24 7 35 31 50 26 22 5 6 18 20 40 12 41 11 36 19 30 2 46 10 32 37 9 8 44 25 

Inst_Index:8723 	 City_Num:50 	 Concorde:0.054462 	 MCTS:5.443961 Improve:0.002204 	 Time:5.00 Seconds
Solution: 1 40 50 9 43 24 35 36 28 39 33 38 23 29 47 3 12 37 49 46 44 30 11 26 17 6 27 10 32 18 25 13 45 19 48 8 2 4 41 15 31 21 42 22 14 34 7 5 20 16 

Inst_Index:8724 	 City_Num:50 	 Concorde:0.055848 	 MCTS:5.584850 Improve:-0.000000 	 Time:5.00 Seconds
Solution: 1 32 48 44 30 11 33 9 15 22 34 23 39 43 29 8 12 41 7 31 42 47 2 5 36 26 49 45 27 40 24 4 37 28 6 21 46 17 10 18 50 3 13 20 35 14 25 16 38 19 

Inst_Index:8725 	 City_Num:50 	 Concorde:0.060700 	 MCTS:6.069959 Improve:0.000000 	 Time:5.00 Seconds
Solution: 1 21 6 45 37 27 22 47 44 2 29 23 43 46 9 40 28 11 24 5 14 48 49 42 50 13 12 16 25 15 10 38 26 31 35 39 8 30 7 36 17 18 4 20 32 33 34 41 3 19 

Inst_Index:8726 	 City_Num:50 	 Concorde:0.057710 	 MCTS:5.771007 Improve:0.000000 	 Time:5.00 Seconds
Solution: 1 13 4 38 29 30 21 44 31 14 15 33 26 10 46 11 23 8 2 35 28 12 9 5 41 20 39 50 7 24 32 49 16 17 6 48 36 18 27 42 37 43 34 47 19 22 40 3 25 45 

Inst_Index:8727 	 City_Num:50 	 Concorde:0.056764 	 MCTS:5.676380 Improve:0.000000 	 Time:5.00 Seconds
Solution: 1 20 4 36 18 29 42 15 11 28 12 31 25 14 26 17 2 23 43 6 16 32 37 27 24 47 9 40 34 46 5 44 49 50 21 45 38 30 39 3 41 13 48 10 33 19 35 8 7 22 

Inst_Index:8728 	 City_Num:50 	 Concorde:0.057362 	 MCTS:5.736163 Improve:0.000000 	 Time:5.00 Seconds
Solution: 1 18 32 39 7 23 34 17 40 12 41 4 46 20 21 48 11 9 22 25 26 14 3 37 45 50 6 13 31 49 5 8 36 24 43 33 47 44 35 30 15 10 19 42 16 2 27 38 28 29 

Inst_Index:8729 	 City_Num:50 	 Concorde:0.057686 	 MCTS:5.760621 Improve:0.007957 	 Time:5.00 Seconds
Solution: 1 32 29 46 17 19 13 8 47 50 4 5 21 30 27 41 31 3 2 49 38 43 7 36 45 44 39 26 37 40 11 34 48 33 6 35 24 25 16 28 22 10 12 23 18 14 15 20 9 42 

Inst_Index:8730 	 City_Num:50 	 Concorde:0.056943 	 MCTS:5.689861 Improve:0.004460 	 Time:5.00 Seconds
Solution: 1 18 45 46 8 3 38 47 28 42 44 29 43 23 50 17 2 36 13 34 16 24 27 33 6 14 32 25 7 31 39 26 30 9 48 49 15 22 19 12 41 35 20 40 4 11 10 5 37 21 

Inst_Index:8731 	 City_Num:50 	 Concorde:0.060105 	 MCTS:6.008821 Improve:0.001670 	 Time:5.00 Seconds
Solution: 1 20 26 10 22 30 45 49 34 11 4 25 50 5 16 3 7 8 44 47 9 41 15 17 18 21 28 46 19 6 42 35 24 27 29 2 43 37 13 33 38 36 40 31 48 12 23 32 14 39 

Inst_Index:8732 	 City_Num:50 	 Concorde:0.055864 	 MCTS:5.582460 Improve:0.003893 	 Time:5.00 Seconds
Solution: 1 35 17 39 19 48 15 34 50 26 4 28 13 25 44 31 45 11 32 29 18 7 42 36 16 22 27 14 2 5 9 8 47 41 40 20 21 38 30 3 49 10 24 33 46 12 23 43 37 6 

Inst_Index:8733 	 City_Num:50 	 Concorde:0.049549 	 MCTS:4.953725 Improve:0.001202 	 Time:5.00 Seconds
Solution: 1 10 23 3 8 30 21 35 12 6 42 25 18 43 45 49 28 14 2 41 33 7 40 47 17 50 36 34 26 16 44 31 15 37 32 24 5 29 27 13 9 46 20 38 19 22 39 4 48 11 

Inst_Index:8734 	 City_Num:50 	 Concorde:0.058137 	 MCTS:5.812648 Improve:0.001015 	 Time:5.00 Seconds
Solution: 1 18 22 25 8 43 50 2 31 34 36 6 47 44 17 12 32 19 26 42 14 9 39 28 40 49 48 13 20 5 29 37 46 41 45 10 7 21 4 38 11 30 27 15 16 35 24 33 23 3 

Inst_Index:8735 	 City_Num:50 	 Concorde:0.056398 	 MCTS:5.632646 Improve:0.007115 	 Time:5.00 Seconds
Solution: 1 47 41 44 14 36 48 3 5 19 25 22 45 10 20 50 33 32 27 12 31 6 24 2 28 30 43 29 4 23 35 38 37 40 15 7 16 46 18 34 26 13 17 49 39 21 9 11 8 42 

Inst_Index:8736 	 City_Num:50 	 Concorde:0.056359 	 MCTS:5.635676 Improve:0.000224 	 Time:5.00 Seconds
Solution: 1 13 17 31 14 47 6 45 27 37 18 20 26 50 4 9 32 11 30 23 38 5 7 15 41 24 19 36 16 39 44 8 10 34 25 29 48 49 42 2 21 22 35 12 28 43 40 33 46 3 

Inst_Index:8737 	 City_Num:50 	 Concorde:0.058454 	 MCTS:5.839654 Improve:0.005755 	 Time:5.00 Seconds
Solution: 1 36 7 49 11 8 15 18 43 30 2 12 41 22 45 24 46 33 29 25 39 47 26 20 5 32 50 21 44 10 19 23 28 40 13 34 27 14 9 31 16 35 48 17 4 42 37 3 6 38 

Inst_Index:8738 	 City_Num:50 	 Concorde:0.057839 	 MCTS:5.783504 Improve:0.000439 	 Time:5.00 Seconds
Solution: 1 15 8 41 4 47 45 40 42 16 31 34 24 10 20 27 50 2 43 9 17 28 44 6 29 23 5 32 21 49 7 11 30 46 39 13 38 25 12 26 36 48 3 37 19 14 18 35 33 22 

Inst_Index:8739 	 City_Num:50 	 Concorde:0.053884 	 MCTS:5.388358 Improve:-0.000000 	 Time:5.00 Seconds
Solution: 1 7 40 10 45 31 34 27 42 36 46 8 12 3 6 21 39 29 47 30 37 50 35 38 14 41 48 26 49 28 25 17 5 19 2 9 33 24 43 4 16 44 23 22 18 32 15 20 13 11 

Inst_Index:8740 	 City_Num:50 	 Concorde:0.054231 	 MCTS:5.421129 Improve:0.001942 	 Time:5.00 Seconds
Solution: 1 5 39 13 45 21 10 32 28 18 22 16 24 8 7 43 26 9 49 2 34 30 48 15 46 36 40 42 47 3 35 11 27 38 33 41 17 4 20 50 19 14 44 29 37 31 25 6 23 12 

Inst_Index:8741 	 City_Num:50 	 Concorde:0.056570 	 MCTS:5.656992 Improve:-0.000000 	 Time:5.00 Seconds
Solution: 1 21 15 4 3 37 41 43 46 16 7 40 9 2 22 24 28 47 27 12 42 17 32 14 34 19 39 10 50 49 30 18 13 36 29 23 31 11 20 8 25 45 48 35 5 33 44 38 6 26 

Inst_Index:8742 	 City_Num:50 	 Concorde:0.055190 	 MCTS:5.515256 Improve:0.003772 	 Time:5.01 Seconds
Solution: 1 44 27 14 11 10 33 3 5 29 25 42 22 40 48 34 49 28 41 38 46 16 8 32 9 6 23 31 35 45 2 43 39 21 7 50 4 20 17 15 24 18 36 12 30 19 47 13 37 26 

Inst_Index:8743 	 City_Num:50 	 Concorde:0.055192 	 MCTS:5.516203 Improve:0.003012 	 Time:5.00 Seconds
Solution: 1 49 13 33 4 18 14 40 31 24 2 25 8 17 5 20 37 22 3 48 29 42 45 50 10 47 7 30 46 11 44 19 6 34 28 16 15 39 9 36 38 26 12 43 27 21 41 32 35 23 

Inst_Index:8744 	 City_Num:50 	 Concorde:0.053995 	 MCTS:5.399545 Improve:0.000000 	 Time:5.00 Seconds
Solution: 1 30 39 5 6 17 22 48 16 33 15 20 35 9 50 41 10 13 8 19 34 37 36 44 25 40 27 49 4 7 46 11 29 24 43 21 3 18 23 12 2 32 14 28 47 31 26 42 45 38 

Inst_Index:8745 	 City_Num:50 	 Concorde:0.053935 	 MCTS:5.392836 Improve:0.000667 	 Time:5.00 Seconds
Solution: 1 12 38 41 46 50 6 47 11 49 30 3 39 14 31 37 28 4 10 27 8 20 2 25 43 21 18 35 45 29 23 32 44 15 22 40 7 9 48 17 24 26 19 36 13 33 42 34 16 5 

Inst_Index:8746 	 City_Num:50 	 Concorde:0.058922 	 MCTS:5.892194 Improve:-0.000000 	 Time:5.00 Seconds
Solution: 1 44 21 27 13 23 30 6 8 4 7 12 33 45 42 50 43 10 28 25 37 34 36 48 20 2 9 39 38 19 29 40 47 18 31 35 3 49 24 14 15 11 41 26 17 22 5 16 32 46 

Inst_Index:8747 	 City_Num:50 	 Concorde:0.055140 	 MCTS:5.513964 Improve:-0.000000 	 Time:5.00 Seconds
Solution: 1 5 37 38 50 11 15 6 42 9 10 3 23 24 25 29 12 16 27 32 45 17 36 49 35 34 14 48 47 41 31 2 46 43 26 18 20 8 30 13 44 40 39 7 21 19 4 22 33 28 

Inst_Index:8748 	 City_Num:50 	 Concorde:0.060238 	 MCTS:6.022483 Improve:0.001365 	 Time:5.00 Seconds
Solution: 1 12 43 20 7 50 23 29 48 11 44 38 18 34 32 36 46 35 25 2 33 8 24 17 3 30 40 31 26 39 6 13 5 10 9 21 14 41 49 16 22 27 15 19 4 47 28 42 37 45 

Inst_Index:8749 	 City_Num:50 	 Concorde:0.056682 	 MCTS:5.668235 Improve:0.000000 	 Time:5.00 Seconds
Solution: 1 40 33 30 32 34 12 16 4 49 22 28 31 8 42 23 46 39 3 21 7 2 9 25 17 50 48 15 44 11 41 18 14 38 10 26 47 36 13 19 24 37 6 45 29 20 5 35 43 27 

Inst_Index:8750 	 City_Num:50 	 Concorde:0.057304 	 MCTS:5.730429 Improve:-0.000000 	 Time:5.00 Seconds
Solution: 1 45 12 27 25 7 30 39 19 5 31 21 40 35 32 13 16 15 42 48 2 43 33 44 37 47 41 49 23 29 10 14 18 11 6 8 9 34 20 22 3 4 17 50 38 36 24 28 46 26 

Inst_Index:8751 	 City_Num:50 	 Concorde:0.057899 	 MCTS:5.789880 Improve:0.000000 	 Time:5.00 Seconds
Solution: 1 38 6 19 20 9 23 43 27 42 36 48 16 2 21 29 24 35 14 3 45 39 12 46 10 17 41 26 49 47 28 34 30 18 37 31 11 32 7 22 15 44 40 50 8 5 4 13 25 33 

Inst_Index:8752 	 City_Num:50 	 Concorde:0.057234 	 MCTS:5.723411 Improve:0.000000 	 Time:5.00 Seconds
Solution: 1 23 37 29 18 33 17 35 39 14 20 11 25 48 15 10 8 30 13 32 26 28 9 4 40 12 16 49 5 24 21 46 36 27 42 38 2 41 50 3 34 22 7 45 6 31 44 19 47 43 

Inst_Index:8753 	 City_Num:50 	 Concorde:0.060141 	 MCTS:6.014099 Improve:0.000000 	 Time:5.00 Seconds
Solution: 1 8 7 33 39 4 22 16 23 15 31 11 6 32 48 40 21 34 25 27 38 35 41 19 26 49 44 14 43 12 24 20 13 45 47 29 9 42 18 5 10 37 17 50 2 46 28 3 30 36 

Inst_Index:8754 	 City_Num:50 	 Concorde:0.060938 	 MCTS:6.093814 Improve:0.000000 	 Time:5.00 Seconds
Solution: 1 11 43 47 30 38 39 6 49 36 32 4 42 20 8 25 15 50 3 17 21 40 31 10 14 24 12 37 44 16 9 18 26 28 29 7 22 41 33 34 45 35 27 5 2 48 13 19 23 46 

Inst_Index:8755 	 City_Num:50 	 Concorde:0.058269 	 MCTS:5.826911 Improve:0.000000 	 Time:5.00 Seconds
Solution: 1 2 14 18 7 6 46 34 48 15 5 40 22 44 13 45 27 31 20 30 43 16 29 4 8 49 36 12 35 10 9 24 21 26 33 19 17 23 41 39 50 25 38 37 47 11 42 3 28 32 

Inst_Index:8756 	 City_Num:50 	 Concorde:0.054421 	 MCTS:5.442108 Improve:0.000000 	 Time:5.00 Seconds
Solution: 1 34 16 39 8 43 24 18 6 3 7 29 26 40 33 44 47 10 25 14 20 4 32 49 38 13 27 19 35 15 28 37 17 5 23 46 41 11 36 30 12 42 48 50 22 9 45 31 21 2 

Inst_Index:8757 	 City_Num:50 	 Concorde:0.057294 	 MCTS:5.729363 Improve:-0.000000 	 Time:5.00 Seconds
Solution: 1 26 45 42 40 30 6 31 41 34 36 33 12 20 11 10 24 28 4 46 37 8 50 5 7 48 29 35 22 14 25 16 2 32 19 39 15 27 13 21 17 49 43 3 18 23 9 44 47 38 

Inst_Index:8758 	 City_Num:50 	 Concorde:0.060627 	 MCTS:6.062739 Improve:0.000000 	 Time:5.00 Seconds
Solution: 1 32 35 36 14 33 31 8 23 17 4 27 30 22 41 9 44 24 18 42 29 46 39 2 15 11 20 45 25 47 5 40 7 19 37 50 48 28 3 34 26 16 13 49 21 38 10 6 12 43 

Inst_Index:8759 	 City_Num:50 	 Concorde:0.061207 	 MCTS:6.120734 Improve:-0.000000 	 Time:5.00 Seconds
Solution: 1 38 30 32 6 43 25 10 21 27 7 45 15 34 24 3 20 35 28 29 39 36 49 18 17 8 9 44 50 11 5 42 14 40 47 41 16 26 22 46 31 19 48 33 13 4 23 12 37 2 

Inst_Index:8760 	 City_Num:50 	 Concorde:0.058123 	 MCTS:5.810789 Improve:0.001522 	 Time:5.00 Seconds
Solution: 1 3 39 15 42 47 49 26 37 36 25 48 9 41 28 24 23 35 38 29 27 45 40 2 6 18 11 5 8 31 12 19 50 21 20 30 17 10 13 7 22 34 44 32 16 4 43 14 33 46 

Inst_Index:8761 	 City_Num:50 	 Concorde:0.054204 	 MCTS:5.417193 Improve:0.003193 	 Time:5.00 Seconds
Solution: 1 31 41 19 9 46 2 8 4 24 3 32 38 50 43 39 26 47 33 6 13 44 25 17 34 5 45 23 15 36 12 48 7 28 40 42 10 16 35 20 29 18 11 21 22 30 27 37 14 49 

Inst_Index:8762 	 City_Num:50 	 Concorde:0.051360 	 MCTS:5.136025 Improve:-0.000000 	 Time:5.00 Seconds
Solution: 1 36 2 30 31 17 21 39 18 22 46 12 5 49 11 35 33 45 32 38 25 29 26 48 27 23 10 15 40 47 9 44 13 20 43 14 28 42 37 41 3 50 34 6 7 4 8 16 19 24 

Inst_Index:8763 	 City_Num:50 	 Concorde:0.054457 	 MCTS:5.445408 Improve:0.000249 	 Time:5.00 Seconds
Solution: 1 8 44 5 28 4 7 32 22 6 26 40 46 19 24 43 17 23 3 45 39 37 50 47 30 10 16 31 15 20 38 18 42 48 34 21 9 35 36 12 13 2 29 49 11 33 27 14 25 41 

Inst_Index:8764 	 City_Num:50 	 Concorde:0.055817 	 MCTS:5.581696 Improve:0.000000 	 Time:5.00 Seconds
Solution: 1 44 16 33 36 31 6 32 40 5 2 28 10 22 8 48 4 46 15 47 3 41 26 17 13 50 23 9 38 42 7 11 12 29 19 30 34 27 18 49 25 14 24 20 37 45 21 43 39 35 


Avg_Concorde_Distance: 5.701066 Avg_MCTS_Distance: 5.700212 Avg_Gap: -0.000151 Total_Time: 1566.51 Seconds 
 Beat_Best_Known_Times: 112 Match_Best_Known_Times: 191 Miss_Best_Known_Times: 10 
