Number_of_Instances_In_Current_Batch: 313

Inst_Index:1253 	 City_Num:50 	 Concorde:0.053351 	 MCTS:5.335061 Improve:-0.000000 	 Time:5.00 Seconds
Solution: 1 9 33 32 24 7 11 44 18 13 28 36 27 17 45 5 3 30 38 8 12 26 41 10 2 31 14 42 20 37 4 16 6 43 34 25 22 35 50 29 21 47 49 15 48 39 40 23 46 19 

Inst_Index:1254 	 City_Num:50 	 Concorde:0.056295 	 MCTS:5.629499 Improve:-0.000000 	 Time:5.00 Seconds
Solution: 1 31 32 28 7 47 43 20 45 23 46 49 12 27 26 19 4 40 42 29 35 14 39 17 9 36 2 50 16 8 37 21 44 13 15 41 34 10 6 30 22 48 33 18 25 3 24 38 11 5 

Inst_Index:1255 	 City_Num:50 	 Concorde:0.052540 	 MCTS:5.254020 Improve:-0.000000 	 Time:5.00 Seconds
Solution: 1 8 44 35 23 7 46 10 14 13 26 20 18 33 28 6 5 49 24 15 43 3 29 17 40 19 27 30 36 12 21 42 11 34 37 22 32 16 48 39 38 41 25 47 31 50 4 9 45 2 

Inst_Index:1256 	 City_Num:50 	 Concorde:0.056403 	 MCTS:5.640347 Improve:-0.000000 	 Time:5.00 Seconds
Solution: 1 41 8 7 40 9 26 47 5 31 35 6 48 15 12 49 36 42 30 17 43 18 37 21 3 27 14 44 20 23 10 25 19 29 11 24 38 22 39 46 50 45 32 28 2 16 33 13 4 34 

Inst_Index:1257 	 City_Num:50 	 Concorde:0.059325 	 MCTS:5.932000 Improve:0.000496 	 Time:5.00 Seconds
Solution: 1 8 29 28 3 7 38 26 41 43 49 40 17 19 25 35 36 6 37 30 13 39 10 47 4 21 50 33 34 18 12 5 16 44 24 20 9 42 11 45 22 31 2 48 23 32 27 46 15 14 

Inst_Index:1258 	 City_Num:50 	 Concorde:0.051384 	 MCTS:5.138420 Improve:-0.000000 	 Time:5.00 Seconds
Solution: 1 20 10 25 47 31 40 6 18 38 5 26 14 29 46 27 23 44 42 34 4 48 15 32 41 2 39 17 43 30 11 35 19 50 21 28 22 33 24 49 45 12 36 37 8 3 16 7 9 13 

Inst_Index:1259 	 City_Num:50 	 Concorde:0.055629 	 MCTS:5.562513 Improve:0.000381 	 Time:5.01 Seconds
Solution: 1 25 41 13 29 43 9 20 45 8 50 49 16 26 39 30 2 14 31 4 28 19 44 23 34 33 40 37 24 32 18 35 36 47 46 38 17 12 48 11 3 5 15 42 21 10 22 27 6 7 

Inst_Index:1260 	 City_Num:50 	 Concorde:0.063042 	 MCTS:6.303449 Improve:0.000776 	 Time:5.01 Seconds
Solution: 1 50 23 30 22 47 12 13 49 33 35 37 15 14 18 42 43 44 25 11 17 45 24 31 32 3 10 48 29 40 26 7 27 4 2 20 36 39 5 46 21 19 8 9 16 6 41 28 34 38 

Inst_Index:1261 	 City_Num:50 	 Concorde:0.059244 	 MCTS:5.924427 Improve:0.000000 	 Time:5.01 Seconds
Solution: 1 32 8 48 30 46 39 14 15 25 28 11 50 37 38 43 20 7 21 16 41 29 5 36 27 18 34 12 6 23 3 19 4 35 13 24 42 44 22 33 26 45 10 47 40 31 17 2 49 9 

Inst_Index:1262 	 City_Num:50 	 Concorde:0.059124 	 MCTS:5.910933 Improve:0.001470 	 Time:5.00 Seconds
Solution: 1 21 46 37 38 7 29 41 36 24 45 44 4 13 26 8 6 18 42 2 27 31 17 22 10 25 49 11 20 15 30 43 12 16 23 47 14 48 34 9 28 39 35 33 5 50 3 19 32 40 

Inst_Index:1263 	 City_Num:50 	 Concorde:0.055663 	 MCTS:5.564344 Improve:0.001967 	 Time:5.00 Seconds
Solution: 1 2 7 23 43 36 28 3 21 26 4 18 46 49 19 40 50 31 48 24 14 33 13 16 15 29 42 45 34 32 22 47 12 6 35 5 44 9 39 41 10 27 11 30 8 37 20 17 38 25 

Inst_Index:1264 	 City_Num:50 	 Concorde:0.062839 	 MCTS:6.283900 Improve:-0.000000 	 Time:5.01 Seconds
Solution: 1 27 41 40 32 2 38 21 10 42 18 26 25 15 5 9 17 36 34 22 3 39 31 37 46 45 11 23 7 47 14 28 30 48 24 50 29 19 16 20 43 8 12 6 44 13 49 4 33 35 

Inst_Index:1265 	 City_Num:50 	 Concorde:0.056171 	 MCTS:5.617041 Improve:0.000105 	 Time:5.00 Seconds
Solution: 1 35 15 43 48 10 18 20 6 13 41 47 25 38 45 36 39 23 42 26 49 5 3 34 12 24 7 31 8 16 46 17 44 30 28 19 4 29 50 40 37 14 27 32 9 33 2 21 22 11 

Inst_Index:1266 	 City_Num:50 	 Concorde:0.056558 	 MCTS:5.653709 Improve:0.002072 	 Time:5.00 Seconds
Solution: 1 8 27 49 12 23 3 29 43 7 30 39 37 2 9 18 13 10 11 19 24 14 15 31 48 17 34 28 21 50 45 46 35 6 47 41 22 20 33 5 40 42 16 38 26 4 25 44 36 32 

Inst_Index:1267 	 City_Num:50 	 Concorde:0.059141 	 MCTS:5.907741 Improve:0.006378 	 Time:5.00 Seconds
Solution: 1 18 9 32 30 41 16 46 44 35 50 20 27 24 26 21 48 19 4 34 43 28 40 12 45 15 6 14 33 49 39 42 47 31 8 10 29 36 37 3 2 22 38 23 13 17 7 25 5 11 

Inst_Index:1268 	 City_Num:50 	 Concorde:0.059287 	 MCTS:5.920086 Improve:0.008564 	 Time:5.00 Seconds
Solution: 1 4 29 23 31 36 18 10 48 2 40 43 3 24 7 11 21 12 44 16 32 30 13 20 34 37 22 38 19 6 35 42 17 26 8 28 15 27 39 50 49 9 46 25 14 41 47 5 45 33 

Inst_Index:1269 	 City_Num:50 	 Concorde:0.056497 	 MCTS:5.643366 Improve:0.006339 	 Time:5.01 Seconds
Solution: 1 2 44 31 28 27 33 30 29 22 43 5 11 21 42 25 3 49 45 32 38 37 12 23 14 13 24 8 20 18 26 10 39 17 46 9 48 41 35 47 7 34 19 16 50 6 15 4 36 40 

Inst_Index:1270 	 City_Num:50 	 Concorde:0.055566 	 MCTS:5.555091 Improve:0.001551 	 Time:5.00 Seconds
Solution: 1 3 9 40 18 12 49 25 30 31 17 44 8 43 32 35 20 45 37 36 13 39 10 29 28 34 6 14 7 50 23 5 27 22 4 2 24 41 33 38 16 42 11 15 19 47 26 21 48 46 

Inst_Index:1271 	 City_Num:50 	 Concorde:0.058043 	 MCTS:5.804310 Improve:0.000000 	 Time:5.00 Seconds
Solution: 1 2 37 14 32 48 11 41 43 29 13 26 7 19 21 16 12 3 38 20 31 27 49 42 34 44 17 5 22 50 25 15 40 8 30 45 4 39 36 9 46 24 47 6 10 28 23 33 35 18 

Inst_Index:1272 	 City_Num:50 	 Concorde:0.057096 	 MCTS:5.709624 Improve:0.000000 	 Time:5.02 Seconds
Solution: 1 48 4 39 41 49 47 36 3 11 9 44 25 32 16 24 18 42 43 14 46 28 37 23 8 10 20 34 38 33 15 35 50 19 21 27 6 26 12 22 17 30 40 45 13 2 7 31 29 5 

Inst_Index:1273 	 City_Num:50 	 Concorde:0.055638 	 MCTS:5.559517 Improve:0.004276 	 Time:5.00 Seconds
Solution: 1 30 25 24 50 5 6 41 9 10 34 20 19 12 49 22 13 27 37 23 11 48 4 21 42 16 40 28 47 44 2 15 29 26 18 43 3 14 36 46 39 8 7 32 33 45 38 35 31 17 

Inst_Index:1274 	 City_Num:50 	 Concorde:0.059454 	 MCTS:5.945380 Improve:-0.000000 	 Time:5.00 Seconds
Solution: 1 30 9 23 36 33 19 6 49 17 24 21 27 26 34 10 4 38 32 16 47 40 44 31 2 7 46 43 13 45 8 3 29 11 48 5 12 41 35 50 22 14 37 25 18 15 28 20 39 42 

Inst_Index:1275 	 City_Num:50 	 Concorde:0.055732 	 MCTS:5.573163 Improve:-0.000000 	 Time:5.01 Seconds
Solution: 1 44 48 15 38 18 23 3 35 21 7 10 28 46 42 45 5 8 37 30 13 40 14 31 11 19 34 25 39 17 49 20 41 16 4 32 27 36 12 24 2 33 47 9 6 43 50 29 26 22 

Inst_Index:1276 	 City_Num:50 	 Concorde:0.058683 	 MCTS:5.867038 Improve:0.001304 	 Time:5.00 Seconds
Solution: 1 47 17 28 13 21 38 23 42 14 15 9 7 3 12 4 32 18 22 6 27 48 45 31 30 36 40 26 24 35 5 44 29 19 49 11 46 16 39 8 50 43 37 34 2 10 33 20 41 25 

Inst_Index:1277 	 City_Num:50 	 Concorde:0.058678 	 MCTS:5.860250 Improve:0.007520 	 Time:5.00 Seconds
Solution: 1 34 33 27 26 50 39 47 42 22 15 9 8 6 19 32 38 17 4 40 10 11 18 25 37 36 3 48 23 29 24 28 20 14 41 13 31 46 30 7 45 5 16 35 44 21 12 49 43 2 

Inst_Index:1278 	 City_Num:50 	 Concorde:0.058262 	 MCTS:5.826185 Improve:-0.000000 	 Time:5.01 Seconds
Solution: 1 12 32 15 9 14 7 18 19 35 10 3 41 30 40 6 31 34 27 21 43 45 37 46 42 8 49 29 16 26 28 11 33 36 23 50 39 20 24 47 25 48 2 4 13 38 44 22 5 17 

Inst_Index:1279 	 City_Num:50 	 Concorde:0.051707 	 MCTS:5.170667 Improve:0.000000 	 Time:5.00 Seconds
Solution: 1 22 21 19 2 50 38 23 25 6 14 40 13 43 28 5 32 24 47 34 45 48 26 35 31 41 42 12 46 36 17 4 9 18 49 16 29 37 10 33 44 20 7 27 30 15 3 8 39 11 

Inst_Index:1280 	 City_Num:50 	 Concorde:0.056101 	 MCTS:5.610084 Improve:0.000000 	 Time:5.00 Seconds
Solution: 1 5 4 32 48 46 50 26 40 9 47 44 21 37 24 23 45 22 30 7 49 41 27 42 29 31 19 6 14 2 16 17 8 43 33 39 20 35 18 34 13 10 25 38 36 12 11 3 15 28 

Inst_Index:1281 	 City_Num:50 	 Concorde:0.056323 	 MCTS:5.632345 Improve:0.000000 	 Time:5.00 Seconds
Solution: 1 25 21 30 13 20 14 29 36 38 11 49 4 10 5 47 16 18 41 26 50 17 35 31 9 15 27 42 39 40 6 46 12 23 22 32 34 33 19 3 37 44 45 24 2 48 8 7 28 43 

Inst_Index:1282 	 City_Num:50 	 Concorde:0.055199 	 MCTS:5.519871 Improve:0.000000 	 Time:5.00 Seconds
Solution: 1 11 7 40 12 45 37 14 34 49 17 30 26 10 36 9 48 44 46 21 47 42 25 3 50 19 20 39 32 15 6 35 23 28 2 22 8 24 13 33 43 41 16 5 4 31 29 27 38 18 

Inst_Index:1283 	 City_Num:50 	 Concorde:0.058668 	 MCTS:5.866799 Improve:0.000000 	 Time:5.00 Seconds
Solution: 1 8 35 9 30 34 47 26 28 27 25 13 39 4 44 48 6 29 49 23 45 42 36 7 32 17 11 21 16 18 40 14 19 12 43 10 15 5 50 22 20 3 41 46 33 31 38 24 2 37 

Inst_Index:1284 	 City_Num:50 	 Concorde:0.057459 	 MCTS:5.745931 Improve:0.000000 	 Time:5.00 Seconds
Solution: 1 48 3 28 26 17 2 34 32 27 39 16 22 15 6 43 45 4 46 38 49 40 29 19 11 36 7 23 50 41 12 9 33 42 25 31 35 14 20 30 5 47 18 37 21 8 44 13 24 10 

Inst_Index:1285 	 City_Num:50 	 Concorde:0.053059 	 MCTS:5.305851 Improve:-0.000000 	 Time:5.01 Seconds
Solution: 1 34 26 13 24 11 33 9 44 21 29 22 14 3 8 27 7 20 15 47 18 19 12 25 40 43 23 39 42 37 45 48 6 36 49 31 38 17 46 10 4 50 30 2 5 41 28 16 32 35 

Inst_Index:1286 	 City_Num:50 	 Concorde:0.058363 	 MCTS:5.836298 Improve:0.000000 	 Time:5.00 Seconds
Solution: 1 15 45 16 46 26 17 2 19 41 3 33 27 25 38 39 21 12 49 14 35 29 28 5 8 13 48 42 9 10 4 47 23 24 7 44 37 18 34 40 6 22 31 36 11 20 32 43 30 50 

Inst_Index:1287 	 City_Num:50 	 Concorde:0.058015 	 MCTS:5.801550 Improve:0.000000 	 Time:5.00 Seconds
Solution: 1 49 36 29 41 20 32 22 47 16 30 24 7 40 12 18 15 35 3 43 4 11 10 25 28 14 21 19 23 50 17 46 26 38 39 34 13 48 5 9 6 33 45 42 8 27 31 44 37 2 

Inst_Index:1288 	 City_Num:50 	 Concorde:0.052851 	 MCTS:5.285072 Improve:0.000000 	 Time:5.00 Seconds
Solution: 1 25 31 43 28 37 23 15 19 45 49 44 26 27 24 40 39 8 48 22 12 4 21 10 50 11 30 42 5 32 14 47 2 17 33 16 35 7 34 38 36 41 13 9 20 46 29 18 3 6 

Inst_Index:1289 	 City_Num:50 	 Concorde:0.052612 	 MCTS:5.258948 Improve:0.002245 	 Time:5.00 Seconds
Solution: 1 9 35 6 30 42 40 17 14 29 11 36 24 33 41 46 23 44 50 26 25 22 28 7 15 18 31 32 38 48 20 21 39 10 49 43 47 45 19 2 37 3 27 13 12 8 5 16 4 34 

Inst_Index:1290 	 City_Num:50 	 Concorde:0.058182 	 MCTS:5.818246 Improve:0.000000 	 Time:5.00 Seconds
Solution: 1 41 35 18 42 48 16 27 45 44 28 25 26 46 4 34 9 11 29 17 40 5 19 14 23 50 36 30 31 33 6 24 43 37 3 47 8 21 15 10 49 32 7 39 12 20 2 38 22 13 

Inst_Index:1291 	 City_Num:50 	 Concorde:0.049505 	 MCTS:4.950497 Improve:-0.000000 	 Time:5.01 Seconds
Solution: 1 14 20 39 9 13 45 31 29 17 8 35 2 43 32 10 23 42 28 38 21 25 3 50 49 46 15 47 30 12 16 11 7 4 37 44 22 6 27 33 24 5 40 19 34 41 48 26 36 18 

Inst_Index:1292 	 City_Num:50 	 Concorde:0.056312 	 MCTS:5.631151 Improve:0.000000 	 Time:5.00 Seconds
Solution: 1 26 19 49 12 24 35 11 31 17 33 4 45 3 32 39 30 29 18 9 15 44 21 20 36 34 2 13 14 37 22 40 25 43 8 23 10 50 38 6 28 16 42 5 47 41 7 27 48 46 

Inst_Index:1293 	 City_Num:50 	 Concorde:0.056902 	 MCTS:5.690248 Improve:0.000000 	 Time:5.00 Seconds
Solution: 1 26 11 48 17 50 10 46 31 44 28 21 36 40 33 42 38 30 32 5 3 23 29 47 8 39 35 16 43 18 15 6 7 19 25 9 12 34 4 37 45 41 22 2 24 20 27 14 13 49 

Inst_Index:1294 	 City_Num:50 	 Concorde:0.057551 	 MCTS:5.751145 Improve:0.003919 	 Time:5.01 Seconds
Solution: 1 39 19 44 21 41 45 47 31 40 35 49 2 29 46 34 38 4 30 20 37 43 5 9 32 15 50 26 42 25 6 22 8 28 12 17 14 3 33 11 23 48 10 18 36 7 27 24 16 13 

Inst_Index:1295 	 City_Num:50 	 Concorde:0.052524 	 MCTS:5.252431 Improve:0.000000 	 Time:5.00 Seconds
Solution: 1 47 49 21 30 29 33 34 35 13 17 6 39 25 50 12 27 37 7 28 3 32 2 9 42 26 45 15 38 18 48 20 5 16 40 10 41 31 8 19 36 43 4 11 22 24 14 23 46 44 

Inst_Index:1296 	 City_Num:50 	 Concorde:0.055672 	 MCTS:5.567201 Improve:0.000000 	 Time:5.01 Seconds
Solution: 1 24 22 2 13 39 37 46 5 38 3 42 12 43 26 25 11 28 41 36 15 44 31 18 14 16 47 20 27 8 33 21 45 23 40 10 35 17 4 32 7 19 50 6 34 9 48 29 49 30 

Inst_Index:1297 	 City_Num:50 	 Concorde:0.061645 	 MCTS:6.157842 Improve:0.006699 	 Time:5.00 Seconds
Solution: 1 7 8 21 23 3 27 5 45 35 19 15 39 9 11 41 37 33 31 17 43 28 14 34 32 13 12 44 47 38 42 30 36 29 16 20 10 6 49 24 22 40 4 25 18 2 46 50 26 48 

Inst_Index:1298 	 City_Num:50 	 Concorde:0.060207 	 MCTS:6.029964 Improve:-0.009270 	 Time:5.00 Seconds
Solution: 1 14 29 35 42 34 18 37 39 6 27 48 45 16 5 26 36 50 43 25 8 4 19 10 13 9 21 49 32 38 2 28 40 12 3 22 30 24 33 47 31 23 41 20 7 15 17 44 11 46 

Inst_Index:1299 	 City_Num:50 	 Concorde:0.054856 	 MCTS:5.485609 Improve:0.000000 	 Time:5.00 Seconds
Solution: 1 39 7 25 30 20 5 32 41 10 18 29 34 38 40 12 17 44 23 22 24 27 21 26 50 49 2 13 9 36 4 16 11 6 8 35 14 48 28 3 37 43 42 45 46 33 31 47 19 15 

Inst_Index:1300 	 City_Num:50 	 Concorde:0.057348 	 MCTS:5.749172 Improve:-0.014343 	 Time:5.00 Seconds
Solution: 1 28 39 19 15 10 43 12 11 50 7 37 31 25 14 47 32 6 35 21 38 8 26 41 18 17 4 13 49 33 30 20 46 44 48 34 40 9 36 45 3 22 24 27 42 29 5 23 2 16 

Inst_Index:1301 	 City_Num:50 	 Concorde:0.054687 	 MCTS:5.468694 Improve:0.000000 	 Time:5.00 Seconds
Solution: 1 8 5 2 33 13 28 21 7 35 26 10 27 23 39 32 6 4 25 46 37 15 12 31 17 36 50 42 19 38 41 34 40 22 14 11 3 43 16 44 18 49 47 29 45 20 30 48 9 24 

Inst_Index:1302 	 City_Num:50 	 Concorde:0.055423 	 MCTS:5.542294 Improve:-0.000000 	 Time:5.01 Seconds
Solution: 1 8 27 28 7 33 30 19 12 17 49 11 16 5 38 41 23 47 13 24 14 4 48 6 20 18 50 39 42 32 26 29 21 37 3 35 36 22 46 15 31 25 9 43 2 10 44 40 34 45 

Inst_Index:1303 	 City_Num:50 	 Concorde:0.055122 	 MCTS:5.510425 Improve:0.001809 	 Time:5.00 Seconds
Solution: 1 45 40 23 46 4 43 19 47 31 41 11 25 38 24 36 34 3 16 15 50 18 48 49 10 26 37 22 12 39 33 44 13 30 27 29 7 17 35 32 20 2 5 28 14 21 9 6 8 42 

Inst_Index:1304 	 City_Num:50 	 Concorde:0.055242 	 MCTS:5.524173 Improve:-0.000000 	 Time:5.00 Seconds
Solution: 1 23 41 40 21 39 12 48 5 9 25 28 11 26 38 33 50 19 2 46 18 36 4 43 34 45 16 6 35 29 3 44 10 30 42 31 14 20 7 47 49 24 17 32 13 37 15 27 8 22 

Inst_Index:1305 	 City_Num:50 	 Concorde:0.059801 	 MCTS:6.005936 Improve:-0.025857 	 Time:5.00 Seconds
Solution: 1 21 17 35 5 2 30 33 42 39 4 47 38 12 15 37 13 7 34 14 18 16 8 26 20 3 40 50 28 29 27 48 43 19 25 46 10 6 41 49 11 22 32 45 31 24 44 9 23 36 

Inst_Index:1306 	 City_Num:50 	 Concorde:0.060794 	 MCTS:6.079397 Improve:0.000000 	 Time:5.00 Seconds
Solution: 1 30 48 4 6 15 36 5 46 41 9 16 40 47 31 27 11 12 2 3 18 50 34 43 37 23 49 14 45 20 42 17 35 8 26 32 13 25 44 21 24 19 38 29 33 7 10 39 22 28 

Inst_Index:1307 	 City_Num:50 	 Concorde:0.048789 	 MCTS:4.878909 Improve:0.000000 	 Time:5.00 Seconds
Solution: 1 7 46 30 4 18 19 23 50 47 10 38 16 24 20 34 8 27 5 31 41 45 33 25 43 21 44 2 49 32 6 11 39 40 29 26 35 42 3 14 12 13 28 15 37 48 22 17 9 36 

Inst_Index:1308 	 City_Num:50 	 Concorde:0.056744 	 MCTS:5.670306 Improve:0.004121 	 Time:5.02 Seconds
Solution: 1 26 10 17 37 42 31 46 8 29 11 9 32 24 48 16 50 34 19 27 39 41 21 12 36 15 2 44 43 3 14 49 33 13 20 28 47 5 40 18 35 45 25 4 7 38 30 23 22 6 

Inst_Index:1309 	 City_Num:50 	 Concorde:0.057530 	 MCTS:5.753002 Improve:-0.000000 	 Time:5.00 Seconds
Solution: 1 33 21 29 3 18 28 22 46 43 44 34 48 6 11 35 2 49 17 16 30 45 41 37 7 32 47 15 36 27 40 14 24 38 42 9 8 4 20 19 23 39 50 26 10 5 31 13 12 25 

Inst_Index:1310 	 City_Num:50 	 Concorde:0.055365 	 MCTS:5.536506 Improve:-0.000000 	 Time:5.01 Seconds
Solution: 1 14 34 19 25 21 39 9 32 16 8 41 42 29 35 6 44 22 5 2 15 7 4 13 28 27 26 43 23 47 24 20 12 11 18 40 37 3 17 50 36 31 33 49 45 30 38 46 48 10 

Inst_Index:1311 	 City_Num:50 	 Concorde:0.061072 	 MCTS:6.107174 Improve:0.000000 	 Time:5.00 Seconds
Solution: 1 18 3 26 12 16 29 48 24 27 47 10 13 14 8 33 37 40 15 21 2 32 42 46 28 22 31 9 4 19 50 49 38 45 20 34 43 36 39 41 23 25 35 11 44 7 5 30 17 6 

Inst_Index:1312 	 City_Num:50 	 Concorde:0.051842 	 MCTS:5.178720 Improve:0.005477 	 Time:5.00 Seconds
Solution: 1 31 18 14 36 19 41 4 3 33 29 2 9 22 32 16 27 26 43 30 46 21 40 48 28 6 35 13 49 15 38 7 10 5 20 42 37 12 50 25 24 39 44 34 45 23 11 17 47 8 

Inst_Index:1313 	 City_Num:50 	 Concorde:0.057699 	 MCTS:5.769869 Improve:-0.000000 	 Time:5.00 Seconds
Solution: 1 26 50 23 46 12 40 18 10 49 37 7 34 21 29 20 24 27 19 42 36 28 14 13 38 39 33 47 17 9 41 35 48 3 31 4 16 22 25 6 45 8 43 15 2 11 30 44 5 32 

Inst_Index:1314 	 City_Num:50 	 Concorde:0.055180 	 MCTS:5.517955 Improve:-0.000000 	 Time:5.01 Seconds
Solution: 1 21 11 42 15 25 5 12 36 10 40 47 45 43 39 18 20 30 7 37 38 44 27 29 22 50 32 46 28 14 6 34 16 13 35 26 48 23 3 19 8 49 33 9 4 17 24 31 2 41 

Inst_Index:1315 	 City_Num:50 	 Concorde:0.056612 	 MCTS:5.661185 Improve:-0.000000 	 Time:5.00 Seconds
Solution: 1 23 17 13 48 12 7 19 30 21 27 25 38 47 44 20 6 46 11 37 2 3 41 26 45 9 35 39 22 8 49 16 31 33 14 24 15 4 34 36 43 10 32 29 18 28 5 40 50 42 

Inst_Index:1316 	 City_Num:50 	 Concorde:0.055475 	 MCTS:5.547473 Improve:0.000000 	 Time:5.01 Seconds
Solution: 1 8 48 50 40 27 30 31 34 17 28 25 32 23 21 46 18 9 13 7 6 10 39 37 2 49 14 36 29 24 38 35 47 45 22 19 4 20 16 26 43 12 42 44 15 3 33 5 11 41 

Inst_Index:1317 	 City_Num:50 	 Concorde:0.055422 	 MCTS:5.538617 Improve:0.003547 	 Time:5.00 Seconds
Solution: 1 19 34 38 43 20 26 36 17 14 49 18 39 7 15 29 42 5 35 13 21 47 9 11 16 22 31 24 33 48 27 32 2 8 41 6 44 45 10 50 37 40 28 23 3 25 4 30 46 12 

Inst_Index:1318 	 City_Num:50 	 Concorde:0.058912 	 MCTS:5.891205 Improve:0.000000 	 Time:5.00 Seconds
Solution: 1 19 23 37 29 9 35 47 3 13 34 6 14 28 31 25 10 36 38 18 27 21 17 48 22 20 7 45 12 11 33 44 2 26 43 50 16 49 40 42 32 8 24 15 5 4 46 39 30 41 

Inst_Index:1319 	 City_Num:50 	 Concorde:0.055851 	 MCTS:5.585051 Improve:0.000000 	 Time:5.00 Seconds
Solution: 1 36 5 45 40 49 13 19 14 35 9 18 50 47 24 22 31 32 6 4 30 11 26 16 27 39 2 3 23 28 48 38 37 25 15 8 43 46 7 42 20 44 34 29 17 33 10 12 21 41 

Inst_Index:1320 	 City_Num:50 	 Concorde:0.056381 	 MCTS:5.638092 Improve:-0.000000 	 Time:5.00 Seconds
Solution: 1 38 6 26 8 45 40 4 27 14 21 11 47 15 24 39 36 44 19 35 7 41 34 43 50 16 13 12 3 30 37 32 5 46 48 17 49 2 20 9 31 10 29 18 22 42 23 28 33 25 

Inst_Index:1321 	 City_Num:50 	 Concorde:0.055423 	 MCTS:5.542306 Improve:0.000000 	 Time:5.00 Seconds
Solution: 1 25 49 5 30 3 4 8 11 23 10 39 16 38 24 19 20 48 14 46 34 13 17 35 9 36 44 27 29 42 32 26 47 33 15 40 2 22 41 18 43 12 21 45 7 31 50 6 28 37 

Inst_Index:1322 	 City_Num:50 	 Concorde:0.061420 	 MCTS:6.142011 Improve:0.000000 	 Time:5.00 Seconds
Solution: 1 15 33 48 41 35 6 19 50 34 20 40 32 21 49 24 5 4 25 16 3 38 17 47 36 44 37 18 14 43 10 11 29 30 8 13 45 9 7 12 2 46 39 26 42 31 28 23 27 22 

Inst_Index:1323 	 City_Num:50 	 Concorde:0.061863 	 MCTS:6.186300 Improve:0.000000 	 Time:5.00 Seconds
Solution: 1 2 15 34 40 33 39 13 49 25 24 11 30 45 23 38 37 29 3 26 48 42 19 41 16 43 20 28 10 31 9 50 47 6 7 18 27 17 22 21 44 4 14 32 46 8 12 35 5 36 

Inst_Index:1324 	 City_Num:50 	 Concorde:0.055977 	 MCTS:5.597655 Improve:0.000000 	 Time:5.01 Seconds
Solution: 1 45 4 49 6 19 35 23 5 13 22 36 46 32 27 40 28 15 41 9 14 50 37 16 33 25 30 10 17 3 11 7 20 43 38 34 24 26 8 12 44 2 18 47 31 29 48 21 42 39 

Inst_Index:1325 	 City_Num:50 	 Concorde:0.057501 	 MCTS:5.750138 Improve:0.000000 	 Time:5.00 Seconds
Solution: 1 41 32 8 36 45 34 44 48 42 12 43 46 2 23 22 33 19 30 49 4 47 35 10 37 5 17 11 16 21 26 38 40 9 6 20 18 15 29 14 28 25 24 13 27 3 7 31 39 50 

Inst_Index:1326 	 City_Num:50 	 Concorde:0.057378 	 MCTS:5.737237 Improve:0.000594 	 Time:5.01 Seconds
Solution: 1 15 23 48 49 40 8 18 21 43 22 44 11 25 5 45 50 4 30 32 33 38 35 27 46 42 2 29 47 9 12 17 36 41 14 3 7 16 24 37 34 10 19 6 39 28 13 20 31 26 

Inst_Index:1327 	 City_Num:50 	 Concorde:0.055907 	 MCTS:5.590656 Improve:0.000061 	 Time:5.00 Seconds
Solution: 1 14 15 49 4 10 5 41 35 21 12 38 36 37 32 20 13 33 40 25 8 24 43 39 17 42 50 9 23 34 6 2 11 16 45 27 44 19 18 30 3 46 47 29 28 22 48 31 7 26 

Inst_Index:1328 	 City_Num:50 	 Concorde:0.060132 	 MCTS:6.007819 Improve:0.005400 	 Time:5.00 Seconds
Solution: 1 48 25 8 6 9 42 30 31 27 39 33 29 19 23 15 26 13 7 36 41 4 22 16 40 17 44 21 49 24 10 32 43 47 37 2 14 35 5 45 12 34 28 18 50 46 11 38 3 20 

Inst_Index:1329 	 City_Num:50 	 Concorde:0.060713 	 MCTS:6.071341 Improve:0.000000 	 Time:5.00 Seconds
Solution: 1 26 43 3 49 17 8 40 37 10 38 50 27 19 11 46 5 33 12 42 30 21 44 18 48 34 13 47 15 20 6 7 29 25 24 41 16 9 23 2 45 28 31 35 32 14 22 36 39 4 

Inst_Index:1330 	 City_Num:50 	 Concorde:0.058609 	 MCTS:5.860909 Improve:0.000000 	 Time:5.00 Seconds
Solution: 1 34 5 40 33 47 4 36 17 28 46 18 19 48 8 14 24 32 12 38 21 41 23 29 45 50 15 39 22 16 26 27 11 30 49 31 43 7 9 25 10 44 6 37 13 20 35 42 2 3 

Inst_Index:1331 	 City_Num:50 	 Concorde:0.058671 	 MCTS:5.855757 Improve:0.011367 	 Time:5.00 Seconds
Solution: 1 17 15 36 25 7 20 9 45 42 29 31 23 13 11 12 48 18 10 14 16 28 33 27 50 2 22 46 37 49 6 21 35 43 40 5 3 19 38 24 44 26 34 8 30 47 32 39 4 41 

Inst_Index:1332 	 City_Num:50 	 Concorde:0.053282 	 MCTS:5.328182 Improve:0.000000 	 Time:5.01 Seconds
Solution: 1 20 15 5 23 12 7 19 28 24 4 40 22 43 3 37 48 21 13 29 34 38 11 39 9 42 2 6 32 27 17 30 14 41 46 16 50 31 25 47 49 8 33 10 45 18 44 35 36 26 

Inst_Index:1333 	 City_Num:50 	 Concorde:0.056690 	 MCTS:5.667908 Improve:0.001104 	 Time:5.01 Seconds
Solution: 1 33 3 31 6 29 44 23 42 28 22 20 27 36 45 13 48 30 12 38 26 34 39 40 11 25 9 7 15 5 16 21 8 14 43 35 46 49 47 17 2 10 4 41 50 18 37 24 19 32 

Inst_Index:1334 	 City_Num:50 	 Concorde:0.058253 	 MCTS:5.825322 Improve:0.000000 	 Time:5.00 Seconds
Solution: 1 28 7 14 44 5 34 24 46 2 13 40 17 18 16 26 48 33 19 8 42 9 20 10 35 23 45 25 49 50 12 39 31 36 15 21 30 27 32 37 29 6 3 43 41 11 22 4 47 38 

Inst_Index:1335 	 City_Num:50 	 Concorde:0.063565 	 MCTS:6.356486 Improve:0.000000 	 Time:5.00 Seconds
Solution: 1 50 13 33 20 10 39 41 5 22 49 24 27 16 9 26 31 25 14 35 29 6 18 3 2 4 47 30 34 7 37 48 17 21 23 43 12 36 38 46 28 19 32 15 11 8 44 40 42 45 

Inst_Index:1336 	 City_Num:50 	 Concorde:0.057134 	 MCTS:5.702733 Improve:0.010655 	 Time:5.00 Seconds
Solution: 1 13 38 28 27 35 29 33 24 26 17 31 32 6 49 23 46 16 5 44 40 10 8 9 15 34 3 22 47 39 11 4 37 25 45 12 7 41 19 18 42 21 50 43 2 48 30 14 20 36 

Inst_Index:1337 	 City_Num:50 	 Concorde:0.057809 	 MCTS:5.778667 Improve:0.002211 	 Time:5.00 Seconds
Solution: 1 20 46 37 35 12 48 28 27 18 38 29 39 21 50 44 40 33 42 34 8 24 4 2 32 11 19 45 23 10 13 9 26 14 41 7 31 25 17 36 22 49 15 16 3 47 5 43 30 6 

Inst_Index:1338 	 City_Num:50 	 Concorde:0.058652 	 MCTS:5.876083 Improve:-0.010899 	 Time:5.01 Seconds
Solution: 1 3 40 15 11 18 49 5 48 17 50 41 34 28 31 47 30 29 16 38 44 24 21 9 19 23 25 10 32 20 39 2 7 27 4 46 8 26 42 12 6 45 33 13 36 43 22 37 35 14 

Inst_Index:1339 	 City_Num:50 	 Concorde:0.059080 	 MCTS:5.906828 Improve:0.001149 	 Time:5.00 Seconds
Solution: 1 29 44 21 28 46 18 14 49 48 9 3 31 11 13 20 27 41 19 47 42 22 32 40 15 26 8 10 39 6 45 38 7 2 16 5 34 17 35 30 4 12 50 37 33 43 24 23 36 25 

Inst_Index:1340 	 City_Num:50 	 Concorde:0.057531 	 MCTS:5.753094 Improve:0.000000 	 Time:5.01 Seconds
Solution: 1 33 3 23 17 20 11 18 5 35 21 44 45 32 27 13 36 14 42 48 34 4 46 6 22 41 25 47 2 37 50 39 26 40 28 24 12 19 49 43 15 16 7 38 10 30 29 8 31 9 

Inst_Index:1341 	 City_Num:50 	 Concorde:0.054479 	 MCTS:5.439594 Improve:0.008339 	 Time:5.00 Seconds
Solution: 1 47 16 22 7 24 6 34 15 40 4 27 42 11 20 8 17 44 37 26 19 28 5 50 13 12 32 10 33 38 35 49 9 14 31 23 29 46 30 2 3 18 36 21 41 25 39 48 45 43 

Inst_Index:1342 	 City_Num:50 	 Concorde:0.057268 	 MCTS:5.726833 Improve:0.000000 	 Time:5.00 Seconds
Solution: 1 18 5 14 44 26 50 12 17 41 42 29 9 19 43 7 34 47 21 15 28 45 30 32 31 23 38 25 48 3 39 40 13 46 35 37 36 22 20 49 16 6 11 10 24 8 33 4 2 27 

Inst_Index:1343 	 City_Num:50 	 Concorde:0.057477 	 MCTS:5.747390 Improve:0.000359 	 Time:5.00 Seconds
Solution: 1 20 46 24 29 40 11 42 23 6 3 32 48 17 13 28 37 5 15 31 49 36 45 18 25 27 38 2 39 26 14 41 4 12 43 34 47 35 19 21 30 50 33 9 44 16 7 8 22 10 

Inst_Index:1344 	 City_Num:50 	 Concorde:0.056586 	 MCTS:5.658596 Improve:-0.000000 	 Time:5.00 Seconds
Solution: 1 48 11 17 30 37 32 10 38 31 21 7 27 5 46 42 14 13 47 40 18 24 15 36 44 20 4 8 25 34 12 45 29 26 39 33 16 22 43 9 3 6 41 19 49 28 50 2 35 23 

Inst_Index:1345 	 City_Num:50 	 Concorde:0.059206 	 MCTS:5.916544 Improve:0.004040 	 Time:5.02 Seconds
Solution: 1 24 35 22 47 17 14 21 39 40 16 7 28 30 9 5 13 18 34 42 36 46 6 41 31 45 12 10 49 11 29 27 23 50 38 43 19 4 15 32 26 25 33 48 37 3 44 8 20 2 

Inst_Index:1346 	 City_Num:50 	 Concorde:0.057964 	 MCTS:5.796011 Improve:0.000346 	 Time:5.00 Seconds
Solution: 1 17 12 40 35 45 16 14 34 47 4 8 10 9 3 37 41 31 25 15 5 29 24 20 27 38 30 32 44 7 23 11 49 21 33 50 19 46 26 18 36 42 43 13 28 22 48 2 6 39 

Inst_Index:1347 	 City_Num:50 	 Concorde:0.058255 	 MCTS:5.820027 Improve:0.005453 	 Time:5.00 Seconds
Solution: 1 26 18 14 28 35 5 24 32 2 34 42 4 36 20 10 38 50 33 47 12 9 23 3 30 27 11 49 17 7 6 41 13 16 39 8 40 48 22 25 31 37 46 44 19 29 45 43 21 15 

Inst_Index:1348 	 City_Num:50 	 Concorde:0.056926 	 MCTS:5.692526 Improve:0.000110 	 Time:5.00 Seconds
Solution: 1 3 47 4 49 14 7 22 40 6 28 44 10 2 39 35 46 50 15 11 23 17 20 31 27 9 34 24 37 21 48 26 5 38 25 45 30 18 16 13 42 43 33 8 29 32 41 19 36 12 

Inst_Index:1349 	 City_Num:50 	 Concorde:0.057301 	 MCTS:5.730097 Improve:0.000000 	 Time:5.00 Seconds
Solution: 1 20 30 17 2 27 8 4 19 28 5 6 49 7 37 22 15 26 16 38 48 41 43 3 34 14 45 46 9 44 50 40 47 25 18 42 10 29 24 39 11 36 23 35 33 31 13 12 21 32 

Inst_Index:1350 	 City_Num:50 	 Concorde:0.056490 	 MCTS:5.649045 Improve:0.000000 	 Time:5.01 Seconds
Solution: 1 24 8 49 50 15 36 46 18 16 12 45 26 38 17 23 2 42 13 21 40 33 44 9 39 19 3 6 5 34 47 22 7 28 32 37 43 11 20 30 25 27 4 10 29 31 35 41 48 14 

Inst_Index:1351 	 City_Num:50 	 Concorde:0.059185 	 MCTS:5.918479 Improve:0.000000 	 Time:5.00 Seconds
Solution: 1 49 35 25 9 16 43 38 31 4 17 10 23 34 3 15 13 30 26 46 47 19 6 45 18 2 40 14 12 24 37 41 50 20 27 21 8 22 28 33 5 32 7 29 42 48 11 44 39 36 

Inst_Index:1352 	 City_Num:50 	 Concorde:0.050998 	 MCTS:5.097673 Improve:0.002159 	 Time:5.00 Seconds
Solution: 1 2 20 6 25 5 38 31 46 10 16 32 41 4 28 29 13 43 49 27 34 19 17 22 44 42 26 18 12 24 11 37 36 45 35 47 14 33 48 7 21 40 9 39 30 3 8 23 50 15 

Inst_Index:1353 	 City_Num:50 	 Concorde:0.059114 	 MCTS:5.911353 Improve:-0.000000 	 Time:5.00 Seconds
Solution: 1 43 15 34 10 22 7 45 23 36 18 49 38 41 42 5 39 11 24 3 16 17 44 32 19 21 27 25 35 47 6 8 37 26 50 9 33 48 12 28 31 14 20 4 13 29 30 2 46 40 

Inst_Index:1354 	 City_Num:50 	 Concorde:0.053604 	 MCTS:5.370132 Improve:-0.009714 	 Time:5.00 Seconds
Solution: 1 3 36 11 46 38 21 32 25 40 20 2 35 5 37 13 12 7 33 47 18 9 24 34 26 39 28 41 49 22 15 44 4 48 6 19 50 43 23 14 45 27 29 16 31 10 42 30 8 17 

Inst_Index:1355 	 City_Num:50 	 Concorde:0.055869 	 MCTS:5.586948 Improve:0.000000 	 Time:5.00 Seconds
Solution: 1 10 5 22 12 14 9 24 40 31 45 46 44 23 4 43 2 15 32 30 36 25 19 35 41 28 21 49 27 17 48 3 39 42 20 33 47 8 38 29 18 7 16 26 50 13 6 34 11 37 

Inst_Index:1356 	 City_Num:50 	 Concorde:0.058685 	 MCTS:5.868507 Improve:-0.000000 	 Time:5.00 Seconds
Solution: 1 42 19 32 38 10 22 47 14 35 13 12 33 39 16 36 8 44 26 17 30 34 5 24 50 27 4 2 11 18 28 29 7 20 37 43 25 3 21 6 45 49 15 23 31 48 46 41 9 40 

Inst_Index:1357 	 City_Num:50 	 Concorde:0.056259 	 MCTS:5.622382 Improve:0.003502 	 Time:5.01 Seconds
Solution: 1 38 2 29 4 31 18 15 16 10 28 7 35 43 41 36 42 12 19 25 8 40 24 49 22 6 33 5 46 50 34 11 48 30 47 17 23 32 14 20 13 21 27 3 37 39 44 26 45 9 

Inst_Index:1358 	 City_Num:50 	 Concorde:0.056478 	 MCTS:5.647847 Improve:0.000000 	 Time:5.00 Seconds
Solution: 1 15 34 11 13 18 5 39 37 20 19 10 9 25 22 26 21 24 23 40 28 4 2 16 50 46 38 3 17 47 30 41 8 12 42 48 7 44 45 27 49 36 31 29 14 33 32 35 6 43 

Inst_Index:1359 	 City_Num:50 	 Concorde:0.056536 	 MCTS:5.653635 Improve:0.000000 	 Time:5.00 Seconds
Solution: 1 17 23 30 33 22 16 5 24 19 13 9 20 39 48 41 36 4 3 10 29 46 32 15 21 34 8 14 11 50 28 45 12 42 43 27 47 38 7 6 35 31 25 49 2 44 18 40 26 37 

Inst_Index:1360 	 City_Num:50 	 Concorde:0.056004 	 MCTS:5.600357 Improve:-0.000000 	 Time:5.00 Seconds
Solution: 1 17 20 7 38 23 27 34 18 12 31 16 26 10 36 5 33 41 39 9 32 47 29 40 19 42 6 49 50 24 15 37 30 2 25 35 14 44 11 8 21 45 46 43 28 22 13 3 48 4 

Inst_Index:1361 	 City_Num:50 	 Concorde:0.057481 	 MCTS:5.748134 Improve:0.000000 	 Time:5.00 Seconds
Solution: 1 32 19 47 4 18 22 35 31 9 40 44 34 30 8 49 37 41 17 11 13 3 6 43 16 25 23 27 14 33 29 48 5 50 42 45 15 10 12 39 46 24 38 20 28 36 21 2 26 7 

Inst_Index:1362 	 City_Num:50 	 Concorde:0.053265 	 MCTS:5.326492 Improve:-0.000000 	 Time:5.00 Seconds
Solution: 1 25 16 8 6 34 37 12 28 47 39 20 36 27 21 7 26 40 4 32 33 45 41 30 5 29 38 23 48 11 3 10 43 13 46 24 42 19 14 15 9 17 50 35 22 2 31 18 44 49 

Inst_Index:1363 	 City_Num:50 	 Concorde:0.059754 	 MCTS:5.986514 Improve:-0.011148 	 Time:5.00 Seconds
Solution: 1 34 27 23 20 4 12 10 5 49 26 35 28 15 48 41 36 32 17 40 11 45 38 39 14 50 13 19 3 31 46 30 22 24 43 29 33 7 21 8 6 37 44 18 25 2 42 16 9 47 

Inst_Index:1364 	 City_Num:50 	 Concorde:0.058772 	 MCTS:5.877203 Improve:-0.000000 	 Time:5.02 Seconds
Solution: 1 37 47 39 27 28 12 17 19 45 36 32 44 10 5 13 25 34 21 18 3 24 35 26 38 41 43 23 29 33 31 20 46 11 30 49 40 8 7 22 9 48 15 14 16 42 4 50 2 6 

Inst_Index:1365 	 City_Num:50 	 Concorde:0.054285 	 MCTS:5.428546 Improve:0.000000 	 Time:5.00 Seconds
Solution: 1 18 17 2 25 28 39 7 50 23 5 13 44 22 38 26 46 31 47 37 10 8 19 35 33 34 15 36 14 49 20 40 41 42 11 9 27 21 30 16 12 45 32 3 6 43 29 4 24 48 

Inst_Index:1366 	 City_Num:50 	 Concorde:0.055448 	 MCTS:5.544323 Improve:0.000508 	 Time:5.00 Seconds
Solution: 1 26 39 50 18 25 8 16 23 19 5 42 35 29 3 38 4 34 44 22 12 32 43 49 11 40 24 6 17 7 14 20 30 41 2 10 33 48 13 21 28 37 15 45 46 31 47 36 9 27 

Inst_Index:1367 	 City_Num:50 	 Concorde:0.055715 	 MCTS:5.571526 Improve:0.000000 	 Time:5.00 Seconds
Solution: 1 20 14 26 30 50 10 48 16 4 41 29 44 25 38 21 7 8 31 13 24 40 34 18 33 9 37 46 3 22 43 32 5 6 19 35 39 42 2 27 11 28 15 47 45 49 17 12 23 36 

Inst_Index:1368 	 City_Num:50 	 Concorde:0.056364 	 MCTS:5.636378 Improve:0.000000 	 Time:5.00 Seconds
Solution: 1 50 10 45 42 21 2 8 32 23 38 16 18 12 47 22 36 7 30 19 24 34 40 5 29 4 39 35 37 31 44 17 14 11 33 26 6 28 13 43 49 25 15 3 41 48 20 9 46 27 

Inst_Index:1369 	 City_Num:50 	 Concorde:0.055644 	 MCTS:5.564390 Improve:0.000000 	 Time:5.00 Seconds
Solution: 1 15 36 28 19 44 24 32 47 38 46 2 10 11 17 45 20 6 48 13 30 26 27 3 43 12 16 22 29 23 33 14 7 37 18 9 5 35 49 21 50 4 34 40 41 39 42 8 25 31 

Inst_Index:1370 	 City_Num:50 	 Concorde:0.056257 	 MCTS:5.622103 Improve:0.003585 	 Time:5.00 Seconds
Solution: 1 27 48 47 31 30 5 32 13 2 37 16 15 9 38 35 21 34 23 11 33 40 42 18 3 22 6 12 39 10 43 24 29 25 4 20 28 26 36 44 41 17 19 45 7 8 46 14 49 50 

Inst_Index:1371 	 City_Num:50 	 Concorde:0.053941 	 MCTS:5.394068 Improve:0.000000 	 Time:5.00 Seconds
Solution: 1 25 39 4 20 42 34 24 46 38 33 23 29 43 40 3 26 32 41 37 36 10 17 27 31 21 44 49 22 16 18 47 6 50 19 2 7 12 28 30 48 15 45 8 11 14 13 5 35 9 

Inst_Index:1372 	 City_Num:50 	 Concorde:0.056345 	 MCTS:5.634325 Improve:0.000170 	 Time:5.01 Seconds
Solution: 1 50 11 43 27 47 40 17 14 41 42 44 39 21 35 26 45 37 28 9 25 7 33 8 38 5 34 6 46 22 15 12 30 2 16 13 18 36 49 19 29 4 10 48 24 31 3 23 32 20 

Inst_Index:1373 	 City_Num:50 	 Concorde:0.057419 	 MCTS:5.740614 Improve:0.001325 	 Time:5.01 Seconds
Solution: 1 44 6 25 49 20 5 4 46 16 38 37 27 14 18 19 3 50 2 9 12 28 47 45 11 33 31 23 36 22 29 26 24 48 39 10 40 35 8 17 43 15 34 21 32 7 42 30 41 13 

Inst_Index:1374 	 City_Num:50 	 Concorde:0.056760 	 MCTS:5.676034 Improve:0.000000 	 Time:5.00 Seconds
Solution: 1 29 36 41 11 45 15 32 26 23 18 50 16 47 5 2 30 12 19 33 22 8 14 3 4 31 13 39 34 21 44 28 24 43 38 48 10 35 7 9 6 37 46 17 49 20 25 27 42 40 

Inst_Index:1375 	 City_Num:50 	 Concorde:0.061556 	 MCTS:6.155591 Improve:-0.000000 	 Time:5.00 Seconds
Solution: 1 9 29 33 8 48 26 16 27 6 2 4 5 44 45 11 41 28 17 18 37 38 36 15 7 40 25 3 34 39 14 19 20 46 32 42 13 12 21 43 50 31 35 22 49 30 24 10 47 23 

Inst_Index:1376 	 City_Num:50 	 Concorde:0.055490 	 MCTS:5.549012 Improve:-0.000000 	 Time:5.01 Seconds
Solution: 1 23 24 8 28 2 16 21 13 25 5 20 4 17 40 10 36 14 22 11 34 30 32 43 27 26 29 41 33 15 35 18 45 44 6 3 39 48 42 12 46 49 38 7 47 31 50 19 37 9 

Inst_Index:1377 	 City_Num:50 	 Concorde:0.056931 	 MCTS:5.693113 Improve:-0.000000 	 Time:5.01 Seconds
Solution: 1 41 22 42 33 27 47 43 25 18 3 49 46 7 11 2 17 29 40 28 38 50 23 45 15 13 34 9 4 48 5 21 8 10 36 12 20 35 37 16 44 6 31 14 24 30 32 39 19 26 

Inst_Index:1378 	 City_Num:50 	 Concorde:0.059963 	 MCTS:5.994673 Improve:0.001614 	 Time:5.00 Seconds
Solution: 1 30 35 18 39 24 38 33 40 6 32 4 50 36 13 28 31 37 27 21 3 48 15 16 25 9 45 5 2 49 17 14 41 23 7 19 42 46 47 8 22 20 43 26 11 10 12 29 34 44 

Inst_Index:1379 	 City_Num:50 	 Concorde:0.058912 	 MCTS:5.890413 Improve:0.000789 	 Time:5.02 Seconds
Solution: 1 21 7 17 14 46 33 23 47 5 35 45 48 31 2 36 19 9 10 42 39 6 13 20 3 26 16 49 40 8 50 11 44 25 34 22 28 29 12 38 37 41 24 27 18 4 30 43 15 32 

Inst_Index:1380 	 City_Num:50 	 Concorde:0.055334 	 MCTS:5.533405 Improve:0.000000 	 Time:5.01 Seconds
Solution: 1 47 46 5 21 38 4 43 8 40 19 7 30 3 25 10 50 24 41 34 28 23 32 18 35 20 12 16 26 37 49 9 14 44 17 36 15 2 45 6 29 13 48 27 39 33 42 11 31 22 

Inst_Index:1381 	 City_Num:50 	 Concorde:0.055156 	 MCTS:5.514998 Improve:0.000627 	 Time:5.01 Seconds
Solution: 1 47 6 34 17 23 2 19 8 40 3 49 20 32 30 13 37 5 44 26 28 14 22 31 11 16 12 36 24 41 38 21 15 43 45 35 18 10 4 46 39 27 25 7 29 42 50 33 9 48 

Inst_Index:1382 	 City_Num:50 	 Concorde:0.055097 	 MCTS:5.509656 Improve:-0.000000 	 Time:5.00 Seconds
Solution: 1 20 35 30 15 40 43 45 13 18 16 39 27 6 24 26 33 32 2 22 8 41 29 11 17 21 28 14 23 19 4 10 25 7 50 49 9 42 46 31 38 5 34 3 47 48 37 44 36 12 

Inst_Index:1383 	 City_Num:50 	 Concorde:0.062715 	 MCTS:6.271472 Improve:-0.000000 	 Time:5.00 Seconds
Solution: 1 37 41 20 4 16 11 32 17 49 3 30 33 42 45 19 46 34 27 35 13 38 12 21 22 2 50 44 8 43 23 47 18 24 48 9 26 36 6 10 7 31 29 14 28 39 5 15 25 40 

Inst_Index:1384 	 City_Num:50 	 Concorde:0.056756 	 MCTS:5.674027 Improve:0.001614 	 Time:5.01 Seconds
Solution: 1 20 45 28 10 50 4 15 40 46 13 23 17 26 37 29 30 21 19 16 41 7 6 48 33 8 38 43 35 5 12 2 11 31 34 36 47 9 24 14 18 27 39 44 49 22 42 25 3 32 

Inst_Index:1385 	 City_Num:50 	 Concorde:0.056499 	 MCTS:5.649903 Improve:-0.000000 	 Time:5.00 Seconds
Solution: 1 6 35 5 25 37 47 40 45 16 17 39 19 24 18 34 27 20 14 2 10 44 26 8 33 30 12 4 49 9 22 21 46 36 7 43 32 48 23 50 38 29 11 31 41 3 42 15 28 13 

Inst_Index:1386 	 City_Num:50 	 Concorde:0.059521 	 MCTS:5.952125 Improve:0.000000 	 Time:5.03 Seconds
Solution: 1 22 15 29 20 6 50 41 38 31 25 37 7 12 45 49 2 43 33 34 21 26 13 18 46 5 28 35 39 23 9 4 32 10 44 3 30 47 14 16 11 27 40 42 17 8 36 24 48 19 

Inst_Index:1387 	 City_Num:50 	 Concorde:0.055987 	 MCTS:5.592584 Improve:0.006115 	 Time:5.01 Seconds
Solution: 1 37 14 49 35 23 4 20 15 7 48 34 47 9 38 11 36 42 31 12 21 10 26 18 22 2 3 28 5 27 30 6 46 39 45 24 19 29 44 25 50 8 13 43 32 17 33 16 40 41 

Inst_Index:1388 	 City_Num:50 	 Concorde:0.055202 	 MCTS:5.518154 Improve:0.002078 	 Time:5.01 Seconds
Solution: 1 8 24 33 27 43 23 10 13 48 28 25 4 12 11 35 16 31 49 9 17 22 45 30 3 41 5 29 6 15 44 19 32 38 42 2 18 34 7 37 36 46 50 47 14 21 39 40 20 26 

Inst_Index:1389 	 City_Num:50 	 Concorde:0.058918 	 MCTS:5.891828 Improve:-0.000000 	 Time:5.00 Seconds
Solution: 1 32 12 34 25 13 36 49 48 30 28 21 15 6 45 9 11 2 4 42 39 17 19 24 22 26 7 46 33 31 37 35 43 23 3 8 38 10 47 14 41 27 5 29 18 44 50 40 16 20 

Inst_Index:1390 	 City_Num:50 	 Concorde:0.061519 	 MCTS:6.151873 Improve:0.000000 	 Time:5.00 Seconds
Solution: 1 10 20 45 27 26 50 41 37 21 30 14 3 35 39 29 13 36 15 6 18 12 33 28 40 24 49 17 34 8 2 43 16 23 31 42 46 11 25 19 32 5 7 22 44 9 47 48 4 38 

Inst_Index:1391 	 City_Num:50 	 Concorde:0.056345 	 MCTS:5.634568 Improve:-0.000070 	 Time:5.00 Seconds
Solution: 1 26 22 41 20 39 50 13 29 3 24 37 48 15 38 5 42 23 46 19 8 25 33 4 9 40 27 44 7 14 6 32 17 36 43 47 49 2 34 18 45 12 35 11 10 16 30 28 31 21 

Inst_Index:1392 	 City_Num:50 	 Concorde:0.058266 	 MCTS:5.825890 Improve:0.000741 	 Time:5.00 Seconds
Solution: 1 39 41 33 5 44 43 10 14 23 13 30 40 50 45 12 3 26 22 29 35 19 48 21 9 27 46 11 6 24 4 7 36 32 42 25 15 37 18 31 49 2 20 38 28 34 47 16 17 8 

Inst_Index:1393 	 City_Num:50 	 Concorde:0.055747 	 MCTS:5.572960 Improve:0.001753 	 Time:5.00 Seconds
Solution: 1 38 14 18 7 36 39 46 4 10 25 34 23 47 40 17 9 24 42 13 45 49 12 33 15 21 20 30 3 2 11 16 22 27 43 5 41 19 35 8 6 29 50 44 28 26 48 37 31 32 

Inst_Index:1394 	 City_Num:50 	 Concorde:0.059966 	 MCTS:5.996060 Improve:0.000580 	 Time:5.01 Seconds
Solution: 1 40 11 39 41 50 26 27 6 5 12 7 9 19 8 44 28 45 31 3 42 36 20 35 24 29 18 34 21 33 43 49 22 2 4 48 25 32 37 13 17 10 47 46 14 16 38 15 23 30 

Inst_Index:1395 	 City_Num:50 	 Concorde:0.057031 	 MCTS:5.698440 Improve:0.004659 	 Time:5.00 Seconds
Solution: 1 21 35 10 31 41 9 22 37 28 17 30 34 20 45 25 19 38 48 8 44 26 50 39 33 16 27 47 13 12 18 46 5 11 2 32 36 43 14 7 4 23 15 40 29 6 49 24 42 3 

Inst_Index:1396 	 City_Num:50 	 Concorde:0.058690 	 MCTS:5.868374 Improve:0.000600 	 Time:5.01 Seconds
Solution: 1 35 6 31 24 37 22 20 48 21 27 2 50 36 33 41 39 26 42 4 47 17 46 14 18 25 45 32 15 8 30 23 49 11 19 7 3 38 28 29 44 40 16 34 9 12 10 13 43 5 

Inst_Index:1397 	 City_Num:50 	 Concorde:0.057545 	 MCTS:5.754500 Improve:-0.000000 	 Time:5.00 Seconds
Solution: 1 5 28 32 20 22 33 21 25 18 31 12 15 13 26 3 44 19 14 11 4 49 35 46 8 10 38 34 23 36 45 30 9 17 6 39 2 42 7 37 29 48 43 24 47 50 27 16 40 41 

Inst_Index:1398 	 City_Num:50 	 Concorde:0.055450 	 MCTS:5.542831 Improve:0.002180 	 Time:5.00 Seconds
Solution: 1 25 33 36 41 22 40 3 35 4 47 31 43 42 9 16 38 24 18 11 37 13 17 26 6 2 20 45 19 49 15 21 12 44 34 29 7 14 50 10 5 27 30 46 48 8 32 23 28 39 

Inst_Index:1399 	 City_Num:50 	 Concorde:0.054714 	 MCTS:5.471430 Improve:0.000000 	 Time:5.00 Seconds
Solution: 1 28 36 8 7 32 26 35 46 16 25 40 22 21 48 49 6 10 50 4 5 37 12 47 17 43 18 39 13 3 29 15 2 27 31 33 9 42 20 14 38 45 24 19 44 34 11 41 30 23 

Inst_Index:1400 	 City_Num:50 	 Concorde:0.060078 	 MCTS:6.005950 Improve:0.001850 	 Time:5.01 Seconds
Solution: 1 44 9 34 30 32 47 22 38 4 50 5 13 11 12 31 40 8 36 20 26 29 3 35 15 41 2 23 37 18 17 10 39 27 21 42 25 46 33 14 45 24 49 28 6 19 16 7 48 43 

Inst_Index:1401 	 City_Num:50 	 Concorde:0.054533 	 MCTS:5.453272 Improve:0.000000 	 Time:5.00 Seconds
Solution: 1 33 3 41 25 17 40 6 22 8 49 42 7 44 37 27 47 38 21 30 11 19 10 24 31 14 46 39 5 32 43 16 4 18 2 36 45 9 28 29 13 50 20 26 34 12 23 35 48 15 

Inst_Index:1402 	 City_Num:50 	 Concorde:0.057048 	 MCTS:5.704790 Improve:0.000000 	 Time:5.01 Seconds
Solution: 1 26 3 18 48 41 44 6 45 28 2 36 47 12 22 19 42 24 25 17 13 40 20 4 8 32 43 9 10 49 38 46 23 35 50 5 39 33 37 31 30 21 11 14 16 15 29 27 34 7 

Inst_Index:1403 	 City_Num:50 	 Concorde:0.054222 	 MCTS:5.422173 Improve:0.000000 	 Time:5.00 Seconds
Solution: 1 2 37 16 22 28 15 41 9 49 31 50 38 36 44 20 39 7 40 8 45 12 27 29 11 24 21 10 48 47 14 5 46 4 42 43 26 13 34 3 33 6 18 30 19 32 35 23 25 17 

Inst_Index:1404 	 City_Num:50 	 Concorde:0.058995 	 MCTS:5.899479 Improve:0.000000 	 Time:5.00 Seconds
Solution: 1 12 32 37 5 44 36 22 30 15 42 48 16 18 24 10 46 29 2 38 19 35 43 26 50 14 34 27 8 47 49 45 6 41 20 13 31 3 7 11 25 40 4 39 28 9 21 17 23 33 

Inst_Index:1405 	 City_Num:50 	 Concorde:0.055650 	 MCTS:5.565037 Improve:0.000000 	 Time:5.00 Seconds
Solution: 1 22 5 13 27 4 32 40 35 49 39 31 8 3 38 17 6 45 28 34 37 10 11 25 2 19 42 20 24 47 14 7 36 50 33 21 46 26 9 44 23 15 48 12 16 41 18 29 30 43 

Inst_Index:1406 	 City_Num:50 	 Concorde:0.057141 	 MCTS:5.714124 Improve:0.000000 	 Time:5.00 Seconds
Solution: 1 10 12 50 48 18 9 29 6 35 33 8 28 40 38 42 7 11 25 26 43 3 14 16 2 47 5 32 45 41 30 34 22 17 46 4 39 49 44 24 19 36 21 20 23 27 31 13 37 15 

Inst_Index:1407 	 City_Num:50 	 Concorde:0.060056 	 MCTS:6.005557 Improve:0.000000 	 Time:5.00 Seconds
Solution: 1 23 4 12 22 36 46 41 17 11 14 31 19 48 2 42 15 50 20 35 28 6 39 13 40 3 24 37 9 43 5 44 30 32 34 16 33 38 27 49 8 7 21 18 26 25 47 29 10 45 

Inst_Index:1408 	 City_Num:50 	 Concorde:0.058487 	 MCTS:5.848708 Improve:-0.000000 	 Time:5.00 Seconds
Solution: 1 9 5 6 4 19 31 39 37 11 30 29 49 18 16 24 42 2 7 14 43 46 22 10 47 17 8 13 50 32 23 3 33 12 28 36 21 15 45 20 25 44 48 40 27 38 34 35 41 26 

Inst_Index:1409 	 City_Num:50 	 Concorde:0.053034 	 MCTS:5.303359 Improve:-0.000000 	 Time:5.01 Seconds
Solution: 1 38 35 15 3 2 32 30 9 36 18 5 34 43 22 6 44 27 23 40 25 47 19 8 41 46 37 14 24 11 12 29 13 50 4 49 31 42 10 48 26 28 21 39 33 17 45 16 20 7 

Inst_Index:1410 	 City_Num:50 	 Concorde:0.059572 	 MCTS:5.952862 Improve:0.004355 	 Time:5.00 Seconds
Solution: 1 19 26 38 39 40 24 9 17 50 42 49 15 21 5 28 31 43 13 16 29 33 41 34 32 35 12 10 14 11 37 2 22 8 30 4 44 6 23 18 48 47 3 20 45 25 27 7 46 36 

Inst_Index:1411 	 City_Num:50 	 Concorde:0.059692 	 MCTS:5.969194 Improve:-0.000000 	 Time:5.02 Seconds
Solution: 1 32 22 29 5 50 49 9 19 4 28 21 18 17 33 6 42 3 36 24 16 2 37 7 26 40 35 23 41 34 39 14 30 20 13 25 8 46 15 48 10 43 38 47 31 27 45 44 11 12 

Inst_Index:1412 	 City_Num:50 	 Concorde:0.057464 	 MCTS:5.735950 Improve:0.010433 	 Time:5.00 Seconds
Solution: 1 24 37 21 29 5 32 20 2 4 36 8 33 14 43 28 15 41 3 40 22 39 44 12 23 11 13 7 10 45 34 42 18 47 17 49 38 50 30 31 35 9 19 16 6 27 48 25 46 26 

Inst_Index:1413 	 City_Num:50 	 Concorde:0.055678 	 MCTS:5.567847 Improve:0.000000 	 Time:5.01 Seconds
Solution: 1 8 33 32 34 14 38 26 18 41 21 15 2 4 9 35 31 19 7 29 46 13 49 6 36 43 22 11 23 30 5 12 47 10 27 16 37 28 25 39 3 48 24 50 40 42 45 44 17 20 

Inst_Index:1414 	 City_Num:50 	 Concorde:0.055879 	 MCTS:5.587948 Improve:0.000000 	 Time:5.00 Seconds
Solution: 1 39 22 5 7 24 40 4 34 37 38 43 2 17 31 9 28 32 30 45 18 15 13 29 6 23 21 41 46 8 33 36 48 16 14 26 44 35 49 10 42 50 19 20 27 3 47 25 12 11 

Inst_Index:1415 	 City_Num:50 	 Concorde:0.060064 	 MCTS:6.006379 Improve:0.000000 	 Time:5.01 Seconds
Solution: 1 37 17 45 34 25 11 12 35 20 16 18 9 42 49 44 40 47 14 6 21 22 13 33 24 29 7 19 15 3 5 30 4 32 39 46 36 27 38 8 28 26 10 2 43 50 48 31 41 23 

Inst_Index:1416 	 City_Num:50 	 Concorde:0.059859 	 MCTS:5.985887 Improve:0.000000 	 Time:5.02 Seconds
Solution: 1 35 49 34 8 32 20 4 42 45 25 11 39 40 7 37 29 46 30 5 41 12 22 43 9 14 21 48 3 15 24 23 50 19 6 27 47 38 16 33 28 10 44 17 31 36 18 26 2 13 

Inst_Index:1417 	 City_Num:50 	 Concorde:0.056795 	 MCTS:5.678857 Improve:0.000612 	 Time:5.00 Seconds
Solution: 1 38 17 24 22 26 45 37 43 28 2 21 42 49 16 19 5 35 44 36 20 15 3 12 18 11 29 14 25 13 7 30 39 41 40 33 9 32 8 48 50 27 34 47 4 46 31 10 6 23 

Inst_Index:1418 	 City_Num:50 	 Concorde:0.058402 	 MCTS:5.840178 Improve:0.000000 	 Time:5.00 Seconds
Solution: 1 49 17 35 13 3 14 2 34 29 16 32 15 46 38 39 25 10 6 21 42 47 22 5 26 7 23 9 18 30 50 24 28 37 11 19 20 43 40 33 12 45 48 44 36 41 8 31 27 4 

Inst_Index:1419 	 City_Num:50 	 Concorde:0.052211 	 MCTS:5.221118 Improve:-0.000000 	 Time:5.00 Seconds
Solution: 1 5 34 20 33 22 49 48 40 10 36 24 44 29 9 45 39 7 16 35 32 17 19 8 21 6 2 47 18 50 37 15 38 25 3 23 4 41 42 14 26 13 11 43 46 12 28 31 30 27 

Inst_Index:1420 	 City_Num:50 	 Concorde:0.051124 	 MCTS:5.112382 Improve:0.000000 	 Time:5.00 Seconds
Solution: 1 26 42 14 46 2 40 50 13 11 17 24 31 38 25 19 32 21 16 20 30 6 29 9 4 33 22 41 27 39 48 37 28 15 7 3 5 34 44 43 12 45 10 8 47 23 36 35 18 49 

Inst_Index:1421 	 City_Num:50 	 Concorde:0.053843 	 MCTS:5.384337 Improve:0.000000 	 Time:5.01 Seconds
Solution: 1 30 33 10 49 2 23 25 12 19 7 44 5 18 43 22 31 42 17 47 35 4 21 6 27 39 8 9 48 29 13 38 46 28 24 32 36 20 50 16 14 40 45 41 11 37 26 34 15 3 

Inst_Index:1422 	 City_Num:50 	 Concorde:0.057327 	 MCTS:5.732718 Improve:0.000000 	 Time:5.00 Seconds
Solution: 1 3 20 47 8 38 32 2 7 10 17 30 13 37 33 11 24 5 31 12 16 14 26 15 18 48 35 9 29 21 22 4 50 46 28 44 19 36 40 42 41 39 25 49 23 43 6 34 27 45 

Inst_Index:1423 	 City_Num:50 	 Concorde:0.056263 	 MCTS:5.626250 Improve:0.000000 	 Time:5.01 Seconds
Solution: 1 11 42 40 4 5 28 38 12 45 39 33 6 27 19 46 13 49 26 37 21 25 48 10 15 2 23 35 20 7 36 43 22 41 34 8 44 18 31 3 14 47 16 30 9 32 17 29 24 50 

Inst_Index:1424 	 City_Num:50 	 Concorde:0.060026 	 MCTS:6.071689 Improve:-0.069109 	 Time:5.01 Seconds
Solution: 1 29 45 47 25 12 6 20 43 35 10 15 27 21 49 32 17 28 40 11 37 9 46 34 14 33 48 5 2 23 22 42 30 31 41 16 7 18 8 44 24 4 3 26 19 13 39 38 36 50 

Inst_Index:1425 	 City_Num:50 	 Concorde:0.056747 	 MCTS:5.672948 Improve:0.001801 	 Time:5.01 Seconds
Solution: 1 6 4 5 30 9 46 45 35 12 33 27 24 40 26 47 36 44 10 43 17 18 16 13 32 39 23 50 48 49 25 41 42 15 19 37 11 22 20 21 14 29 34 28 38 8 31 2 7 3 

Inst_Index:1426 	 City_Num:50 	 Concorde:0.054843 	 MCTS:5.484260 Improve:-0.000000 	 Time:5.00 Seconds
Solution: 1 2 7 9 14 47 28 35 43 49 4 34 12 26 37 40 41 10 36 11 20 45 15 16 31 23 13 44 21 22 48 50 32 6 25 30 17 46 39 5 29 18 3 24 33 42 27 8 19 38 

Inst_Index:1427 	 City_Num:50 	 Concorde:0.049531 	 MCTS:4.953057 Improve:0.000000 	 Time:5.00 Seconds
Solution: 1 8 23 44 22 27 20 47 4 28 40 46 39 37 49 38 3 24 17 25 7 2 16 45 5 10 36 42 18 33 50 19 30 41 11 21 15 6 31 43 12 26 9 48 14 35 13 32 34 29 

Inst_Index:1428 	 City_Num:50 	 Concorde:0.055518 	 MCTS:5.551809 Improve:-0.000000 	 Time:5.01 Seconds
Solution: 1 37 50 44 30 19 7 32 36 31 41 4 2 11 23 14 38 16 39 28 48 21 42 26 10 47 25 9 46 45 24 15 18 13 43 8 17 27 12 5 29 20 33 34 49 6 35 3 22 40 

Inst_Index:1429 	 City_Num:50 	 Concorde:0.057989 	 MCTS:5.798942 Improve:-0.000000 	 Time:5.01 Seconds
Solution: 1 15 40 45 33 41 42 49 47 16 5 4 6 29 12 48 25 13 7 8 30 17 18 32 19 38 14 2 31 24 36 22 43 27 50 20 44 23 34 10 46 3 35 21 26 28 11 39 37 9 

Inst_Index:1430 	 City_Num:50 	 Concorde:0.052414 	 MCTS:5.241379 Improve:-0.000000 	 Time:5.00 Seconds
Solution: 1 6 25 3 30 8 11 10 45 49 36 31 16 13 20 18 9 2 46 14 40 12 50 15 37 23 22 17 5 38 28 24 27 4 32 44 7 19 34 21 35 33 29 41 43 39 47 26 42 48 

Inst_Index:1431 	 City_Num:50 	 Concorde:0.055077 	 MCTS:5.503198 Improve:0.004530 	 Time:5.00 Seconds
Solution: 1 25 27 48 40 12 33 16 24 32 11 44 39 4 5 19 34 49 46 21 17 35 9 23 42 29 36 50 3 2 37 31 6 43 47 38 18 30 45 8 10 26 7 41 20 14 13 28 15 22 

Inst_Index:1432 	 City_Num:50 	 Concorde:0.054703 	 MCTS:5.467451 Improve:0.002883 	 Time:5.00 Seconds
Solution: 1 49 31 19 23 5 30 27 50 10 17 29 38 15 35 43 13 37 44 22 40 42 41 48 16 39 8 21 11 7 32 26 36 34 25 4 18 3 14 47 2 24 12 45 33 6 46 20 28 9 

Inst_Index:1433 	 City_Num:50 	 Concorde:0.055508 	 MCTS:5.548829 Improve:0.001922 	 Time:5.00 Seconds
Solution: 1 20 35 31 13 29 14 46 38 7 15 32 50 19 33 9 27 17 5 8 10 30 3 12 26 18 36 4 39 45 28 43 48 21 40 37 44 47 25 16 42 24 23 11 2 6 41 22 49 34 

Inst_Index:1434 	 City_Num:50 	 Concorde:0.057807 	 MCTS:5.780714 Improve:0.000000 	 Time:5.00 Seconds
Solution: 1 4 5 17 2 37 30 8 24 35 21 9 14 22 43 29 46 45 38 42 40 48 23 10 39 27 33 25 6 34 11 28 32 13 15 49 7 12 50 47 20 36 41 44 16 19 3 18 26 31 

Inst_Index:1435 	 City_Num:50 	 Concorde:0.056508 	 MCTS:5.650810 Improve:-0.000000 	 Time:5.00 Seconds
Solution: 1 2 42 50 12 39 35 48 26 4 16 36 44 27 5 32 28 25 38 9 11 17 49 20 41 21 18 15 47 3 10 23 19 46 29 37 6 31 45 34 7 14 24 33 8 22 30 43 13 40 

Inst_Index:1436 	 City_Num:50 	 Concorde:0.053026 	 MCTS:5.302627 Improve:0.000000 	 Time:5.01 Seconds
Solution: 1 4 41 32 25 39 23 17 8 46 14 27 10 49 7 44 18 22 15 34 24 50 36 35 19 48 45 37 43 12 29 11 9 42 47 3 6 2 21 13 26 38 5 28 33 40 16 30 20 31 

Inst_Index:1437 	 City_Num:50 	 Concorde:0.058572 	 MCTS:5.855453 Improve:0.001750 	 Time:5.01 Seconds
Solution: 1 37 14 19 29 27 20 49 42 21 4 50 12 7 17 26 11 28 9 18 34 16 35 41 33 6 30 8 10 46 3 38 43 47 2 5 31 45 40 15 24 44 13 22 39 23 32 25 48 36 

Inst_Index:1438 	 City_Num:50 	 Concorde:0.057845 	 MCTS:5.784469 Improve:0.000000 	 Time:5.02 Seconds
Solution: 1 47 43 11 19 39 35 3 22 15 29 33 45 9 16 37 28 48 44 13 38 27 12 32 14 18 7 17 49 46 20 21 30 2 6 34 4 5 40 8 31 42 41 50 24 25 10 26 23 36 

Inst_Index:1439 	 City_Num:50 	 Concorde:0.054217 	 MCTS:5.419962 Improve:0.001758 	 Time:5.00 Seconds
Solution: 1 29 50 24 26 18 22 19 6 41 27 34 4 17 47 45 11 21 3 36 14 33 44 13 43 46 40 28 23 25 39 7 2 9 32 30 10 12 31 35 42 15 48 37 5 16 38 49 8 20 

Inst_Index:1440 	 City_Num:50 	 Concorde:0.058567 	 MCTS:5.853419 Improve:0.003261 	 Time:5.00 Seconds
Solution: 1 39 33 46 8 44 15 4 2 3 28 48 34 12 17 16 42 5 7 21 36 26 23 38 31 35 6 20 9 41 50 40 30 25 13 43 29 45 47 11 19 27 32 37 22 24 10 14 18 49 

Inst_Index:1441 	 City_Num:50 	 Concorde:0.057183 	 MCTS:5.718333 Improve:0.000000 	 Time:5.00 Seconds
Solution: 1 42 21 37 2 49 33 30 40 10 31 48 8 32 13 19 4 41 22 35 12 15 5 26 34 43 29 24 6 45 38 46 27 50 16 39 28 14 23 17 20 9 36 47 3 7 44 18 25 11 

Inst_Index:1442 	 City_Num:50 	 Concorde:0.059079 	 MCTS:5.907854 Improve:0.000000 	 Time:5.02 Seconds
Solution: 1 10 17 5 33 19 6 9 48 27 14 28 13 39 40 18 3 11 47 23 30 20 35 29 32 49 37 25 44 45 21 2 31 34 24 4 42 26 46 36 8 15 41 38 12 7 16 43 22 50 

Inst_Index:1443 	 City_Num:50 	 Concorde:0.053955 	 MCTS:5.395543 Improve:0.000000 	 Time:5.00 Seconds
Solution: 1 11 41 27 8 46 32 37 3 25 6 17 18 5 40 49 47 38 20 13 7 14 44 33 21 39 29 15 43 34 22 42 50 35 4 16 2 24 10 31 45 30 12 9 19 28 36 23 26 48 

Inst_Index:1444 	 City_Num:50 	 Concorde:0.053032 	 MCTS:5.298774 Improve:0.004377 	 Time:5.00 Seconds
Solution: 1 37 11 45 30 44 10 28 4 31 24 33 40 25 7 3 49 43 22 13 27 16 20 17 36 46 5 42 6 9 23 18 34 48 32 2 38 50 8 39 14 12 26 47 21 41 29 15 35 19 

Inst_Index:1445 	 City_Num:50 	 Concorde:0.059519 	 MCTS:5.951856 Improve:-0.000000 	 Time:5.00 Seconds
Solution: 1 20 33 22 19 13 7 48 18 41 43 3 42 32 36 11 47 50 6 44 4 14 21 12 5 16 38 27 28 8 9 31 25 17 2 30 29 34 23 37 10 46 45 15 40 49 35 24 26 39 

Inst_Index:1446 	 City_Num:50 	 Concorde:0.057234 	 MCTS:5.723429 Improve:0.000000 	 Time:5.01 Seconds
Solution: 1 12 50 45 14 23 9 7 8 19 15 6 25 38 30 44 34 11 41 48 5 29 2 31 39 49 24 32 4 21 20 37 36 27 26 35 22 16 28 13 40 33 43 10 42 17 3 18 47 46 

Inst_Index:1447 	 City_Num:50 	 Concorde:0.057568 	 MCTS:5.756793 Improve:-0.000000 	 Time:5.00 Seconds
Solution: 1 28 45 20 21 38 40 16 32 7 23 18 43 35 11 15 24 42 26 47 3 13 27 44 49 9 6 50 12 30 46 8 31 48 2 39 22 29 41 36 4 37 33 5 34 19 10 14 25 17 

Inst_Index:1448 	 City_Num:50 	 Concorde:0.055820 	 MCTS:5.582025 Improve:0.000000 	 Time:5.00 Seconds
Solution: 1 27 21 20 46 2 38 5 36 15 23 42 6 22 39 40 14 34 47 12 8 18 50 29 13 10 19 31 25 17 30 11 41 33 3 24 32 26 28 49 16 9 35 44 43 37 4 48 45 7 

Inst_Index:1449 	 City_Num:50 	 Concorde:0.057878 	 MCTS:5.786941 Improve:0.000839 	 Time:5.01 Seconds
Solution: 1 6 36 10 46 47 26 25 40 38 34 44 28 35 11 30 45 49 19 50 43 21 2 3 13 22 39 48 16 23 14 20 8 18 42 12 15 24 9 32 33 5 37 17 4 29 41 31 7 27 

Inst_Index:1450 	 City_Num:50 	 Concorde:0.055001 	 MCTS:5.500126 Improve:0.000000 	 Time:5.00 Seconds
Solution: 1 24 13 6 30 23 41 32 37 18 11 16 44 43 21 34 14 49 20 19 33 35 27 2 3 46 7 9 25 36 42 48 5 50 10 40 26 38 8 28 12 17 47 22 31 45 4 15 39 29 

Inst_Index:1451 	 City_Num:50 	 Concorde:0.054323 	 MCTS:5.432301 Improve:0.000000 	 Time:5.00 Seconds
Solution: 1 35 18 34 2 22 12 14 50 5 24 7 40 13 6 44 9 10 20 4 47 38 11 3 37 42 49 36 16 30 41 45 25 17 15 31 48 28 33 32 29 26 23 21 27 8 19 39 46 43 

Inst_Index:1452 	 City_Num:50 	 Concorde:0.053211 	 MCTS:5.316221 Improve:0.004902 	 Time:5.01 Seconds
Solution: 1 16 44 20 9 23 33 22 50 5 38 11 45 10 17 15 28 3 19 30 18 34 8 12 13 4 37 49 25 6 42 36 40 46 48 2 26 32 24 29 14 35 27 21 31 41 43 7 47 39 

Inst_Index:1453 	 City_Num:50 	 Concorde:0.061580 	 MCTS:6.157998 Improve:0.000000 	 Time:5.00 Seconds
Solution: 1 25 44 45 13 30 17 27 14 18 34 2 50 23 37 4 8 7 32 21 15 12 29 6 35 31 11 33 9 26 24 20 41 49 10 39 3 46 38 16 43 22 47 36 42 48 5 28 40 19 

Inst_Index:1454 	 City_Num:50 	 Concorde:0.060600 	 MCTS:6.059952 Improve:0.000000 	 Time:5.01 Seconds
Solution: 1 25 32 2 27 33 35 31 4 29 38 11 45 39 3 48 37 34 47 16 26 42 12 5 36 43 19 6 24 49 9 18 28 14 44 7 20 22 30 10 17 8 40 15 50 23 13 21 41 46 

Inst_Index:1455 	 City_Num:50 	 Concorde:0.055650 	 MCTS:5.562888 Improve:0.002134 	 Time:5.00 Seconds
Solution: 1 20 40 27 10 24 2 5 39 30 44 21 47 38 45 26 17 16 31 19 6 43 46 23 4 14 28 3 29 13 35 8 33 11 18 48 41 15 34 50 25 42 49 9 22 37 7 12 36 32 

Inst_Index:1456 	 City_Num:50 	 Concorde:0.060574 	 MCTS:6.054678 Improve:0.002703 	 Time:5.00 Seconds
Solution: 1 8 31 5 47 24 12 40 35 41 26 28 14 30 20 44 38 22 3 4 36 50 7 49 39 25 48 43 21 2 19 37 27 46 34 18 45 32 13 10 17 23 33 42 16 29 9 11 15 6 

Inst_Index:1457 	 City_Num:50 	 Concorde:0.060533 	 MCTS:6.053278 Improve:0.000000 	 Time:5.02 Seconds
Solution: 1 25 7 31 34 46 38 27 3 8 24 43 17 33 10 42 48 11 21 18 36 28 39 16 6 15 12 26 45 50 49 2 9 37 40 47 30 22 35 29 23 20 13 41 5 4 19 44 32 14 

Inst_Index:1458 	 City_Num:50 	 Concorde:0.058190 	 MCTS:5.818986 Improve:0.000000 	 Time:5.00 Seconds
Solution: 1 7 43 33 24 8 36 32 23 47 17 20 39 30 44 19 2 11 14 6 28 31 10 25 34 18 37 48 40 38 46 3 21 22 4 15 50 9 41 42 49 29 26 12 45 35 13 16 5 27 

Inst_Index:1459 	 City_Num:50 	 Concorde:0.059511 	 MCTS:5.951057 Improve:-0.000000 	 Time:5.00 Seconds
Solution: 1 49 39 47 37 48 41 18 34 20 43 33 30 31 46 23 17 27 29 3 15 10 13 40 8 12 26 38 16 4 28 42 44 45 5 36 2 14 24 35 21 11 6 9 22 25 50 19 7 32 

Inst_Index:1460 	 City_Num:50 	 Concorde:0.054597 	 MCTS:5.459691 Improve:0.000000 	 Time:5.00 Seconds
Solution: 1 25 34 23 38 36 30 27 5 12 49 31 9 2 18 28 41 21 44 32 13 39 11 33 4 20 10 42 35 16 37 3 43 47 48 24 26 14 19 40 7 45 46 15 17 6 29 8 50 22 

Inst_Index:1461 	 City_Num:50 	 Concorde:0.057770 	 MCTS:5.772755 Improve:0.004272 	 Time:5.00 Seconds
Solution: 1 41 9 44 8 12 29 26 43 21 30 31 35 16 49 14 33 20 38 40 4 46 37 50 15 36 6 42 18 10 23 25 32 7 13 24 27 48 45 3 22 47 17 19 5 2 34 39 28 11 

Inst_Index:1462 	 City_Num:50 	 Concorde:0.058434 	 MCTS:5.841914 Improve:0.001534 	 Time:5.01 Seconds
Solution: 1 18 35 5 9 36 25 13 4 50 19 49 39 23 48 45 26 22 14 12 11 16 40 21 20 31 2 46 37 3 15 42 6 33 43 38 7 8 44 41 47 29 34 28 10 32 27 17 30 24 

Inst_Index:1463 	 City_Num:50 	 Concorde:0.062046 	 MCTS:6.204637 Improve:0.000000 	 Time:5.00 Seconds
Solution: 1 16 12 6 31 21 23 49 40 34 45 38 27 4 29 15 3 47 10 14 24 36 50 30 32 13 28 8 41 5 26 44 18 42 37 9 39 22 46 35 17 19 43 25 2 33 11 7 48 20 

Inst_Index:1464 	 City_Num:50 	 Concorde:0.051813 	 MCTS:5.181275 Improve:-0.000000 	 Time:5.00 Seconds
Solution: 1 34 40 4 31 9 13 27 12 44 18 11 20 22 5 25 35 8 29 32 2 14 7 39 30 49 47 45 15 21 28 37 24 38 41 50 19 43 26 23 10 46 42 33 48 16 17 3 6 36 

Inst_Index:1465 	 City_Num:50 	 Concorde:0.058665 	 MCTS:5.864878 Improve:0.001592 	 Time:5.00 Seconds
Solution: 1 40 49 21 13 47 50 14 10 22 31 9 19 36 37 30 25 35 45 44 3 20 39 2 5 43 46 48 17 12 11 38 42 15 16 24 32 34 29 27 4 18 7 23 8 28 41 6 26 33 

Inst_Index:1466 	 City_Num:50 	 Concorde:0.056287 	 MCTS:5.628678 Improve:-0.000000 	 Time:5.00 Seconds
Solution: 1 44 9 42 31 15 50 46 7 39 17 5 48 32 4 11 23 27 10 34 16 25 22 45 19 18 29 2 38 35 30 21 43 26 49 8 3 24 36 13 12 6 14 47 40 41 28 33 20 37 

Inst_Index:1467 	 City_Num:50 	 Concorde:0.055685 	 MCTS:5.568529 Improve:0.000000 	 Time:5.00 Seconds
Solution: 1 38 9 36 5 2 23 37 25 14 13 21 19 20 46 22 7 17 30 43 48 10 33 6 39 50 24 3 8 26 41 11 47 16 45 49 32 42 27 44 18 28 35 40 12 34 31 15 4 29 

Inst_Index:1468 	 City_Num:50 	 Concorde:0.053656 	 MCTS:5.361585 Improve:0.003996 	 Time:5.01 Seconds
Solution: 1 22 36 7 15 8 10 21 40 17 3 44 9 47 16 13 24 45 42 2 31 12 48 29 39 11 50 28 33 6 46 19 18 43 26 35 27 14 41 4 32 23 5 25 37 20 34 38 30 49 

Inst_Index:1469 	 City_Num:50 	 Concorde:0.051814 	 MCTS:5.181352 Improve:0.000000 	 Time:5.00 Seconds
Solution: 1 38 24 48 29 7 39 26 36 37 8 21 9 50 15 18 35 44 4 42 45 34 13 22 27 43 11 30 47 25 33 2 31 12 20 23 17 5 32 49 19 14 16 46 40 41 28 3 6 10 

Inst_Index:1470 	 City_Num:50 	 Concorde:0.056737 	 MCTS:5.673716 Improve:0.000000 	 Time:5.00 Seconds
Solution: 1 12 6 17 13 37 27 3 50 8 32 31 11 16 36 18 38 28 45 43 26 4 46 19 10 40 33 14 42 39 30 34 25 15 49 22 23 7 20 41 5 9 44 21 47 2 35 48 29 24 

Inst_Index:1471 	 City_Num:50 	 Concorde:0.061918 	 MCTS:6.191789 Improve:0.000000 	 Time:5.00 Seconds
Solution: 1 5 3 47 29 36 37 24 42 18 34 30 15 39 40 38 23 21 13 8 7 33 48 25 9 41 27 10 28 43 16 2 19 6 45 35 32 44 17 4 11 14 50 12 20 22 31 46 49 26 

Inst_Index:1472 	 City_Num:50 	 Concorde:0.050312 	 MCTS:5.025566 Improve:0.005603 	 Time:5.01 Seconds
Solution: 1 23 5 24 8 31 43 4 12 13 11 15 46 9 34 44 29 42 6 14 41 28 45 18 40 27 2 32 16 49 35 33 17 37 30 48 19 10 50 7 38 3 20 21 26 47 39 25 36 22 

Inst_Index:1473 	 City_Num:50 	 Concorde:0.054339 	 MCTS:5.433919 Improve:-0.000000 	 Time:5.00 Seconds
Solution: 1 19 38 36 18 32 8 50 47 3 45 10 39 21 22 27 6 15 14 5 2 25 35 40 37 7 23 20 31 33 16 43 30 26 13 9 42 34 17 29 28 44 46 41 24 12 48 4 11 49 

Inst_Index:1474 	 City_Num:50 	 Concorde:0.057115 	 MCTS:5.711521 Improve:0.000000 	 Time:5.00 Seconds
Solution: 1 21 45 4 20 11 2 43 25 27 22 49 19 3 47 9 32 48 39 23 24 16 31 44 13 46 40 30 42 34 7 5 29 33 38 6 37 14 8 36 26 10 15 35 18 28 12 41 17 50 

Inst_Index:1475 	 City_Num:50 	 Concorde:0.059040 	 MCTS:5.904016 Improve:-0.000000 	 Time:5.01 Seconds
Solution: 1 45 50 26 22 35 39 27 15 23 38 47 20 36 33 21 28 10 24 8 40 7 3 11 18 48 41 42 12 32 5 43 19 44 14 49 31 4 17 30 2 37 9 34 46 16 6 29 13 25 

Inst_Index:1476 	 City_Num:50 	 Concorde:0.051830 	 MCTS:5.182957 Improve:0.000000 	 Time:5.01 Seconds
Solution: 1 35 36 37 25 6 7 24 23 2 31 17 18 40 42 27 8 28 47 32 10 11 22 41 30 38 46 16 12 5 39 19 45 29 9 34 50 21 43 14 13 15 49 3 4 48 33 20 44 26 

Inst_Index:1477 	 City_Num:50 	 Concorde:0.059724 	 MCTS:5.971162 Improve:0.001284 	 Time:5.00 Seconds
Solution: 1 29 47 9 12 17 14 11 28 24 2 46 48 40 50 49 31 42 6 8 15 19 37 26 23 7 20 38 44 4 32 34 36 41 45 22 21 27 13 16 30 43 33 18 39 5 3 35 10 25 

Inst_Index:1478 	 City_Num:50 	 Concorde:0.058889 	 MCTS:5.879591 Improve:0.009324 	 Time:5.01 Seconds
Solution: 1 28 27 39 35 9 42 22 7 17 10 29 44 16 13 21 14 8 50 5 11 12 47 4 19 26 23 25 3 32 46 33 36 2 49 43 48 24 31 18 15 6 34 20 30 38 41 37 40 45 

Inst_Index:1479 	 City_Num:50 	 Concorde:0.057994 	 MCTS:5.792123 Improve:0.007284 	 Time:5.00 Seconds
Solution: 1 6 34 30 46 17 31 11 2 7 25 12 16 8 49 15 43 14 29 33 19 26 32 5 20 28 47 9 27 44 10 40 21 36 35 4 42 13 45 41 48 3 22 23 18 50 38 37 24 39 

Inst_Index:1480 	 City_Num:50 	 Concorde:0.055942 	 MCTS:5.591304 Improve:0.002865 	 Time:5.00 Seconds
Solution: 1 4 38 33 30 50 41 46 5 14 11 13 12 24 48 26 6 32 16 31 22 29 2 25 40 47 9 8 49 28 20 17 27 10 15 19 18 43 45 39 21 34 44 3 35 42 7 23 37 36 

Inst_Index:1481 	 City_Num:50 	 Concorde:0.059513 	 MCTS:5.951315 Improve:0.000000 	 Time:5.00 Seconds
Solution: 1 30 14 34 20 15 42 25 23 48 12 21 22 43 6 3 13 28 17 36 40 5 49 29 46 11 2 26 10 50 33 18 31 16 41 9 47 44 27 19 24 35 7 39 32 4 37 45 38 8 

Inst_Index:1482 	 City_Num:50 	 Concorde:0.056856 	 MCTS:5.685606 Improve:0.000000 	 Time:5.02 Seconds
Solution: 1 43 15 21 47 6 48 35 13 27 41 32 37 33 44 22 30 18 31 42 20 36 3 50 17 8 29 16 24 23 7 40 38 5 11 28 49 4 10 2 34 26 46 9 19 45 25 39 14 12 

Inst_Index:1483 	 City_Num:50 	 Concorde:0.059920 	 MCTS:5.991589 Improve:0.000390 	 Time:5.00 Seconds
Solution: 1 31 43 46 30 28 19 9 15 5 20 3 36 44 35 33 6 45 23 32 22 17 8 18 34 47 29 14 11 42 26 2 40 16 21 7 38 13 24 48 12 41 27 49 4 25 39 37 50 10 

Inst_Index:1484 	 City_Num:50 	 Concorde:0.054731 	 MCTS:5.470430 Improve:0.002664 	 Time:5.00 Seconds
Solution: 1 45 6 5 28 44 42 11 10 30 47 13 22 19 18 7 29 46 31 38 21 16 2 32 41 8 40 50 20 4 3 36 26 49 23 39 34 17 24 43 14 9 37 35 48 12 15 25 27 33 

Inst_Index:1485 	 City_Num:50 	 Concorde:0.058954 	 MCTS:5.894161 Improve:0.001253 	 Time:5.00 Seconds
Solution: 1 17 9 37 8 4 36 6 39 15 19 27 40 33 44 31 18 38 46 29 12 32 41 2 24 14 35 10 3 42 26 20 21 34 28 30 11 22 48 50 7 47 5 13 25 49 23 16 43 45 

Inst_Index:1486 	 City_Num:50 	 Concorde:0.057655 	 MCTS:5.765529 Improve:0.000000 	 Time:5.00 Seconds
Solution: 1 2 15 40 24 48 47 32 35 22 25 45 14 6 44 20 7 50 21 30 26 16 19 37 18 27 29 43 5 13 8 38 11 12 31 36 17 33 28 42 34 4 23 49 46 10 39 9 41 3 

Inst_Index:1487 	 City_Num:50 	 Concorde:0.057895 	 MCTS:5.788079 Improve:0.001422 	 Time:5.00 Seconds
Solution: 1 39 13 34 20 50 10 23 22 12 32 30 41 37 38 46 5 26 48 17 11 27 40 25 47 7 45 28 42 2 35 43 3 8 44 29 6 14 19 49 31 4 21 36 16 24 18 33 15 9 

Inst_Index:1488 	 City_Num:50 	 Concorde:0.057324 	 MCTS:5.732442 Improve:0.000000 	 Time:5.00 Seconds
Solution: 1 42 28 32 31 39 44 22 9 4 17 33 36 7 41 27 37 2 5 8 14 11 12 47 45 50 48 13 46 43 34 3 25 29 40 30 24 26 38 21 6 15 10 20 35 49 16 19 23 18 

Inst_Index:1489 	 City_Num:50 	 Concorde:0.053662 	 MCTS:5.366209 Improve:0.000000 	 Time:5.00 Seconds
Solution: 1 46 4 21 38 30 41 2 43 33 27 19 15 13 11 16 50 31 9 12 45 7 22 37 10 48 18 14 26 5 28 8 32 39 40 49 3 20 29 47 6 25 23 24 17 44 36 34 42 35 

Inst_Index:1490 	 City_Num:50 	 Concorde:0.057986 	 MCTS:5.798557 Improve:-0.000000 	 Time:5.00 Seconds
Solution: 1 29 11 18 23 41 5 44 21 14 47 34 39 50 20 26 42 17 37 43 46 22 32 27 10 15 7 33 13 12 6 38 45 35 49 4 40 3 31 2 30 16 48 19 36 24 25 28 9 8 

Inst_Index:1491 	 City_Num:50 	 Concorde:0.057886 	 MCTS:5.787903 Improve:0.000734 	 Time:5.00 Seconds
Solution: 1 21 13 36 6 41 2 31 7 33 18 30 47 20 34 29 8 25 3 4 40 35 23 17 24 50 10 19 48 38 5 43 45 39 28 46 12 14 44 22 11 32 26 27 15 49 9 16 42 37 

Inst_Index:1492 	 City_Num:50 	 Concorde:0.062284 	 MCTS:6.228372 Improve:0.000000 	 Time:5.01 Seconds
Solution: 1 28 34 48 45 25 16 43 7 37 44 22 29 3 17 13 35 26 2 32 39 50 15 49 5 10 41 27 36 8 46 47 9 33 40 11 31 24 21 38 4 42 30 23 12 18 19 6 20 14 

Inst_Index:1493 	 City_Num:50 	 Concorde:0.054401 	 MCTS:5.438127 Improve:0.001971 	 Time:5.00 Seconds
Solution: 1 30 38 32 3 18 20 43 48 12 41 25 19 23 17 9 6 26 44 49 21 40 45 28 11 2 5 29 34 15 42 7 31 4 8 27 36 35 33 22 13 24 47 37 39 46 50 16 10 14 

Inst_Index:1494 	 City_Num:50 	 Concorde:0.059980 	 MCTS:5.998008 Improve:0.000000 	 Time:5.01 Seconds
Solution: 1 22 39 35 13 37 15 33 44 38 41 16 29 30 12 18 7 48 50 25 49 26 6 28 34 24 32 46 36 8 20 10 4 9 11 27 43 14 3 45 19 2 31 47 5 23 40 17 21 42 

Inst_Index:1495 	 City_Num:50 	 Concorde:0.059664 	 MCTS:5.966358 Improve:-0.000000 	 Time:5.00 Seconds
Solution: 1 13 5 37 33 31 21 39 18 11 28 49 14 7 19 9 23 32 50 45 10 4 3 42 16 25 40 12 38 17 35 15 46 36 26 2 30 34 29 20 43 24 27 47 22 41 8 44 48 6 

Inst_Index:1496 	 City_Num:50 	 Concorde:0.058612 	 MCTS:5.859143 Improve:0.002073 	 Time:5.01 Seconds
Solution: 1 19 41 11 29 3 22 18 24 5 26 39 12 25 31 28 46 37 40 27 14 21 13 43 44 47 45 50 35 33 17 15 6 38 36 20 9 23 8 49 32 4 2 10 16 34 48 42 30 7 

Inst_Index:1497 	 City_Num:50 	 Concorde:0.055405 	 MCTS:5.540526 Improve:0.000000 	 Time:5.00 Seconds
Solution: 1 45 47 9 17 48 44 3 24 18 29 16 23 34 25 13 7 8 41 31 14 42 27 49 6 22 2 12 20 39 43 19 35 28 30 5 40 50 33 11 36 32 46 10 4 26 21 37 15 38 

Inst_Index:1498 	 City_Num:50 	 Concorde:0.057853 	 MCTS:5.785333 Improve:-0.000000 	 Time:5.01 Seconds
Solution: 1 38 50 47 32 5 29 20 10 17 41 43 9 14 6 30 44 49 16 31 4 13 21 27 42 36 48 3 37 39 12 25 35 11 33 28 15 46 40 19 24 23 8 2 22 45 7 34 18 26 

Inst_Index:1499 	 City_Num:50 	 Concorde:0.057067 	 MCTS:5.702683 Improve:0.003997 	 Time:5.01 Seconds
Solution: 1 13 16 36 46 37 14 41 35 25 27 22 34 47 50 28 11 49 19 6 2 29 38 40 5 21 24 15 10 8 45 48 43 23 30 33 44 39 17 3 18 9 32 31 12 20 26 7 42 4 

Inst_Index:1500 	 City_Num:50 	 Concorde:0.054626 	 MCTS:5.462590 Improve:0.000000 	 Time:5.00 Seconds
Solution: 1 35 10 36 19 18 45 50 23 33 2 49 47 44 24 30 8 29 15 41 3 32 31 48 5 27 34 6 13 43 11 7 21 26 14 42 39 37 20 40 38 17 12 46 16 9 25 28 22 4 

Inst_Index:1501 	 City_Num:50 	 Concorde:0.059206 	 MCTS:5.920646 Improve:-0.000000 	 Time:5.00 Seconds
Solution: 1 39 5 12 50 2 10 35 11 36 48 42 46 25 29 26 20 31 24 32 3 17 22 21 16 23 27 28 40 18 6 8 41 34 9 13 15 38 47 37 45 44 19 49 43 33 7 30 4 14 

Inst_Index:1502 	 City_Num:50 	 Concorde:0.054712 	 MCTS:5.471190 Improve:-0.000000 	 Time:5.01 Seconds
Solution: 1 36 34 37 27 5 12 31 41 22 42 50 16 38 9 18 24 20 47 13 4 15 28 39 3 44 43 7 23 40 32 48 14 25 33 49 8 45 29 21 11 10 35 6 46 30 26 19 2 17 

Inst_Index:1503 	 City_Num:50 	 Concorde:0.058153 	 MCTS:5.815256 Improve:0.000000 	 Time:5.00 Seconds
Solution: 1 28 18 33 47 22 26 41 2 43 11 8 20 5 17 29 50 10 27 35 32 44 4 39 36 48 24 16 38 45 37 30 12 6 9 31 42 15 21 23 19 34 49 40 14 7 46 13 3 25 

Inst_Index:1504 	 City_Num:50 	 Concorde:0.055140 	 MCTS:5.514019 Improve:-0.000000 	 Time:5.00 Seconds
Solution: 1 39 26 31 41 8 6 14 22 48 10 42 35 23 4 9 43 38 36 29 7 46 19 47 11 2 3 25 49 24 33 27 37 34 40 30 5 50 32 21 18 28 20 13 44 16 45 17 12 15 

Inst_Index:1505 	 City_Num:50 	 Concorde:0.054735 	 MCTS:5.473504 Improve:0.000000 	 Time:5.00 Seconds
Solution: 1 21 12 26 2 31 40 45 5 38 17 3 19 11 49 27 7 47 34 32 6 30 10 46 8 15 37 20 14 48 33 39 29 50 23 9 41 42 4 16 25 36 22 13 28 43 35 24 44 18 

Inst_Index:1506 	 City_Num:50 	 Concorde:0.056697 	 MCTS:5.669657 Improve:-0.000000 	 Time:5.00 Seconds
Solution: 1 43 47 37 9 23 13 11 38 50 6 41 21 39 48 19 26 25 7 5 24 18 33 28 15 22 10 46 32 14 40 3 34 16 35 45 36 2 30 42 20 49 44 17 27 4 31 12 8 29 

Inst_Index:1507 	 City_Num:50 	 Concorde:0.054992 	 MCTS:5.499189 Improve:0.000000 	 Time:5.00 Seconds
Solution: 1 7 24 22 29 42 9 38 14 40 18 10 2 36 26 31 43 34 44 3 5 50 20 4 46 30 13 47 17 25 37 21 19 33 6 12 35 32 28 11 45 48 49 41 23 27 39 16 8 15 

Inst_Index:1508 	 City_Num:50 	 Concorde:0.052527 	 MCTS:5.252714 Improve:0.000000 	 Time:5.00 Seconds
Solution: 1 12 38 36 18 7 3 22 8 25 46 41 4 40 11 50 49 21 16 20 14 31 44 29 13 9 43 39 2 23 37 24 34 15 6 5 19 35 27 45 42 48 30 33 17 26 10 47 32 28 

Inst_Index:1509 	 City_Num:50 	 Concorde:0.057158 	 MCTS:5.714281 Improve:0.001477 	 Time:5.00 Seconds
Solution: 1 41 3 12 5 10 29 35 48 27 23 11 22 38 43 25 18 39 21 13 32 42 14 40 49 30 37 9 34 28 33 31 50 4 44 20 17 24 36 16 15 8 45 2 7 47 26 19 46 6 

Inst_Index:1510 	 City_Num:50 	 Concorde:0.058892 	 MCTS:5.888660 Improve:0.000515 	 Time:5.00 Seconds
Solution: 1 45 4 10 34 17 2 31 36 6 8 3 23 19 25 37 18 24 16 40 11 46 13 49 43 21 26 44 41 39 50 27 42 47 32 33 30 22 9 48 29 28 38 15 14 12 5 7 20 35 

Inst_Index:1511 	 City_Num:50 	 Concorde:0.051378 	 MCTS:5.137848 Improve:-0.000000 	 Time:5.00 Seconds
Solution: 1 24 28 17 44 26 33 16 8 47 35 32 21 50 30 4 12 7 36 41 40 45 37 5 39 20 19 13 11 18 23 29 46 42 27 3 9 25 2 31 14 43 38 10 34 6 15 49 48 22 

Inst_Index:1512 	 City_Num:50 	 Concorde:0.055902 	 MCTS:5.590208 Improve:-0.000000 	 Time:5.00 Seconds
Solution: 1 13 6 18 8 22 45 24 23 7 44 26 35 25 43 46 15 36 3 10 50 17 49 27 42 29 32 14 38 33 48 41 40 20 19 30 12 21 47 5 34 11 37 4 2 31 16 9 28 39 

Inst_Index:1513 	 City_Num:50 	 Concorde:0.055966 	 MCTS:5.596618 Improve:-0.000000 	 Time:5.00 Seconds
Solution: 1 2 11 40 49 42 7 3 6 26 36 17 38 20 35 22 18 23 32 14 19 39 24 27 4 45 47 13 16 34 10 21 5 48 15 44 8 41 46 29 25 43 12 50 31 28 37 33 30 9 

Inst_Index:1514 	 City_Num:50 	 Concorde:0.057416 	 MCTS:5.739884 Improve:0.001736 	 Time:5.01 Seconds
Solution: 1 43 39 10 50 15 25 36 44 34 20 48 18 14 7 13 27 16 46 30 17 35 37 9 2 23 8 29 22 49 28 31 38 24 6 47 12 21 4 42 41 19 5 40 32 33 45 3 11 26 

Inst_Index:1515 	 City_Num:50 	 Concorde:0.061442 	 MCTS:6.137758 Improve:0.006425 	 Time:5.00 Seconds
Solution: 1 8 50 17 5 36 10 24 13 48 15 21 33 34 2 19 39 22 23 14 40 45 41 3 28 29 25 47 42 43 16 6 20 46 37 31 7 12 49 32 27 11 26 35 18 4 9 38 44 30 

Inst_Index:1516 	 City_Num:50 	 Concorde:0.061479 	 MCTS:6.147903 Improve:0.000000 	 Time:5.00 Seconds
Solution: 1 47 50 32 22 4 31 40 7 24 33 26 45 46 20 29 17 13 10 42 12 27 8 25 23 39 34 41 3 9 2 19 11 15 36 5 43 18 37 14 30 28 35 21 44 38 16 49 48 6 

Inst_Index:1517 	 City_Num:50 	 Concorde:0.056897 	 MCTS:5.689699 Improve:0.000000 	 Time:5.02 Seconds
Solution: 1 36 9 4 42 6 23 21 28 49 44 2 11 22 39 26 8 34 31 50 47 46 10 3 30 27 16 38 17 37 32 13 25 35 29 14 41 19 43 20 7 15 5 40 18 33 48 12 45 24 

Inst_Index:1518 	 City_Num:50 	 Concorde:0.061897 	 MCTS:6.189653 Improve:-0.000000 	 Time:5.01 Seconds
Solution: 1 22 27 26 37 9 36 4 32 14 28 13 30 44 46 34 20 39 42 48 15 2 29 7 43 10 8 50 41 19 3 35 11 24 17 38 33 31 5 12 6 16 23 40 47 18 49 25 45 21 

Inst_Index:1519 	 City_Num:50 	 Concorde:0.056808 	 MCTS:5.680835 Improve:0.000000 	 Time:5.01 Seconds
Solution: 1 44 38 17 26 28 36 30 13 3 20 18 34 50 29 12 40 23 14 46 43 33 27 37 8 7 24 16 42 6 5 48 11 2 49 19 15 4 32 31 22 41 10 9 21 35 39 25 45 47 

Inst_Index:1520 	 City_Num:50 	 Concorde:0.058319 	 MCTS:5.831867 Improve:0.000000 	 Time:5.01 Seconds
Solution: 1 14 4 16 20 26 28 2 41 18 21 6 24 11 34 15 29 9 23 32 13 38 39 12 44 36 8 5 35 42 27 50 22 45 10 37 33 25 47 31 40 17 46 48 49 43 19 7 3 30 

Inst_Index:1521 	 City_Num:50 	 Concorde:0.058713 	 MCTS:5.871325 Improve:0.000000 	 Time:5.00 Seconds
Solution: 1 50 29 41 39 15 2 45 26 40 24 11 19 37 23 25 36 6 47 4 34 9 16 44 38 8 10 42 14 32 5 28 22 7 18 30 48 46 12 20 27 33 35 17 13 49 21 43 3 31 

Inst_Index:1522 	 City_Num:50 	 Concorde:0.054500 	 MCTS:5.449966 Improve:-0.000000 	 Time:5.02 Seconds
Solution: 1 14 39 7 43 18 26 28 27 32 25 50 19 17 15 33 40 5 30 11 21 38 12 16 9 41 20 47 2 22 23 36 48 6 45 35 44 37 24 8 31 3 46 13 4 34 10 29 49 42 

Inst_Index:1523 	 City_Num:50 	 Concorde:0.055789 	 MCTS:5.578248 Improve:0.000677 	 Time:5.01 Seconds
Solution: 1 2 40 29 7 22 3 39 18 45 28 46 42 37 9 30 21 14 26 27 31 10 23 50 35 32 33 5 34 15 44 24 36 4 12 49 11 47 19 6 13 38 41 16 25 43 8 48 20 17 

Inst_Index:1524 	 City_Num:50 	 Concorde:0.057753 	 MCTS:5.774027 Improve:0.001308 	 Time:5.00 Seconds
Solution: 1 25 14 13 40 11 41 18 27 6 30 44 48 19 26 9 47 36 21 22 12 42 2 43 3 33 34 45 5 4 32 10 46 39 16 23 8 49 15 17 24 31 35 37 20 28 29 50 7 38 

Inst_Index:1525 	 City_Num:50 	 Concorde:0.058739 	 MCTS:5.873938 Improve:0.000000 	 Time:5.00 Seconds
Solution: 1 2 47 19 37 36 14 30 27 22 31 18 45 50 9 43 29 42 6 39 34 21 32 4 20 40 33 3 10 7 23 15 11 17 12 41 25 49 16 38 8 48 44 13 35 46 24 28 5 26 

Inst_Index:1526 	 City_Num:50 	 Concorde:0.057115 	 MCTS:5.709115 Improve:0.002399 	 Time:5.00 Seconds
Solution: 1 43 9 20 4 49 40 23 6 31 16 22 18 8 3 26 25 48 11 42 34 10 30 47 27 39 7 12 19 45 14 50 36 44 38 29 2 21 15 28 24 33 41 32 37 17 5 46 13 35 

Inst_Index:1527 	 City_Num:50 	 Concorde:0.057751 	 MCTS:5.775057 Improve:-0.000000 	 Time:5.00 Seconds
Solution: 1 44 17 7 23 19 33 30 6 31 27 10 15 37 35 50 25 38 43 13 34 28 12 39 46 32 42 24 8 47 5 11 21 4 26 3 14 16 48 29 18 45 9 2 40 36 41 22 49 20 

Inst_Index:1528 	 City_Num:50 	 Concorde:0.054264 	 MCTS:5.426428 Improve:-0.000000 	 Time:5.00 Seconds
Solution: 1 32 27 4 23 10 48 24 47 17 50 46 25 31 42 39 21 9 12 30 36 43 49 26 7 16 3 41 19 38 33 14 22 37 20 5 2 18 13 15 34 45 11 44 40 35 28 8 29 6 

Inst_Index:1529 	 City_Num:50 	 Concorde:0.058019 	 MCTS:5.801856 Improve:0.000000 	 Time:5.00 Seconds
Solution: 1 10 39 14 2 17 47 3 28 13 41 9 33 4 29 26 24 5 6 40 35 19 45 7 38 18 16 36 21 37 30 22 25 23 8 50 48 15 49 44 27 20 31 12 42 32 11 34 43 46 

Inst_Index:1530 	 City_Num:50 	 Concorde:0.055660 	 MCTS:5.573874 Improve:-0.007892 	 Time:5.01 Seconds
Solution: 1 48 8 18 27 25 46 12 20 28 47 33 15 14 19 45 16 24 36 13 30 6 37 26 29 7 17 38 4 42 32 41 50 49 31 39 5 22 34 23 40 11 21 2 44 3 10 43 35 9 

Inst_Index:1531 	 City_Num:50 	 Concorde:0.056661 	 MCTS:5.661198 Improve:0.004928 	 Time:5.01 Seconds
Solution: 1 44 7 22 38 46 32 47 40 18 28 16 4 17 27 42 30 15 13 36 10 35 14 21 11 48 23 6 41 31 33 49 26 12 24 34 39 8 2 25 43 5 37 29 50 19 20 45 3 9 

Inst_Index:1532 	 City_Num:50 	 Concorde:0.052767 	 MCTS:5.276660 Improve:0.000000 	 Time:5.00 Seconds
Solution: 1 7 2 29 13 41 16 26 10 40 28 22 48 8 38 19 31 43 12 17 6 11 42 15 18 47 21 23 45 30 35 3 20 9 24 36 14 49 44 32 39 5 46 37 50 27 25 33 4 34 

Inst_Index:1533 	 City_Num:50 	 Concorde:0.056487 	 MCTS:5.646349 Improve:0.002344 	 Time:5.00 Seconds
Solution: 1 33 18 4 13 5 8 45 44 38 39 49 48 31 26 17 20 47 46 37 43 34 25 42 15 12 23 3 41 16 21 22 7 9 2 32 30 24 19 6 11 35 40 10 29 28 36 27 14 50 

Inst_Index:1534 	 City_Num:50 	 Concorde:0.057450 	 MCTS:5.745001 Improve:0.000000 	 Time:5.01 Seconds
Solution: 1 27 5 34 47 23 33 32 30 35 14 12 13 43 42 40 31 17 48 9 18 24 38 37 45 15 50 28 36 22 20 7 4 10 29 21 46 49 8 3 2 16 11 19 39 44 25 6 26 41 

Inst_Index:1535 	 City_Num:50 	 Concorde:0.058299 	 MCTS:5.829927 Improve:0.000000 	 Time:5.00 Seconds
Solution: 1 24 10 4 27 19 2 25 47 18 22 16 38 9 20 50 41 32 37 46 7 40 31 14 45 30 29 42 26 33 44 6 36 17 49 39 43 12 8 35 5 15 3 34 13 28 48 11 21 23 

Inst_Index:1536 	 City_Num:50 	 Concorde:0.056781 	 MCTS:5.677374 Improve:0.000769 	 Time:5.02 Seconds
Solution: 1 47 15 33 35 17 38 9 16 30 20 40 39 42 31 23 50 13 43 10 6 41 27 12 46 26 14 36 29 44 5 11 19 4 48 18 22 32 8 3 25 2 45 21 34 37 28 24 49 7 

Inst_Index:1537 	 City_Num:50 	 Concorde:0.059976 	 MCTS:5.997627 Improve:0.000000 	 Time:5.00 Seconds
Solution: 1 40 10 18 43 35 15 25 32 44 31 48 23 20 16 33 8 26 9 41 47 38 30 11 24 12 28 36 4 5 29 22 42 21 14 49 34 2 13 6 19 46 27 3 50 17 37 39 45 7 

Inst_Index:1538 	 City_Num:50 	 Concorde:0.054892 	 MCTS:5.486597 Improve:0.002563 	 Time:5.00 Seconds
Solution: 1 40 12 35 25 45 50 29 11 18 23 27 19 41 6 2 22 32 14 10 39 36 38 5 3 43 44 49 24 46 28 9 13 7 20 8 37 30 31 33 15 16 47 34 4 48 42 21 26 17 

Inst_Index:1539 	 City_Num:50 	 Concorde:0.059126 	 MCTS:5.912578 Improve:0.000000 	 Time:5.00 Seconds
Solution: 1 45 29 40 24 34 35 31 50 41 30 33 15 17 28 20 18 16 43 26 46 21 42 11 3 36 6 38 13 14 12 32 47 48 8 25 19 4 10 5 22 44 9 49 39 23 7 27 2 37 

Inst_Index:1540 	 City_Num:50 	 Concorde:0.055492 	 MCTS:5.547588 Improve:0.001624 	 Time:5.00 Seconds
Solution: 1 50 27 35 29 32 8 36 41 4 34 3 11 12 14 10 39 22 6 18 9 16 45 19 17 42 26 15 46 24 48 25 47 13 5 38 30 23 7 20 43 44 33 21 28 2 37 31 49 40 

Inst_Index:1541 	 City_Num:50 	 Concorde:0.058430 	 MCTS:5.842987 Improve:0.000000 	 Time:5.00 Seconds
Solution: 1 15 19 11 35 9 27 20 18 12 47 45 42 13 23 44 31 21 17 37 25 46 2 3 38 14 10 34 28 22 8 4 7 43 30 40 26 5 48 16 33 41 32 36 39 29 50 24 49 6 

Inst_Index:1542 	 City_Num:50 	 Concorde:0.058188 	 MCTS:5.818778 Improve:0.000000 	 Time:5.00 Seconds
Solution: 1 8 37 47 31 26 21 42 15 11 43 25 33 22 41 6 12 32 20 27 16 18 3 5 36 19 2 40 9 50 39 17 30 38 4 49 24 35 29 45 23 28 34 48 10 44 46 13 7 14 

Inst_Index:1543 	 City_Num:50 	 Concorde:0.054571 	 MCTS:5.457077 Improve:0.000000 	 Time:5.00 Seconds
Solution: 1 16 10 13 14 11 38 42 43 3 40 21 26 25 15 36 50 7 24 45 37 5 19 2 30 33 41 48 44 31 28 17 34 47 9 39 23 29 18 46 20 22 12 27 4 32 6 8 49 35 

Inst_Index:1544 	 City_Num:50 	 Concorde:0.057469 	 MCTS:5.742773 Improve:0.004172 	 Time:5.00 Seconds
Solution: 1 32 35 13 30 15 47 20 42 14 25 26 41 33 22 19 44 43 21 49 9 38 18 5 4 48 40 36 6 17 10 28 45 46 11 12 27 24 7 34 8 31 23 37 29 16 50 2 3 39 

Inst_Index:1545 	 City_Num:50 	 Concorde:0.057281 	 MCTS:5.836854 Improve:-0.108711 	 Time:5.01 Seconds
Solution: 1 41 14 45 35 47 48 46 2 37 5 33 36 40 19 25 3 38 4 26 29 22 18 23 7 42 39 31 17 11 30 13 27 28 21 34 9 49 24 20 12 43 15 50 8 6 10 32 16 44 

Inst_Index:1546 	 City_Num:50 	 Concorde:0.056462 	 MCTS:5.635942 Improve:0.010285 	 Time:5.01 Seconds
Solution: 1 31 7 25 23 2 40 30 33 34 43 10 14 41 48 39 3 27 9 8 29 32 38 22 47 37 44 11 20 21 16 49 13 28 50 12 36 18 24 6 19 17 46 5 35 15 4 26 42 45 

Inst_Index:1547 	 City_Num:50 	 Concorde:0.052454 	 MCTS:5.242150 Improve:0.003232 	 Time:5.00 Seconds
Solution: 1 6 46 22 26 28 30 18 44 4 8 3 21 31 29 17 38 24 40 43 37 11 9 23 34 25 35 33 19 49 50 36 13 20 12 10 16 47 7 2 41 32 14 42 48 15 5 45 39 27 

Inst_Index:1548 	 City_Num:50 	 Concorde:0.056244 	 MCTS:5.624358 Improve:-0.000000 	 Time:5.00 Seconds
Solution: 1 13 33 48 10 44 12 16 41 17 11 49 28 39 18 21 40 24 32 35 45 37 47 30 6 34 46 38 19 23 29 14 25 27 20 31 43 50 7 8 15 22 5 36 9 4 26 42 2 3 

Inst_Index:1549 	 City_Num:50 	 Concorde:0.056548 	 MCTS:5.654803 Improve:-0.000000 	 Time:5.00 Seconds
Solution: 1 19 7 44 48 39 9 16 40 38 12 21 31 41 22 4 23 5 8 20 17 47 37 42 35 13 43 24 6 28 25 2 30 11 49 29 3 36 33 46 26 14 15 32 34 10 50 18 27 45 

Inst_Index:1550 	 City_Num:50 	 Concorde:0.054202 	 MCTS:5.420185 Improve:-0.000000 	 Time:5.00 Seconds
Solution: 1 38 10 8 39 6 28 44 43 45 29 41 16 17 3 12 30 7 25 37 49 31 24 26 35 20 23 40 46 48 42 32 50 27 11 9 5 21 19 4 18 13 47 2 33 22 14 15 36 34 

Inst_Index:1551 	 City_Num:50 	 Concorde:0.056458 	 MCTS:5.645770 Improve:-0.000000 	 Time:5.00 Seconds
Solution: 1 43 7 18 50 42 30 21 5 37 31 17 9 33 41 49 3 11 32 19 12 6 35 27 46 28 40 34 4 25 29 14 23 47 26 39 8 24 38 22 2 44 48 13 36 20 16 45 15 10 

Inst_Index:1552 	 City_Num:50 	 Concorde:0.053273 	 MCTS:5.324850 Improve:0.002493 	 Time:5.00 Seconds
Solution: 1 36 42 10 22 6 5 16 44 11 31 17 8 19 23 46 34 18 27 49 21 43 13 3 39 12 9 47 14 33 50 45 2 29 38 41 35 7 20 28 48 37 30 32 40 24 15 26 4 25 

Inst_Index:1553 	 City_Num:50 	 Concorde:0.058240 	 MCTS:5.823996 Improve:0.000041 	 Time:5.01 Seconds
Solution: 1 32 35 21 5 49 39 18 48 8 26 41 44 30 36 29 20 4 14 7 47 46 3 9 38 23 31 45 50 28 12 19 16 17 25 42 10 37 24 33 40 2 43 6 11 27 13 22 34 15 

Inst_Index:1554 	 City_Num:50 	 Concorde:0.056621 	 MCTS:5.659435 Improve:0.002648 	 Time:5.00 Seconds
Solution: 1 31 19 15 40 20 11 26 13 48 49 34 16 22 14 3 12 4 41 35 25 7 45 46 47 10 2 24 32 6 8 44 18 17 39 28 27 23 50 29 9 5 36 30 21 37 43 42 33 38 

Inst_Index:1555 	 City_Num:50 	 Concorde:0.057125 	 MCTS:5.707244 Improve:0.005237 	 Time:5.00 Seconds
Solution: 1 25 29 32 48 45 18 28 22 27 40 47 3 34 35 12 9 2 31 24 44 46 37 15 49 43 6 50 7 16 19 8 5 42 14 10 38 26 17 39 13 11 33 23 4 21 30 36 20 41 

Inst_Index:1556 	 City_Num:50 	 Concorde:0.060518 	 MCTS:6.050027 Improve:0.001785 	 Time:5.01 Seconds
Solution: 1 15 16 45 44 5 23 28 13 34 18 33 6 36 31 4 42 9 2 27 38 50 11 41 17 22 46 21 30 19 3 35 14 26 7 39 32 8 48 12 20 49 40 25 43 10 24 29 47 37 

Inst_Index:1557 	 City_Num:50 	 Concorde:0.059102 	 MCTS:5.910166 Improve:0.000000 	 Time:5.00 Seconds
Solution: 1 37 41 10 19 26 31 18 29 28 3 42 23 4 27 21 39 48 43 15 38 12 14 17 50 36 35 32 16 20 30 7 25 24 9 45 49 46 13 22 11 44 47 33 34 8 6 2 40 5 

Inst_Index:1558 	 City_Num:50 	 Concorde:0.058735 	 MCTS:5.873478 Improve:-0.000000 	 Time:5.00 Seconds
Solution: 1 40 33 32 4 41 38 21 16 2 13 43 8 14 19 26 47 6 29 28 30 48 11 25 45 39 49 12 24 20 34 27 18 3 37 17 7 42 9 10 15 5 44 31 23 50 36 46 22 35 

Inst_Index:1559 	 City_Num:50 	 Concorde:0.058169 	 MCTS:5.816872 Improve:0.000000 	 Time:5.01 Seconds
Solution: 1 48 3 16 43 18 26 5 27 12 8 24 23 37 32 40 20 35 19 15 4 30 44 42 14 25 45 49 17 29 7 41 9 13 28 22 46 10 38 36 34 21 33 6 47 50 31 2 11 39 

Inst_Index:1560 	 City_Num:50 	 Concorde:0.058337 	 MCTS:5.833652 Improve:0.000000 	 Time:5.00 Seconds
Solution: 1 8 17 13 15 46 25 29 50 20 12 37 44 39 9 23 26 2 36 5 3 19 41 28 27 22 43 49 42 32 18 47 45 38 6 16 11 4 35 34 33 14 48 10 21 7 40 30 31 24 

Inst_Index:1561 	 City_Num:50 	 Concorde:0.062746 	 MCTS:6.274603 Improve:0.000000 	 Time:5.01 Seconds
Solution: 1 48 11 15 23 21 17 34 38 46 4 19 18 12 44 16 32 29 14 8 49 42 22 43 9 5 40 3 2 13 26 30 36 27 10 25 45 47 20 50 33 6 28 7 24 31 35 37 39 41 

Inst_Index:1562 	 City_Num:50 	 Concorde:0.052729 	 MCTS:5.268155 Improve:0.004710 	 Time:5.00 Seconds
Solution: 1 6 49 42 31 15 34 5 38 45 50 47 43 16 36 20 3 41 23 14 9 29 40 12 48 22 17 26 33 46 7 10 25 13 35 39 32 11 37 4 28 8 21 44 27 2 18 19 30 24 

Inst_Index:1563 	 City_Num:50 	 Concorde:0.058064 	 MCTS:5.806419 Improve:-0.000000 	 Time:5.02 Seconds
Solution: 1 48 14 8 43 49 7 12 34 32 18 33 27 31 10 19 40 23 16 17 6 3 2 15 37 13 5 28 26 44 21 46 9 47 39 29 42 41 20 25 35 45 36 11 50 30 22 24 38 4 

Inst_Index:1564 	 City_Num:50 	 Concorde:0.056788 	 MCTS:5.678750 Improve:0.000000 	 Time:5.00 Seconds
Solution: 1 35 32 39 43 49 36 30 11 18 44 25 8 31 15 16 42 34 40 29 3 48 22 45 4 47 37 7 41 19 5 21 14 13 6 12 20 33 24 27 28 9 38 10 46 17 26 50 2 23 

Inst_Index:1565 	 City_Num:50 	 Concorde:0.054644 	 MCTS:5.458086 Improve:0.006283 	 Time:5.00 Seconds
Solution: 1 45 18 14 30 46 9 43 49 10 16 21 12 22 48 29 37 44 31 2 5 25 11 50 19 24 20 40 47 23 35 15 3 6 7 39 17 32 27 36 8 33 26 34 41 4 42 13 28 38 


Avg_Concorde_Distance: 5.690310 Avg_MCTS_Distance: 5.690119 Avg_Gap: -0.000038 Total_Time: 1567.15 Seconds 
 Beat_Best_Known_Times: 108 Match_Best_Known_Times: 195 Miss_Best_Known_Times: 10 
