20
 0.000000 0.000000 0.000000 0.000000 0.000000 0.000000 0.000000 0.500001 0.000000 0.000000 0.000000 0.000000 0.000000 0.000000 0.000000 0.000000 0.499999 0.000000 0.000000 0.000000
 0.000000 0.000000 0.000000 0.000000 0.000000 0.000000 0.000000 0.000000 0.000000 0.000000 0.000000 0.049987 0.000000 0.473738 0.000000 0.476274 0.000000 0.000000 0.000000 0.000000
 0.000000 0.000000 0.000000 0.000000 0.000000 0.343340 0.000000 0.000000 0.058379 0.000000 0.000000 0.238888 0.000000 0.000000 0.000000 0.000000 0.000000 0.359393 0.000000 0.000000
 0.000000 0.000000 0.000000 0.000000 0.000000 0.000000 0.000000 0.000000 0.000000 0.000000 0.500000 0.000000 0.500000 0.000000 0.000000 0.000000 0.000000 0.000000 0.000000 0.000000
 0.000000 0.000000 0.000000 0.000000 0.000000 0.233316 0.000000 0.000000 0.000000 0.382315 0.000000 0.000000 0.000000 0.000000 0.384368 0.000000 0.000000 0.000000 0.000000 0.000000
 0.000000 0.000000 0.279451 0.000000 0.177492 0.000000 0.000000 0.000000 0.000000 0.000000 0.000000 0.290971 0.000000 0.242365 0.000000 0.000000 0.000000 0.009721 0.000000 0.000000
 0.000000 0.000000 0.000000 0.000000 0.000000 0.000000 0.000000 0.000000 0.000000 0.000000 0.500000 0.000000 0.000000 0.000000 0.000000 0.000000 0.000000 0.000000 0.500000 0.000000
 0.500000 0.000000 0.000000 0.000000 0.000000 0.000000 0.000000 0.000000 0.000000 0.000000 0.000000 0.000000 0.000000 0.000000 0.000000 0.000000 0.000000 0.000000 0.500000 0.000000
 0.000000 0.000000 0.075118 0.000000 0.000000 0.000000 0.000000 0.000000 0.000000 0.000048 0.000000 0.000000 0.000000 0.000000 0.462439 0.000000 0.000000 0.462394 0.000000 0.000000
 0.000000 0.000000 0.000000 0.000000 0.489324 0.000000 0.000000 0.000000 0.000052 0.000000 0.000000 0.000000 0.000000 0.000000 0.018485 0.000000 0.000000 0.000000 0.000000 0.492140
 0.000000 0.000000 0.000000 0.500000 0.000000 0.000000 0.500000 0.000000 0.000000 0.000000 0.000000 0.000000 0.000000 0.000000 0.000000 0.000000 0.000000 0.000000 0.000000 0.000000
 0.000000 0.037969 0.240466 0.000000 0.000000 0.359855 0.000000 0.000000 0.000000 0.000000 0.000000 0.000000 0.000000 0.351954 0.000000 0.000000 0.000000 0.009757 0.000000 0.000000
 0.000000 0.000000 0.000000 0.500000 0.000000 0.000000 0.000000 0.000000 0.000000 0.000000 0.000000 0.000000 0.000000 0.000000 0.000000 0.000000 0.000000 0.000000 0.000000 0.500000
 0.000000 0.355729 0.000000 0.000000 0.000000 0.296316 0.000000 0.000000 0.000000 0.000000 0.000000 0.347932 0.000000 0.000000 0.000000 0.000023 0.000000 0.000000 0.000000 0.000000
 0.000000 0.000000 0.000000 0.000000 0.490685 0.000000 0.000000 0.000000 0.490876 0.018437 0.000000 0.000000 0.000000 0.000000 0.000000 0.000000 0.000000 0.000001 0.000000 0.000000
 0.000000 0.499986 0.000000 0.000000 0.000000 0.000000 0.000000 0.000000 0.000000 0.000000 0.000000 0.000000 0.000000 0.000032 0.000000 0.000000 0.499982 0.000000 0.000000 0.000000
 0.500001 0.000000 0.000000 0.000000 0.000000 0.000000 0.000000 0.000000 0.000000 0.000000 0.000000 0.000000 0.000000 0.000000 0.000000 0.499999 0.000000 0.000000 0.000000 0.000000
 0.000000 0.000000 0.485411 0.000000 0.000000 0.016132 0.000000 0.000000 0.485364 0.000000 0.000000 0.013092 0.000000 0.000000 0.000001 0.000000 0.000000 0.000000 0.000000 0.000000
 0.000000 0.000000 0.000000 0.000000 0.000000 0.000000 0.500000 0.500000 0.000000 0.000000 0.000000 0.000000 0.000000 0.000000 0.000000 0.000000 0.000000 0.000000 0.000000 0.000000
 0.000000 0.000000 0.000000 0.000000 0.000000 0.000000 0.000000 0.000000 0.000000 0.499999 0.000000 0.000000 0.500001 0.000000 0.000000 0.000000 0.000000 0.000000 0.000000 0.000000
the mean of prob-rank is 1.5263157894736843
the number of false negetive edges is 0
the number of probability greater than 0 is 3.1/edge
