Number_of_Instances_In_Current_Batch: 313

Inst_Index:1879 	 City_Num:50 	 Concorde:0.054078 	 MCTS:5.407805 Improve:0.000000 	 Time:5.00 Seconds
Solution: 1 38 18 31 10 22 33 35 7 36 30 14 16 12 26 41 5 34 28 32 3 48 47 19 6 25 21 45 49 37 20 43 2 4 27 17 50 42 13 40 23 44 11 39 29 46 15 8 9 24 

Inst_Index:1880 	 City_Num:50 	 Concorde:0.057653 	 MCTS:5.764920 Improve:0.000376 	 Time:5.00 Seconds
Solution: 1 23 30 11 2 45 44 34 5 7 18 26 21 15 3 29 42 24 16 22 10 6 47 28 43 38 32 33 20 13 9 35 25 8 4 46 31 39 19 17 12 36 49 40 14 27 41 37 50 48 

Inst_Index:1881 	 City_Num:50 	 Concorde:0.053559 	 MCTS:5.355889 Improve:-0.000000 	 Time:5.00 Seconds
Solution: 1 20 39 23 34 42 24 32 13 36 46 19 25 45 48 8 3 38 50 41 9 29 2 31 16 43 18 11 10 7 47 17 37 5 4 28 35 14 49 40 22 21 33 30 44 15 26 27 12 6 

Inst_Index:1882 	 City_Num:50 	 Concorde:0.054161 	 MCTS:5.416077 Improve:0.000000 	 Time:5.00 Seconds
Solution: 1 35 33 23 15 14 19 12 21 49 29 38 42 10 40 3 27 28 8 16 18 36 5 30 46 50 43 32 9 24 44 37 48 13 6 25 41 31 47 26 11 7 20 39 2 22 17 45 34 4 

Inst_Index:1883 	 City_Num:50 	 Concorde:0.053184 	 MCTS:5.318417 Improve:0.000000 	 Time:5.00 Seconds
Solution: 1 50 7 23 24 35 13 30 15 45 19 29 3 26 32 5 43 42 40 4 39 37 46 48 20 41 21 31 12 22 8 34 17 25 33 44 38 14 6 47 16 10 27 11 2 36 49 9 28 18 

Inst_Index:1884 	 City_Num:50 	 Concorde:0.056199 	 MCTS:5.612284 Improve:0.007652 	 Time:5.00 Seconds
Solution: 1 38 48 27 42 25 6 13 12 39 17 19 33 18 47 29 46 35 31 10 41 20 9 21 34 37 2 4 26 22 15 36 16 14 5 28 49 32 23 24 43 40 8 11 30 44 45 50 7 3 

Inst_Index:1885 	 City_Num:50 	 Concorde:0.054505 	 MCTS:5.447766 Improve:0.002775 	 Time:5.00 Seconds
Solution: 1 20 11 29 23 13 26 30 7 28 10 31 33 40 19 25 41 48 46 9 8 6 15 17 22 14 4 18 35 27 39 45 37 42 2 36 38 24 16 34 50 32 49 21 43 5 12 44 3 47 

Inst_Index:1886 	 City_Num:50 	 Concorde:0.052613 	 MCTS:5.261326 Improve:0.000000 	 Time:5.01 Seconds
Solution: 1 40 50 17 49 25 26 19 32 34 11 33 13 21 6 10 30 15 41 31 39 43 3 36 7 28 29 44 5 22 48 46 23 12 4 16 27 8 9 18 47 2 14 35 37 20 24 45 42 38 

Inst_Index:1887 	 City_Num:50 	 Concorde:0.055097 	 MCTS:5.509733 Improve:0.000000 	 Time:5.00 Seconds
Solution: 1 40 6 11 25 41 33 2 29 45 21 37 42 47 26 30 36 17 22 13 27 38 34 20 14 16 39 8 3 28 31 24 10 46 35 43 50 9 4 18 49 23 19 32 12 5 48 7 44 15 

Inst_Index:1888 	 City_Num:50 	 Concorde:0.054536 	 MCTS:5.453610 Improve:0.000000 	 Time:5.00 Seconds
Solution: 1 48 44 12 22 11 35 19 30 32 4 40 18 10 31 29 49 50 16 5 33 27 42 24 37 25 21 17 45 8 43 14 39 3 13 41 28 47 7 36 9 15 34 20 23 38 6 46 26 2 

Inst_Index:1889 	 City_Num:50 	 Concorde:0.055236 	 MCTS:5.523558 Improve:0.000000 	 Time:5.00 Seconds
Solution: 1 4 24 16 9 17 48 6 3 5 47 36 39 32 37 27 35 19 2 40 23 7 45 22 12 29 21 41 13 25 26 49 11 38 43 20 42 30 15 18 31 33 44 14 28 50 34 46 8 10 

Inst_Index:1890 	 City_Num:50 	 Concorde:0.059514 	 MCTS:5.951355 Improve:0.000000 	 Time:5.00 Seconds
Solution: 1 7 30 4 23 33 9 14 36 18 26 35 8 32 6 3 2 22 37 27 24 42 17 49 41 11 10 21 39 19 20 31 5 44 38 50 12 15 48 16 34 45 13 47 40 29 28 25 43 46 

Inst_Index:1891 	 City_Num:50 	 Concorde:0.056290 	 MCTS:5.628479 Improve:0.000501 	 Time:5.00 Seconds
Solution: 1 25 12 47 33 19 6 9 38 8 34 48 29 26 7 49 4 50 11 31 42 45 17 21 24 37 32 3 43 23 40 5 35 18 28 30 27 36 10 20 44 13 46 22 15 16 2 39 14 41 

Inst_Index:1892 	 City_Num:50 	 Concorde:0.049986 	 MCTS:4.994567 Improve:0.003997 	 Time:5.00 Seconds
Solution: 1 9 32 21 19 15 6 20 50 14 44 22 25 42 45 12 11 37 23 2 3 18 28 8 40 5 46 26 30 35 10 13 34 4 43 36 24 27 48 17 16 47 49 39 38 41 33 29 31 7 

Inst_Index:1893 	 City_Num:50 	 Concorde:0.057307 	 MCTS:5.729709 Improve:0.000962 	 Time:5.00 Seconds
Solution: 1 30 43 23 8 11 35 39 27 19 41 31 3 28 15 44 50 24 46 34 25 32 9 47 26 42 48 16 13 22 37 17 18 5 6 40 7 49 10 12 38 2 14 29 45 36 21 4 33 20 

Inst_Index:1894 	 City_Num:50 	 Concorde:0.059941 	 MCTS:5.990069 Improve:0.003994 	 Time:5.00 Seconds
Solution: 1 38 8 13 30 39 44 31 47 10 12 14 23 36 43 45 19 24 49 26 18 20 29 37 35 21 34 42 5 2 41 15 32 25 17 3 4 40 33 9 48 22 6 11 27 50 46 16 28 7 

Inst_Index:1895 	 City_Num:50 	 Concorde:0.057806 	 MCTS:5.779026 Improve:0.001528 	 Time:5.00 Seconds
Solution: 1 28 4 6 25 48 49 50 47 45 5 20 16 33 21 12 39 29 3 22 41 40 30 9 8 31 11 24 15 10 7 37 35 46 32 13 14 44 23 36 18 43 34 27 42 19 2 38 17 26 

Inst_Index:1896 	 City_Num:50 	 Concorde:0.055601 	 MCTS:5.560141 Improve:-0.000000 	 Time:5.00 Seconds
Solution: 1 40 42 39 38 2 31 18 32 6 29 23 46 30 48 17 13 21 15 26 44 45 22 8 36 20 43 34 25 7 24 4 33 50 14 5 11 12 28 37 19 3 49 10 27 35 16 9 41 47 

Inst_Index:1897 	 City_Num:50 	 Concorde:0.056534 	 MCTS:5.653150 Improve:0.000238 	 Time:5.00 Seconds
Solution: 1 9 49 44 2 7 21 26 14 20 27 36 11 45 29 19 5 22 30 8 4 18 35 42 48 17 12 38 16 31 37 15 33 24 23 13 39 46 34 3 6 28 43 47 41 40 10 25 50 32 

Inst_Index:1898 	 City_Num:50 	 Concorde:0.060325 	 MCTS:6.032471 Improve:0.000000 	 Time:5.01 Seconds
Solution: 1 43 35 20 6 23 31 12 2 27 15 17 5 48 39 32 44 38 10 7 49 33 4 24 9 34 42 26 3 21 13 8 11 22 45 47 19 18 46 41 16 37 30 28 29 25 50 36 14 40 

Inst_Index:1899 	 City_Num:50 	 Concorde:0.062310 	 MCTS:6.230963 Improve:-0.000000 	 Time:5.00 Seconds
Solution: 1 37 25 9 14 33 13 29 22 31 46 38 35 49 21 2 30 6 20 48 34 24 45 16 7 47 40 4 12 15 26 18 43 44 27 39 23 11 50 10 41 36 19 3 17 42 5 32 8 28 

Inst_Index:1900 	 City_Num:50 	 Concorde:0.056029 	 MCTS:5.602860 Improve:-0.000000 	 Time:5.00 Seconds
Solution: 1 33 5 45 27 10 44 28 50 30 41 17 39 31 42 29 40 36 35 3 25 7 15 34 13 11 9 16 2 4 47 21 49 24 14 26 6 43 46 20 18 23 38 19 12 22 8 48 32 37 

Inst_Index:1901 	 City_Num:50 	 Concorde:0.059219 	 MCTS:5.921912 Improve:0.000000 	 Time:5.00 Seconds
Solution: 1 41 15 7 50 40 6 49 34 14 45 26 42 18 35 28 31 29 24 39 12 43 8 21 48 27 44 5 36 30 38 20 32 25 2 13 11 19 17 22 23 9 10 37 33 4 46 16 3 47 

Inst_Index:1902 	 City_Num:50 	 Concorde:0.055679 	 MCTS:5.567932 Improve:0.000000 	 Time:5.00 Seconds
Solution: 1 28 29 3 21 12 39 17 45 24 33 43 40 11 5 44 30 8 46 34 2 7 18 22 42 48 50 49 47 6 20 15 26 41 9 38 32 4 31 13 16 35 36 19 14 23 10 25 37 27 

Inst_Index:1903 	 City_Num:50 	 Concorde:0.054393 	 MCTS:5.439327 Improve:0.000000 	 Time:5.00 Seconds
Solution: 1 2 24 39 25 16 12 11 14 26 15 36 9 32 4 37 40 8 49 10 18 41 22 45 38 43 28 30 13 33 47 50 27 20 7 3 19 44 35 21 5 29 23 34 6 46 17 42 48 31 

Inst_Index:1904 	 City_Num:50 	 Concorde:0.053484 	 MCTS:5.344509 Improve:0.003850 	 Time:5.00 Seconds
Solution: 1 39 50 37 24 8 38 40 19 17 47 33 5 25 21 45 49 27 6 3 12 28 29 10 23 34 41 46 2 16 4 9 20 11 22 13 30 15 44 31 18 26 42 14 7 36 48 32 35 43 

Inst_Index:1905 	 City_Num:50 	 Concorde:0.057074 	 MCTS:5.707409 Improve:0.000000 	 Time:5.00 Seconds
Solution: 1 2 49 32 20 38 25 15 22 4 42 12 24 31 33 28 16 36 40 5 48 13 3 17 9 6 39 21 10 14 26 30 27 23 46 37 43 44 41 18 35 29 7 47 11 50 45 19 34 8 

Inst_Index:1906 	 City_Num:50 	 Concorde:0.053704 	 MCTS:5.370386 Improve:-0.000000 	 Time:5.00 Seconds
Solution: 1 32 17 20 48 39 5 14 9 13 41 2 50 47 25 43 19 15 21 22 36 35 49 46 10 44 4 34 31 45 33 40 24 38 3 37 23 30 42 27 26 16 18 8 6 12 11 7 29 28 

Inst_Index:1907 	 City_Num:50 	 Concorde:0.055135 	 MCTS:5.513514 Improve:0.000000 	 Time:5.00 Seconds
Solution: 1 2 11 31 13 15 38 33 39 41 45 9 18 28 3 49 19 42 27 20 36 22 44 34 6 40 12 23 30 37 47 5 32 26 25 7 50 21 48 8 24 4 10 16 46 29 17 43 14 35 

Inst_Index:1908 	 City_Num:50 	 Concorde:0.061475 	 MCTS:6.145198 Improve:0.002351 	 Time:5.01 Seconds
Solution: 1 32 29 40 17 41 36 50 48 10 28 3 45 25 47 14 7 35 33 24 20 8 39 16 12 31 30 37 27 21 4 42 2 26 18 22 23 44 49 34 13 43 19 5 6 11 15 38 9 46 

Inst_Index:1909 	 City_Num:50 	 Concorde:0.060024 	 MCTS:6.001614 Improve:0.000809 	 Time:5.00 Seconds
Solution: 1 7 12 8 25 20 19 31 36 16 35 10 29 9 47 22 38 49 44 27 26 50 11 21 45 43 41 40 30 34 5 24 4 15 14 46 37 33 2 42 32 13 17 39 23 3 6 48 28 18 

Inst_Index:1910 	 City_Num:50 	 Concorde:0.057450 	 MCTS:5.741814 Improve:0.003216 	 Time:5.00 Seconds
Solution: 1 23 12 31 30 10 20 22 25 38 49 41 27 13 17 21 45 50 36 40 35 32 3 44 9 28 37 8 14 2 39 29 24 42 16 33 46 7 5 6 34 48 18 47 15 11 26 19 4 43 

Inst_Index:1911 	 City_Num:50 	 Concorde:0.055168 	 MCTS:5.516782 Improve:0.000000 	 Time:5.00 Seconds
Solution: 1 14 50 28 42 49 24 7 37 9 32 34 23 45 48 31 12 35 11 38 3 5 27 18 4 6 10 26 43 17 20 16 21 8 19 39 25 29 41 46 47 36 2 33 15 22 40 13 30 44 

Inst_Index:1912 	 City_Num:50 	 Concorde:0.057161 	 MCTS:5.711975 Improve:0.004157 	 Time:5.01 Seconds
Solution: 1 15 44 40 24 34 46 31 41 35 23 36 3 49 21 28 7 33 29 50 43 32 11 12 45 27 4 5 20 48 13 26 25 42 6 9 18 8 37 38 30 10 14 22 47 2 17 39 16 19 

Inst_Index:1913 	 City_Num:50 	 Concorde:0.059125 	 MCTS:5.908561 Improve:0.003910 	 Time:5.00 Seconds
Solution: 1 21 28 3 6 15 32 18 8 30 39 43 13 12 5 35 11 45 44 24 20 40 26 2 42 19 34 38 25 48 4 50 37 23 22 47 49 7 31 29 46 36 16 27 17 9 41 14 10 33 

Inst_Index:1914 	 City_Num:50 	 Concorde:0.056748 	 MCTS:5.674770 Improve:0.000000 	 Time:5.00 Seconds
Solution: 1 36 46 16 14 19 26 31 4 32 50 48 44 11 12 37 40 9 15 13 10 28 30 18 29 42 17 33 23 3 34 5 24 39 45 35 38 47 25 6 8 20 7 43 22 27 21 2 49 41 

Inst_Index:1915 	 City_Num:50 	 Concorde:0.058578 	 MCTS:5.857756 Improve:0.000000 	 Time:5.00 Seconds
Solution: 1 7 15 39 41 22 23 8 48 5 46 4 11 50 34 12 3 24 20 9 36 33 25 44 19 17 37 6 31 26 21 2 28 30 40 10 38 45 43 42 32 13 47 14 16 29 18 49 27 35 

Inst_Index:1916 	 City_Num:50 	 Concorde:0.055505 	 MCTS:5.550491 Improve:-0.000000 	 Time:5.00 Seconds
Solution: 1 47 10 36 30 2 18 15 21 14 12 39 24 23 25 3 43 17 37 35 22 49 48 8 27 4 7 20 50 46 44 16 42 19 33 31 28 32 34 11 9 6 29 5 41 38 45 13 26 40 

Inst_Index:1917 	 City_Num:50 	 Concorde:0.059997 	 MCTS:5.999701 Improve:-0.000000 	 Time:5.01 Seconds
Solution: 1 11 14 5 24 44 2 7 49 48 20 47 13 39 25 37 6 46 30 29 22 27 28 40 32 23 18 9 4 17 12 36 10 3 45 42 15 33 21 19 31 50 35 16 26 41 38 8 34 43 

Inst_Index:1918 	 City_Num:50 	 Concorde:0.055123 	 MCTS:5.511693 Improve:0.000583 	 Time:5.00 Seconds
Solution: 1 28 36 38 18 9 21 41 12 31 47 30 6 10 25 17 19 35 32 33 34 26 42 29 46 49 15 13 27 11 2 20 40 5 14 22 7 4 44 39 37 43 48 8 23 50 16 3 45 24 

Inst_Index:1919 	 City_Num:50 	 Concorde:0.057265 	 MCTS:5.726508 Improve:0.000000 	 Time:5.00 Seconds
Solution: 1 49 11 40 25 48 28 8 32 43 2 42 29 3 45 19 46 35 41 33 34 23 27 14 50 22 10 15 20 26 24 31 12 6 9 7 4 5 30 39 44 16 47 13 38 36 18 21 17 37 

Inst_Index:1920 	 City_Num:50 	 Concorde:0.057020 	 MCTS:5.701355 Improve:0.000631 	 Time:5.00 Seconds
Solution: 1 42 7 35 33 15 6 21 36 43 45 47 46 28 17 31 10 26 3 23 48 41 12 29 18 34 40 2 24 20 14 49 16 38 5 44 19 37 8 4 27 25 50 11 39 30 13 32 22 9 

Inst_Index:1921 	 City_Num:50 	 Concorde:0.059977 	 MCTS:5.989674 Improve:0.008041 	 Time:5.00 Seconds
Solution: 1 44 40 8 17 5 45 26 29 9 39 4 36 37 24 47 42 16 46 3 33 48 21 43 6 14 13 34 12 15 25 49 30 19 31 20 11 41 35 28 38 50 22 27 10 7 2 18 23 32 

Inst_Index:1922 	 City_Num:50 	 Concorde:0.058075 	 MCTS:5.801143 Improve:0.006319 	 Time:5.00 Seconds
Solution: 1 14 4 25 29 5 6 30 38 42 50 39 2 40 33 22 32 36 3 37 13 45 12 23 21 44 15 19 31 27 16 41 24 47 35 8 20 17 9 26 43 49 10 11 28 48 7 18 46 34 

Inst_Index:1923 	 City_Num:50 	 Concorde:0.055572 	 MCTS:5.557236 Improve:0.000000 	 Time:5.00 Seconds
Solution: 1 6 41 33 47 18 22 11 48 37 9 16 4 36 40 30 34 3 17 5 43 14 42 32 46 38 7 13 25 19 12 28 50 23 10 39 24 31 49 35 27 8 45 20 2 26 29 44 21 15 

Inst_Index:1924 	 City_Num:50 	 Concorde:0.057367 	 MCTS:5.736734 Improve:-0.000000 	 Time:5.00 Seconds
Solution: 1 26 2 17 19 41 13 8 36 5 38 48 31 50 32 16 6 39 43 9 7 25 42 35 24 23 18 15 20 30 3 14 40 37 46 27 34 11 45 47 49 21 33 12 4 29 22 28 10 44 

Inst_Index:1925 	 City_Num:50 	 Concorde:0.053171 	 MCTS:5.317068 Improve:-0.000000 	 Time:5.00 Seconds
Solution: 1 18 6 45 31 28 33 15 39 14 9 37 20 13 5 12 17 21 16 26 44 50 8 3 32 46 2 42 49 47 27 7 41 23 30 19 22 40 34 25 24 29 43 10 11 38 36 4 35 48 

Inst_Index:1926 	 City_Num:50 	 Concorde:0.058683 	 MCTS:5.864639 Improve:0.003668 	 Time:5.00 Seconds
Solution: 1 7 35 29 18 23 32 39 46 25 44 20 48 24 21 38 33 15 19 16 5 41 30 3 11 36 34 43 8 17 2 9 13 10 45 31 37 50 27 40 4 42 47 12 49 26 28 22 6 14 

Inst_Index:1927 	 City_Num:50 	 Concorde:0.058203 	 MCTS:5.817957 Improve:0.002368 	 Time:5.00 Seconds
Solution: 1 14 19 12 32 26 36 24 18 45 5 15 22 43 48 10 41 11 37 2 6 33 40 4 13 44 23 28 9 25 30 21 7 46 29 49 39 8 34 20 17 35 27 31 16 3 50 42 47 38 

Inst_Index:1928 	 City_Num:50 	 Concorde:0.058001 	 MCTS:5.797909 Improve:0.002164 	 Time:5.01 Seconds
Solution: 1 17 35 26 39 15 24 32 37 13 50 42 6 40 19 30 38 7 27 20 11 16 33 31 21 46 10 5 8 45 25 43 44 47 9 49 23 48 34 12 14 2 18 41 28 22 4 3 29 36 

Inst_Index:1929 	 City_Num:50 	 Concorde:0.057668 	 MCTS:5.766800 Improve:0.000000 	 Time:5.01 Seconds
Solution: 1 36 30 15 41 20 39 7 26 49 2 6 5 16 12 23 9 22 42 44 45 3 11 8 37 40 46 47 10 50 48 31 27 28 18 38 14 33 34 24 13 43 21 29 35 4 19 25 17 32 

Inst_Index:1930 	 City_Num:50 	 Concorde:0.057709 	 MCTS:5.764201 Improve:0.006702 	 Time:5.00 Seconds
Solution: 1 47 36 2 27 26 4 44 29 41 13 9 49 40 46 14 33 5 16 19 48 21 7 43 18 32 22 25 50 8 3 37 28 31 39 34 24 42 45 15 17 38 12 23 11 30 6 10 20 35 

Inst_Index:1931 	 City_Num:50 	 Concorde:0.058971 	 MCTS:5.897059 Improve:-0.000000 	 Time:5.00 Seconds
Solution: 1 11 40 33 2 44 19 8 38 21 29 16 42 15 25 46 6 14 4 50 3 27 24 12 37 23 9 28 26 35 13 7 36 43 41 17 49 48 30 31 5 39 10 18 47 45 34 20 32 22 

Inst_Index:1932 	 City_Num:50 	 Concorde:0.057692 	 MCTS:5.769247 Improve:-0.000000 	 Time:5.00 Seconds
Solution: 1 50 34 5 13 2 25 38 4 39 8 32 30 9 18 23 33 29 17 19 44 45 27 37 12 15 28 20 3 31 7 10 35 47 41 21 14 36 43 6 22 16 46 49 40 48 24 42 26 11 

Inst_Index:1933 	 City_Num:50 	 Concorde:0.058160 	 MCTS:5.816035 Improve:0.000000 	 Time:5.00 Seconds
Solution: 1 6 7 5 22 42 23 32 39 8 41 47 46 15 33 36 37 24 31 43 3 25 19 40 27 38 17 28 50 49 30 44 10 18 9 14 13 12 21 29 4 48 26 16 2 35 45 34 20 11 

Inst_Index:1934 	 City_Num:50 	 Concorde:0.055821 	 MCTS:5.582089 Improve:0.000000 	 Time:5.00 Seconds
Solution: 1 24 45 13 26 23 8 35 41 27 19 2 29 15 18 37 17 22 6 32 36 14 42 47 20 12 21 50 10 34 4 9 33 16 30 25 40 46 39 11 7 43 31 3 28 49 44 38 5 48 

Inst_Index:1935 	 City_Num:50 	 Concorde:0.056212 	 MCTS:5.620624 Improve:0.000601 	 Time:5.00 Seconds
Solution: 1 6 47 19 32 11 37 21 13 17 35 28 44 2 14 38 12 48 40 34 10 24 33 8 46 41 22 5 7 16 9 30 39 27 29 26 36 15 4 45 18 23 42 43 31 49 3 25 50 20 

Inst_Index:1936 	 City_Num:50 	 Concorde:0.058607 	 MCTS:5.860727 Improve:-0.000000 	 Time:5.00 Seconds
Solution: 1 41 35 11 26 19 34 24 25 40 47 22 5 32 39 12 28 18 14 31 36 6 23 48 43 16 7 44 3 45 15 20 9 2 27 17 38 30 50 4 37 49 29 8 46 13 42 10 33 21 

Inst_Index:1937 	 City_Num:50 	 Concorde:0.058099 	 MCTS:5.809920 Improve:0.000000 	 Time:5.01 Seconds
Solution: 1 19 29 23 42 7 47 31 45 39 24 16 10 22 8 6 14 37 13 25 15 28 38 26 48 5 49 27 2 36 35 3 46 33 44 40 43 32 34 30 9 11 50 18 17 12 41 21 4 20 

Inst_Index:1938 	 City_Num:50 	 Concorde:0.058801 	 MCTS:5.872969 Improve:0.007094 	 Time:5.00 Seconds
Solution: 1 34 40 21 27 2 11 50 19 38 23 3 47 7 13 10 37 12 35 33 30 43 20 6 44 49 15 9 31 45 28 14 17 29 25 22 26 18 46 24 16 8 36 41 5 39 32 4 48 42 

Inst_Index:1939 	 City_Num:50 	 Concorde:0.058203 	 MCTS:5.820288 Improve:0.000000 	 Time:5.00 Seconds
Solution: 1 49 8 36 28 48 45 31 29 15 24 7 18 43 12 38 4 33 46 6 37 40 25 26 39 13 22 9 14 3 23 32 47 19 5 20 16 44 42 50 11 17 30 2 41 27 10 21 35 34 

Inst_Index:1940 	 City_Num:50 	 Concorde:0.059747 	 MCTS:5.974689 Improve:0.000000 	 Time:5.00 Seconds
Solution: 1 26 43 35 11 6 50 31 39 14 20 18 36 24 29 21 25 5 2 8 28 9 30 27 4 16 32 41 15 48 37 34 12 22 40 17 3 49 23 38 46 33 7 44 13 42 19 45 10 47 

Inst_Index:1941 	 City_Num:50 	 Concorde:0.057907 	 MCTS:5.790680 Improve:-0.000000 	 Time:5.00 Seconds
Solution: 1 29 41 45 15 39 24 26 11 14 17 49 3 10 35 31 22 6 44 33 42 50 4 37 25 9 48 13 36 32 21 43 18 16 47 30 46 12 2 8 7 19 28 20 40 23 5 34 27 38 

Inst_Index:1942 	 City_Num:50 	 Concorde:0.055702 	 MCTS:5.569814 Improve:0.000385 	 Time:5.00 Seconds
Solution: 1 36 45 37 10 46 47 38 35 39 24 3 7 23 13 44 6 20 33 26 32 15 48 11 40 29 43 18 30 27 2 25 28 12 42 14 9 8 49 41 19 21 17 31 22 34 5 16 4 50 

Inst_Index:1943 	 City_Num:50 	 Concorde:0.057075 	 MCTS:5.707390 Improve:0.000108 	 Time:5.00 Seconds
Solution: 1 2 23 9 28 41 49 16 7 11 20 38 27 22 34 5 33 29 19 25 17 13 18 30 44 47 21 45 8 26 50 6 10 15 40 3 39 35 42 32 46 31 24 48 43 36 12 14 4 37 

Inst_Index:1944 	 City_Num:50 	 Concorde:0.054798 	 MCTS:5.479768 Improve:0.000000 	 Time:5.00 Seconds
Solution: 1 3 41 21 26 16 30 43 22 28 47 12 49 11 2 24 34 25 29 37 19 15 18 42 7 27 8 50 33 4 32 9 35 23 38 10 13 40 48 31 45 36 44 17 46 5 20 6 39 14 

Inst_Index:1945 	 City_Num:50 	 Concorde:0.051482 	 MCTS:5.148241 Improve:0.000000 	 Time:5.00 Seconds
Solution: 1 5 12 27 4 21 24 7 9 49 47 17 23 42 11 46 40 43 37 25 38 31 44 33 34 39 29 6 41 28 10 35 16 45 26 15 14 22 2 36 20 19 18 32 3 8 13 50 30 48 

Inst_Index:1946 	 City_Num:50 	 Concorde:0.058546 	 MCTS:5.852631 Improve:0.001974 	 Time:5.00 Seconds
Solution: 1 7 42 32 15 46 12 14 47 33 3 37 8 23 5 49 29 4 6 25 16 19 31 18 44 41 50 10 30 26 21 13 39 22 40 38 43 17 34 28 20 45 35 2 24 48 36 27 11 9 

Inst_Index:1947 	 City_Num:50 	 Concorde:0.057400 	 MCTS:5.739996 Improve:0.000000 	 Time:5.01 Seconds
Solution: 1 36 17 2 39 40 23 24 42 48 4 10 20 9 21 47 18 11 41 6 7 27 5 45 8 12 38 31 35 19 44 34 46 49 15 16 50 26 14 28 3 43 25 29 32 13 30 33 37 22 

Inst_Index:1948 	 City_Num:50 	 Concorde:0.057543 	 MCTS:5.754292 Improve:0.000000 	 Time:5.00 Seconds
Solution: 1 38 49 6 13 7 11 14 17 9 29 44 48 19 27 4 21 18 30 12 50 39 42 32 20 2 5 33 31 25 26 43 16 37 8 36 28 24 47 45 46 23 10 40 15 35 41 34 22 3 

Inst_Index:1949 	 City_Num:50 	 Concorde:0.059651 	 MCTS:5.956985 Improve:0.008090 	 Time:5.02 Seconds
Solution: 1 45 35 18 10 34 50 41 42 36 19 47 48 13 28 17 6 2 40 32 44 26 39 16 5 25 37 20 12 30 23 43 14 49 22 15 29 11 9 21 31 27 7 38 8 24 3 46 4 33 

Inst_Index:1950 	 City_Num:50 	 Concorde:0.052547 	 MCTS:5.245193 Improve:0.009505 	 Time:5.01 Seconds
Solution: 1 10 35 46 13 32 24 14 5 18 6 33 50 2 42 17 31 45 20 36 37 12 25 30 40 28 19 7 3 26 47 43 16 38 39 15 22 34 27 23 41 49 4 29 8 44 9 11 48 21 

Inst_Index:1951 	 City_Num:50 	 Concorde:0.059185 	 MCTS:5.910539 Improve:0.007984 	 Time:5.01 Seconds
Solution: 1 42 2 41 37 16 40 19 34 27 23 39 49 12 25 26 33 32 44 11 20 17 45 48 5 18 30 21 31 6 35 36 46 38 4 7 22 14 29 24 10 43 47 15 28 50 13 3 8 9 

Inst_Index:1952 	 City_Num:50 	 Concorde:0.057045 	 MCTS:5.693472 Improve:0.010991 	 Time:5.00 Seconds
Solution: 1 4 15 50 7 29 12 35 45 30 26 39 22 48 2 25 10 13 19 33 44 43 11 41 23 49 42 36 16 38 32 28 18 31 17 6 3 34 37 47 9 20 40 24 46 8 5 27 21 14 

Inst_Index:1953 	 City_Num:50 	 Concorde:0.056238 	 MCTS:5.623808 Improve:-0.000000 	 Time:5.02 Seconds
Solution: 1 8 10 22 29 6 4 24 35 9 44 23 14 5 37 33 47 48 15 46 49 19 18 50 11 36 41 20 32 3 28 26 16 21 13 39 12 17 31 38 2 25 40 45 43 7 27 34 42 30 

Inst_Index:1954 	 City_Num:50 	 Concorde:0.052792 	 MCTS:5.273617 Improve:0.005602 	 Time:5.01 Seconds
Solution: 1 20 11 41 17 28 4 42 49 8 47 26 29 45 40 14 36 19 39 21 3 25 6 31 30 7 48 43 34 12 13 10 5 38 24 15 9 23 35 32 22 27 44 37 18 46 2 50 33 16 

Inst_Index:1955 	 City_Num:50 	 Concorde:0.058258 	 MCTS:5.825755 Improve:-0.000000 	 Time:5.00 Seconds
Solution: 1 22 39 19 7 42 45 35 50 15 24 13 5 25 31 26 3 11 32 44 23 10 2 14 21 38 46 37 48 49 47 30 33 29 43 12 41 17 6 28 20 36 18 4 27 16 8 34 9 40 

Inst_Index:1956 	 City_Num:50 	 Concorde:0.057651 	 MCTS:5.765131 Improve:0.000000 	 Time:5.01 Seconds
Solution: 1 39 31 15 7 38 3 27 36 18 20 13 37 4 29 14 45 40 44 12 42 35 33 41 32 28 5 8 50 34 17 21 11 48 6 10 19 30 9 23 16 24 25 47 49 43 46 2 22 26 

Inst_Index:1957 	 City_Num:50 	 Concorde:0.057988 	 MCTS:5.798784 Improve:0.000000 	 Time:5.00 Seconds
Solution: 1 27 29 11 8 14 32 17 4 30 50 44 2 41 40 10 35 16 23 21 39 34 28 33 13 25 24 49 38 43 36 47 31 22 6 20 15 37 12 48 7 42 18 26 9 19 45 5 46 3 

Inst_Index:1958 	 City_Num:50 	 Concorde:0.058980 	 MCTS:5.940756 Improve:-0.042756 	 Time:5.01 Seconds
Solution: 1 18 10 39 35 20 13 42 2 44 34 26 27 46 30 38 19 23 25 37 41 21 33 49 11 4 7 5 48 17 12 40 32 14 28 3 47 22 8 24 29 36 45 9 50 6 31 15 16 43 

Inst_Index:1959 	 City_Num:50 	 Concorde:0.058315 	 MCTS:5.831499 Improve:-0.000000 	 Time:5.01 Seconds
Solution: 1 8 19 22 46 34 47 45 4 35 15 28 33 44 36 14 43 9 6 11 41 48 30 2 20 16 10 25 49 50 12 7 21 39 13 5 37 40 42 31 32 18 24 27 3 23 26 38 29 17 

Inst_Index:1960 	 City_Num:50 	 Concorde:0.058238 	 MCTS:5.827579 Improve:-0.003782 	 Time:5.00 Seconds
Solution: 1 20 45 13 41 7 24 38 35 25 46 21 12 15 23 19 10 29 32 3 33 4 27 47 16 9 30 39 28 26 14 2 5 49 34 37 18 42 40 36 22 8 48 44 31 11 6 43 17 50 

Inst_Index:1961 	 City_Num:50 	 Concorde:0.057096 	 MCTS:5.709608 Improve:0.000000 	 Time:5.00 Seconds
Solution: 1 43 11 50 48 32 13 44 41 30 22 10 12 21 45 14 16 33 15 5 24 8 23 6 46 27 39 18 7 47 40 3 34 4 17 29 2 38 20 36 26 42 19 9 28 37 25 49 31 35 

Inst_Index:1962 	 City_Num:50 	 Concorde:0.053016 	 MCTS:5.298457 Improve:0.003179 	 Time:5.00 Seconds
Solution: 1 20 11 14 26 19 25 15 4 12 9 46 17 38 7 23 5 35 13 30 6 27 44 40 29 2 43 3 22 8 16 45 48 39 41 21 49 18 42 33 47 37 10 24 28 34 31 32 50 36 

Inst_Index:1963 	 City_Num:50 	 Concorde:0.058977 	 MCTS:5.897657 Improve:-0.000000 	 Time:5.00 Seconds
Solution: 1 10 22 46 50 26 33 32 13 16 20 2 34 28 48 40 6 3 25 7 31 12 47 15 27 23 8 5 14 43 30 19 24 4 36 17 45 41 21 49 35 9 37 44 29 39 38 11 42 18 

Inst_Index:1964 	 City_Num:50 	 Concorde:0.056664 	 MCTS:5.666357 Improve:-0.000000 	 Time:5.01 Seconds
Solution: 1 13 37 38 49 32 48 50 8 31 3 24 43 14 29 34 28 22 15 5 25 20 35 21 16 30 39 46 45 7 41 10 6 17 44 47 36 42 27 33 9 18 2 4 19 11 12 23 26 40 

Inst_Index:1965 	 City_Num:50 	 Concorde:0.058811 	 MCTS:5.877176 Improve:0.003915 	 Time:5.00 Seconds
Solution: 1 42 28 47 50 49 6 20 34 36 24 21 3 27 46 9 25 41 31 26 38 22 45 10 15 29 13 14 18 16 7 4 17 23 43 33 32 2 8 40 35 5 12 39 11 37 19 44 48 30 

Inst_Index:1966 	 City_Num:50 	 Concorde:0.056283 	 MCTS:5.623825 Improve:0.004440 	 Time:5.00 Seconds
Solution: 1 24 49 35 36 42 39 18 11 37 27 28 21 7 34 32 41 20 16 40 47 50 13 15 2 46 9 10 38 23 5 29 25 17 22 26 14 43 3 31 12 48 45 6 8 33 19 44 4 30 

Inst_Index:1967 	 City_Num:50 	 Concorde:0.057256 	 MCTS:5.725579 Improve:0.000000 	 Time:5.01 Seconds
Solution: 1 12 2 34 24 31 41 8 16 14 4 48 6 49 10 9 40 22 13 44 42 21 5 17 46 36 32 15 20 28 50 38 45 7 18 23 25 43 30 26 39 47 33 27 35 19 11 29 37 3 

Inst_Index:1968 	 City_Num:50 	 Concorde:0.058892 	 MCTS:5.889221 Improve:-0.000000 	 Time:5.01 Seconds
Solution: 1 7 44 47 46 27 45 32 11 2 13 31 3 8 15 18 5 28 20 29 35 26 50 17 25 24 36 10 40 6 38 37 19 14 21 4 9 49 12 23 34 42 48 33 41 30 16 22 43 39 

Inst_Index:1969 	 City_Num:50 	 Concorde:0.054195 	 MCTS:5.419543 Improve:0.000000 	 Time:5.00 Seconds
Solution: 1 14 42 5 9 49 18 11 20 39 17 10 33 22 21 2 24 48 44 45 19 8 23 3 27 36 6 16 46 31 7 38 13 34 29 12 37 40 4 50 15 25 32 26 43 30 35 28 41 47 

Inst_Index:1970 	 City_Num:50 	 Concorde:0.054575 	 MCTS:5.456191 Improve:0.001358 	 Time:5.00 Seconds
Solution: 1 10 32 4 26 14 28 42 49 15 13 22 38 5 30 20 44 36 3 23 19 12 17 2 35 11 25 43 8 45 40 33 34 46 16 21 29 41 39 37 7 6 27 24 18 48 50 47 9 31 

Inst_Index:1971 	 City_Num:50 	 Concorde:0.054142 	 MCTS:5.412206 Improve:0.001948 	 Time:5.01 Seconds
Solution: 1 47 34 39 50 4 36 16 14 33 27 49 20 42 25 18 38 7 30 31 9 44 28 23 15 24 45 8 35 11 10 41 22 46 2 19 37 5 12 6 32 48 17 13 40 3 26 29 21 43 

Inst_Index:1972 	 City_Num:50 	 Concorde:0.059349 	 MCTS:5.934883 Improve:0.000000 	 Time:5.00 Seconds
Solution: 1 10 36 41 13 37 42 12 3 43 45 44 32 24 23 33 28 30 18 5 14 38 35 9 21 4 22 8 29 19 40 7 39 34 47 17 50 48 31 15 6 2 49 11 27 26 25 16 20 46 

Inst_Index:1973 	 City_Num:50 	 Concorde:0.058074 	 MCTS:5.807417 Improve:0.000000 	 Time:5.00 Seconds
Solution: 1 41 34 31 50 40 32 47 4 30 10 22 19 16 20 21 46 48 33 14 15 18 42 25 5 12 37 45 35 29 17 28 26 11 2 3 23 44 36 27 9 38 39 13 49 24 8 43 6 7 

Inst_Index:1974 	 City_Num:50 	 Concorde:0.062390 	 MCTS:6.239003 Improve:0.000000 	 Time:5.00 Seconds
Solution: 1 5 45 29 46 8 12 40 25 4 48 31 17 13 20 50 38 43 15 23 36 18 41 2 3 26 6 28 19 39 14 24 27 33 32 22 21 10 37 7 9 42 34 49 47 35 44 30 16 11 

Inst_Index:1975 	 City_Num:50 	 Concorde:0.059625 	 MCTS:5.962486 Improve:0.000000 	 Time:5.00 Seconds
Solution: 1 14 26 42 18 2 10 29 35 4 12 43 37 27 25 34 32 20 13 48 33 45 16 44 38 7 41 9 19 22 24 36 40 47 11 6 21 8 3 28 50 31 39 49 17 5 30 15 23 46 

Inst_Index:1976 	 City_Num:50 	 Concorde:0.059135 	 MCTS:5.913477 Improve:0.000000 	 Time:5.01 Seconds
Solution: 1 29 37 21 45 46 27 49 2 18 39 24 14 13 31 33 42 19 48 28 32 7 5 50 15 41 8 23 30 44 4 12 11 10 40 3 43 26 34 36 38 25 20 9 47 22 17 6 35 16 

Inst_Index:1977 	 City_Num:50 	 Concorde:0.058171 	 MCTS:5.812918 Improve:0.004228 	 Time:5.00 Seconds
Solution: 1 26 21 39 32 2 43 5 27 38 10 50 24 20 35 4 13 8 23 7 45 33 30 37 15 29 28 34 17 11 49 31 22 3 18 42 48 12 46 25 47 16 6 44 9 19 36 40 14 41 

Inst_Index:1978 	 City_Num:50 	 Concorde:0.055114 	 MCTS:5.511359 Improve:-0.000000 	 Time:5.00 Seconds
Solution: 1 34 42 16 30 17 49 40 29 10 39 44 23 3 35 5 33 28 18 11 31 20 25 19 47 45 37 43 48 50 46 27 7 22 12 4 24 8 38 21 26 6 9 13 41 32 2 36 14 15 

Inst_Index:1979 	 City_Num:50 	 Concorde:0.061875 	 MCTS:6.185347 Improve:0.002123 	 Time:5.01 Seconds
Solution: 1 27 46 31 36 10 26 44 32 7 11 2 4 3 42 21 19 33 49 50 35 22 29 47 23 20 14 13 25 17 38 12 39 9 6 30 16 43 37 24 8 45 15 48 41 34 5 28 40 18 

Inst_Index:1980 	 City_Num:50 	 Concorde:0.054064 	 MCTS:5.402508 Improve:0.003893 	 Time:5.01 Seconds
Solution: 1 17 21 49 39 5 6 20 14 18 42 32 2 11 26 31 33 10 50 47 4 41 37 7 8 12 19 22 40 27 45 23 28 34 43 29 38 35 30 16 3 15 44 48 13 36 25 24 9 46 

Inst_Index:1981 	 City_Num:50 	 Concorde:0.061254 	 MCTS:6.125401 Improve:0.000000 	 Time:5.01 Seconds
Solution: 1 16 38 18 45 32 46 8 30 47 6 21 37 29 23 22 12 50 10 33 14 3 20 31 28 40 11 44 17 42 15 43 2 41 24 19 13 26 36 5 48 9 27 35 39 49 7 25 34 4 

Inst_Index:1982 	 City_Num:50 	 Concorde:0.058031 	 MCTS:5.803054 Improve:0.000000 	 Time:5.00 Seconds
Solution: 1 15 6 49 21 20 44 7 4 31 3 42 5 41 2 22 43 9 17 13 46 14 32 25 36 26 11 24 37 39 27 10 8 40 23 33 18 28 30 48 38 50 47 35 16 19 34 29 12 45 

Inst_Index:1983 	 City_Num:50 	 Concorde:0.057883 	 MCTS:5.788274 Improve:0.000000 	 Time:5.00 Seconds
Solution: 1 21 32 35 12 4 28 40 48 44 43 8 23 3 18 38 11 19 33 10 14 29 26 39 41 31 16 9 25 42 30 37 15 36 45 47 46 24 22 49 34 2 20 6 7 27 17 5 13 50 

Inst_Index:1984 	 City_Num:50 	 Concorde:0.058769 	 MCTS:5.874026 Improve:0.002924 	 Time:5.00 Seconds
Solution: 1 43 19 7 46 5 6 11 41 3 28 13 16 35 12 32 49 37 33 34 36 10 26 29 30 27 22 9 47 44 39 45 50 21 40 23 15 24 48 8 20 17 25 2 31 18 38 14 42 4 

Inst_Index:1985 	 City_Num:50 	 Concorde:0.055344 	 MCTS:5.534439 Improve:-0.000000 	 Time:5.00 Seconds
Solution: 1 31 43 13 5 21 34 9 14 11 36 37 28 20 38 47 45 27 16 4 22 46 24 26 35 50 25 17 3 30 19 33 23 18 42 8 15 39 7 44 41 49 6 2 48 10 32 29 12 40 

Inst_Index:1986 	 City_Num:50 	 Concorde:0.060600 	 MCTS:6.060028 Improve:0.000000 	 Time:5.00 Seconds
Solution: 1 44 21 28 32 4 43 31 12 18 22 11 50 5 42 17 38 3 35 37 45 19 6 2 7 40 49 23 41 30 16 25 24 10 46 47 34 27 29 39 36 15 13 14 26 48 8 20 9 33 

Inst_Index:1987 	 City_Num:50 	 Concorde:0.051847 	 MCTS:5.181054 Improve:0.003677 	 Time:5.00 Seconds
Solution: 1 21 36 34 19 12 43 23 18 45 9 11 35 3 41 17 25 27 14 24 39 7 38 48 44 5 15 28 33 40 32 4 31 42 16 29 37 50 2 47 6 10 8 13 20 49 22 30 26 46 

Inst_Index:1988 	 City_Num:50 	 Concorde:0.053021 	 MCTS:5.302061 Improve:0.000000 	 Time:5.00 Seconds
Solution: 1 44 25 21 24 35 46 16 36 12 49 20 33 4 41 30 3 50 19 11 15 40 45 42 39 13 32 29 7 43 22 27 6 18 37 31 26 28 48 2 23 47 10 8 5 38 17 14 9 34 

Inst_Index:1989 	 City_Num:50 	 Concorde:0.059745 	 MCTS:5.974500 Improve:0.000000 	 Time:5.01 Seconds
Solution: 1 26 9 16 10 3 5 22 35 18 21 7 46 6 20 31 24 15 4 33 50 13 30 48 36 34 47 49 40 2 37 27 23 14 38 32 44 28 8 43 12 42 25 41 39 11 29 45 19 17 

Inst_Index:1990 	 City_Num:50 	 Concorde:0.056577 	 MCTS:5.657743 Improve:0.000000 	 Time:5.01 Seconds
Solution: 1 15 28 34 45 50 41 47 12 25 13 17 26 39 42 44 29 27 11 32 33 4 30 48 7 49 16 23 38 5 43 37 35 46 6 9 19 10 31 20 36 2 22 14 18 3 40 8 24 21 

Inst_Index:1991 	 City_Num:50 	 Concorde:0.055228 	 MCTS:5.522830 Improve:-0.000000 	 Time:5.01 Seconds
Solution: 1 32 28 23 5 48 7 35 39 13 27 16 29 22 37 50 21 24 20 2 31 12 9 45 41 11 6 3 38 33 36 14 47 8 10 49 43 34 26 44 40 17 4 25 46 15 19 30 42 18 

Inst_Index:1992 	 City_Num:50 	 Concorde:0.056070 	 MCTS:5.600513 Improve:0.006481 	 Time:5.01 Seconds
Solution: 1 16 22 4 29 42 7 14 19 47 8 45 33 11 10 12 15 30 35 9 20 49 18 40 37 23 44 6 21 28 5 48 46 34 31 25 13 24 2 36 43 39 27 50 38 41 26 32 17 3 

Inst_Index:1993 	 City_Num:50 	 Concorde:0.057034 	 MCTS:5.702681 Improve:0.000733 	 Time:5.00 Seconds
Solution: 1 8 2 24 32 42 35 26 37 7 27 48 4 13 46 16 30 6 25 44 39 15 28 31 33 22 43 49 40 20 14 9 29 50 34 18 47 12 5 17 11 23 3 41 45 38 19 21 10 36 

Inst_Index:1994 	 City_Num:50 	 Concorde:0.060350 	 MCTS:6.035038 Improve:-0.000000 	 Time:5.00 Seconds
Solution: 1 46 11 48 37 24 2 20 8 40 23 50 33 27 29 12 45 35 9 18 16 21 5 31 22 32 17 39 19 15 10 30 43 28 3 14 26 25 49 41 47 42 34 4 7 36 44 6 13 38 

Inst_Index:1995 	 City_Num:50 	 Concorde:0.054958 	 MCTS:5.495758 Improve:0.000000 	 Time:5.02 Seconds
Solution: 1 33 16 11 46 6 8 30 48 47 35 23 37 22 17 27 44 32 15 31 40 21 3 24 18 41 2 29 39 19 28 34 36 25 10 45 7 13 49 38 14 20 9 4 43 50 12 42 5 26 

Inst_Index:1996 	 City_Num:50 	 Concorde:0.055253 	 MCTS:5.525348 Improve:0.000000 	 Time:5.00 Seconds
Solution: 1 6 11 42 3 35 22 26 12 46 5 24 17 10 7 29 32 43 4 34 44 16 30 40 18 50 23 13 45 19 28 38 31 47 8 9 25 20 2 36 48 49 27 37 15 41 39 14 21 33 

Inst_Index:1997 	 City_Num:50 	 Concorde:0.055868 	 MCTS:5.586776 Improve:0.000000 	 Time:5.01 Seconds
Solution: 1 38 35 7 14 39 26 5 29 22 17 32 13 9 40 41 12 24 44 27 46 10 31 30 25 6 37 28 19 45 34 48 21 33 49 43 42 4 50 3 23 20 16 36 11 47 2 18 15 8 

Inst_Index:1998 	 City_Num:50 	 Concorde:0.056981 	 MCTS:5.691559 Improve:0.006530 	 Time:5.00 Seconds
Solution: 1 47 39 6 24 12 15 7 49 40 42 19 5 10 34 2 26 29 8 25 18 45 11 46 3 27 28 14 31 41 33 9 21 48 13 36 43 17 20 30 35 32 37 4 23 16 22 50 44 38 

Inst_Index:1999 	 City_Num:50 	 Concorde:0.057575 	 MCTS:5.757488 Improve:0.000000 	 Time:5.01 Seconds
Solution: 1 43 9 48 21 40 35 32 49 44 7 2 22 29 31 16 6 18 24 11 41 19 39 37 17 14 30 12 15 36 33 25 42 20 3 34 28 38 13 4 50 26 46 5 45 23 47 10 8 27 

Inst_Index:2000 	 City_Num:50 	 Concorde:0.058906 	 MCTS:5.890606 Improve:-0.000000 	 Time:5.00 Seconds
Solution: 1 22 11 2 14 17 8 40 43 28 27 46 33 41 4 31 36 26 6 15 3 10 42 30 18 9 49 16 35 48 39 29 45 47 23 32 25 37 24 13 19 50 21 44 5 12 7 38 20 34 

Inst_Index:2001 	 City_Num:50 	 Concorde:0.056068 	 MCTS:5.606822 Improve:0.000000 	 Time:5.01 Seconds
Solution: 1 46 16 37 36 42 47 7 25 41 19 24 34 33 13 40 3 44 14 17 21 18 11 27 28 49 43 50 10 6 48 45 8 20 23 31 39 2 9 12 4 5 26 30 38 29 15 32 22 35 

Inst_Index:2002 	 City_Num:50 	 Concorde:0.054664 	 MCTS:5.466427 Improve:-0.000000 	 Time:5.00 Seconds
Solution: 1 37 6 46 50 34 29 48 2 41 16 11 35 42 25 23 9 44 21 20 17 43 18 32 22 4 47 8 39 49 40 27 36 31 14 45 10 13 19 7 12 38 3 33 24 5 30 15 26 28 

Inst_Index:2003 	 City_Num:50 	 Concorde:0.056663 	 MCTS:5.663839 Improve:0.002470 	 Time:5.00 Seconds
Solution: 1 41 9 48 14 21 43 32 15 29 36 49 50 2 31 30 24 20 35 16 8 23 28 38 7 42 39 26 13 18 47 6 12 33 17 11 45 27 34 10 40 22 4 19 25 37 5 44 46 3 

Inst_Index:2004 	 City_Num:50 	 Concorde:0.057380 	 MCTS:5.736386 Improve:0.001584 	 Time:5.01 Seconds
Solution: 1 21 2 37 4 3 9 48 7 25 34 41 13 38 12 46 11 33 26 27 47 23 31 30 32 39 17 29 19 6 20 22 18 16 5 8 10 14 15 44 49 40 24 50 43 36 42 45 28 35 

Inst_Index:2005 	 City_Num:50 	 Concorde:0.057090 	 MCTS:5.708893 Improve:0.000066 	 Time:5.00 Seconds
Solution: 1 10 38 42 26 14 43 23 12 7 47 31 28 40 50 37 8 48 22 15 44 27 29 3 35 45 21 9 11 17 19 39 16 49 41 20 32 5 25 18 30 13 24 33 4 6 2 36 34 46 

Inst_Index:2006 	 City_Num:50 	 Concorde:0.056813 	 MCTS:5.681339 Improve:-0.000000 	 Time:5.00 Seconds
Solution: 1 2 16 13 49 3 40 34 4 39 25 26 18 47 12 45 8 42 36 48 6 30 35 31 7 15 17 23 24 20 41 27 9 10 43 22 11 21 29 44 19 38 5 37 33 14 50 28 46 32 

Inst_Index:2007 	 City_Num:50 	 Concorde:0.059313 	 MCTS:5.931250 Improve:0.000000 	 Time:5.00 Seconds
Solution: 1 4 21 9 22 50 46 6 16 19 17 28 23 27 34 35 18 14 2 43 47 44 25 41 13 15 29 5 20 38 42 40 39 32 48 8 3 33 45 24 12 7 30 11 10 36 26 37 49 31 

Inst_Index:2008 	 City_Num:50 	 Concorde:0.053747 	 MCTS:5.374675 Improve:0.000000 	 Time:5.00 Seconds
Solution: 1 25 3 4 38 32 46 43 31 10 48 13 20 24 16 42 6 30 36 23 27 34 2 22 28 18 47 17 41 19 26 15 11 9 49 39 33 8 12 44 37 29 35 50 40 5 7 45 14 21 

Inst_Index:2009 	 City_Num:50 	 Concorde:0.057357 	 MCTS:5.735725 Improve:0.000000 	 Time:5.00 Seconds
Solution: 1 14 46 48 17 50 22 19 38 45 39 24 4 27 34 29 36 37 42 26 18 47 43 35 25 20 15 32 31 40 12 5 33 3 21 30 10 23 2 9 16 28 13 7 8 49 11 44 41 6 

Inst_Index:2010 	 City_Num:50 	 Concorde:0.058012 	 MCTS:5.801211 Improve:0.000000 	 Time:5.00 Seconds
Solution: 1 45 3 44 28 37 36 47 25 15 30 20 38 48 43 13 22 8 29 4 49 6 7 35 19 11 21 46 12 2 50 24 39 34 41 17 32 18 9 31 5 27 16 10 14 26 42 33 23 40 

Inst_Index:2011 	 City_Num:50 	 Concorde:0.057819 	 MCTS:5.781891 Improve:-0.000000 	 Time:5.00 Seconds
Solution: 1 45 8 41 20 30 36 46 2 47 38 19 6 12 50 16 42 3 21 26 9 40 13 44 15 37 27 10 43 32 49 22 23 39 29 11 28 34 18 4 25 7 31 24 17 48 14 35 5 33 

Inst_Index:2012 	 City_Num:50 	 Concorde:0.059636 	 MCTS:5.961373 Improve:0.002263 	 Time:5.00 Seconds
Solution: 1 22 39 19 41 5 46 29 44 32 11 18 31 42 24 37 40 43 10 14 3 25 47 23 26 13 12 16 49 8 48 28 45 36 20 38 35 7 27 30 33 2 17 15 21 9 50 4 34 6 

Inst_Index:2013 	 City_Num:50 	 Concorde:0.061551 	 MCTS:6.147519 Improve:0.007598 	 Time:5.00 Seconds
Solution: 1 45 27 12 49 21 31 2 34 48 32 29 50 22 6 40 7 24 25 42 36 15 26 39 43 23 41 38 35 17 5 18 11 46 19 33 4 47 9 20 44 10 3 14 30 37 13 8 16 28 

Inst_Index:2014 	 City_Num:50 	 Concorde:0.054713 	 MCTS:5.471257 Improve:-0.000000 	 Time:5.00 Seconds
Solution: 1 27 44 18 2 39 46 36 32 28 11 10 37 9 5 8 48 45 40 34 4 38 6 26 21 47 50 31 35 30 23 24 14 22 7 19 15 12 13 43 20 33 16 17 3 29 25 42 41 49 

Inst_Index:2015 	 City_Num:50 	 Concorde:0.061544 	 MCTS:6.154404 Improve:0.000000 	 Time:5.00 Seconds
Solution: 1 43 28 17 12 27 8 22 49 9 48 44 34 24 46 6 42 47 11 15 32 19 14 38 20 25 3 21 4 7 30 33 40 35 36 45 29 18 50 10 39 16 26 37 23 13 41 2 5 31 

Inst_Index:2016 	 City_Num:50 	 Concorde:0.052803 	 MCTS:5.280321 Improve:0.000000 	 Time:5.00 Seconds
Solution: 1 23 19 13 18 24 31 44 39 40 15 17 35 22 41 27 45 46 42 16 50 11 7 43 36 37 38 3 6 4 28 5 33 21 26 10 20 2 9 47 14 8 32 29 49 30 12 48 25 34 

Inst_Index:2017 	 City_Num:50 	 Concorde:0.061406 	 MCTS:6.132333 Improve:0.008263 	 Time:5.01 Seconds
Solution: 1 13 33 6 28 7 42 37 23 25 8 47 22 19 18 16 50 32 30 29 46 44 5 11 14 34 48 45 9 41 10 31 2 35 24 27 21 17 36 49 20 15 39 43 38 4 3 40 12 26 

Inst_Index:2018 	 City_Num:50 	 Concorde:0.051471 	 MCTS:5.144445 Improve:0.002647 	 Time:5.01 Seconds
Solution: 1 5 15 45 41 34 17 13 36 2 49 40 12 47 46 19 50 35 21 4 26 37 29 44 8 27 48 32 24 42 14 39 9 6 38 22 31 7 20 10 11 28 16 43 3 30 25 23 33 18 

Inst_Index:2019 	 City_Num:50 	 Concorde:0.054416 	 MCTS:5.441569 Improve:-0.000000 	 Time:5.02 Seconds
Solution: 1 27 8 42 43 35 15 12 48 47 11 32 26 18 34 9 38 46 22 4 30 21 25 6 10 17 24 14 33 37 2 13 3 19 50 23 45 28 49 29 5 41 40 20 7 36 39 16 31 44 

Inst_Index:2020 	 City_Num:50 	 Concorde:0.056957 	 MCTS:5.695109 Improve:0.000627 	 Time:5.00 Seconds
Solution: 1 34 12 38 14 23 10 49 46 39 50 13 7 15 16 43 29 22 9 41 40 4 2 37 11 31 48 21 32 33 19 28 36 8 18 20 5 42 25 44 26 35 45 17 24 27 47 30 3 6 

Inst_Index:2021 	 City_Num:50 	 Concorde:0.056527 	 MCTS:5.652742 Improve:0.000000 	 Time:5.00 Seconds
Solution: 1 38 47 37 50 28 24 44 33 43 39 12 15 34 25 13 42 45 26 27 18 49 19 14 17 21 35 10 22 41 16 20 11 46 30 32 6 4 5 3 8 40 29 31 7 9 2 48 23 36 

Inst_Index:2022 	 City_Num:50 	 Concorde:0.058193 	 MCTS:5.819306 Improve:-0.000000 	 Time:5.01 Seconds
Solution: 1 33 46 17 40 8 34 43 28 42 23 26 36 45 6 9 4 29 37 18 47 11 27 10 24 15 21 38 39 31 5 48 49 7 41 50 2 35 20 16 25 3 19 12 30 22 44 13 32 14 

Inst_Index:2023 	 City_Num:50 	 Concorde:0.060794 	 MCTS:6.078740 Improve:0.000687 	 Time:5.00 Seconds
Solution: 1 31 18 34 17 15 46 40 16 19 35 49 12 43 47 32 45 29 14 44 50 3 38 20 25 39 7 30 42 41 6 8 2 21 26 36 13 11 28 24 27 23 33 4 5 22 9 10 37 48 

Inst_Index:2024 	 City_Num:50 	 Concorde:0.060369 	 MCTS:6.036908 Improve:0.000000 	 Time:5.00 Seconds
Solution: 1 18 4 16 34 27 29 33 14 50 48 5 49 44 21 37 13 25 9 38 15 47 10 2 7 17 3 6 12 31 20 42 19 40 45 8 24 28 30 46 11 41 23 22 26 39 36 43 35 32 

Inst_Index:2025 	 City_Num:50 	 Concorde:0.056062 	 MCTS:5.606218 Improve:0.000000 	 Time:5.01 Seconds
Solution: 1 48 32 37 26 12 23 10 50 9 11 22 41 45 24 14 17 46 2 7 5 3 30 49 4 16 28 34 47 33 27 29 8 19 39 35 42 6 21 38 43 15 44 36 40 20 13 18 31 25 

Inst_Index:2026 	 City_Num:50 	 Concorde:0.055854 	 MCTS:5.585383 Improve:-0.000000 	 Time:5.00 Seconds
Solution: 1 4 34 38 26 18 28 21 35 16 8 48 12 46 29 22 39 47 41 49 13 25 11 30 50 10 7 45 20 27 32 36 6 14 31 37 23 19 40 33 5 42 24 2 9 17 43 44 3 15 

Inst_Index:2027 	 City_Num:50 	 Concorde:0.054917 	 MCTS:5.491362 Improve:0.000359 	 Time:5.00 Seconds
Solution: 1 9 8 10 22 48 26 17 5 40 47 24 4 13 50 3 18 39 7 32 23 12 42 21 41 15 35 30 43 29 20 46 11 38 14 31 44 27 34 45 37 25 16 49 28 6 33 2 36 19 

Inst_Index:2028 	 City_Num:50 	 Concorde:0.053484 	 MCTS:5.348428 Improve:0.000000 	 Time:5.00 Seconds
Solution: 1 23 6 39 48 26 5 31 16 28 36 35 30 25 20 42 19 33 34 14 18 32 49 17 3 41 47 11 27 43 40 29 2 46 45 37 38 7 21 9 12 10 4 44 50 22 24 15 8 13 

Inst_Index:2029 	 City_Num:50 	 Concorde:0.058471 	 MCTS:5.846327 Improve:0.000791 	 Time:5.00 Seconds
Solution: 1 42 33 13 21 34 29 8 12 4 47 17 43 50 37 49 25 20 41 38 35 19 6 15 18 40 7 39 5 28 9 16 22 23 24 2 45 31 27 3 11 10 32 44 30 46 26 36 48 14 

Inst_Index:2030 	 City_Num:50 	 Concorde:0.054865 	 MCTS:5.486523 Improve:0.000000 	 Time:5.00 Seconds
Solution: 1 29 18 41 17 42 49 6 48 34 37 47 35 15 36 33 9 25 46 45 32 16 13 11 26 43 44 2 14 30 4 22 23 40 39 21 5 24 28 38 31 12 10 8 20 3 50 19 27 7 

Inst_Index:2031 	 City_Num:50 	 Concorde:0.051877 	 MCTS:5.187728 Improve:-0.000000 	 Time:5.01 Seconds
Solution: 1 45 27 47 3 6 16 4 44 14 13 17 25 12 2 30 32 24 46 20 8 48 31 36 18 33 41 28 15 22 39 7 9 23 26 10 38 37 5 43 50 19 29 11 40 42 21 34 49 35 

Inst_Index:2032 	 City_Num:50 	 Concorde:0.062497 	 MCTS:6.249687 Improve:0.000000 	 Time:5.00 Seconds
Solution: 1 39 11 28 44 37 8 22 17 26 12 25 21 16 49 14 2 50 5 29 31 23 40 43 6 24 41 45 7 18 34 33 9 38 19 15 32 46 3 30 20 47 27 36 48 35 42 13 10 4 

Inst_Index:2033 	 City_Num:50 	 Concorde:0.056758 	 MCTS:5.672244 Improve:0.003595 	 Time:5.01 Seconds
Solution: 1 6 2 38 15 4 7 36 13 45 3 27 31 20 34 17 49 29 42 40 24 35 50 18 48 21 9 47 46 32 14 25 23 39 44 26 37 22 11 30 19 10 33 28 16 8 43 41 5 12 

Inst_Index:2034 	 City_Num:50 	 Concorde:0.059406 	 MCTS:5.940642 Improve:0.000000 	 Time:5.01 Seconds
Solution: 1 11 33 5 17 47 44 45 22 23 19 27 10 39 37 29 36 48 49 21 8 13 50 41 3 38 18 24 26 2 14 40 35 46 16 31 30 28 20 6 32 15 4 34 43 25 12 7 42 9 

Inst_Index:2035 	 City_Num:50 	 Concorde:0.060040 	 MCTS:6.001738 Improve:0.002224 	 Time:5.00 Seconds
Solution: 1 22 16 6 35 17 23 25 12 20 26 28 33 13 50 45 43 18 39 47 8 3 11 5 41 38 27 40 37 46 10 32 2 42 44 34 9 29 30 49 24 36 19 21 4 15 31 7 14 48 

Inst_Index:2036 	 City_Num:50 	 Concorde:0.056996 	 MCTS:5.699644 Improve:0.000000 	 Time:5.00 Seconds
Solution: 1 35 6 8 13 24 47 50 30 45 19 17 2 5 36 22 33 18 49 40 48 27 15 46 28 43 41 44 26 29 21 32 34 23 39 31 11 37 20 38 4 25 16 3 9 7 12 10 14 42 

Inst_Index:2037 	 City_Num:50 	 Concorde:0.057947 	 MCTS:5.813415 Improve:-0.018691 	 Time:5.00 Seconds
Solution: 1 40 15 12 19 43 45 3 47 8 38 4 14 44 31 35 2 32 21 30 33 23 20 26 34 36 11 22 41 27 18 7 25 29 13 24 39 6 42 28 9 10 50 5 16 49 37 48 46 17 

Inst_Index:2038 	 City_Num:50 	 Concorde:0.053468 	 MCTS:5.346807 Improve:-0.000000 	 Time:5.00 Seconds
Solution: 1 41 17 14 29 32 38 30 50 21 48 37 7 33 34 5 9 4 27 22 11 44 25 19 46 23 26 13 20 36 2 15 16 35 31 43 10 8 6 42 39 28 45 40 18 47 3 12 24 49 

Inst_Index:2039 	 City_Num:50 	 Concorde:0.054299 	 MCTS:5.429927 Improve:0.000000 	 Time:5.00 Seconds
Solution: 1 14 25 36 33 9 21 23 28 44 39 31 47 46 50 16 40 5 15 37 42 29 35 17 48 10 38 22 19 6 26 2 4 13 11 20 43 41 18 7 30 8 32 49 12 34 45 24 27 3 

Inst_Index:2040 	 City_Num:50 	 Concorde:0.052625 	 MCTS:5.258690 Improve:0.003845 	 Time:5.00 Seconds
Solution: 1 33 39 17 8 29 35 21 5 42 12 44 45 15 28 18 26 10 16 36 30 3 25 41 14 6 27 38 43 22 37 24 40 4 23 9 31 49 46 50 2 48 20 32 7 11 13 19 34 47 

Inst_Index:2041 	 City_Num:50 	 Concorde:0.057502 	 MCTS:5.742315 Improve:0.007876 	 Time:5.00 Seconds
Solution: 1 20 11 23 46 33 37 42 7 26 12 40 25 48 49 31 38 35 3 44 45 2 34 21 36 43 13 16 10 29 15 22 27 4 17 28 19 5 18 47 9 8 6 50 39 14 30 24 41 32 

Inst_Index:2042 	 City_Num:50 	 Concorde:0.057223 	 MCTS:5.721325 Improve:0.000995 	 Time:5.00 Seconds
Solution: 1 19 28 46 12 32 5 48 35 50 39 10 26 8 24 34 45 40 37 3 44 13 6 14 9 29 36 23 2 47 31 27 17 16 30 25 15 22 42 21 18 38 33 4 43 49 20 41 7 11 

Inst_Index:2043 	 City_Num:50 	 Concorde:0.058094 	 MCTS:5.806131 Improve:0.003238 	 Time:5.00 Seconds
Solution: 1 8 24 49 48 4 37 44 14 12 33 50 29 6 39 45 27 7 30 19 21 47 40 22 32 42 15 34 46 20 13 25 28 10 17 23 35 5 31 2 38 18 11 3 43 41 26 36 9 16 

Inst_Index:2044 	 City_Num:50 	 Concorde:0.055543 	 MCTS:5.550030 Improve:0.004252 	 Time:5.01 Seconds
Solution: 1 34 24 25 42 35 9 37 36 39 26 49 10 43 46 31 50 45 22 41 27 40 23 6 8 21 29 28 12 19 38 47 15 32 7 3 30 11 2 5 4 18 20 44 13 48 16 33 14 17 

Inst_Index:2045 	 City_Num:50 	 Concorde:0.055996 	 MCTS:5.596373 Improve:0.003242 	 Time:5.00 Seconds
Solution: 1 30 42 32 20 48 44 8 12 11 31 2 50 23 6 7 18 28 5 47 39 27 46 43 14 41 4 40 29 15 49 25 36 22 35 37 17 13 16 24 3 45 33 19 9 21 10 38 34 26 

Inst_Index:2046 	 City_Num:50 	 Concorde:0.052737 	 MCTS:5.273389 Improve:0.000290 	 Time:5.00 Seconds
Solution: 1 29 6 40 23 22 9 34 28 33 5 11 35 43 8 3 36 47 45 50 31 14 39 46 20 25 17 48 13 15 41 4 24 44 26 16 30 27 32 42 10 21 49 19 18 38 37 12 2 7 

Inst_Index:2047 	 City_Num:50 	 Concorde:0.057244 	 MCTS:5.724408 Improve:0.000000 	 Time:5.00 Seconds
Solution: 1 46 49 11 33 50 17 25 48 6 37 9 23 3 36 24 22 15 38 7 32 34 29 21 13 16 8 2 10 20 39 44 40 19 27 26 45 43 4 42 47 41 12 18 31 35 14 28 30 5 

Inst_Index:2048 	 City_Num:50 	 Concorde:0.057618 	 MCTS:5.761758 Improve:0.000000 	 Time:5.00 Seconds
Solution: 1 47 10 27 31 19 17 7 34 15 13 9 43 36 11 5 12 32 20 40 21 2 45 39 6 48 8 46 38 18 30 24 29 25 4 14 37 41 16 23 42 50 44 33 3 49 26 28 35 22 

Inst_Index:2049 	 City_Num:50 	 Concorde:0.053485 	 MCTS:5.348526 Improve:0.000000 	 Time:5.01 Seconds
Solution: 1 18 50 19 28 15 32 47 26 6 30 39 38 11 25 34 2 20 27 16 40 45 49 42 24 48 7 36 13 44 31 37 22 43 3 12 41 29 9 8 14 46 35 5 10 23 4 21 17 33 

Inst_Index:2050 	 City_Num:50 	 Concorde:0.061070 	 MCTS:6.105176 Improve:0.001852 	 Time:5.00 Seconds
Solution: 1 21 23 47 6 14 26 24 34 44 12 5 35 10 8 16 39 45 33 40 13 25 11 3 37 41 4 30 28 9 46 15 38 17 29 19 42 27 50 36 2 7 22 20 31 48 49 32 43 18 

Inst_Index:2051 	 City_Num:50 	 Concorde:0.061137 	 MCTS:6.110860 Improve:0.002813 	 Time:5.00 Seconds
Solution: 1 40 8 42 26 20 4 34 29 49 19 33 6 16 24 43 9 38 28 7 3 27 45 17 47 35 30 44 50 13 22 2 12 31 36 14 25 41 18 5 46 23 37 21 15 48 32 11 10 39 

Inst_Index:2052 	 City_Num:50 	 Concorde:0.058261 	 MCTS:5.826123 Improve:0.000000 	 Time:5.00 Seconds
Solution: 1 9 12 44 5 35 37 46 7 42 39 32 36 47 11 8 18 40 14 15 41 43 6 17 26 49 33 13 38 21 30 31 2 25 50 22 4 45 10 29 28 19 24 34 27 48 23 20 16 3 

Inst_Index:2053 	 City_Num:50 	 Concorde:0.061699 	 MCTS:6.169899 Improve:0.000000 	 Time:5.01 Seconds
Solution: 1 37 26 29 28 4 21 7 42 24 47 5 44 43 30 35 13 17 25 34 23 46 33 31 18 10 36 50 12 22 27 11 2 45 48 9 15 16 39 3 41 38 40 20 19 6 32 8 49 14 

Inst_Index:2054 	 City_Num:50 	 Concorde:0.058427 	 MCTS:5.842716 Improve:0.000000 	 Time:5.00 Seconds
Solution: 1 47 14 41 16 9 36 5 13 28 8 50 25 20 4 6 21 38 33 15 11 22 35 19 7 45 18 27 29 49 48 44 2 32 39 46 30 24 26 34 12 10 42 3 40 17 37 43 23 31 

Inst_Index:2055 	 City_Num:50 	 Concorde:0.057531 	 MCTS:5.753142 Improve:0.000000 	 Time:5.00 Seconds
Solution: 1 18 15 41 28 16 50 42 19 30 4 47 35 6 5 25 8 45 24 3 40 20 11 32 12 39 22 38 9 29 44 36 17 13 37 21 27 31 34 26 23 43 7 49 2 48 46 10 14 33 

Inst_Index:2056 	 City_Num:50 	 Concorde:0.057838 	 MCTS:5.783802 Improve:-0.000000 	 Time:5.00 Seconds
Solution: 1 8 34 50 28 19 43 26 45 3 23 35 10 30 44 29 38 18 4 14 7 15 27 39 22 36 17 37 24 25 40 48 21 2 33 13 46 47 41 31 42 12 11 6 32 16 20 9 5 49 

Inst_Index:2057 	 City_Num:50 	 Concorde:0.057727 	 MCTS:5.771640 Improve:0.001042 	 Time:5.01 Seconds
Solution: 1 32 35 23 16 50 45 18 36 33 7 6 27 30 9 49 8 25 46 17 42 4 41 13 43 48 12 39 22 5 44 10 28 14 15 34 3 37 19 47 40 38 29 11 2 31 21 20 24 26 

Inst_Index:2058 	 City_Num:50 	 Concorde:0.056735 	 MCTS:5.673478 Improve:0.000016 	 Time:5.00 Seconds
Solution: 1 23 36 25 6 47 26 4 19 35 9 41 2 14 11 42 37 38 39 13 45 31 16 24 30 28 49 48 15 21 12 17 50 7 5 43 34 46 32 10 8 3 40 33 29 22 18 44 20 27 

Inst_Index:2059 	 City_Num:50 	 Concorde:0.056591 	 MCTS:5.659098 Improve:0.000000 	 Time:5.00 Seconds
Solution: 1 19 47 35 8 50 34 25 15 20 31 17 29 6 18 32 49 46 38 43 45 4 12 13 11 27 23 39 5 10 14 21 16 22 48 26 36 24 9 28 37 30 7 40 3 41 33 42 44 2 

Inst_Index:2060 	 City_Num:50 	 Concorde:0.059561 	 MCTS:5.955654 Improve:0.000407 	 Time:5.00 Seconds
Solution: 1 31 46 38 39 29 43 42 11 49 4 37 36 50 44 12 27 20 3 16 32 33 47 40 13 15 30 23 8 2 21 6 41 28 7 10 14 45 19 18 22 26 17 25 34 35 5 24 48 9 

Inst_Index:2061 	 City_Num:50 	 Concorde:0.055691 	 MCTS:5.565589 Improve:0.003547 	 Time:5.00 Seconds
Solution: 1 30 41 48 14 27 10 32 9 47 11 25 21 29 18 2 16 33 28 43 19 36 34 35 24 46 5 44 38 49 42 23 12 20 37 13 3 26 50 39 7 4 31 15 22 45 6 40 8 17 

Inst_Index:2062 	 City_Num:50 	 Concorde:0.056989 	 MCTS:5.696493 Improve:0.002370 	 Time:5.00 Seconds
Solution: 1 31 38 43 49 28 9 32 5 6 34 13 27 41 47 22 16 36 14 20 17 15 40 21 44 39 23 35 3 4 46 26 33 7 18 19 2 37 11 8 50 48 24 42 12 10 29 30 25 45 

Inst_Index:2063 	 City_Num:50 	 Concorde:0.059586 	 MCTS:5.958611 Improve:-0.000000 	 Time:5.00 Seconds
Solution: 1 17 45 50 13 19 43 18 23 11 12 5 44 48 41 21 49 47 9 39 24 32 33 38 10 20 22 25 16 27 6 46 37 2 7 8 26 34 31 4 36 28 15 14 42 35 40 30 29 3 

Inst_Index:2064 	 City_Num:50 	 Concorde:0.058811 	 MCTS:5.876853 Improve:0.004243 	 Time:5.00 Seconds
Solution: 1 8 29 50 32 38 21 23 27 17 9 3 4 11 2 12 37 26 34 48 49 43 15 46 22 5 24 14 41 20 42 18 47 25 35 44 45 30 19 10 31 16 40 28 7 33 6 13 39 36 

Inst_Index:2065 	 City_Num:50 	 Concorde:0.057417 	 MCTS:5.741661 Improve:-0.000000 	 Time:5.00 Seconds
Solution: 1 48 28 25 44 50 41 2 46 27 22 23 37 45 8 13 9 38 43 3 15 40 36 7 4 6 5 42 33 10 21 49 16 17 39 19 35 12 18 26 34 11 24 32 20 29 30 14 31 47 

Inst_Index:2066 	 City_Num:50 	 Concorde:0.052294 	 MCTS:5.229414 Improve:-0.000000 	 Time:5.00 Seconds
Solution: 1 10 40 7 42 48 46 20 12 13 31 2 39 18 33 6 41 35 47 26 36 27 8 29 37 34 14 19 21 17 23 16 45 30 22 25 38 44 43 15 50 5 49 4 24 32 9 11 28 3 

Inst_Index:2067 	 City_Num:50 	 Concorde:0.052801 	 MCTS:5.280134 Improve:0.000000 	 Time:5.01 Seconds
Solution: 1 48 33 14 47 2 34 18 12 9 37 7 24 11 45 15 41 28 17 38 22 25 50 3 19 23 20 30 26 35 40 43 31 49 27 5 10 32 21 46 29 39 13 42 8 44 6 36 16 4 

Inst_Index:2068 	 City_Num:50 	 Concorde:0.055854 	 MCTS:5.585415 Improve:0.000000 	 Time:5.00 Seconds
Solution: 1 19 39 16 31 26 33 32 15 43 8 38 17 9 28 12 5 45 14 21 34 36 48 44 2 25 11 27 18 41 50 42 30 6 47 4 35 29 10 23 22 7 49 40 13 20 37 3 46 24 

Inst_Index:2069 	 City_Num:50 	 Concorde:0.054119 	 MCTS:5.411928 Improve:0.000000 	 Time:5.00 Seconds
Solution: 1 13 24 9 2 17 35 43 33 16 4 36 27 25 22 14 3 28 5 15 42 20 38 41 32 19 10 47 23 40 8 49 18 21 7 12 45 11 26 50 44 34 48 39 30 46 31 37 6 29 

Inst_Index:2070 	 City_Num:50 	 Concorde:0.056399 	 MCTS:5.637467 Improve:0.002480 	 Time:5.00 Seconds
Solution: 1 23 24 14 37 38 8 9 42 35 19 50 18 47 45 48 28 20 31 3 41 39 17 10 34 30 15 40 32 11 7 43 49 26 27 16 44 12 2 25 21 33 5 6 22 46 36 13 29 4 

Inst_Index:2071 	 City_Num:50 	 Concorde:0.058487 	 MCTS:5.845960 Improve:0.002756 	 Time:5.00 Seconds
Solution: 1 30 7 45 29 35 39 20 26 13 38 17 14 24 46 32 43 4 15 16 21 9 50 3 18 44 2 25 19 31 49 5 10 22 8 41 23 36 37 40 47 27 34 12 42 33 48 6 11 28 

Inst_Index:2072 	 City_Num:50 	 Concorde:0.052855 	 MCTS:5.285524 Improve:0.000000 	 Time:5.00 Seconds
Solution: 1 40 8 21 32 16 13 20 3 25 45 10 26 41 33 2 9 35 44 7 11 22 12 15 31 23 14 49 34 27 30 46 17 5 24 38 50 6 4 39 47 18 19 28 29 42 48 37 43 36 

Inst_Index:2073 	 City_Num:50 	 Concorde:0.056019 	 MCTS:5.601888 Improve:-0.000000 	 Time:5.00 Seconds
Solution: 1 14 49 15 24 2 23 11 25 32 16 41 34 43 13 8 37 33 20 18 4 9 22 21 17 26 39 5 31 50 6 35 44 3 40 30 7 42 29 47 38 27 19 12 10 45 36 48 46 28 

Inst_Index:2074 	 City_Num:50 	 Concorde:0.055399 	 MCTS:5.535907 Improve:0.003989 	 Time:5.00 Seconds
Solution: 1 30 25 9 33 35 14 28 32 21 36 27 47 39 3 31 24 8 41 34 15 4 5 2 49 40 18 38 44 6 10 13 11 42 29 12 20 46 45 16 43 26 23 50 37 48 19 7 22 17 

Inst_Index:2075 	 City_Num:50 	 Concorde:0.059476 	 MCTS:5.947644 Improve:0.000000 	 Time:5.01 Seconds
Solution: 1 22 8 38 24 48 15 50 5 4 40 14 13 42 39 27 41 20 37 43 33 28 18 45 10 12 30 23 26 21 35 19 2 31 36 46 49 16 47 17 32 9 7 3 29 25 34 44 6 11 

Inst_Index:2076 	 City_Num:50 	 Concorde:0.056907 	 MCTS:5.689591 Improve:0.001102 	 Time:5.00 Seconds
Solution: 1 47 38 2 45 32 10 29 26 41 12 6 36 35 39 11 34 50 28 37 43 42 48 3 49 18 13 4 20 31 17 24 40 33 19 5 8 16 9 22 23 44 14 46 25 7 27 15 21 30 

Inst_Index:2077 	 City_Num:50 	 Concorde:0.054116 	 MCTS:5.411618 Improve:0.000000 	 Time:5.00 Seconds
Solution: 1 7 14 13 16 11 39 17 12 29 32 2 4 47 48 19 20 15 41 38 37 27 9 24 34 18 46 35 10 50 5 21 44 30 23 42 36 40 31 45 43 49 22 8 26 28 33 3 6 25 

Inst_Index:2078 	 City_Num:50 	 Concorde:0.055217 	 MCTS:5.521651 Improve:0.000000 	 Time:5.00 Seconds
Solution: 1 26 3 2 29 47 12 8 40 20 42 45 37 13 21 36 43 32 15 22 6 48 27 7 14 39 30 25 31 10 17 24 46 50 49 28 38 11 35 33 18 4 16 9 41 19 5 23 34 44 

Inst_Index:2079 	 City_Num:50 	 Concorde:0.055476 	 MCTS:5.547003 Improve:0.000583 	 Time:5.00 Seconds
Solution: 1 34 13 8 20 48 3 28 19 38 30 9 47 17 4 33 21 43 12 44 37 10 11 5 24 6 41 42 49 29 18 40 23 36 14 31 50 16 39 26 22 32 45 46 35 7 27 25 15 2 

Inst_Index:2080 	 City_Num:50 	 Concorde:0.054360 	 MCTS:5.435974 Improve:-0.000000 	 Time:5.00 Seconds
Solution: 1 30 26 28 16 43 37 32 33 44 23 45 7 25 22 21 42 2 18 35 14 5 46 4 48 27 38 36 6 9 50 11 17 12 39 24 8 10 29 19 49 34 20 41 13 47 40 31 15 3 

Inst_Index:2081 	 City_Num:50 	 Concorde:0.059356 	 MCTS:5.961077 Improve:-0.025517 	 Time:5.00 Seconds
Solution: 1 3 43 31 14 50 34 23 7 10 30 41 24 15 46 26 35 13 11 33 36 5 22 27 4 42 21 9 39 12 47 38 2 32 45 49 29 18 28 48 8 25 37 19 16 44 40 17 6 20 

Inst_Index:2082 	 City_Num:50 	 Concorde:0.053882 	 MCTS:5.388239 Improve:0.000000 	 Time:5.01 Seconds
Solution: 1 15 35 50 42 14 17 19 44 9 36 38 4 12 49 11 22 2 30 41 27 21 3 24 46 47 37 10 29 7 5 33 43 26 8 20 6 18 25 39 40 28 23 16 32 34 13 48 45 31 

Inst_Index:2083 	 City_Num:50 	 Concorde:0.055063 	 MCTS:5.502625 Improve:0.003724 	 Time:5.01 Seconds
Solution: 1 48 9 11 26 35 30 18 36 8 40 12 16 29 21 41 45 19 14 20 10 33 17 42 32 24 28 31 38 34 23 15 25 7 5 4 2 6 13 37 43 50 22 49 46 47 27 39 3 44 

Inst_Index:2084 	 City_Num:50 	 Concorde:0.051446 	 MCTS:5.144630 Improve:0.000000 	 Time:5.00 Seconds
Solution: 1 19 29 23 7 5 15 40 46 37 32 41 20 36 12 38 35 26 2 16 33 9 27 39 4 8 43 22 28 21 50 14 47 3 49 10 34 30 48 11 24 6 44 13 17 45 18 25 42 31 

Inst_Index:2085 	 City_Num:50 	 Concorde:0.054418 	 MCTS:5.439421 Improve:0.002418 	 Time:5.00 Seconds
Solution: 1 10 47 7 37 30 25 46 16 12 27 5 21 31 29 13 2 24 32 28 6 26 17 39 44 50 9 42 49 40 45 8 3 35 19 23 36 34 15 18 4 41 33 20 43 38 48 22 11 14 

Inst_Index:2086 	 City_Num:50 	 Concorde:0.054724 	 MCTS:5.468417 Improve:0.003964 	 Time:5.00 Seconds
Solution: 1 22 41 35 33 18 43 47 36 40 2 3 28 14 12 27 44 13 11 37 45 7 31 16 25 5 9 48 39 34 42 46 19 26 29 38 21 24 15 4 23 6 8 50 30 49 20 17 32 10 

Inst_Index:2087 	 City_Num:50 	 Concorde:0.060516 	 MCTS:6.051551 Improve:0.000000 	 Time:5.00 Seconds
Solution: 1 4 38 42 24 2 10 13 29 39 41 6 48 14 16 3 35 18 17 30 26 47 49 45 31 40 21 34 11 15 12 32 50 22 44 25 9 43 5 33 23 19 36 28 8 46 20 27 7 37 

Inst_Index:2088 	 City_Num:50 	 Concorde:0.056246 	 MCTS:5.624642 Improve:0.000000 	 Time:5.00 Seconds
Solution: 1 40 20 31 32 46 18 29 15 11 2 47 12 16 23 26 14 33 10 22 45 8 41 44 5 3 49 43 17 6 36 9 48 24 4 50 34 35 13 25 19 7 28 30 37 42 39 38 21 27 

Inst_Index:2089 	 City_Num:50 	 Concorde:0.055527 	 MCTS:5.552676 Improve:0.000000 	 Time:5.00 Seconds
Solution: 1 27 32 39 17 31 38 11 23 45 44 10 4 37 13 6 2 3 22 18 41 43 16 50 40 25 20 15 29 33 9 30 49 19 8 46 42 36 47 48 21 24 7 14 28 26 5 34 35 12 

Inst_Index:2090 	 City_Num:50 	 Concorde:0.060547 	 MCTS:6.059141 Improve:-0.004443 	 Time:5.00 Seconds
Solution: 1 25 48 38 24 36 20 34 50 46 16 32 45 33 41 3 13 8 49 23 37 18 9 30 40 4 5 14 19 6 12 15 29 43 27 44 35 17 39 47 22 31 10 2 21 26 7 11 42 28 

Inst_Index:2091 	 City_Num:50 	 Concorde:0.057382 	 MCTS:5.738234 Improve:0.000000 	 Time:5.00 Seconds
Solution: 1 21 18 38 24 34 16 13 6 25 22 41 7 17 32 50 47 26 12 33 23 44 10 27 9 46 2 37 39 31 4 8 45 35 43 42 5 49 14 30 15 3 11 36 29 20 19 40 48 28 

Inst_Index:2092 	 City_Num:50 	 Concorde:0.060606 	 MCTS:6.060563 Improve:0.000000 	 Time:5.00 Seconds
Solution: 1 7 19 35 29 11 46 20 50 42 36 10 23 3 24 49 5 13 22 47 12 18 45 30 21 26 4 41 48 8 17 9 2 33 25 32 37 27 43 14 28 15 39 16 40 38 6 34 31 44 

Inst_Index:2093 	 City_Num:50 	 Concorde:0.059785 	 MCTS:5.977895 Improve:0.000567 	 Time:5.00 Seconds
Solution: 1 49 27 19 13 25 40 48 11 42 8 45 18 23 5 29 36 17 3 43 10 35 41 22 4 15 32 47 30 38 46 16 50 26 20 14 24 39 2 34 7 33 44 31 37 28 9 12 21 6 

Inst_Index:2094 	 City_Num:50 	 Concorde:0.063183 	 MCTS:6.318345 Improve:0.000000 	 Time:5.00 Seconds
Solution: 1 14 19 20 46 9 41 39 7 31 36 4 22 17 25 37 5 43 28 35 12 48 47 45 40 32 13 2 30 38 24 49 15 23 26 6 44 21 42 16 27 34 50 29 3 33 8 11 18 10 

Inst_Index:2095 	 City_Num:50 	 Concorde:0.058622 	 MCTS:5.862249 Improve:0.000000 	 Time:5.00 Seconds
Solution: 1 44 16 10 28 26 43 13 9 36 29 38 41 11 4 31 8 21 33 22 40 14 39 48 25 24 12 34 6 2 47 23 27 49 46 30 45 32 35 15 3 18 17 19 20 5 42 7 50 37 

Inst_Index:2096 	 City_Num:50 	 Concorde:0.060724 	 MCTS:6.065741 Improve:0.006696 	 Time:5.00 Seconds
Solution: 1 11 39 9 44 8 26 16 40 18 36 7 15 47 17 43 12 21 27 6 37 5 3 28 31 23 32 19 41 35 25 48 2 42 22 34 14 29 13 4 33 10 20 49 24 45 46 38 30 50 

Inst_Index:2097 	 City_Num:50 	 Concorde:0.056182 	 MCTS:5.618216 Improve:-0.000000 	 Time:5.00 Seconds
Solution: 1 17 14 50 25 22 4 31 26 10 39 30 34 6 29 49 36 33 11 8 15 45 3 41 42 32 24 13 18 37 47 7 46 2 28 43 38 48 16 21 40 5 9 44 35 19 12 27 23 20 

Inst_Index:2098 	 City_Num:50 	 Concorde:0.053657 	 MCTS:5.365698 Improve:-0.000000 	 Time:5.01 Seconds
Solution: 1 14 36 40 25 23 11 43 21 45 35 39 22 26 44 46 48 17 7 20 41 32 2 5 37 50 13 8 6 15 47 9 4 34 19 3 33 27 30 42 16 38 12 49 29 31 24 10 18 28 

Inst_Index:2099 	 City_Num:50 	 Concorde:0.053086 	 MCTS:5.308594 Improve:0.000000 	 Time:5.00 Seconds
Solution: 1 8 7 14 44 49 19 15 21 26 17 11 41 47 43 12 39 46 25 35 48 20 45 50 37 16 10 23 3 27 24 18 9 33 31 29 38 40 30 4 5 32 28 42 6 13 22 2 36 34 

Inst_Index:2100 	 City_Num:50 	 Concorde:0.054611 	 MCTS:5.461119 Improve:0.000000 	 Time:5.00 Seconds
Solution: 1 10 37 13 24 4 47 41 49 46 7 42 3 21 22 29 9 28 44 31 2 40 12 19 18 20 33 39 43 38 32 8 36 23 30 26 17 6 34 27 5 50 35 11 15 45 25 16 48 14 

Inst_Index:2101 	 City_Num:50 	 Concorde:0.056082 	 MCTS:5.608242 Improve:0.000000 	 Time:5.00 Seconds
Solution: 1 37 38 3 31 23 32 35 20 30 2 34 13 10 41 24 33 15 47 4 28 6 21 27 50 5 16 25 45 9 12 18 11 7 8 17 43 40 39 36 46 19 48 29 14 49 44 26 42 22 

Inst_Index:2102 	 City_Num:50 	 Concorde:0.055461 	 MCTS:5.546139 Improve:0.000000 	 Time:5.00 Seconds
Solution: 1 26 49 28 48 20 16 12 36 10 18 47 2 24 35 34 27 37 50 11 29 9 39 17 41 22 15 3 30 31 21 38 14 40 4 23 42 7 32 8 19 25 13 44 43 46 6 33 45 5 

Inst_Index:2103 	 City_Num:50 	 Concorde:0.058181 	 MCTS:5.818065 Improve:0.000000 	 Time:5.00 Seconds
Solution: 1 9 41 28 15 23 46 6 16 18 34 26 29 48 30 33 4 17 11 49 25 19 47 35 27 39 13 2 3 20 21 45 42 14 44 7 40 31 38 43 37 22 12 36 50 5 24 10 8 32 

Inst_Index:2104 	 City_Num:50 	 Concorde:0.055793 	 MCTS:5.579343 Improve:0.000000 	 Time:5.00 Seconds
Solution: 1 3 48 8 7 11 14 27 13 30 42 9 41 29 12 49 35 32 15 20 22 33 16 2 21 23 50 43 19 47 18 24 26 28 37 4 45 10 36 39 40 17 31 46 44 25 34 5 6 38 

Inst_Index:2105 	 City_Num:50 	 Concorde:0.058598 	 MCTS:5.859841 Improve:0.000000 	 Time:5.01 Seconds
Solution: 1 24 12 44 25 46 50 48 10 28 32 30 45 35 22 33 43 23 40 49 20 29 41 7 21 18 11 14 37 27 3 13 17 39 31 47 2 36 9 15 42 5 4 6 26 34 16 8 19 38 

Inst_Index:2106 	 City_Num:50 	 Concorde:0.057388 	 MCTS:5.738813 Improve:0.000000 	 Time:5.00 Seconds
Solution: 1 15 29 41 44 49 18 21 39 24 42 11 19 23 2 10 25 20 43 14 17 46 36 16 50 3 28 37 48 31 5 40 35 7 12 9 6 26 8 38 34 30 47 4 32 27 45 22 33 13 

Inst_Index:2107 	 City_Num:50 	 Concorde:0.059265 	 MCTS:5.926506 Improve:-0.000000 	 Time:5.00 Seconds
Solution: 1 32 16 21 26 22 15 2 41 31 48 18 40 7 50 35 4 25 29 20 13 33 42 39 43 28 10 24 17 14 5 34 30 37 44 38 46 27 8 12 6 3 47 45 9 36 19 49 23 11 

Inst_Index:2108 	 City_Num:50 	 Concorde:0.056404 	 MCTS:5.640388 Improve:0.000000 	 Time:5.01 Seconds
Solution: 1 42 33 23 34 44 17 2 47 14 11 13 39 40 28 7 50 20 3 31 49 24 5 6 41 16 30 19 21 43 25 37 46 29 8 27 15 32 4 45 35 18 38 10 36 9 22 48 12 26 

Inst_Index:2109 	 City_Num:50 	 Concorde:0.056936 	 MCTS:5.693641 Improve:0.000000 	 Time:5.00 Seconds
Solution: 1 44 31 17 12 35 3 21 48 19 15 26 20 25 33 13 22 5 38 30 34 16 40 50 24 7 29 2 9 18 42 36 11 10 8 49 6 27 46 39 32 4 43 47 45 23 37 14 28 41 

Inst_Index:2110 	 City_Num:50 	 Concorde:0.053197 	 MCTS:5.319666 Improve:-0.000000 	 Time:5.00 Seconds
Solution: 1 6 8 46 30 7 32 19 16 27 10 26 17 49 13 50 14 39 43 22 42 37 45 33 20 25 3 36 2 5 4 44 23 48 41 18 47 9 40 34 38 35 15 11 24 28 12 29 31 21 

Inst_Index:2111 	 City_Num:50 	 Concorde:0.054178 	 MCTS:5.413882 Improve:0.003946 	 Time:5.00 Seconds
Solution: 1 28 10 48 24 4 9 7 23 29 50 25 8 21 17 27 22 31 16 30 38 3 26 20 40 41 35 5 2 19 43 11 45 42 44 15 36 13 33 6 47 49 32 14 34 37 46 12 39 18 

Inst_Index:2112 	 City_Num:50 	 Concorde:0.059130 	 MCTS:5.913037 Improve:-0.000000 	 Time:5.00 Seconds
Solution: 1 8 39 41 29 40 36 38 2 47 28 50 9 12 20 46 45 17 43 5 24 18 21 6 35 31 48 26 22 19 37 25 4 14 10 16 15 27 13 11 30 3 42 23 34 49 7 33 32 44 

Inst_Index:2113 	 City_Num:50 	 Concorde:0.052610 	 MCTS:5.260953 Improve:0.000000 	 Time:5.00 Seconds
Solution: 1 28 36 15 23 45 31 20 26 24 6 19 7 39 21 27 35 4 8 50 2 9 33 14 38 49 13 18 25 10 12 5 40 42 48 22 11 46 16 47 43 3 29 34 41 30 37 44 32 17 

Inst_Index:2114 	 City_Num:50 	 Concorde:0.053624 	 MCTS:5.361532 Improve:0.000839 	 Time:5.00 Seconds
Solution: 1 3 22 42 50 24 48 41 36 34 15 2 30 7 28 16 37 11 39 12 25 32 4 9 10 33 14 18 19 5 23 49 43 20 17 40 35 44 8 47 46 45 26 31 29 38 13 21 6 27 

Inst_Index:2115 	 City_Num:50 	 Concorde:0.058467 	 MCTS:5.844482 Improve:0.002213 	 Time:5.00 Seconds
Solution: 1 45 26 37 47 21 42 5 41 25 46 30 2 8 33 27 7 19 6 32 24 39 23 31 11 22 28 15 9 4 18 17 50 10 13 44 48 43 35 20 29 38 14 36 16 3 40 49 34 12 

Inst_Index:2116 	 City_Num:50 	 Concorde:0.061896 	 MCTS:6.189632 Improve:0.000000 	 Time:5.00 Seconds
Solution: 1 26 20 4 31 29 6 46 45 3 21 14 38 28 11 35 36 32 41 27 34 48 22 2 42 30 44 15 50 7 10 40 37 9 23 49 19 39 16 25 47 24 13 5 33 17 18 12 43 8 

Inst_Index:2117 	 City_Num:50 	 Concorde:0.056906 	 MCTS:5.689399 Improve:0.001239 	 Time:5.00 Seconds
Solution: 1 38 41 2 23 24 29 25 32 50 7 11 30 26 18 27 4 14 46 21 22 35 10 28 40 39 3 16 43 15 13 9 37 47 6 49 33 42 8 17 36 20 44 48 45 31 5 12 19 34 

Inst_Index:2118 	 City_Num:50 	 Concorde:0.056086 	 MCTS:5.608612 Improve:-0.000000 	 Time:5.00 Seconds
Solution: 1 18 5 49 21 20 45 36 40 26 50 7 27 17 19 32 23 47 10 15 46 28 41 31 24 22 6 4 30 43 42 2 12 33 44 38 37 25 48 35 11 13 8 34 16 3 14 9 39 29 

Inst_Index:2119 	 City_Num:50 	 Concorde:0.054403 	 MCTS:5.437452 Improve:0.002837 	 Time:5.00 Seconds
Solution: 1 35 22 2 17 15 3 39 36 9 41 12 45 44 33 4 46 5 19 26 43 32 50 7 24 38 25 40 21 48 11 6 27 28 10 31 30 47 42 13 16 29 23 37 14 20 49 34 18 8 

Inst_Index:2120 	 City_Num:50 	 Concorde:0.056663 	 MCTS:5.666326 Improve:-0.000000 	 Time:5.00 Seconds
Solution: 1 42 32 36 22 48 43 12 5 19 4 7 18 13 17 45 23 50 21 30 44 35 28 8 25 39 34 15 47 46 29 14 3 27 16 40 49 2 33 20 10 41 11 9 6 26 38 31 37 24 

Inst_Index:2121 	 City_Num:50 	 Concorde:0.053661 	 MCTS:5.365402 Improve:0.000726 	 Time:5.00 Seconds
Solution: 1 43 44 24 32 26 8 23 12 25 48 29 37 3 15 39 42 28 11 4 38 10 2 17 27 13 14 41 6 40 16 21 36 34 19 47 22 35 7 33 20 45 46 9 50 5 18 49 30 31 

Inst_Index:2122 	 City_Num:50 	 Concorde:0.060148 	 MCTS:6.014833 Improve:0.000000 	 Time:5.00 Seconds
Solution: 1 11 6 17 25 23 31 14 34 39 3 29 13 32 20 45 33 16 35 46 4 26 12 50 42 22 5 43 2 28 27 48 40 49 9 18 24 36 38 7 15 37 8 30 10 19 21 41 47 44 

Inst_Index:2123 	 City_Num:50 	 Concorde:0.055956 	 MCTS:5.595638 Improve:-0.000000 	 Time:5.00 Seconds
Solution: 1 33 27 4 14 45 7 13 36 8 11 31 47 23 22 17 49 30 41 34 16 2 42 6 18 12 35 24 46 5 37 15 43 21 10 26 9 44 39 19 38 28 32 29 3 40 48 50 20 25 

Inst_Index:2124 	 City_Num:50 	 Concorde:0.056400 	 MCTS:5.639970 Improve:0.000000 	 Time:5.00 Seconds
Solution: 1 42 36 26 21 49 35 14 32 28 48 38 44 6 45 31 9 34 19 43 3 27 4 8 25 15 47 20 24 13 39 2 40 41 33 10 7 17 30 46 29 18 22 16 50 5 37 23 12 11 

Inst_Index:2125 	 City_Num:50 	 Concorde:0.053372 	 MCTS:5.337195 Improve:0.000000 	 Time:5.00 Seconds
Solution: 1 17 31 20 48 34 27 49 50 7 43 32 28 6 3 33 35 44 47 21 45 18 11 5 36 22 37 39 42 38 24 2 4 16 26 12 15 29 41 25 30 9 10 14 13 19 40 46 8 23 

Inst_Index:2126 	 City_Num:50 	 Concorde:0.056212 	 MCTS:5.619598 Improve:0.001603 	 Time:5.00 Seconds
Solution: 1 12 22 13 34 25 29 20 33 37 30 40 48 31 27 6 17 26 36 14 23 38 46 32 41 42 28 43 16 15 19 49 44 10 2 11 4 47 5 39 7 9 3 35 21 24 8 18 50 45 

Inst_Index:2127 	 City_Num:50 	 Concorde:0.055462 	 MCTS:5.546185 Improve:0.000000 	 Time:5.00 Seconds
Solution: 1 50 31 26 49 30 46 34 42 33 11 14 3 17 35 15 24 4 9 40 43 7 13 37 44 41 22 38 25 45 8 29 27 2 21 20 19 18 23 6 5 36 32 10 12 48 47 39 28 16 

Inst_Index:2128 	 City_Num:50 	 Concorde:0.053955 	 MCTS:5.395508 Improve:0.000000 	 Time:5.00 Seconds
Solution: 1 26 27 48 23 33 5 46 28 4 24 36 38 37 47 6 11 10 32 16 20 34 17 43 14 25 19 8 50 21 44 40 9 13 12 22 49 3 31 35 41 29 18 2 30 42 7 45 39 15 

Inst_Index:2129 	 City_Num:50 	 Concorde:0.056843 	 MCTS:5.677047 Improve:0.007203 	 Time:5.00 Seconds
Solution: 1 34 7 4 31 30 22 20 8 50 9 28 32 37 39 11 29 27 45 16 14 23 41 24 26 15 49 36 19 12 38 43 47 44 21 35 17 5 3 46 48 40 2 42 13 6 33 25 10 18 

Inst_Index:2130 	 City_Num:50 	 Concorde:0.064986 	 MCTS:6.490886 Improve:0.007676 	 Time:5.00 Seconds
Solution: 1 10 9 23 47 29 2 14 22 44 7 16 25 26 35 31 38 37 5 36 21 3 41 19 13 24 12 27 15 49 48 50 8 33 39 32 30 43 11 40 42 20 28 46 17 6 34 45 4 18 

Inst_Index:2131 	 City_Num:50 	 Concorde:0.055369 	 MCTS:5.536928 Improve:0.000000 	 Time:5.00 Seconds
Solution: 1 24 30 18 44 35 37 16 20 13 33 31 41 36 23 25 5 7 15 45 10 42 9 22 49 8 46 48 34 39 12 47 6 14 27 19 11 2 28 32 17 26 21 3 4 43 38 50 40 29 

Inst_Index:2132 	 City_Num:50 	 Concorde:0.055449 	 MCTS:5.542697 Improve:0.002230 	 Time:5.00 Seconds
Solution: 1 5 33 23 22 14 25 18 15 45 21 34 44 38 35 43 37 42 26 19 49 7 6 13 31 29 30 17 48 39 2 20 9 12 41 46 47 24 36 10 11 27 28 16 32 40 50 8 4 3 

Inst_Index:2133 	 City_Num:50 	 Concorde:0.057539 	 MCTS:5.753897 Improve:0.000000 	 Time:5.00 Seconds
Solution: 1 20 11 12 40 9 43 4 49 17 18 22 50 14 34 41 46 23 13 39 31 16 5 48 19 25 3 37 29 21 6 2 33 10 26 24 45 32 42 15 44 27 7 47 28 38 35 30 8 36 

Inst_Index:2134 	 City_Num:50 	 Concorde:0.051862 	 MCTS:5.186195 Improve:0.000000 	 Time:5.00 Seconds
Solution: 1 45 16 49 44 43 22 30 7 35 8 42 9 50 4 31 41 33 25 47 37 17 6 46 14 12 36 27 20 11 2 28 24 48 40 19 23 18 38 3 13 15 32 34 39 21 26 5 29 10 

Inst_Index:2135 	 City_Num:50 	 Concorde:0.058885 	 MCTS:5.888481 Improve:0.000000 	 Time:5.01 Seconds
Solution: 1 33 37 29 50 23 4 48 39 6 3 40 45 47 46 2 7 28 15 19 9 27 36 38 31 43 10 22 13 35 12 20 26 8 21 16 24 42 17 32 30 18 44 49 34 5 41 14 25 11 

Inst_Index:2136 	 City_Num:50 	 Concorde:0.058356 	 MCTS:5.834398 Improve:0.001195 	 Time:5.00 Seconds
Solution: 1 49 35 31 9 39 14 19 27 38 33 21 13 4 45 6 41 7 5 47 32 18 20 8 48 17 15 23 44 12 11 10 40 28 24 25 37 46 42 36 2 29 43 26 30 50 22 3 34 16 

Inst_Index:2137 	 City_Num:50 	 Concorde:0.051462 	 MCTS:5.143327 Improve:0.002847 	 Time:5.00 Seconds
Solution: 1 35 32 45 18 41 11 50 19 27 38 5 20 48 29 6 49 15 47 37 33 23 28 2 46 8 14 24 7 26 9 30 44 16 22 17 12 36 34 10 3 13 39 43 40 31 21 25 42 4 

Inst_Index:2138 	 City_Num:50 	 Concorde:0.061253 	 MCTS:6.125311 Improve:0.000000 	 Time:5.00 Seconds
Solution: 1 26 41 48 18 3 35 39 37 50 24 7 34 47 30 4 12 32 33 6 23 2 14 27 16 29 21 5 22 42 46 13 36 25 45 11 17 8 49 28 31 38 9 19 10 40 15 43 20 44 

Inst_Index:2139 	 City_Num:50 	 Concorde:0.057668 	 MCTS:5.766804 Improve:0.000000 	 Time:5.00 Seconds
Solution: 1 7 37 8 26 45 49 10 29 47 31 43 44 36 22 32 16 40 15 42 18 24 41 30 5 9 6 12 2 34 20 38 33 28 46 4 25 23 27 17 35 3 39 14 50 21 48 11 19 13 

Inst_Index:2140 	 City_Num:50 	 Concorde:0.056412 	 MCTS:5.641146 Improve:0.000037 	 Time:5.01 Seconds
Solution: 1 40 34 18 28 22 31 45 16 11 48 5 27 10 46 44 42 36 8 39 2 21 20 12 43 13 26 7 15 19 33 35 24 32 49 50 30 25 37 41 47 6 3 14 29 9 4 23 17 38 

Inst_Index:2141 	 City_Num:50 	 Concorde:0.057461 	 MCTS:5.746134 Improve:0.000000 	 Time:5.00 Seconds
Solution: 1 22 45 32 16 26 33 48 41 14 47 9 17 12 27 30 24 36 18 4 5 23 7 50 44 35 6 25 2 21 49 46 29 8 43 3 31 19 40 20 13 39 37 11 42 34 15 38 10 28 

Inst_Index:2142 	 City_Num:50 	 Concorde:0.058903 	 MCTS:5.890313 Improve:-0.000000 	 Time:5.01 Seconds
Solution: 1 22 50 11 37 36 18 33 48 4 28 9 17 8 15 19 13 43 27 35 31 46 3 20 38 7 16 41 25 24 45 6 29 10 32 34 5 30 40 42 49 47 26 44 2 12 23 14 21 39 

Inst_Index:2143 	 City_Num:50 	 Concorde:0.055024 	 MCTS:5.502373 Improve:0.000000 	 Time:5.00 Seconds
Solution: 1 23 13 8 19 22 3 11 24 25 41 39 2 43 6 49 40 5 50 31 45 48 16 26 33 38 12 15 37 36 9 34 46 28 14 27 47 18 35 30 21 32 29 10 7 20 4 42 44 17 

Inst_Index:2144 	 City_Num:50 	 Concorde:0.057020 	 MCTS:5.702025 Improve:0.000000 	 Time:5.00 Seconds
Solution: 1 10 7 42 23 16 24 30 11 35 33 32 46 43 29 36 5 39 13 45 21 4 26 27 8 14 2 17 3 19 40 25 44 38 28 22 15 18 41 37 9 49 12 47 50 20 31 48 34 6 

Inst_Index:2145 	 City_Num:50 	 Concorde:0.054901 	 MCTS:5.487582 Improve:0.002544 	 Time:5.00 Seconds
Solution: 1 2 36 26 19 45 7 31 48 44 47 12 18 25 3 40 42 22 24 21 9 15 38 28 32 17 27 39 29 8 16 33 49 43 10 6 23 13 35 34 30 50 14 4 5 46 37 20 11 41 

Inst_Index:2146 	 City_Num:50 	 Concorde:0.057778 	 MCTS:5.777781 Improve:0.000000 	 Time:5.01 Seconds
Solution: 1 28 38 11 30 13 33 17 37 32 47 7 2 25 6 12 36 23 14 3 29 48 49 26 19 8 16 35 44 10 40 27 24 5 42 22 39 41 34 4 9 20 46 21 50 43 45 18 31 15 

Inst_Index:2147 	 City_Num:50 	 Concorde:0.051677 	 MCTS:5.163757 Improve:0.003919 	 Time:5.00 Seconds
Solution: 1 20 7 50 33 13 21 28 35 31 38 44 15 41 26 46 19 24 5 39 17 37 30 14 47 11 9 40 4 36 23 12 42 27 22 43 29 18 34 10 25 3 6 8 49 48 16 32 2 45 

Inst_Index:2148 	 City_Num:50 	 Concorde:0.056744 	 MCTS:5.672725 Improve:0.001644 	 Time:5.00 Seconds
Solution: 1 28 15 23 46 17 34 11 26 21 36 4 41 22 19 25 47 37 12 43 2 3 6 24 31 44 20 29 48 45 13 49 50 27 16 9 5 18 39 42 32 7 38 8 30 14 35 33 40 10 

Inst_Index:2149 	 City_Num:50 	 Concorde:0.054461 	 MCTS:5.444214 Improve:0.001876 	 Time:5.00 Seconds
Solution: 1 42 40 9 31 21 23 18 26 20 27 50 22 47 28 5 2 15 4 29 37 12 36 44 17 6 14 3 11 16 30 32 24 39 8 48 33 19 34 49 35 38 43 7 45 13 25 46 10 41 

Inst_Index:2150 	 City_Num:50 	 Concorde:0.052813 	 MCTS:5.281338 Improve:0.000000 	 Time:5.00 Seconds
Solution: 1 48 39 35 18 45 37 3 19 23 17 9 36 20 44 28 38 42 21 29 26 5 10 22 30 2 12 34 24 41 43 14 31 33 15 49 50 11 25 8 6 32 7 16 27 47 46 13 4 40 

Inst_Index:2151 	 City_Num:50 	 Concorde:0.051278 	 MCTS:5.124807 Improve:0.003007 	 Time:5.00 Seconds
Solution: 1 37 7 49 21 24 39 15 31 18 26 33 11 27 32 36 30 41 2 28 22 9 20 5 23 29 17 4 34 46 13 44 6 40 42 47 25 19 38 8 43 3 12 16 10 35 14 48 45 50 

Inst_Index:2152 	 City_Num:50 	 Concorde:0.057247 	 MCTS:5.724672 Improve:-0.000000 	 Time:5.01 Seconds
Solution: 1 37 4 7 38 46 34 41 26 42 9 45 31 27 18 28 24 32 5 23 43 20 35 49 13 16 40 33 2 15 3 30 14 19 10 47 29 17 11 22 50 39 8 48 12 21 36 6 25 44 

Inst_Index:2153 	 City_Num:50 	 Concorde:0.055571 	 MCTS:5.556417 Improve:0.000708 	 Time:5.00 Seconds
Solution: 1 46 45 5 39 7 20 11 19 48 49 12 24 33 14 13 8 41 35 4 2 6 42 36 37 15 32 16 26 18 28 10 23 27 21 43 29 17 38 40 31 50 44 9 3 30 47 22 34 25 

Inst_Index:2154 	 City_Num:50 	 Concorde:0.056319 	 MCTS:5.631915 Improve:0.000000 	 Time:5.00 Seconds
Solution: 1 6 17 40 42 26 19 22 18 45 47 35 2 25 27 15 16 3 44 23 43 34 33 5 13 30 31 9 32 37 49 4 29 20 46 39 10 21 36 41 48 28 50 14 24 8 7 12 11 38 

Inst_Index:2155 	 City_Num:50 	 Concorde:0.058155 	 MCTS:5.815544 Improve:0.000000 	 Time:5.00 Seconds
Solution: 1 42 20 45 47 23 19 6 7 18 33 43 27 35 9 11 46 28 10 3 14 15 13 38 17 25 48 40 32 31 8 30 4 29 21 34 12 5 24 36 2 16 44 49 22 50 41 37 26 39 

Inst_Index:2156 	 City_Num:50 	 Concorde:0.058967 	 MCTS:5.896677 Improve:0.000000 	 Time:5.00 Seconds
Solution: 1 50 4 7 17 28 36 44 11 19 26 14 43 31 35 41 49 23 48 18 38 20 3 37 42 22 24 10 45 30 12 15 27 46 16 29 34 25 9 32 8 13 6 47 33 21 39 40 5 2 

Inst_Index:2157 	 City_Num:50 	 Concorde:0.058876 	 MCTS:5.887615 Improve:-0.000000 	 Time:5.00 Seconds
Solution: 1 34 37 27 11 3 44 24 50 46 7 5 31 23 32 38 18 20 17 28 2 35 12 43 8 10 6 42 36 47 29 39 22 40 4 26 49 45 30 15 14 13 9 19 33 41 48 25 21 16 

Inst_Index:2158 	 City_Num:50 	 Concorde:0.058018 	 MCTS:5.801847 Improve:0.000000 	 Time:5.00 Seconds
Solution: 1 6 29 44 2 9 37 47 33 15 8 49 10 48 4 24 23 28 20 22 13 45 5 16 11 36 25 17 46 39 27 31 40 3 34 38 26 50 30 35 43 41 12 7 18 19 14 32 21 42 

Inst_Index:2159 	 City_Num:50 	 Concorde:0.055367 	 MCTS:5.536704 Improve:0.000000 	 Time:5.01 Seconds
Solution: 1 19 41 16 27 5 25 33 38 18 23 7 35 22 2 21 45 3 34 17 46 43 6 31 26 29 4 40 24 15 9 36 32 13 8 44 50 11 47 30 28 10 20 42 49 12 48 37 14 39 

Inst_Index:2160 	 City_Num:50 	 Concorde:0.057151 	 MCTS:5.715056 Improve:-0.000000 	 Time:5.00 Seconds
Solution: 1 33 28 44 23 39 4 26 15 35 36 11 29 20 47 9 30 18 46 21 37 27 31 14 2 49 43 40 13 16 45 42 6 10 25 24 3 34 5 48 8 41 7 32 19 17 12 38 50 22 

Inst_Index:2161 	 City_Num:50 	 Concorde:0.054723 	 MCTS:5.469990 Improve:0.002334 	 Time:5.00 Seconds
Solution: 1 48 8 15 24 21 19 35 37 2 31 13 33 39 22 40 26 6 5 41 46 42 14 3 34 27 50 4 17 11 45 36 10 30 28 16 9 32 23 29 43 47 7 20 44 18 38 25 12 49 

Inst_Index:2162 	 City_Num:50 	 Concorde:0.056941 	 MCTS:5.694105 Improve:-0.000000 	 Time:5.00 Seconds
Solution: 1 26 13 37 7 35 49 5 34 17 33 8 11 27 39 47 9 10 48 36 46 22 2 18 16 28 32 41 23 43 12 3 40 20 6 24 42 15 4 31 29 19 21 14 50 38 45 25 44 30 

Inst_Index:2163 	 City_Num:50 	 Concorde:0.061774 	 MCTS:6.173293 Improve:0.004057 	 Time:5.00 Seconds
Solution: 1 41 33 38 37 44 48 5 36 8 35 19 42 21 30 6 7 39 32 23 11 25 10 22 47 29 2 15 40 20 49 4 50 9 43 34 31 13 26 17 18 45 16 28 27 46 14 24 3 12 

Inst_Index:2164 	 City_Num:50 	 Concorde:0.056581 	 MCTS:5.655805 Improve:0.002307 	 Time:5.00 Seconds
Solution: 1 35 37 6 10 45 9 20 38 19 24 12 7 31 30 34 47 49 48 2 50 3 5 14 39 25 41 22 21 11 32 8 15 13 44 26 29 40 4 33 27 17 46 43 42 23 28 36 16 18 

Inst_Index:2165 	 City_Num:50 	 Concorde:0.055545 	 MCTS:5.547160 Improve:0.007389 	 Time:5.00 Seconds
Solution: 1 6 50 29 24 39 32 47 28 44 17 2 23 4 31 49 30 18 37 21 26 11 13 42 10 43 22 33 9 38 14 15 41 35 40 8 27 20 7 12 19 45 3 46 34 48 36 25 16 5 

Inst_Index:2166 	 City_Num:50 	 Concorde:0.058032 	 MCTS:5.791574 Improve:0.011675 	 Time:5.00 Seconds
Solution: 1 48 27 20 10 42 17 32 44 40 8 31 16 2 45 21 34 19 18 22 3 47 39 24 46 7 33 49 9 14 12 23 28 30 37 25 11 15 5 6 38 41 35 43 13 50 36 26 4 29 

Inst_Index:2167 	 City_Num:50 	 Concorde:0.050886 	 MCTS:5.088550 Improve:0.000000 	 Time:5.00 Seconds
Solution: 1 39 42 25 16 29 7 45 49 13 44 30 47 48 8 3 15 35 43 37 26 21 20 18 31 12 33 28 23 50 10 5 22 27 38 17 34 41 2 36 19 6 14 4 24 32 9 11 46 40 

Inst_Index:2168 	 City_Num:50 	 Concorde:0.056348 	 MCTS:5.634818 Improve:0.000000 	 Time:5.00 Seconds
Solution: 1 30 25 40 47 5 18 19 12 48 31 29 20 33 28 41 36 46 23 2 15 45 37 4 44 24 3 21 39 22 27 50 17 9 8 43 26 6 42 11 13 16 7 34 38 35 49 32 10 14 

Inst_Index:2169 	 City_Num:50 	 Concorde:0.053305 	 MCTS:5.330544 Improve:0.000000 	 Time:5.00 Seconds
Solution: 1 14 40 32 43 29 44 28 16 46 8 49 34 15 11 2 47 13 39 21 4 38 45 10 9 24 27 36 3 7 12 25 26 35 37 17 22 20 42 50 19 18 33 31 5 30 23 6 41 48 

Inst_Index:2170 	 City_Num:50 	 Concorde:0.054687 	 MCTS:5.468669 Improve:0.000000 	 Time:5.00 Seconds
Solution: 1 34 13 12 8 31 27 20 41 19 6 37 50 39 14 28 46 15 48 32 47 36 9 30 42 43 11 25 40 7 4 33 3 44 5 26 18 22 17 2 49 38 24 10 21 35 23 16 45 29 

Inst_Index:2171 	 City_Num:50 	 Concorde:0.055464 	 MCTS:5.542717 Improve:0.003725 	 Time:5.00 Seconds
Solution: 1 22 10 44 20 35 45 5 39 2 25 21 19 32 49 4 33 17 18 30 9 38 23 7 28 29 3 6 36 11 43 41 47 8 26 34 31 50 13 48 42 16 27 24 12 15 14 46 40 37 

Inst_Index:2172 	 City_Num:50 	 Concorde:0.052885 	 MCTS:5.286186 Improve:0.002364 	 Time:5.00 Seconds
Solution: 1 14 31 47 38 40 6 45 5 46 3 17 49 44 43 7 18 48 30 39 2 37 11 23 34 36 8 16 35 13 22 33 27 4 15 28 24 21 25 29 9 12 26 42 32 41 50 10 19 20 

Inst_Index:2173 	 City_Num:50 	 Concorde:0.059139 	 MCTS:5.913907 Improve:-0.000000 	 Time:5.00 Seconds
Solution: 1 13 7 27 19 25 15 43 31 2 8 22 9 37 41 39 10 46 14 21 26 6 40 47 17 4 28 30 24 23 32 34 48 38 12 35 42 45 16 5 36 50 44 18 20 49 11 3 33 29 

Inst_Index:2174 	 City_Num:50 	 Concorde:0.056690 	 MCTS:5.666272 Improve:0.002705 	 Time:5.00 Seconds
Solution: 1 46 43 32 23 42 17 9 39 44 12 4 2 22 8 36 48 38 11 40 15 26 18 21 41 47 5 16 6 50 28 27 24 33 7 13 34 37 3 20 19 35 25 30 10 31 29 14 49 45 

Inst_Index:2175 	 City_Num:50 	 Concorde:0.054959 	 MCTS:5.495868 Improve:0.000000 	 Time:5.00 Seconds
Solution: 1 24 12 31 32 33 6 17 48 47 21 30 3 42 20 9 37 28 8 50 23 10 43 29 35 25 49 41 39 18 22 11 36 4 45 16 46 19 26 38 34 40 27 2 44 7 5 15 14 13 

Inst_Index:2176 	 City_Num:50 	 Concorde:0.055865 	 MCTS:5.581264 Improve:0.005225 	 Time:5.00 Seconds
Solution: 1 11 7 19 29 23 50 39 43 42 22 12 31 26 37 33 34 32 49 14 44 15 48 28 2 17 10 36 45 25 5 27 46 38 9 18 6 20 16 47 40 24 3 41 21 8 4 30 13 35 

Inst_Index:2177 	 City_Num:50 	 Concorde:0.057685 	 MCTS:5.768051 Improve:0.000411 	 Time:5.01 Seconds
Solution: 1 34 27 28 45 10 24 5 18 3 11 36 20 29 19 44 38 30 22 41 15 2 21 31 13 6 39 49 23 32 12 17 35 50 9 4 33 25 46 26 48 14 47 42 37 7 8 16 40 43 

Inst_Index:2178 	 City_Num:50 	 Concorde:0.061958 	 MCTS:6.195809 Improve:0.000000 	 Time:5.00 Seconds
Solution: 1 17 38 27 48 36 9 33 14 37 19 49 5 20 29 18 26 4 30 8 41 24 43 7 13 25 2 23 10 35 12 21 44 6 11 45 3 40 50 22 31 28 47 46 42 39 15 16 32 34 

Inst_Index:2179 	 City_Num:50 	 Concorde:0.052249 	 MCTS:5.224853 Improve:-0.000000 	 Time:5.00 Seconds
Solution: 1 31 21 22 4 12 49 37 2 9 33 42 46 41 27 5 11 32 3 43 39 34 50 28 44 47 35 48 30 15 10 16 45 20 6 36 19 8 26 13 7 40 38 25 14 23 24 17 29 18 

Inst_Index:2180 	 City_Num:50 	 Concorde:0.056391 	 MCTS:5.639078 Improve:-0.000000 	 Time:5.00 Seconds
Solution: 1 7 8 34 17 25 11 42 10 36 5 29 32 6 41 24 20 18 44 43 31 9 47 3 14 37 15 22 46 23 38 50 27 21 48 12 2 40 33 49 30 28 19 13 26 35 4 39 45 16 

Inst_Index:2181 	 City_Num:50 	 Concorde:0.058907 	 MCTS:5.890689 Improve:0.000000 	 Time:5.00 Seconds
Solution: 1 22 19 43 25 37 17 35 16 34 49 33 46 32 41 38 39 24 28 10 2 44 11 26 23 4 42 29 6 9 47 13 18 27 3 7 20 48 50 5 21 12 40 31 14 8 45 30 15 36 

Inst_Index:2182 	 City_Num:50 	 Concorde:0.056513 	 MCTS:5.651310 Improve:0.000000 	 Time:5.00 Seconds
Solution: 1 14 17 50 40 38 10 47 26 15 46 32 5 20 48 33 21 24 7 31 13 25 34 41 28 11 39 8 2 22 23 12 36 3 42 4 44 19 45 18 16 29 37 35 43 9 30 27 6 49 

Inst_Index:2183 	 City_Num:50 	 Concorde:0.058038 	 MCTS:5.803774 Improve:-0.000000 	 Time:5.00 Seconds
Solution: 1 21 13 33 24 40 27 19 38 11 8 32 7 26 3 12 22 9 18 2 49 29 43 47 6 48 4 37 23 41 10 30 25 35 28 31 14 39 16 42 15 20 46 34 45 17 50 36 5 44 

Inst_Index:2184 	 City_Num:50 	 Concorde:0.058368 	 MCTS:5.836766 Improve:-0.000000 	 Time:5.00 Seconds
Solution: 1 33 23 15 13 17 14 16 32 47 18 12 2 26 31 46 20 40 36 50 21 4 10 29 48 8 27 9 24 6 38 45 7 37 19 25 34 42 43 35 39 11 28 49 5 30 3 44 41 22 

Inst_Index:2185 	 City_Num:50 	 Concorde:0.057257 	 MCTS:5.725742 Improve:0.000000 	 Time:5.00 Seconds
Solution: 1 30 18 24 10 21 22 14 47 37 6 3 45 7 35 42 26 2 40 19 41 25 4 27 33 39 43 29 50 12 31 9 8 46 17 28 49 5 38 32 44 20 16 36 48 34 11 15 23 13 

Inst_Index:2186 	 City_Num:50 	 Concorde:0.055065 	 MCTS:5.506483 Improve:0.000000 	 Time:5.00 Seconds
Solution: 1 9 14 16 12 21 17 6 2 32 7 49 15 11 42 44 47 27 35 10 5 33 43 41 19 24 28 22 38 3 46 4 31 50 37 34 36 48 30 45 8 18 25 13 39 26 20 23 29 40 

Inst_Index:2187 	 City_Num:50 	 Concorde:0.058556 	 MCTS:5.855563 Improve:0.000000 	 Time:5.00 Seconds
Solution: 1 10 27 33 35 38 23 32 16 8 41 22 20 26 48 11 34 17 18 31 30 5 3 24 19 9 42 46 50 12 39 43 29 2 37 7 14 36 4 45 49 40 6 15 44 21 25 13 28 47 

Inst_Index:2188 	 City_Num:50 	 Concorde:0.057188 	 MCTS:5.718822 Improve:0.000000 	 Time:5.00 Seconds
Solution: 1 3 44 39 28 42 8 16 13 50 20 17 10 4 21 24 9 38 35 27 5 45 7 47 2 48 6 26 11 36 15 31 19 41 30 43 14 25 23 37 40 29 22 12 32 18 33 34 49 46 

Inst_Index:2189 	 City_Num:50 	 Concorde:0.054319 	 MCTS:5.431878 Improve:-0.000000 	 Time:5.00 Seconds
Solution: 1 36 34 17 22 25 2 4 35 38 31 50 32 5 43 33 8 10 39 24 3 44 18 45 49 14 16 7 20 41 37 11 29 30 12 47 9 28 23 46 19 15 42 27 6 13 40 26 48 21 

Inst_Index:2190 	 City_Num:50 	 Concorde:0.056684 	 MCTS:5.665651 Improve:0.002774 	 Time:5.00 Seconds
Solution: 1 32 4 27 5 28 36 11 13 15 47 42 17 31 43 16 2 25 14 40 37 24 9 48 22 39 10 38 3 21 45 34 12 35 46 7 23 19 26 20 49 8 50 44 29 41 6 18 30 33 

Inst_Index:2191 	 City_Num:50 	 Concorde:0.058418 	 MCTS:5.836182 Improve:0.005594 	 Time:5.01 Seconds
Solution: 1 23 30 17 18 35 10 44 19 45 32 9 12 43 37 31 28 26 25 38 3 42 20 33 7 2 36 15 50 21 6 8 40 48 4 14 24 47 41 46 5 16 34 49 22 27 11 29 39 13 


Avg_Concorde_Distance: 5.679001 Avg_MCTS_Distance: 5.678126 Avg_Gap: -0.000155 Total_Time: 1566.25 Seconds 
 Beat_Best_Known_Times: 115 Match_Best_Known_Times: 193 Miss_Best_Known_Times: 5 
