Number_of_Instances_In_Current_Batch: 313

Inst_Index:1 	 City_Num:50 	 Concorde:0.058260 	 MCTS:5.826050 Improve:0.000000 	 Time:5.00 Seconds
Solution: 1 41 27 11 16 29 2 12 48 31 49 7 46 30 14 40 24 28 33 9 23 45 37 8 10 35 42 50 18 15 44 32 25 6 22 19 3 17 47 43 34 36 5 21 39 13 4 26 38 20 

Inst_Index:2 	 City_Num:50 	 Concorde:0.057543 	 MCTS:5.751998 Improve:0.002350 	 Time:5.00 Seconds
Solution: 1 24 19 10 8 25 31 11 16 20 48 2 23 46 38 37 32 36 47 7 42 50 21 49 45 22 35 39 34 33 40 15 43 41 14 26 18 44 28 3 9 5 30 4 6 17 13 29 12 27 

Inst_Index:3 	 City_Num:50 	 Concorde:0.059256 	 MCTS:5.923227 Improve:0.002408 	 Time:5.00 Seconds
Solution: 1 11 35 5 10 42 25 3 30 39 19 7 38 46 12 49 21 31 28 4 13 24 26 17 14 43 20 6 15 50 16 45 41 27 48 9 18 36 47 40 2 44 22 23 37 33 8 34 32 29 

Inst_Index:4 	 City_Num:50 	 Concorde:0.058370 	 MCTS:5.837042 Improve:0.000000 	 Time:5.00 Seconds
Solution: 1 28 43 30 11 47 23 40 33 4 20 45 14 50 49 32 5 3 9 21 22 24 26 29 18 37 46 17 12 35 13 6 41 10 48 19 8 16 39 7 27 42 38 31 36 25 2 15 44 34 

Inst_Index:5 	 City_Num:50 	 Concorde:0.054795 	 MCTS:5.479454 Improve:0.000000 	 Time:5.00 Seconds
Solution: 1 19 14 29 21 10 7 22 30 15 34 26 32 3 36 2 38 17 43 11 35 49 37 40 44 24 23 16 18 31 33 5 45 13 47 41 9 8 12 6 39 4 28 50 25 20 42 27 48 46 

Inst_Index:6 	 City_Num:50 	 Concorde:0.058340 	 MCTS:5.834035 Improve:0.000000 	 Time:5.00 Seconds
Solution: 1 28 15 48 13 45 17 6 5 21 42 8 35 47 3 32 2 10 29 20 18 22 36 40 50 14 44 11 39 12 33 7 24 27 34 25 41 49 19 38 31 37 26 4 16 9 43 23 46 30 

Inst_Index:7 	 City_Num:50 	 Concorde:0.054504 	 MCTS:5.450400 Improve:0.000000 	 Time:5.00 Seconds
Solution: 1 50 19 20 15 10 43 40 36 18 9 44 4 32 2 34 23 5 38 13 33 30 41 26 27 25 46 37 39 12 21 45 35 17 29 49 24 31 6 42 16 11 47 22 7 28 14 8 48 3 

Inst_Index:8 	 City_Num:50 	 Concorde:0.058499 	 MCTS:5.849882 Improve:0.000000 	 Time:5.00 Seconds
Solution: 1 36 17 26 20 18 44 34 49 8 33 29 3 46 27 40 43 45 11 5 7 22 31 4 6 25 38 39 32 21 48 41 9 19 2 35 24 30 10 15 42 50 37 14 12 16 13 47 28 23 

Inst_Index:9 	 City_Num:50 	 Concorde:0.059440 	 MCTS:5.943965 Improve:0.000000 	 Time:5.00 Seconds
Solution: 1 13 32 35 44 25 9 47 30 42 27 43 24 40 8 50 26 15 11 36 21 39 28 6 2 17 46 4 20 10 14 7 31 22 33 23 49 38 3 48 37 19 29 18 5 12 34 16 45 41 

Inst_Index:10 	 City_Num:50 	 Concorde:0.060053 	 MCTS:6.005284 Improve:0.000000 	 Time:5.01 Seconds
Solution: 1 41 11 6 15 40 5 27 45 23 8 9 13 26 4 35 29 12 34 37 39 43 48 25 46 14 47 22 49 19 17 32 33 30 42 28 20 31 38 50 21 16 24 2 10 36 7 3 18 44 

Inst_Index:11 	 City_Num:50 	 Concorde:0.059011 	 MCTS:5.898414 Improve:0.002705 	 Time:5.01 Seconds
Solution: 1 20 41 36 28 37 12 45 2 25 22 8 10 39 6 29 32 46 31 21 19 33 7 27 23 15 16 35 40 48 17 13 11 50 44 47 49 38 30 42 4 14 3 9 43 26 34 18 5 24 

Inst_Index:12 	 City_Num:50 	 Concorde:0.056121 	 MCTS:5.609765 Improve:0.002380 	 Time:5.00 Seconds
Solution: 1 46 13 10 45 24 50 16 37 44 25 35 31 27 32 30 34 26 29 19 33 17 39 12 36 21 9 6 11 7 28 2 23 8 47 18 14 49 5 3 22 15 38 41 48 4 42 43 20 40 

Inst_Index:13 	 City_Num:50 	 Concorde:0.060033 	 MCTS:6.002656 Improve:0.000658 	 Time:5.01 Seconds
Solution: 1 42 40 41 35 47 5 31 3 10 26 28 22 45 21 49 18 50 17 37 19 34 9 44 32 15 25 30 8 20 29 24 14 33 7 4 43 13 16 38 6 39 36 23 46 12 48 11 2 27 

Inst_Index:14 	 City_Num:50 	 Concorde:0.061230 	 MCTS:6.120281 Improve:0.002694 	 Time:5.00 Seconds
Solution: 1 20 50 7 40 43 10 39 23 31 28 13 34 19 11 32 46 25 21 8 47 4 12 6 37 17 27 33 2 5 9 45 41 22 30 14 36 29 48 44 42 24 35 49 38 16 18 26 15 3 

Inst_Index:15 	 City_Num:50 	 Concorde:0.055733 	 MCTS:5.573338 Improve:0.000000 	 Time:5.00 Seconds
Solution: 1 26 24 50 40 47 5 6 29 27 22 28 18 31 8 7 48 2 45 11 43 32 4 12 19 17 44 36 10 35 33 15 3 39 23 46 37 21 41 16 49 25 20 42 30 13 9 38 14 34 

Inst_Index:16 	 City_Num:50 	 Concorde:0.060029 	 MCTS:6.002924 Improve:0.000000 	 Time:5.01 Seconds
Solution: 1 48 40 19 18 37 47 41 44 42 4 43 25 21 10 33 46 30 13 31 49 16 24 39 34 14 26 45 11 12 5 20 6 36 32 50 2 28 23 22 9 8 7 15 29 35 27 17 38 3 

Inst_Index:17 	 City_Num:50 	 Concorde:0.058271 	 MCTS:5.827146 Improve:-0.000000 	 Time:5.00 Seconds
Solution: 1 23 3 8 26 18 30 48 42 7 45 13 32 14 46 33 11 16 15 44 47 49 39 37 36 4 24 34 43 12 17 28 35 2 6 10 50 9 20 27 22 19 40 29 41 31 25 38 21 5 

Inst_Index:18 	 City_Num:50 	 Concorde:0.056056 	 MCTS:5.603878 Improve:0.001720 	 Time:5.00 Seconds
Solution: 1 48 23 39 35 15 36 19 34 33 44 12 2 18 27 42 41 28 29 46 49 13 32 6 16 30 4 24 22 3 45 20 17 21 8 31 14 43 40 10 25 38 7 50 37 5 9 26 47 11 

Inst_Index:19 	 City_Num:50 	 Concorde:0.056113 	 MCTS:5.611336 Improve:-0.000000 	 Time:5.00 Seconds
Solution: 1 45 35 32 23 10 37 22 9 33 47 43 2 36 14 39 26 34 46 3 12 11 13 21 5 50 41 29 44 49 24 18 6 38 15 25 48 16 42 28 17 19 30 4 27 31 8 20 7 40 

Inst_Index:20 	 City_Num:50 	 Concorde:0.057269 	 MCTS:5.723822 Improve:0.003077 	 Time:5.01 Seconds
Solution: 1 41 19 7 45 22 27 36 47 4 26 38 20 13 37 14 43 9 49 39 10 25 12 24 50 3 32 48 42 28 15 35 29 11 44 34 2 21 16 30 31 40 6 5 17 18 46 33 8 23 

Inst_Index:21 	 City_Num:50 	 Concorde:0.058893 	 MCTS:5.888145 Improve:0.001198 	 Time:5.00 Seconds
Solution: 1 35 32 43 47 28 22 21 38 46 4 41 37 31 45 9 16 6 7 10 12 5 29 44 30 49 18 11 50 27 39 34 8 13 20 3 15 24 2 25 26 48 17 14 40 42 36 19 33 23 

Inst_Index:22 	 City_Num:50 	 Concorde:0.055518 	 MCTS:5.551767 Improve:0.000000 	 Time:5.00 Seconds
Solution: 1 24 42 5 27 44 40 48 15 19 39 9 22 4 38 20 7 12 30 25 28 10 46 33 3 37 17 49 11 13 31 45 29 35 14 36 21 41 47 26 2 6 8 43 50 18 23 16 32 34 

Inst_Index:23 	 City_Num:50 	 Concorde:0.054248 	 MCTS:5.421699 Improve:0.003087 	 Time:5.00 Seconds
Solution: 1 34 38 49 40 11 20 17 41 22 18 25 3 44 9 30 2 4 5 27 15 10 43 42 12 16 50 29 45 21 26 6 7 35 47 14 39 8 19 24 48 32 46 36 31 13 37 23 28 33 

Inst_Index:24 	 City_Num:50 	 Concorde:0.058148 	 MCTS:5.814822 Improve:0.000000 	 Time:5.00 Seconds
Solution: 1 50 31 32 17 49 43 45 27 21 38 16 13 12 44 4 36 35 10 11 39 5 28 20 29 24 9 33 46 14 23 8 40 47 19 6 18 25 41 3 30 42 48 34 15 22 37 26 2 7 

Inst_Index:25 	 City_Num:50 	 Concorde:0.056472 	 MCTS:5.647203 Improve:-0.000000 	 Time:5.00 Seconds
Solution: 1 37 18 14 41 6 44 48 7 15 30 23 40 13 34 5 33 31 36 8 45 46 19 28 22 29 47 2 16 3 25 21 9 26 39 49 4 20 42 32 50 11 27 35 38 43 10 17 12 24 

Inst_Index:26 	 City_Num:50 	 Concorde:0.049117 	 MCTS:4.911718 Improve:0.000000 	 Time:5.00 Seconds
Solution: 1 38 30 45 21 15 8 35 46 48 41 14 47 10 50 36 23 29 22 26 37 9 25 11 5 42 17 13 27 6 20 7 32 43 44 39 34 33 28 49 24 12 2 19 16 18 40 3 4 31 

Inst_Index:27 	 City_Num:50 	 Concorde:0.058387 	 MCTS:5.838666 Improve:-0.000000 	 Time:5.00 Seconds
Solution: 1 37 27 35 21 17 39 33 40 14 45 36 25 49 42 23 30 46 18 9 6 38 4 13 7 31 34 24 28 11 3 19 12 8 41 15 47 43 22 50 16 48 2 20 44 5 10 26 29 32 

Inst_Index:28 	 City_Num:50 	 Concorde:0.059976 	 MCTS:5.997563 Improve:0.000000 	 Time:5.00 Seconds
Solution: 1 24 37 2 28 46 8 47 16 36 15 34 30 18 35 22 17 4 14 11 25 31 21 23 12 9 29 44 50 32 19 7 42 26 48 20 39 40 49 3 41 10 13 43 33 5 6 27 45 38 

Inst_Index:29 	 City_Num:50 	 Concorde:0.050782 	 MCTS:5.077201 Improve:0.000958 	 Time:5.00 Seconds
Solution: 1 5 20 11 48 47 44 12 22 19 14 23 42 21 25 26 3 40 28 43 13 16 2 18 24 39 45 8 35 50 30 31 37 34 15 38 46 27 4 6 17 29 32 7 9 41 10 49 36 33 

Inst_Index:30 	 City_Num:50 	 Concorde:0.057032 	 MCTS:5.699639 Improve:0.003574 	 Time:5.00 Seconds
Solution: 1 46 7 19 13 29 28 23 41 4 38 24 26 25 14 6 16 3 33 30 47 40 31 22 12 44 32 37 21 2 49 8 50 9 43 11 17 20 39 15 27 10 34 18 5 45 36 48 35 42 

Inst_Index:31 	 City_Num:50 	 Concorde:0.054603 	 MCTS:5.453919 Improve:0.006418 	 Time:5.01 Seconds
Solution: 1 38 36 9 27 17 23 25 19 34 35 18 10 13 22 5 31 43 39 3 21 7 33 2 47 45 14 44 37 42 50 26 46 8 41 40 49 48 15 30 16 12 32 24 4 29 20 11 28 6 

Inst_Index:32 	 City_Num:50 	 Concorde:0.054409 	 MCTS:5.438005 Improve:0.002902 	 Time:5.00 Seconds
Solution: 1 19 29 33 15 5 32 24 43 16 35 25 21 12 27 30 31 8 45 37 28 39 17 47 36 50 44 11 4 34 14 3 40 9 41 38 49 7 26 6 18 23 46 13 2 42 22 48 10 20 

Inst_Index:33 	 City_Num:50 	 Concorde:0.058115 	 MCTS:5.809490 Improve:0.001968 	 Time:5.00 Seconds
Solution: 1 42 21 39 38 19 24 4 50 11 14 46 32 13 27 33 3 9 40 35 28 12 10 37 25 30 31 18 7 34 23 8 2 43 45 49 48 26 6 41 20 47 36 29 16 17 22 5 44 15 

Inst_Index:34 	 City_Num:50 	 Concorde:0.051675 	 MCTS:5.167467 Improve:0.000000 	 Time:5.00 Seconds
Solution: 1 5 24 31 44 6 7 38 13 43 15 4 48 33 32 34 25 27 47 36 20 14 42 16 10 18 11 37 40 17 22 29 30 28 45 8 50 39 46 12 49 3 41 2 26 35 23 9 19 21 

Inst_Index:35 	 City_Num:50 	 Concorde:0.055526 	 MCTS:5.552574 Improve:0.000000 	 Time:5.01 Seconds
Solution: 1 38 36 12 49 33 34 27 25 35 46 11 3 18 48 37 44 13 15 17 31 26 39 30 24 42 21 43 20 29 8 47 22 7 5 45 32 10 6 40 28 41 19 4 16 9 2 14 50 23 

Inst_Index:36 	 City_Num:50 	 Concorde:0.055469 	 MCTS:5.546891 Improve:0.000000 	 Time:5.00 Seconds
Solution: 1 8 32 27 12 16 3 31 15 7 21 46 36 50 33 22 19 26 44 42 47 20 29 4 23 43 2 48 13 28 35 39 10 40 41 30 14 38 24 49 25 11 34 37 18 9 17 5 45 6 

Inst_Index:37 	 City_Num:50 	 Concorde:0.056364 	 MCTS:5.636373 Improve:0.000000 	 Time:5.00 Seconds
Solution: 1 9 13 45 5 26 43 29 19 27 38 8 18 10 37 2 41 50 14 32 21 25 47 24 15 12 49 4 28 36 46 31 35 22 30 40 17 33 11 7 20 34 3 23 39 16 44 6 42 48 

Inst_Index:38 	 City_Num:50 	 Concorde:0.056631 	 MCTS:5.660328 Improve:0.002795 	 Time:5.01 Seconds
Solution: 1 27 17 8 5 11 24 23 7 39 3 4 30 36 40 25 49 28 26 44 6 48 2 43 41 42 19 35 50 34 22 15 37 20 18 31 10 29 14 9 47 32 46 38 12 21 13 16 45 33 

Inst_Index:39 	 City_Num:50 	 Concorde:0.057404 	 MCTS:5.740446 Improve:0.000000 	 Time:5.00 Seconds
Solution: 1 21 13 27 32 39 30 37 5 48 46 28 15 44 20 10 50 4 14 35 17 40 12 38 26 33 11 36 43 9 18 16 31 2 7 47 34 45 3 19 49 24 29 6 41 23 8 42 22 25 

Inst_Index:40 	 City_Num:50 	 Concorde:0.056114 	 MCTS:5.611380 Improve:-0.000000 	 Time:5.01 Seconds
Solution: 1 32 20 38 40 37 44 30 47 12 2 5 48 11 18 43 42 33 13 31 36 22 10 17 46 29 28 45 34 15 19 27 21 49 14 6 50 4 41 24 35 16 26 8 7 9 25 39 23 3 

Inst_Index:41 	 City_Num:50 	 Concorde:0.056085 	 MCTS:5.608511 Improve:0.000000 	 Time:5.00 Seconds
Solution: 1 3 43 48 6 29 17 37 49 11 5 12 18 40 44 2 19 33 24 27 45 41 16 7 36 46 28 50 22 8 20 10 38 42 26 30 47 13 31 39 34 15 23 21 4 14 25 32 35 9 

Inst_Index:42 	 City_Num:50 	 Concorde:0.059859 	 MCTS:5.985947 Improve:0.000000 	 Time:5.01 Seconds
Solution: 1 11 34 16 46 31 10 43 41 12 8 19 22 33 20 2 45 36 17 27 13 24 7 3 35 29 28 32 21 15 23 47 40 42 9 48 26 25 49 50 6 37 5 39 14 30 38 4 44 18 

Inst_Index:43 	 City_Num:50 	 Concorde:0.053990 	 MCTS:5.394887 Improve:0.004073 	 Time:5.00 Seconds
Solution: 1 38 5 44 7 18 9 35 37 49 47 16 15 30 36 26 13 50 48 6 27 4 34 43 39 17 21 10 28 24 33 40 25 23 20 46 14 11 2 8 22 3 41 31 42 29 32 12 19 45 

Inst_Index:44 	 City_Num:50 	 Concorde:0.057068 	 MCTS:5.706849 Improve:-0.000000 	 Time:5.00 Seconds
Solution: 1 3 19 49 35 32 12 31 30 43 42 13 45 2 46 9 11 25 14 33 34 8 26 7 27 4 15 21 40 38 48 5 41 10 29 50 39 44 18 28 47 17 24 36 6 37 16 23 20 22 

Inst_Index:45 	 City_Num:50 	 Concorde:0.055651 	 MCTS:5.564792 Improve:0.000351 	 Time:5.00 Seconds
Solution: 1 48 3 18 2 14 8 40 50 23 19 36 13 24 49 35 22 33 29 39 10 43 30 42 28 5 26 32 25 21 41 37 44 34 45 16 9 4 38 17 11 47 27 6 12 31 7 15 20 46 

Inst_Index:46 	 City_Num:50 	 Concorde:0.057775 	 MCTS:5.777465 Improve:-0.000000 	 Time:5.00 Seconds
Solution: 1 32 22 5 23 6 38 21 45 41 14 28 37 49 43 2 50 36 24 33 42 18 17 46 19 10 47 40 48 34 30 31 3 26 44 12 11 39 8 27 7 29 4 35 15 25 13 16 9 20 

Inst_Index:47 	 City_Num:50 	 Concorde:0.060644 	 MCTS:6.064411 Improve:-0.000000 	 Time:5.01 Seconds
Solution: 1 7 22 35 34 15 42 43 3 27 40 25 17 11 45 8 10 41 4 14 12 19 13 44 28 5 26 29 2 9 38 32 50 18 48 20 21 49 39 31 36 37 23 47 24 30 16 46 33 6 

Inst_Index:48 	 City_Num:50 	 Concorde:0.056446 	 MCTS:5.644574 Improve:0.000000 	 Time:5.02 Seconds
Solution: 1 47 4 33 43 32 14 11 45 20 40 27 25 21 39 18 49 50 16 30 5 24 28 6 46 37 22 7 23 31 8 13 10 2 36 41 3 42 29 48 35 26 19 12 15 17 9 44 38 34 

Inst_Index:49 	 City_Num:50 	 Concorde:0.057177 	 MCTS:5.717651 Improve:-0.000000 	 Time:5.00 Seconds
Solution: 1 44 21 27 26 37 29 38 4 5 50 17 8 40 25 18 32 28 6 10 11 15 16 39 42 20 9 30 45 13 24 22 49 2 47 36 41 33 48 31 12 35 7 19 3 43 14 23 46 34 

Inst_Index:50 	 City_Num:50 	 Concorde:0.060776 	 MCTS:6.077647 Improve:0.000000 	 Time:5.00 Seconds
Solution: 1 40 48 33 44 38 29 31 7 15 49 12 21 22 34 11 39 19 4 14 5 9 20 23 37 41 27 10 16 8 2 30 32 28 13 18 47 36 50 43 45 25 46 24 17 26 3 42 35 6 

Inst_Index:51 	 City_Num:50 	 Concorde:0.058543 	 MCTS:5.854318 Improve:0.000000 	 Time:5.00 Seconds
Solution: 1 15 45 20 46 5 50 31 11 4 36 3 2 34 42 44 41 26 18 12 8 13 37 6 21 33 35 29 7 30 24 32 23 40 27 19 39 28 47 22 49 38 48 17 16 25 9 10 14 43 

Inst_Index:52 	 City_Num:50 	 Concorde:0.055335 	 MCTS:5.533475 Improve:0.000000 	 Time:5.00 Seconds
Solution: 1 19 33 22 29 35 47 10 8 31 32 40 4 3 48 23 38 42 27 45 12 28 21 15 16 9 44 49 25 37 5 30 24 2 17 41 36 26 46 6 14 7 20 43 18 34 39 13 50 11 

Inst_Index:53 	 City_Num:50 	 Concorde:0.056084 	 MCTS:5.608376 Improve:0.000000 	 Time:5.00 Seconds
Solution: 1 38 7 48 49 8 20 17 42 27 15 35 21 43 45 46 10 37 32 22 36 18 44 47 24 26 6 39 2 50 34 28 5 41 30 29 31 3 16 23 25 4 11 19 13 9 33 40 14 12 

Inst_Index:54 	 City_Num:50 	 Concorde:0.059307 	 MCTS:5.930665 Improve:0.000000 	 Time:5.00 Seconds
Solution: 1 24 39 16 12 20 28 5 42 40 50 7 47 25 31 36 27 9 44 34 35 21 18 30 10 14 37 3 13 45 41 29 38 43 4 19 33 8 48 11 32 26 49 2 46 17 22 23 6 15 

Inst_Index:55 	 City_Num:50 	 Concorde:0.059393 	 MCTS:5.936762 Improve:0.002503 	 Time:5.00 Seconds
Solution: 1 39 5 34 16 17 12 43 27 19 40 21 28 38 8 30 33 22 45 2 29 4 10 7 48 20 41 35 42 44 23 25 31 14 3 15 18 26 13 6 47 9 11 49 37 50 36 24 32 46 

Inst_Index:56 	 City_Num:50 	 Concorde:0.057792 	 MCTS:5.778795 Improve:0.000375 	 Time:5.00 Seconds
Solution: 1 19 44 29 10 17 7 32 33 21 30 42 25 36 27 14 34 13 31 3 46 16 5 8 50 4 11 39 28 48 40 2 47 41 49 23 35 20 22 15 24 12 38 6 43 26 45 18 37 9 

Inst_Index:57 	 City_Num:50 	 Concorde:0.057294 	 MCTS:5.729447 Improve:0.000000 	 Time:5.00 Seconds
Solution: 1 3 7 23 26 9 10 41 27 22 8 28 11 36 12 4 31 25 40 48 50 34 17 44 29 21 16 42 32 19 6 35 5 13 24 14 43 33 2 37 47 49 45 38 39 46 30 18 20 15 

Inst_Index:58 	 City_Num:50 	 Concorde:0.056845 	 MCTS:5.684505 Improve:0.000000 	 Time:5.00 Seconds
Solution: 1 32 13 19 5 40 35 7 38 16 37 41 24 4 39 26 10 2 31 20 36 27 44 33 28 29 46 17 34 43 23 12 22 47 50 8 48 6 3 42 18 21 25 14 11 15 49 45 30 9 

Inst_Index:59 	 City_Num:50 	 Concorde:0.058001 	 MCTS:5.800119 Improve:-0.000000 	 Time:5.00 Seconds
Solution: 1 21 16 36 41 23 49 22 7 18 45 44 39 47 34 20 4 30 13 31 2 26 27 25 40 24 33 28 9 37 14 38 42 19 6 5 3 35 29 11 43 15 8 48 50 32 12 46 17 10 

Inst_Index:60 	 City_Num:50 	 Concorde:0.056059 	 MCTS:5.605865 Improve:-0.000002 	 Time:5.00 Seconds
Solution: 1 41 43 10 6 33 44 36 18 35 45 8 37 5 23 40 14 7 28 22 29 15 21 27 12 31 34 4 20 25 49 17 2 39 50 9 11 38 48 16 42 46 32 47 19 13 3 26 30 24 

Inst_Index:61 	 City_Num:50 	 Concorde:0.052950 	 MCTS:5.295002 Improve:-0.000000 	 Time:5.00 Seconds
Solution: 1 17 18 27 40 31 36 23 10 38 26 25 48 35 21 3 28 45 34 16 2 32 5 44 4 50 9 39 19 20 7 22 6 13 33 47 46 49 37 8 30 42 12 43 41 14 29 15 11 24 

Inst_Index:62 	 City_Num:50 	 Concorde:0.056948 	 MCTS:5.694767 Improve:0.000000 	 Time:5.01 Seconds
Solution: 1 24 18 19 10 40 2 4 12 26 43 14 20 15 38 7 33 34 30 9 16 13 49 17 29 46 11 48 22 41 27 45 47 50 28 5 37 39 23 42 21 6 3 25 44 8 32 35 31 36 

Inst_Index:63 	 City_Num:50 	 Concorde:0.054696 	 MCTS:5.467084 Improve:0.002540 	 Time:5.00 Seconds
Solution: 1 44 47 38 28 7 8 22 24 12 20 48 40 3 34 17 15 6 13 35 23 11 49 27 9 46 16 14 4 43 32 18 50 36 5 41 25 10 45 29 2 19 37 42 33 39 30 21 26 31 

Inst_Index:64 	 City_Num:50 	 Concorde:0.058375 	 MCTS:5.837456 Improve:0.000000 	 Time:5.00 Seconds
Solution: 1 45 36 28 14 13 35 26 38 31 25 3 4 22 41 27 34 9 18 19 44 7 50 24 47 15 42 49 2 48 5 6 43 8 21 37 12 32 39 17 46 10 16 40 30 23 29 20 11 33 

Inst_Index:65 	 City_Num:50 	 Concorde:0.058464 	 MCTS:5.872584 Improve:-0.026177 	 Time:5.00 Seconds
Solution: 1 48 39 3 18 5 4 19 38 10 49 43 40 22 15 23 30 44 32 29 25 45 13 17 21 50 16 27 24 31 42 6 46 20 14 9 36 7 47 33 28 35 37 11 8 26 12 41 2 34 

Inst_Index:66 	 City_Num:50 	 Concorde:0.052008 	 MCTS:5.200781 Improve:0.000000 	 Time:5.00 Seconds
Solution: 1 40 16 30 14 36 18 12 34 22 15 27 39 35 28 44 50 48 21 11 17 2 5 3 4 26 33 10 13 19 6 31 43 45 32 24 42 29 47 49 46 7 37 20 25 23 38 9 41 8 

Inst_Index:67 	 City_Num:50 	 Concorde:0.053797 	 MCTS:5.379735 Improve:0.000000 	 Time:5.00 Seconds
Solution: 1 44 5 10 4 23 7 31 22 34 46 12 33 28 40 29 6 11 43 20 45 32 41 8 24 42 35 50 21 38 48 39 2 13 26 49 16 3 18 14 19 37 30 9 27 36 17 15 47 25 

Inst_Index:68 	 City_Num:50 	 Concorde:0.054434 	 MCTS:5.443373 Improve:-0.000000 	 Time:5.00 Seconds
Solution: 1 26 46 30 44 28 18 20 38 42 33 35 22 7 3 17 15 34 41 48 43 47 14 37 29 45 9 13 2 12 40 10 31 25 49 36 21 27 4 32 5 24 19 39 8 11 50 23 16 6 

Inst_Index:69 	 City_Num:50 	 Concorde:0.057479 	 MCTS:5.743644 Improve:0.004216 	 Time:5.01 Seconds
Solution: 1 29 34 48 18 45 33 15 23 7 11 46 19 47 13 9 41 16 14 20 50 4 39 24 2 21 12 36 27 44 49 30 35 8 10 26 22 42 28 17 32 40 25 38 37 43 6 5 3 31 

Inst_Index:70 	 City_Num:50 	 Concorde:0.054174 	 MCTS:5.417435 Improve:-0.000000 	 Time:5.00 Seconds
Solution: 1 19 21 47 8 15 10 11 14 38 41 27 48 6 32 44 50 20 22 49 34 9 26 45 28 42 16 29 13 3 46 37 40 33 35 23 24 4 18 5 31 2 39 7 36 25 12 17 30 43 

Inst_Index:71 	 City_Num:50 	 Concorde:0.056822 	 MCTS:5.674684 Improve:0.007484 	 Time:5.00 Seconds
Solution: 1 9 15 3 14 46 16 11 28 33 29 36 37 39 17 38 34 45 18 40 24 41 47 13 26 12 50 31 8 42 7 43 22 23 44 4 21 30 19 48 27 32 5 2 25 6 35 49 20 10 

Inst_Index:72 	 City_Num:50 	 Concorde:0.059157 	 MCTS:5.915195 Improve:0.000466 	 Time:5.00 Seconds
Solution: 1 47 13 10 42 32 4 9 16 41 39 3 14 22 29 33 18 26 35 8 11 5 6 49 40 7 17 19 43 31 30 45 23 44 36 50 48 37 15 38 25 46 21 20 27 2 12 34 24 28 

Inst_Index:73 	 City_Num:50 	 Concorde:0.053949 	 MCTS:5.394864 Improve:-0.000000 	 Time:5.00 Seconds
Solution: 1 33 7 44 25 40 16 17 49 21 22 23 43 6 29 39 8 34 31 47 3 32 19 36 9 27 24 35 41 14 30 48 5 46 11 38 4 45 20 28 26 37 12 42 2 15 50 13 10 18 

Inst_Index:74 	 City_Num:50 	 Concorde:0.056565 	 MCTS:5.652853 Improve:0.003643 	 Time:5.00 Seconds
Solution: 1 36 40 44 49 9 37 27 42 43 29 28 6 32 31 47 4 46 24 50 25 19 39 34 16 45 41 21 5 14 15 38 18 7 48 17 33 30 26 22 2 13 3 23 35 11 8 12 10 20 

Inst_Index:75 	 City_Num:50 	 Concorde:0.055418 	 MCTS:5.541769 Improve:0.000000 	 Time:5.00 Seconds
Solution: 1 8 46 47 21 42 25 19 41 34 5 6 4 17 30 27 14 40 15 43 49 24 33 2 20 31 10 50 16 32 45 38 23 29 48 18 12 36 26 22 37 35 28 39 7 44 13 9 3 11 

Inst_Index:76 	 City_Num:50 	 Concorde:0.058099 	 MCTS:5.809897 Improve:0.000000 	 Time:5.01 Seconds
Solution: 1 26 7 28 8 17 48 43 10 21 6 44 29 20 36 9 45 4 49 15 22 30 50 3 47 38 24 42 37 11 25 16 46 19 40 13 14 33 34 32 23 27 18 12 35 39 31 5 41 2 

Inst_Index:77 	 City_Num:50 	 Concorde:0.057426 	 MCTS:5.742588 Improve:0.000000 	 Time:5.00 Seconds
Solution: 1 45 33 28 16 42 23 46 26 22 41 39 32 15 18 27 11 21 43 30 35 6 40 13 19 2 5 36 4 29 34 8 3 50 38 9 12 17 10 44 24 48 47 7 20 14 49 31 37 25 

Inst_Index:78 	 City_Num:50 	 Concorde:0.059184 	 MCTS:5.918390 Improve:0.000000 	 Time:5.01 Seconds
Solution: 1 42 19 32 12 41 29 38 45 27 47 9 24 44 10 6 28 43 23 35 3 50 49 20 14 4 18 7 5 26 21 36 13 8 46 30 31 25 37 34 16 22 17 39 48 40 2 15 33 11 

Inst_Index:79 	 City_Num:50 	 Concorde:0.051853 	 MCTS:5.185322 Improve:-0.000000 	 Time:5.00 Seconds
Solution: 1 20 41 32 50 16 14 37 28 43 21 48 9 36 44 19 35 25 34 33 24 42 27 7 39 31 49 13 10 38 18 15 29 4 47 22 3 17 12 30 26 40 6 2 46 45 11 23 8 5 

Inst_Index:80 	 City_Num:50 	 Concorde:0.059915 	 MCTS:5.991505 Improve:-0.000000 	 Time:5.00 Seconds
Solution: 1 50 21 31 34 48 28 19 49 6 5 20 26 43 36 42 35 40 13 45 23 7 39 30 4 9 18 22 47 37 27 3 14 8 16 2 32 29 17 10 33 41 11 46 25 24 12 38 15 44 

Inst_Index:81 	 City_Num:50 	 Concorde:0.062273 	 MCTS:6.227263 Improve:-0.000000 	 Time:5.01 Seconds
Solution: 1 34 26 47 43 22 10 3 9 17 27 6 7 18 40 8 24 30 38 42 13 21 32 33 46 16 31 5 23 20 45 14 44 2 11 39 19 28 25 15 4 36 50 12 37 41 49 35 48 29 

Inst_Index:82 	 City_Num:50 	 Concorde:0.053179 	 MCTS:5.317870 Improve:0.000000 	 Time:5.01 Seconds
Solution: 1 7 38 24 16 21 28 42 50 49 15 29 11 25 46 9 2 3 34 33 20 39 44 47 40 41 19 8 17 32 45 31 27 18 14 26 23 12 36 5 43 30 48 37 13 4 35 22 6 10 

Inst_Index:83 	 City_Num:50 	 Concorde:0.058419 	 MCTS:5.841925 Improve:0.000000 	 Time:5.02 Seconds
Solution: 1 7 24 39 15 50 2 37 22 11 44 23 31 43 17 47 30 8 13 10 36 29 41 34 27 18 3 38 21 40 12 46 35 48 26 6 28 16 32 14 49 20 19 42 9 4 45 33 5 25 

Inst_Index:84 	 City_Num:50 	 Concorde:0.055353 	 MCTS:5.535295 Improve:0.000000 	 Time:5.00 Seconds
Solution: 1 12 40 38 14 6 39 25 16 47 42 20 31 23 5 29 24 13 9 33 32 22 8 35 15 43 19 11 3 18 21 45 27 17 34 26 46 30 4 44 36 48 7 28 2 49 37 41 10 50 

Inst_Index:85 	 City_Num:50 	 Concorde:0.053004 	 MCTS:5.300354 Improve:0.000000 	 Time:5.00 Seconds
Solution: 1 36 13 31 23 35 30 38 27 8 45 47 22 40 16 7 4 11 18 39 6 28 21 42 34 41 15 9 17 29 46 10 26 37 14 3 50 19 25 24 5 49 2 20 32 44 33 12 43 48 

Inst_Index:86 	 City_Num:50 	 Concorde:0.057094 	 MCTS:5.709380 Improve:0.000000 	 Time:5.00 Seconds
Solution: 1 10 50 20 9 17 46 33 12 40 16 41 38 11 3 14 44 43 24 22 45 4 36 15 13 42 8 28 48 2 26 30 6 27 47 25 39 18 29 32 5 34 19 23 7 31 21 35 37 49 

Inst_Index:87 	 City_Num:50 	 Concorde:0.055376 	 MCTS:5.526161 Improve:0.011443 	 Time:5.00 Seconds
Solution: 1 27 19 46 30 45 35 26 17 20 42 12 34 47 36 6 23 14 43 15 44 13 7 25 21 33 18 28 38 40 24 10 41 5 22 50 29 39 2 3 49 37 4 8 11 48 16 9 31 32 

Inst_Index:88 	 City_Num:50 	 Concorde:0.055909 	 MCTS:5.586776 Improve:0.004149 	 Time:5.00 Seconds
Solution: 1 50 22 36 34 4 12 37 9 15 13 42 29 26 24 40 31 44 45 23 20 49 2 14 33 11 35 28 47 46 41 3 6 27 25 43 8 32 5 7 19 30 39 10 21 48 17 16 18 38 

Inst_Index:89 	 City_Num:50 	 Concorde:0.056075 	 MCTS:5.606769 Improve:0.000724 	 Time:5.01 Seconds
Solution: 1 45 30 6 34 49 19 26 13 10 35 3 42 29 44 22 31 47 18 9 25 33 40 50 20 16 24 21 12 32 14 27 7 48 8 41 36 39 15 43 4 11 28 38 2 37 46 23 17 5 

Inst_Index:90 	 City_Num:50 	 Concorde:0.058589 	 MCTS:5.858923 Improve:-0.000000 	 Time:5.00 Seconds
Solution: 1 36 18 32 7 22 20 16 2 38 46 26 37 10 13 42 40 35 27 41 31 50 44 9 43 15 24 21 39 30 33 28 45 4 47 5 25 12 3 49 11 34 19 8 14 29 48 23 6 17 

Inst_Index:91 	 City_Num:50 	 Concorde:0.057850 	 MCTS:5.784955 Improve:-0.000000 	 Time:5.01 Seconds
Solution: 1 23 15 17 37 40 8 49 4 32 45 43 31 20 10 50 7 12 46 2 21 19 27 5 30 22 41 44 47 48 3 42 13 36 18 24 16 39 9 28 14 29 34 11 26 25 38 35 6 33 

Inst_Index:92 	 City_Num:50 	 Concorde:0.058616 	 MCTS:5.861307 Improve:0.000321 	 Time:5.01 Seconds
Solution: 1 8 44 49 47 36 5 31 25 48 3 29 26 13 21 32 16 39 7 35 17 19 45 18 43 9 24 22 38 33 14 10 12 42 15 34 30 50 11 23 46 27 2 6 37 4 41 40 20 28 

Inst_Index:93 	 City_Num:50 	 Concorde:0.053981 	 MCTS:5.398117 Improve:0.000000 	 Time:5.00 Seconds
Solution: 1 28 46 17 32 44 43 27 23 5 14 45 33 35 15 11 2 18 31 38 16 34 48 21 8 29 9 50 41 6 22 12 3 19 10 47 40 42 30 49 26 37 7 39 36 25 24 13 4 20 

Inst_Index:94 	 City_Num:50 	 Concorde:0.054026 	 MCTS:5.402594 Improve:0.000000 	 Time:5.00 Seconds
Solution: 1 32 47 46 27 49 48 8 39 34 43 22 18 24 3 31 45 9 29 5 14 21 35 30 16 4 10 25 33 11 37 2 38 41 7 26 23 20 17 19 36 28 42 13 50 44 6 12 40 15 

Inst_Index:95 	 City_Num:50 	 Concorde:0.059150 	 MCTS:5.914858 Improve:0.000097 	 Time:5.00 Seconds
Solution: 1 40 14 33 44 31 45 46 6 36 42 34 4 2 12 27 37 7 20 21 10 28 48 23 39 41 43 32 30 38 35 13 16 22 15 5 26 18 50 24 19 8 11 49 9 17 29 3 47 25 

Inst_Index:96 	 City_Num:50 	 Concorde:0.055883 	 MCTS:5.588338 Improve:0.000000 	 Time:5.00 Seconds
Solution: 1 37 7 22 30 33 34 29 42 46 44 11 20 24 45 26 15 6 31 16 50 10 43 40 3 49 48 17 9 8 4 27 13 21 28 41 12 47 35 19 36 18 25 2 5 39 23 38 32 14 

Inst_Index:97 	 City_Num:50 	 Concorde:0.057995 	 MCTS:5.793888 Improve:0.005593 	 Time:5.00 Seconds
Solution: 1 8 37 9 48 25 33 46 49 45 6 35 43 24 29 28 17 42 22 4 16 31 7 50 11 13 32 27 19 12 10 30 36 40 2 26 14 5 41 39 44 38 18 47 21 23 20 3 15 34 

Inst_Index:98 	 City_Num:50 	 Concorde:0.058237 	 MCTS:5.823659 Improve:-0.000000 	 Time:5.00 Seconds
Solution: 1 6 28 31 24 45 35 47 38 4 5 44 21 36 42 46 30 2 7 19 50 32 25 12 9 48 10 22 26 23 33 3 18 49 8 27 34 43 14 17 15 37 13 16 11 39 40 41 29 20 

Inst_Index:99 	 City_Num:50 	 Concorde:0.060802 	 MCTS:6.080170 Improve:-0.000000 	 Time:5.00 Seconds
Solution: 1 24 25 29 4 18 21 45 22 15 12 11 34 28 42 9 8 17 36 27 16 26 7 14 31 40 44 39 19 48 23 43 6 38 2 33 47 35 32 46 30 3 5 20 49 10 13 37 50 41 

Inst_Index:100 	 City_Num:50 	 Concorde:0.056793 	 MCTS:5.679344 Improve:0.000000 	 Time:5.01 Seconds
Solution: 1 3 17 15 50 36 38 27 11 23 40 8 34 42 37 24 2 16 12 32 43 7 39 49 22 29 28 41 33 26 44 5 48 30 19 10 6 20 9 46 35 31 25 21 4 14 18 13 47 45 

Inst_Index:101 	 City_Num:50 	 Concorde:0.054502 	 MCTS:5.450161 Improve:0.000000 	 Time:5.00 Seconds
Solution: 1 28 17 30 50 20 13 47 10 9 8 32 39 25 48 4 3 35 26 23 49 14 24 21 19 5 12 43 33 11 16 15 45 40 22 31 7 41 27 2 38 37 42 44 34 29 18 36 6 46 

Inst_Index:102 	 City_Num:50 	 Concorde:0.056849 	 MCTS:5.682984 Improve:0.001961 	 Time:5.00 Seconds
Solution: 1 5 11 49 13 50 34 32 14 16 37 27 21 22 28 15 38 20 41 40 9 24 4 33 29 25 31 17 2 26 44 46 8 19 3 6 35 12 10 45 18 42 23 7 48 47 39 43 30 36 

Inst_Index:103 	 City_Num:50 	 Concorde:0.052689 	 MCTS:5.268766 Improve:0.000162 	 Time:5.00 Seconds
Solution: 1 9 18 10 11 47 48 26 7 12 15 43 30 13 37 46 33 4 19 36 5 21 17 29 34 28 31 35 44 49 16 25 39 45 6 50 32 8 3 22 27 23 40 2 41 24 20 38 42 14 

Inst_Index:104 	 City_Num:50 	 Concorde:0.054935 	 MCTS:5.493521 Improve:-0.000000 	 Time:5.01 Seconds
Solution: 1 19 24 44 38 4 37 41 26 30 10 28 42 23 7 45 34 29 20 33 15 39 49 17 2 46 13 31 6 5 50 40 11 25 9 8 12 18 48 32 47 43 21 35 27 3 22 36 16 14 

Inst_Index:105 	 City_Num:50 	 Concorde:0.058151 	 MCTS:5.811376 Improve:0.003736 	 Time:5.00 Seconds
Solution: 1 48 10 41 19 30 28 15 47 12 8 45 23 27 38 42 34 3 43 40 22 26 18 9 4 44 35 20 31 36 21 46 7 29 37 39 32 50 33 11 2 13 6 14 16 5 17 49 25 24 

Inst_Index:106 	 City_Num:50 	 Concorde:0.056189 	 MCTS:5.618950 Improve:0.000000 	 Time:5.00 Seconds
Solution: 1 37 32 36 16 39 26 48 42 11 8 14 30 17 35 43 29 27 50 46 4 6 25 33 22 41 5 31 24 40 47 9 10 19 15 45 20 28 2 49 34 44 23 38 21 7 12 3 13 18 

Inst_Index:107 	 City_Num:50 	 Concorde:0.057182 	 MCTS:5.718224 Improve:0.000000 	 Time:5.01 Seconds
Solution: 1 35 17 47 4 7 6 49 44 19 15 45 39 48 42 11 46 21 50 43 31 30 20 9 29 40 18 23 12 24 10 14 38 33 3 36 2 41 32 8 5 25 27 37 16 22 26 34 28 13 

Inst_Index:108 	 City_Num:50 	 Concorde:0.058103 	 MCTS:5.810292 Improve:-0.000000 	 Time:5.00 Seconds
Solution: 1 39 42 28 45 43 11 20 22 36 29 34 35 48 23 46 47 24 17 6 37 25 31 9 44 16 4 40 15 12 27 49 33 41 2 7 26 8 10 14 13 19 30 3 21 38 5 18 50 32 

Inst_Index:109 	 City_Num:50 	 Concorde:0.054762 	 MCTS:5.476169 Improve:0.000000 	 Time:5.00 Seconds
Solution: 1 5 28 31 11 29 46 16 41 39 19 27 7 36 12 42 30 37 10 2 3 47 21 48 13 40 38 20 34 4 9 14 49 33 45 22 43 6 24 25 8 15 26 32 18 17 23 35 50 44 

Inst_Index:110 	 City_Num:50 	 Concorde:0.054377 	 MCTS:5.434342 Improve:0.003324 	 Time:5.00 Seconds
Solution: 1 17 24 21 29 37 11 10 5 49 23 41 46 8 3 20 50 2 22 47 16 39 25 30 31 40 26 43 27 4 7 35 48 18 9 38 28 13 19 36 33 45 44 14 15 32 12 42 34 6 

Inst_Index:111 	 City_Num:50 	 Concorde:0.057010 	 MCTS:5.699331 Improve:0.001717 	 Time:5.00 Seconds
Solution: 1 2 42 48 47 26 13 15 45 25 49 31 39 38 20 19 35 12 41 43 46 30 34 14 24 16 28 7 8 6 11 3 36 18 4 37 5 40 17 21 10 9 23 29 27 33 44 22 32 50 

Inst_Index:112 	 City_Num:50 	 Concorde:0.055843 	 MCTS:5.582389 Improve:0.001958 	 Time:5.00 Seconds
Solution: 1 21 17 35 9 41 36 33 29 15 13 5 28 44 16 45 24 50 32 3 14 38 7 26 25 12 48 19 39 22 27 37 23 2 42 20 11 4 43 10 46 40 30 8 49 47 18 34 31 6 

Inst_Index:113 	 City_Num:50 	 Concorde:0.058991 	 MCTS:5.893404 Improve:0.005695 	 Time:5.00 Seconds
Solution: 1 47 18 29 43 26 38 3 32 10 23 31 35 19 44 8 50 34 14 46 20 4 9 49 12 45 27 48 25 37 41 30 5 6 11 21 28 36 24 16 13 33 7 17 39 2 15 42 40 22 

Inst_Index:114 	 City_Num:50 	 Concorde:0.056915 	 MCTS:5.691538 Improve:0.000000 	 Time:5.00 Seconds
Solution: 1 38 10 37 26 21 47 35 31 43 22 11 33 13 29 34 20 25 4 5 27 42 28 36 9 39 32 2 45 16 49 12 18 41 3 44 30 15 7 48 24 6 14 23 17 8 46 19 50 40 

Inst_Index:115 	 City_Num:50 	 Concorde:0.061243 	 MCTS:6.120164 Improve:0.004157 	 Time:5.00 Seconds
Solution: 1 41 6 20 19 30 3 4 15 27 48 47 14 44 25 32 28 50 26 18 7 31 22 5 12 21 45 42 40 10 43 39 35 29 2 8 23 49 9 37 38 17 11 46 36 33 24 34 16 13 

Inst_Index:116 	 City_Num:50 	 Concorde:0.058665 	 MCTS:5.866030 Improve:0.000494 	 Time:5.00 Seconds
Solution: 1 6 30 37 27 4 22 42 38 43 24 26 28 36 14 45 32 17 50 16 23 48 49 11 39 44 13 31 29 25 7 15 9 3 21 19 35 41 47 33 20 34 12 2 40 5 10 8 46 18 

Inst_Index:117 	 City_Num:50 	 Concorde:0.058485 	 MCTS:5.848526 Improve:0.000000 	 Time:5.00 Seconds
Solution: 1 19 22 2 20 15 38 13 24 31 48 49 42 10 14 25 47 40 9 34 28 12 41 21 44 35 18 23 37 46 7 29 27 39 45 33 16 17 4 26 11 43 8 30 50 36 5 32 6 3 

Inst_Index:118 	 City_Num:50 	 Concorde:0.054269 	 MCTS:5.426890 Improve:0.000000 	 Time:5.00 Seconds
Solution: 1 34 13 29 21 35 9 11 18 2 20 19 50 15 5 28 10 44 12 36 40 32 30 14 24 17 16 23 8 38 4 46 37 42 33 41 48 6 7 3 47 26 27 31 45 49 25 43 22 39 

Inst_Index:119 	 City_Num:50 	 Concorde:0.058414 	 MCTS:5.841448 Improve:0.000000 	 Time:5.01 Seconds
Solution: 1 3 18 46 44 42 17 10 21 23 38 9 39 31 41 49 12 13 6 2 20 30 25 48 34 45 47 24 15 36 33 11 40 14 4 37 29 5 50 32 22 19 35 28 7 27 43 8 16 26 

Inst_Index:120 	 City_Num:50 	 Concorde:0.053183 	 MCTS:5.314943 Improve:0.003379 	 Time:5.00 Seconds
Solution: 1 28 30 17 25 12 35 11 38 34 21 7 36 16 13 42 29 45 39 4 46 47 8 41 22 5 49 14 33 9 44 20 6 48 43 10 31 19 3 40 24 50 32 26 18 23 27 37 2 15 

Inst_Index:121 	 City_Num:50 	 Concorde:0.054568 	 MCTS:5.456844 Improve:0.000000 	 Time:5.00 Seconds
Solution: 1 12 2 26 45 18 4 30 13 24 5 27 21 34 43 41 19 15 14 46 16 28 42 11 7 8 47 23 29 50 25 10 22 6 38 37 3 40 44 36 39 49 33 31 9 32 20 17 48 35 

Inst_Index:122 	 City_Num:50 	 Concorde:0.057888 	 MCTS:5.788829 Improve:-0.000000 	 Time:5.00 Seconds
Solution: 1 27 46 43 31 39 6 45 15 38 14 44 33 4 37 49 47 8 20 30 26 13 25 7 2 11 48 40 34 50 16 9 19 22 41 18 24 12 32 28 29 10 23 42 36 3 5 21 35 17 

Inst_Index:123 	 City_Num:50 	 Concorde:0.054028 	 MCTS:5.402750 Improve:-0.000000 	 Time:5.00 Seconds
Solution: 1 45 15 44 40 30 29 21 34 39 19 42 46 4 25 3 18 16 33 37 7 43 49 22 5 36 27 14 41 10 50 26 47 28 12 8 35 38 48 20 31 2 32 24 13 11 23 9 6 17 

Inst_Index:124 	 City_Num:50 	 Concorde:0.053289 	 MCTS:5.325601 Improve:0.003265 	 Time:5.00 Seconds
Solution: 1 40 38 39 29 12 19 41 11 24 8 26 33 49 3 36 9 21 13 18 6 14 23 16 27 28 25 30 10 32 31 37 50 35 7 20 34 4 15 5 43 45 42 48 46 47 22 2 17 44 

Inst_Index:125 	 City_Num:50 	 Concorde:0.051791 	 MCTS:5.178854 Improve:0.000229 	 Time:5.00 Seconds
Solution: 1 41 25 18 49 20 31 7 42 5 26 44 3 8 15 13 6 27 19 17 33 45 32 39 48 16 30 23 47 37 28 21 34 11 22 36 38 50 24 14 29 43 10 35 40 2 12 9 4 46 

Inst_Index:126 	 City_Num:50 	 Concorde:0.058275 	 MCTS:5.827512 Improve:0.000000 	 Time:5.00 Seconds
Solution: 1 49 30 46 18 33 42 26 35 43 27 14 6 41 37 32 44 48 36 17 40 39 21 50 47 20 3 22 5 10 7 4 15 11 13 25 24 16 19 28 34 9 45 23 29 38 31 12 8 2 

Inst_Index:127 	 City_Num:50 	 Concorde:0.057482 	 MCTS:5.745826 Improve:0.002397 	 Time:5.00 Seconds
Solution: 1 39 8 22 20 44 32 2 4 49 41 40 15 46 12 30 43 45 11 47 23 24 9 50 10 16 38 6 7 37 19 17 14 3 25 26 31 21 29 28 36 33 42 13 34 48 18 27 5 35 

Inst_Index:128 	 City_Num:50 	 Concorde:0.057600 	 MCTS:5.759990 Improve:0.000000 	 Time:5.00 Seconds
Solution: 1 37 36 17 6 2 40 44 29 43 14 30 25 46 13 18 4 49 34 11 38 28 31 12 20 41 22 7 42 9 15 26 39 33 24 5 21 27 16 19 3 23 8 32 47 48 10 35 45 50 

Inst_Index:129 	 City_Num:50 	 Concorde:0.051543 	 MCTS:5.154307 Improve:0.000000 	 Time:5.00 Seconds
Solution: 1 44 42 31 11 32 40 43 23 5 26 13 21 46 17 29 4 12 6 28 38 33 30 47 20 7 18 2 48 27 10 49 19 39 50 24 45 34 16 41 35 22 37 36 14 25 8 3 9 15 

Inst_Index:130 	 City_Num:50 	 Concorde:0.058322 	 MCTS:5.831002 Improve:0.001218 	 Time:5.00 Seconds
Solution: 1 46 45 43 21 26 14 4 8 6 17 48 31 44 18 35 15 19 50 5 27 23 29 47 25 9 28 2 13 7 42 37 36 40 39 32 49 30 24 3 22 34 11 10 38 33 20 12 16 41 

Inst_Index:131 	 City_Num:50 	 Concorde:0.057710 	 MCTS:5.767451 Improve:0.003506 	 Time:5.01 Seconds
Solution: 1 18 13 11 22 10 8 5 39 26 45 31 23 49 15 42 46 7 19 40 41 17 2 30 33 21 28 24 4 50 6 32 16 14 38 48 9 36 25 34 3 12 20 35 44 43 27 37 47 29 

Inst_Index:132 	 City_Num:50 	 Concorde:0.059157 	 MCTS:5.915748 Improve:0.000000 	 Time:5.00 Seconds
Solution: 1 20 14 4 46 41 21 13 34 39 22 8 9 44 33 25 32 29 31 24 36 26 6 43 16 28 50 17 15 27 48 42 37 38 35 19 18 10 2 47 23 3 40 7 30 12 49 5 11 45 

Inst_Index:133 	 City_Num:50 	 Concorde:0.056260 	 MCTS:5.626040 Improve:-0.000000 	 Time:5.01 Seconds
Solution: 1 12 36 42 26 45 41 39 15 30 6 32 3 48 11 33 34 25 31 40 17 38 28 27 21 49 8 19 20 43 29 22 2 5 46 18 35 44 23 9 14 7 16 47 50 24 10 4 37 13 

Inst_Index:134 	 City_Num:50 	 Concorde:0.056593 	 MCTS:5.650371 Improve:0.008978 	 Time:5.00 Seconds
Solution: 1 8 4 2 20 5 23 38 47 3 19 6 48 28 41 40 30 32 43 7 31 21 45 36 37 24 34 9 12 29 16 10 17 49 33 39 35 46 25 26 11 22 18 14 44 42 27 15 50 13 

Inst_Index:135 	 City_Num:50 	 Concorde:0.052712 	 MCTS:5.271244 Improve:-0.000000 	 Time:5.00 Seconds
Solution: 1 36 16 24 11 18 20 3 42 13 45 37 31 4 38 21 39 7 9 25 32 15 47 33 46 50 34 35 6 19 40 22 10 17 2 41 23 12 26 49 14 29 30 43 8 28 44 27 48 5 

Inst_Index:136 	 City_Num:50 	 Concorde:0.055721 	 MCTS:5.569700 Improve:0.002428 	 Time:5.01 Seconds
Solution: 1 23 37 19 28 34 45 18 47 26 22 9 40 8 17 41 3 43 20 27 46 42 50 36 29 48 24 7 44 35 39 16 33 13 30 15 21 4 25 5 6 11 2 49 14 12 10 32 31 38 

Inst_Index:137 	 City_Num:50 	 Concorde:0.055212 	 MCTS:5.515381 Improve:0.005797 	 Time:5.00 Seconds
Solution: 1 18 24 44 9 7 34 28 40 21 25 8 47 23 41 35 39 15 36 17 48 43 20 31 37 33 22 6 27 49 5 4 30 3 26 2 42 14 11 12 10 32 16 50 46 45 19 29 13 38 

Inst_Index:138 	 City_Num:50 	 Concorde:0.053927 	 MCTS:5.392732 Improve:0.000000 	 Time:5.00 Seconds
Solution: 1 3 22 29 46 34 15 8 49 35 44 25 2 17 37 7 31 26 14 10 9 27 41 24 42 30 50 45 11 38 19 18 16 23 6 40 12 28 33 47 21 48 13 43 39 4 32 5 36 20 

Inst_Index:139 	 City_Num:50 	 Concorde:0.059305 	 MCTS:5.930537 Improve:-0.000000 	 Time:5.00 Seconds
Solution: 1 3 44 26 45 42 28 43 21 11 9 40 20 14 18 23 5 33 47 15 50 34 36 48 49 2 25 24 12 31 38 17 19 30 13 8 29 22 41 4 16 6 46 32 27 39 7 37 10 35 

Inst_Index:140 	 City_Num:50 	 Concorde:0.052122 	 MCTS:5.212174 Improve:0.000000 	 Time:5.00 Seconds
Solution: 1 13 47 33 22 36 2 9 41 19 23 24 12 30 20 28 14 38 46 18 3 45 42 39 27 8 25 16 44 5 7 17 26 31 32 34 40 48 49 10 21 29 4 11 15 6 37 50 35 43 

Inst_Index:141 	 City_Num:50 	 Concorde:0.060023 	 MCTS:6.002272 Improve:-0.000000 	 Time:5.01 Seconds
Solution: 1 42 39 8 16 18 41 2 37 4 5 25 23 3 17 43 44 22 10 21 20 24 38 15 13 12 14 32 26 47 29 28 11 6 34 30 19 48 35 45 46 33 40 7 49 36 27 50 9 31 

Inst_Index:142 	 City_Num:50 	 Concorde:0.057696 	 MCTS:5.769629 Improve:0.000000 	 Time:5.00 Seconds
Solution: 1 4 46 44 18 23 29 13 21 43 6 5 19 8 16 39 25 28 20 42 27 30 41 2 7 45 50 40 26 24 33 14 17 3 9 35 34 15 11 12 38 37 48 36 31 49 32 22 47 10 

Inst_Index:143 	 City_Num:50 	 Concorde:0.059588 	 MCTS:5.955427 Improve:0.003388 	 Time:5.01 Seconds
Solution: 1 6 11 20 9 48 47 10 3 45 41 31 2 38 4 36 34 49 7 44 43 28 46 13 17 42 40 15 12 24 50 32 33 23 30 39 29 19 21 16 26 22 27 5 35 18 25 8 37 14 

Inst_Index:144 	 City_Num:50 	 Concorde:0.057146 	 MCTS:5.712214 Improve:0.002424 	 Time:5.00 Seconds
Solution: 1 31 6 35 42 13 38 20 34 12 32 36 5 45 3 24 39 29 44 41 9 25 4 26 43 37 14 2 10 30 49 46 22 16 27 40 18 48 15 7 47 50 8 17 33 21 23 19 28 11 

Inst_Index:145 	 City_Num:50 	 Concorde:0.060001 	 MCTS:5.995786 Improve:0.004332 	 Time:5.00 Seconds
Solution: 1 22 15 50 39 17 31 48 46 42 44 47 35 3 37 14 28 18 45 6 4 43 32 26 36 2 23 16 8 34 10 27 41 30 40 33 38 9 7 20 25 19 12 49 24 21 5 11 29 13 

Inst_Index:146 	 City_Num:50 	 Concorde:0.056376 	 MCTS:5.637565 Improve:0.000000 	 Time:5.00 Seconds
Solution: 1 17 27 15 8 22 42 23 24 19 45 4 34 9 29 13 20 28 26 40 7 18 39 21 36 14 16 31 25 12 38 44 41 5 46 10 43 48 50 11 33 49 35 47 6 37 30 3 2 32 

Inst_Index:147 	 City_Num:50 	 Concorde:0.055987 	 MCTS:5.596324 Improve:0.002350 	 Time:5.00 Seconds
Solution: 1 23 43 45 25 9 32 27 2 10 39 28 16 40 46 30 3 50 15 37 8 4 36 24 49 44 34 26 7 42 29 35 12 14 22 11 47 41 17 13 38 21 33 18 31 19 5 20 48 6 

Inst_Index:148 	 City_Num:50 	 Concorde:0.056260 	 MCTS:5.625575 Improve:0.000433 	 Time:5.00 Seconds
Solution: 1 16 28 50 18 6 9 37 4 24 44 46 29 30 42 10 48 5 43 7 34 22 33 45 17 32 31 8 49 41 3 26 47 36 39 21 11 23 15 13 38 20 2 27 12 35 14 19 40 25 

Inst_Index:149 	 City_Num:50 	 Concorde:0.058920 	 MCTS:5.891970 Improve:0.000000 	 Time:5.00 Seconds
Solution: 1 50 13 31 39 7 36 12 8 20 4 28 44 43 29 35 23 47 37 10 26 15 16 14 24 17 40 5 38 22 11 18 21 27 19 46 48 6 30 49 33 25 45 34 9 32 2 3 41 42 

Inst_Index:150 	 City_Num:50 	 Concorde:0.056769 	 MCTS:5.676883 Improve:0.000000 	 Time:5.00 Seconds
Solution: 1 50 33 19 20 13 4 27 2 10 11 45 9 41 46 7 32 3 49 21 43 25 42 5 26 12 16 31 28 22 34 23 6 38 17 24 29 40 44 39 8 18 15 35 47 36 37 30 48 14 

Inst_Index:151 	 City_Num:50 	 Concorde:0.059293 	 MCTS:5.929260 Improve:0.000000 	 Time:5.00 Seconds
Solution: 1 41 42 39 19 38 37 9 31 34 29 35 21 20 46 47 33 32 3 13 7 8 4 11 30 17 48 14 26 18 16 28 6 12 22 40 43 45 25 49 15 24 2 50 10 44 5 36 27 23 

Inst_Index:152 	 City_Num:50 	 Concorde:0.059296 	 MCTS:5.929639 Improve:0.000000 	 Time:5.00 Seconds
Solution: 1 39 44 13 33 31 27 5 38 28 8 37 3 41 6 46 11 50 16 12 49 30 19 17 18 42 7 47 24 15 26 22 23 2 10 25 4 45 34 35 40 32 43 14 20 48 29 9 21 36 

Inst_Index:153 	 City_Num:50 	 Concorde:0.057259 	 MCTS:5.725879 Improve:-0.000000 	 Time:5.00 Seconds
Solution: 1 9 8 30 34 33 21 35 2 15 44 22 29 11 18 25 46 39 28 4 32 49 13 10 45 37 6 48 3 41 17 14 12 38 26 27 23 20 40 7 42 50 16 47 31 24 36 5 43 19 

Inst_Index:154 	 City_Num:50 	 Concorde:0.057771 	 MCTS:5.777123 Improve:0.000000 	 Time:5.00 Seconds
Solution: 1 15 8 4 38 30 41 2 46 28 17 14 18 12 5 11 45 9 19 49 6 25 10 37 16 21 31 33 22 3 42 32 35 26 13 48 27 29 50 34 44 7 20 39 47 40 24 43 36 23 

Inst_Index:155 	 City_Num:50 	 Concorde:0.057698 	 MCTS:5.794191 Improve:-0.024365 	 Time:5.00 Seconds
Solution: 1 19 47 25 49 32 35 44 28 30 5 18 9 34 14 40 8 2 4 17 23 10 3 37 41 39 13 6 48 38 31 46 15 26 29 21 50 27 24 11 7 20 42 45 43 36 16 33 22 12 

Inst_Index:156 	 City_Num:50 	 Concorde:0.056946 	 MCTS:5.688834 Improve:0.005803 	 Time:5.00 Seconds
Solution: 1 46 42 44 7 34 24 17 45 37 22 9 31 36 41 38 47 18 5 21 27 33 15 48 19 3 50 12 32 20 26 10 16 35 2 13 25 28 11 4 39 30 8 29 43 6 40 49 23 14 

Inst_Index:157 	 City_Num:50 	 Concorde:0.053924 	 MCTS:5.392450 Improve:0.000000 	 Time:5.00 Seconds
Solution: 1 47 42 17 2 43 11 9 33 44 24 14 20 25 26 36 22 6 31 3 27 7 15 28 34 38 4 45 39 40 30 10 41 21 23 48 19 29 8 46 12 50 18 35 16 5 37 13 32 49 

Inst_Index:158 	 City_Num:50 	 Concorde:0.054725 	 MCTS:5.472486 Improve:0.000000 	 Time:5.00 Seconds
Solution: 1 47 46 20 39 17 13 5 8 49 27 2 24 45 29 7 32 30 16 42 4 25 15 11 43 34 48 18 10 28 19 23 22 36 9 33 38 35 3 14 26 21 37 40 41 6 44 50 12 31 

Inst_Index:159 	 City_Num:50 	 Concorde:0.057459 	 MCTS:5.745939 Improve:0.000000 	 Time:5.00 Seconds
Solution: 1 43 18 34 6 2 13 29 19 10 5 38 41 45 8 50 42 14 36 32 39 47 37 9 7 22 30 44 26 17 3 49 25 11 12 33 28 24 20 27 15 16 31 4 40 21 35 46 48 23 

Inst_Index:160 	 City_Num:50 	 Concorde:0.057071 	 MCTS:5.703718 Improve:0.003354 	 Time:5.00 Seconds
Solution: 1 42 10 45 30 13 25 44 15 37 16 49 8 18 22 29 4 14 3 33 21 5 43 46 48 50 24 17 36 6 19 20 12 31 32 23 11 26 41 34 40 28 9 38 47 7 39 27 2 35 

Inst_Index:161 	 City_Num:50 	 Concorde:0.059017 	 MCTS:5.894954 Improve:0.006720 	 Time:5.00 Seconds
Solution: 1 35 13 45 44 41 9 24 8 18 34 31 5 12 43 50 10 27 7 17 20 48 29 49 25 2 23 46 32 40 30 26 6 11 36 28 39 15 37 4 42 3 16 21 14 19 47 22 38 33 

Inst_Index:162 	 City_Num:50 	 Concorde:0.054671 	 MCTS:5.467080 Improve:0.000000 	 Time:5.01 Seconds
Solution: 1 22 24 36 29 9 46 5 6 2 28 45 12 20 40 47 18 26 49 32 4 15 17 25 19 10 42 50 33 8 11 43 35 21 38 23 14 7 34 31 13 27 48 39 3 30 16 44 41 37 

Inst_Index:163 	 City_Num:50 	 Concorde:0.057889 	 MCTS:5.788860 Improve:0.000000 	 Time:5.00 Seconds
Solution: 1 3 16 38 40 26 15 17 12 20 31 21 2 46 30 5 8 47 48 28 18 35 50 10 42 22 39 19 49 27 7 4 25 9 13 11 14 24 6 45 43 33 32 34 29 23 36 41 44 37 

Inst_Index:164 	 City_Num:50 	 Concorde:0.058892 	 MCTS:5.889210 Improve:0.000000 	 Time:5.00 Seconds
Solution: 1 36 17 33 5 11 23 15 39 44 35 41 22 13 47 46 40 29 3 14 18 42 10 8 9 19 31 26 12 30 25 48 50 24 38 43 37 49 27 32 2 21 45 4 7 6 34 28 16 20 

Inst_Index:165 	 City_Num:50 	 Concorde:0.056368 	 MCTS:5.636767 Improve:0.000000 	 Time:5.00 Seconds
Solution: 1 26 18 15 35 23 47 8 22 25 36 40 28 24 46 37 13 34 33 10 31 7 16 20 2 9 41 39 4 12 45 19 44 21 48 42 30 17 49 6 50 38 14 5 29 27 11 43 32 3 

Inst_Index:166 	 City_Num:50 	 Concorde:0.054435 	 MCTS:5.443533 Improve:-0.000000 	 Time:5.00 Seconds
Solution: 1 33 35 4 8 32 24 44 14 3 11 38 28 42 20 9 19 23 49 18 27 50 41 21 13 45 7 6 15 39 17 10 47 30 26 31 29 34 40 16 22 25 48 37 46 43 12 2 5 36 

Inst_Index:167 	 City_Num:50 	 Concorde:0.058662 	 MCTS:5.860468 Improve:0.005779 	 Time:5.00 Seconds
Solution: 1 16 15 29 30 28 39 14 18 48 12 19 13 49 33 6 10 17 9 23 27 42 24 32 26 45 50 46 11 22 43 8 2 21 20 25 36 5 7 47 44 31 40 35 34 37 41 4 3 38 

Inst_Index:168 	 City_Num:50 	 Concorde:0.059038 	 MCTS:5.903796 Improve:0.000000 	 Time:5.00 Seconds
Solution: 1 50 4 18 37 25 30 43 16 6 10 14 11 29 15 3 34 13 9 36 31 48 47 49 17 2 46 42 28 41 12 40 22 8 35 7 26 24 33 39 23 32 20 44 19 21 5 45 27 38 

Inst_Index:169 	 City_Num:50 	 Concorde:0.057360 	 MCTS:5.736022 Improve:0.000000 	 Time:5.00 Seconds
Solution: 1 41 16 39 3 45 9 15 19 13 10 8 25 35 50 14 22 29 47 27 48 36 21 40 17 26 2 24 31 37 11 38 49 7 32 23 44 43 46 5 30 33 42 6 12 20 18 4 34 28 

Inst_Index:170 	 City_Num:50 	 Concorde:0.054627 	 MCTS:5.461865 Improve:0.000866 	 Time:5.00 Seconds
Solution: 1 13 26 10 34 40 39 21 41 7 18 36 5 44 38 42 11 32 8 43 47 27 16 23 35 9 48 19 15 20 30 46 45 37 22 49 14 33 4 6 29 12 50 31 25 28 24 2 3 17 

Inst_Index:171 	 City_Num:50 	 Concorde:0.053990 	 MCTS:5.398975 Improve:0.000000 	 Time:5.00 Seconds
Solution: 1 9 30 25 14 2 49 37 34 26 31 40 4 48 16 22 17 10 46 8 28 13 38 12 35 7 15 43 20 50 32 6 24 23 27 3 36 5 41 11 21 39 44 45 29 18 47 33 19 42 

Inst_Index:172 	 City_Num:50 	 Concorde:0.054956 	 MCTS:5.495599 Improve:-0.000000 	 Time:5.00 Seconds
Solution: 1 30 34 10 37 33 12 3 16 48 43 27 19 28 5 39 8 15 18 13 20 44 41 49 26 29 45 11 23 32 24 31 46 38 40 50 9 47 36 21 7 22 35 17 42 2 4 14 25 6 

Inst_Index:173 	 City_Num:50 	 Concorde:0.057961 	 MCTS:5.780967 Improve:0.015112 	 Time:5.00 Seconds
Solution: 1 4 27 9 20 29 15 31 13 14 35 5 10 7 34 19 21 17 12 2 23 3 40 43 11 37 48 33 36 50 45 26 46 18 41 44 49 22 42 24 8 38 16 39 30 28 25 6 32 47 

Inst_Index:174 	 City_Num:50 	 Concorde:0.056489 	 MCTS:5.648931 Improve:0.000000 	 Time:5.00 Seconds
Solution: 1 10 31 34 17 42 47 29 43 28 48 5 23 8 30 32 4 45 27 6 16 41 49 24 44 25 19 40 35 36 15 39 13 12 22 11 50 20 46 7 38 14 9 21 26 33 3 18 2 37 

Inst_Index:175 	 City_Num:50 	 Concorde:0.060358 	 MCTS:6.035846 Improve:-0.000000 	 Time:5.00 Seconds
Solution: 1 39 34 5 44 31 25 40 29 33 18 9 3 12 27 24 38 21 48 46 32 50 4 2 14 35 22 26 41 36 37 10 42 20 11 30 17 49 15 6 16 28 43 45 47 7 8 19 13 23 

Inst_Index:176 	 City_Num:50 	 Concorde:0.054718 	 MCTS:5.471782 Improve:0.000000 	 Time:5.00 Seconds
Solution: 1 25 9 49 13 34 24 44 29 11 37 45 4 16 36 39 20 47 33 18 43 41 35 7 23 26 15 40 27 42 8 3 28 48 17 21 31 38 22 2 5 10 19 32 14 12 6 50 30 46 

Inst_Index:177 	 City_Num:50 	 Concorde:0.054059 	 MCTS:5.405802 Improve:0.000145 	 Time:5.00 Seconds
Solution: 1 41 35 4 39 22 7 48 16 18 20 5 17 13 32 30 21 31 15 9 36 26 25 12 8 27 40 49 45 19 38 37 11 33 14 24 50 29 44 43 47 34 23 46 28 10 6 2 42 3 

Inst_Index:178 	 City_Num:50 	 Concorde:0.058308 	 MCTS:5.830790 Improve:-0.000000 	 Time:5.00 Seconds
Solution: 1 2 43 31 35 13 24 49 42 14 44 10 27 50 4 9 34 23 47 46 38 16 18 11 41 37 6 32 28 45 19 12 17 8 5 3 29 48 21 40 25 7 39 36 20 26 15 22 30 33 

Inst_Index:179 	 City_Num:50 	 Concorde:0.054004 	 MCTS:5.400385 Improve:0.000000 	 Time:5.01 Seconds
Solution: 1 8 18 7 17 20 16 9 32 37 41 36 15 39 21 6 19 30 50 13 12 26 5 23 44 24 46 25 48 2 22 47 27 10 35 38 45 42 49 31 33 3 40 29 28 34 4 11 14 43 

Inst_Index:180 	 City_Num:50 	 Concorde:0.055565 	 MCTS:5.556100 Improve:0.000396 	 Time:5.00 Seconds
Solution: 1 12 17 46 38 18 33 47 11 39 15 50 49 26 40 29 25 30 10 5 24 16 3 9 44 14 20 37 19 32 7 27 45 48 35 42 43 2 23 21 28 36 4 13 22 31 41 6 8 34 

Inst_Index:181 	 City_Num:50 	 Concorde:0.056174 	 MCTS:5.617391 Improve:-0.000000 	 Time:5.00 Seconds
Solution: 1 8 2 45 25 49 44 10 4 26 15 17 16 48 24 43 39 42 29 9 37 12 46 5 27 31 21 13 14 35 18 36 22 50 20 41 47 23 11 38 40 7 28 6 30 33 19 3 34 32 

Inst_Index:182 	 City_Num:50 	 Concorde:0.057774 	 MCTS:5.777364 Improve:0.000000 	 Time:5.00 Seconds
Solution: 1 44 11 28 13 39 46 22 36 31 17 24 7 37 12 5 20 40 19 18 47 15 43 9 3 49 48 23 25 21 38 27 16 30 42 14 2 41 4 6 35 8 10 26 33 32 50 45 34 29 

Inst_Index:183 	 City_Num:50 	 Concorde:0.058625 	 MCTS:5.862195 Improve:0.000303 	 Time:5.00 Seconds
Solution: 1 33 7 42 40 28 16 2 36 41 14 32 9 34 6 43 26 24 22 46 48 17 47 11 31 25 37 27 21 23 30 18 3 49 29 50 39 19 13 8 10 12 4 35 20 5 15 44 45 38 

Inst_Index:184 	 City_Num:50 	 Concorde:0.056527 	 MCTS:5.652712 Improve:0.000000 	 Time:5.00 Seconds
Solution: 1 28 30 16 32 36 3 45 23 17 39 13 41 31 25 26 19 4 18 49 5 42 10 8 38 7 29 6 40 21 20 48 47 9 35 43 12 22 2 46 14 24 37 33 44 34 50 15 27 11 

Inst_Index:185 	 City_Num:50 	 Concorde:0.059349 	 MCTS:5.927394 Improve:0.007496 	 Time:5.00 Seconds
Solution: 1 17 41 40 35 12 9 27 36 20 31 44 23 50 10 16 24 14 45 6 2 28 43 18 5 37 33 7 39 4 15 29 26 3 21 42 11 22 25 46 13 30 34 48 8 19 38 32 47 49 

Inst_Index:186 	 City_Num:50 	 Concorde:0.052722 	 MCTS:5.265368 Improve:0.006809 	 Time:5.00 Seconds
Solution: 1 26 27 21 48 35 4 3 38 6 17 19 10 29 8 18 25 40 34 44 33 49 24 23 9 30 47 14 41 13 43 16 45 36 7 15 50 22 42 5 28 37 31 39 32 46 12 2 11 20 

Inst_Index:187 	 City_Num:50 	 Concorde:0.060057 	 MCTS:6.005704 Improve:0.000000 	 Time:5.01 Seconds
Solution: 1 9 42 19 23 31 25 44 47 10 8 41 34 48 20 2 39 36 11 27 50 49 33 43 38 3 37 13 46 21 45 14 32 7 12 17 18 30 24 29 28 40 35 5 22 15 16 4 26 6 

Inst_Index:188 	 City_Num:50 	 Concorde:0.050696 	 MCTS:5.068548 Improve:0.001047 	 Time:5.00 Seconds
Solution: 1 14 41 43 4 18 34 35 40 28 3 20 13 8 39 10 31 36 17 47 50 12 49 9 7 30 5 22 15 44 2 21 16 26 45 46 37 29 38 27 24 42 23 6 32 11 33 25 19 48 

Inst_Index:189 	 City_Num:50 	 Concorde:0.054188 	 MCTS:5.413506 Improve:0.005303 	 Time:5.00 Seconds
Solution: 1 18 47 3 40 50 20 30 35 6 16 21 36 2 17 29 9 49 10 25 45 31 42 33 11 13 22 44 39 14 27 37 48 28 5 38 41 4 46 26 32 34 23 7 19 15 24 43 12 8 

Inst_Index:190 	 City_Num:50 	 Concorde:0.052771 	 MCTS:5.273355 Improve:0.003764 	 Time:5.01 Seconds
Solution: 1 9 47 11 38 35 36 22 41 15 10 25 5 13 31 16 42 20 6 46 49 43 30 45 50 3 26 12 7 18 29 40 21 17 39 28 2 24 44 23 19 33 27 37 48 14 4 8 34 32 

Inst_Index:191 	 City_Num:50 	 Concorde:0.056185 	 MCTS:5.618540 Improve:0.000000 	 Time:5.01 Seconds
Solution: 1 21 46 32 42 10 26 39 14 47 15 40 41 49 45 16 28 33 5 3 37 24 20 13 8 50 19 7 34 43 6 48 36 2 31 22 18 27 17 29 44 30 4 35 38 25 9 11 23 12 

Inst_Index:192 	 City_Num:50 	 Concorde:0.057405 	 MCTS:5.733665 Improve:0.006881 	 Time:5.01 Seconds
Solution: 1 20 18 10 8 6 42 9 38 29 21 12 50 7 14 47 44 19 23 33 49 17 11 2 15 4 34 24 45 3 31 27 16 13 32 40 30 28 43 39 46 48 22 25 36 35 41 26 5 37 

Inst_Index:193 	 City_Num:50 	 Concorde:0.058778 	 MCTS:5.877248 Improve:0.000527 	 Time:5.00 Seconds
Solution: 1 3 4 23 48 20 27 45 44 31 7 30 19 10 38 5 40 49 18 12 39 6 35 26 29 13 50 28 37 32 9 34 47 11 43 14 25 21 15 8 16 42 33 46 17 41 24 2 22 36 

Inst_Index:194 	 City_Num:50 	 Concorde:0.060132 	 MCTS:6.013166 Improve:-0.000000 	 Time:5.00 Seconds
Solution: 1 16 10 32 35 20 14 46 29 17 2 21 3 28 23 45 24 42 48 12 26 22 25 39 19 6 47 4 36 9 34 18 7 50 41 27 43 33 31 15 30 38 49 40 8 44 13 5 11 37 

Inst_Index:195 	 City_Num:50 	 Concorde:0.054568 	 MCTS:5.456848 Improve:0.000000 	 Time:5.00 Seconds
Solution: 1 43 23 14 26 4 16 48 19 8 46 5 44 3 12 36 17 27 7 18 32 29 42 13 6 11 10 28 33 49 2 38 21 25 9 15 37 41 34 22 45 24 31 20 30 50 47 40 35 39 

Inst_Index:196 	 City_Num:50 	 Concorde:0.053909 	 MCTS:5.390938 Improve:0.000000 	 Time:5.00 Seconds
Solution: 1 15 4 39 13 47 45 17 37 30 33 44 24 16 28 40 29 42 3 50 43 8 6 23 14 20 46 31 27 32 21 5 25 38 35 19 49 36 7 48 9 18 41 11 26 12 2 22 10 34 

Inst_Index:197 	 City_Num:50 	 Concorde:0.059587 	 MCTS:5.958711 Improve:-0.000000 	 Time:5.00 Seconds
Solution: 1 17 31 23 39 19 8 14 7 24 42 35 15 34 2 43 16 49 12 27 13 3 4 37 47 11 38 18 5 40 30 28 48 26 36 46 10 22 50 44 45 9 25 29 33 6 20 41 21 32 

Inst_Index:198 	 City_Num:50 	 Concorde:0.059241 	 MCTS:5.924074 Improve:0.000000 	 Time:5.00 Seconds
Solution: 1 33 36 19 41 8 31 23 5 39 30 40 18 9 37 49 14 13 24 7 4 44 21 15 45 22 48 12 47 25 34 29 6 38 27 2 3 50 17 28 43 26 42 46 11 32 10 20 16 35 

Inst_Index:199 	 City_Num:50 	 Concorde:0.058441 	 MCTS:5.844126 Improve:-0.000000 	 Time:5.00 Seconds
Solution: 1 18 47 48 2 45 19 41 40 42 9 10 23 32 15 27 35 22 29 39 33 30 12 6 44 14 49 16 13 26 38 25 50 34 7 4 43 11 46 37 17 31 20 3 21 36 24 28 8 5 

Inst_Index:200 	 City_Num:50 	 Concorde:0.055671 	 MCTS:5.565638 Improve:0.001485 	 Time:5.00 Seconds
Solution: 1 15 43 34 44 48 49 16 41 42 17 20 13 37 2 18 23 35 25 40 3 22 19 27 7 12 39 14 4 50 30 33 38 11 6 21 32 47 45 24 10 5 36 8 31 29 46 28 9 26 

Inst_Index:201 	 City_Num:50 	 Concorde:0.051880 	 MCTS:5.184333 Improve:0.003663 	 Time:5.00 Seconds
Solution: 1 22 14 29 27 12 39 5 7 17 44 19 33 21 30 28 35 37 10 47 49 6 4 26 32 9 8 43 18 13 2 16 38 3 15 25 46 24 23 45 11 40 48 50 34 36 31 41 42 20 

Inst_Index:202 	 City_Num:50 	 Concorde:0.057686 	 MCTS:5.766779 Improve:0.001791 	 Time:5.00 Seconds
Solution: 1 3 11 14 49 16 30 31 40 19 4 9 6 13 21 29 46 44 43 32 28 38 34 18 12 5 10 48 20 26 33 2 25 37 23 8 45 22 41 42 36 15 47 27 7 50 24 39 17 35 

Inst_Index:203 	 City_Num:50 	 Concorde:0.053659 	 MCTS:5.365949 Improve:0.000000 	 Time:5.00 Seconds
Solution: 1 21 24 10 28 6 43 13 29 40 16 15 36 2 17 46 32 4 42 20 3 30 37 50 11 49 22 9 26 48 47 35 33 25 12 18 45 31 23 7 41 27 8 38 39 14 44 19 34 5 

Inst_Index:204 	 City_Num:50 	 Concorde:0.058524 	 MCTS:5.852447 Improve:0.000000 	 Time:5.00 Seconds
Solution: 1 5 19 18 15 26 43 12 35 28 48 8 2 40 30 23 31 27 32 13 45 37 3 6 39 29 33 16 22 11 9 50 46 14 20 10 25 4 42 36 34 41 7 24 44 47 49 17 21 38 

Inst_Index:205 	 City_Num:50 	 Concorde:0.058425 	 MCTS:5.837990 Improve:0.004478 	 Time:5.00 Seconds
Solution: 1 19 29 17 14 18 39 28 23 25 5 15 6 26 11 10 20 9 3 42 43 21 44 40 33 24 12 48 47 16 41 34 45 27 35 22 31 36 30 49 13 50 7 4 32 8 38 37 2 46 

Inst_Index:206 	 City_Num:50 	 Concorde:0.056971 	 MCTS:5.692337 Improve:0.004726 	 Time:5.02 Seconds
Solution: 1 48 40 37 23 36 16 10 30 35 47 19 11 5 15 24 17 43 28 20 6 29 26 18 22 33 14 45 12 31 9 21 39 25 32 34 4 46 27 44 42 41 38 50 49 13 3 2 7 8 

Inst_Index:207 	 City_Num:50 	 Concorde:0.056219 	 MCTS:5.616924 Improve:0.005013 	 Time:5.01 Seconds
Solution: 1 14 12 38 32 33 11 43 40 17 24 27 15 47 36 22 44 26 45 25 6 18 34 16 2 46 7 21 5 13 31 39 9 49 30 35 41 4 19 20 23 50 8 28 37 48 3 29 42 10 

Inst_Index:208 	 City_Num:50 	 Concorde:0.055503 	 MCTS:5.550329 Improve:0.000000 	 Time:5.00 Seconds
Solution: 1 17 2 24 20 16 26 37 3 29 22 4 9 32 10 45 21 43 47 28 30 25 41 11 46 34 44 48 15 42 7 36 5 49 31 35 13 38 23 8 12 40 18 6 14 27 19 50 33 39 

Inst_Index:209 	 City_Num:50 	 Concorde:0.056882 	 MCTS:5.681012 Improve:0.007211 	 Time:5.00 Seconds
Solution: 1 28 30 32 14 21 22 29 34 26 23 18 2 42 17 39 43 47 13 20 10 45 12 4 33 19 49 5 41 44 24 40 31 11 38 27 36 35 25 15 3 16 48 8 6 9 46 7 37 50 

Inst_Index:210 	 City_Num:50 	 Concorde:0.059430 	 MCTS:5.939821 Improve:0.003189 	 Time:5.01 Seconds
Solution: 1 39 31 22 28 9 15 2 21 37 34 8 4 35 10 36 49 29 20 42 19 13 3 26 45 14 16 48 47 27 30 33 12 46 7 44 11 38 43 17 25 32 50 5 18 24 6 40 23 41 

Inst_Index:211 	 City_Num:50 	 Concorde:0.058026 	 MCTS:5.802643 Improve:0.000000 	 Time:5.00 Seconds
Solution: 1 35 20 27 16 33 49 45 38 5 11 42 14 23 2 29 25 31 10 36 3 15 37 22 13 48 43 46 18 41 21 17 12 26 4 32 19 44 39 47 30 7 24 50 8 34 9 6 28 40 

Inst_Index:212 	 City_Num:50 	 Concorde:0.063328 	 MCTS:6.332758 Improve:0.000000 	 Time:5.00 Seconds
Solution: 1 47 40 39 5 10 37 7 17 13 9 45 43 3 14 21 42 18 49 8 16 32 44 29 20 34 12 31 35 19 26 11 36 28 41 46 24 33 2 6 27 22 23 25 50 4 48 15 30 38 

Inst_Index:213 	 City_Num:50 	 Concorde:0.055599 	 MCTS:5.559894 Improve:0.000000 	 Time:5.01 Seconds
Solution: 1 33 35 31 21 25 39 24 11 37 9 7 34 14 4 26 10 19 42 46 50 15 22 16 49 12 17 6 2 20 43 47 44 28 29 3 38 5 18 45 40 48 23 41 30 36 13 32 27 8 

Inst_Index:214 	 City_Num:50 	 Concorde:0.058052 	 MCTS:5.796120 Improve:0.009121 	 Time:5.01 Seconds
Solution: 1 9 41 24 20 37 46 29 13 21 4 45 40 38 7 50 16 33 12 36 31 19 26 2 23 27 48 6 14 10 42 35 11 49 8 30 34 3 44 15 28 43 22 39 17 32 47 25 18 5 

Inst_Index:215 	 City_Num:50 	 Concorde:0.056873 	 MCTS:5.687278 Improve:0.000000 	 Time:5.00 Seconds
Solution: 1 33 2 23 28 29 46 10 40 18 11 30 7 27 45 36 4 32 6 3 25 38 41 20 16 34 31 43 39 19 15 13 42 37 8 35 9 5 50 12 21 49 47 24 44 14 17 22 26 48 

Inst_Index:216 	 City_Num:50 	 Concorde:0.055820 	 MCTS:5.581671 Improve:0.000299 	 Time:5.00 Seconds
Solution: 1 11 21 28 23 3 22 8 5 29 44 41 35 49 9 10 4 31 38 45 36 20 24 25 26 13 7 50 6 27 30 40 47 39 19 17 42 32 14 12 37 46 48 34 15 18 43 33 16 2 

Inst_Index:217 	 City_Num:50 	 Concorde:0.053388 	 MCTS:5.338831 Improve:0.000000 	 Time:5.00 Seconds
Solution: 1 39 7 36 15 22 37 11 17 50 23 30 3 32 48 10 26 6 42 40 28 13 49 43 16 2 47 18 5 9 46 31 44 45 29 19 41 12 24 21 38 8 14 20 33 34 25 4 35 27 

Inst_Index:218 	 City_Num:50 	 Concorde:0.054584 	 MCTS:5.458433 Improve:0.000000 	 Time:5.00 Seconds
Solution: 1 6 24 7 31 37 47 46 49 12 10 33 38 13 8 29 18 16 20 45 4 48 25 3 21 42 17 32 22 23 28 40 34 35 11 14 9 27 5 44 30 15 19 43 36 41 26 39 2 50 

Inst_Index:219 	 City_Num:50 	 Concorde:0.060243 	 MCTS:6.022297 Improve:0.002001 	 Time:5.00 Seconds
Solution: 1 27 6 3 19 7 10 14 43 30 4 25 29 42 44 48 16 31 5 9 18 34 37 20 15 13 11 22 41 50 23 35 24 32 39 40 38 26 12 49 8 17 33 2 46 45 47 36 28 21 

Inst_Index:220 	 City_Num:50 	 Concorde:0.057246 	 MCTS:5.724603 Improve:0.000000 	 Time:5.00 Seconds
Solution: 1 18 13 31 28 22 38 24 37 44 10 41 46 48 6 26 39 45 19 7 40 11 5 50 34 8 16 27 33 49 30 21 35 32 43 23 14 3 47 4 17 2 15 20 9 42 12 25 36 29 

Inst_Index:221 	 City_Num:50 	 Concorde:0.059424 	 MCTS:5.942383 Improve:0.000000 	 Time:5.00 Seconds
Solution: 1 22 30 14 24 10 19 17 46 26 33 49 23 11 48 27 42 45 4 12 21 32 36 18 47 5 7 25 15 29 41 9 44 39 13 37 38 43 40 2 31 28 16 8 34 3 50 20 6 35 

Inst_Index:222 	 City_Num:50 	 Concorde:0.056513 	 MCTS:5.651328 Improve:0.000000 	 Time:5.01 Seconds
Solution: 1 20 24 9 21 13 12 28 23 38 32 35 44 7 26 14 33 15 17 29 10 27 19 50 40 34 31 6 16 45 30 3 36 39 2 22 4 8 43 46 11 18 5 48 41 25 42 37 49 47 

Inst_Index:223 	 City_Num:50 	 Concorde:0.054140 	 MCTS:5.413979 Improve:0.000000 	 Time:5.01 Seconds
Solution: 1 9 29 49 32 22 44 37 15 19 23 6 35 7 18 21 5 2 11 31 48 3 40 14 46 38 47 20 12 30 27 4 26 41 43 39 28 33 24 8 25 10 42 50 17 16 34 13 36 45 

Inst_Index:224 	 City_Num:50 	 Concorde:0.053458 	 MCTS:5.344873 Improve:0.000966 	 Time:5.00 Seconds
Solution: 1 41 50 25 46 42 32 49 15 34 30 39 33 44 37 28 31 8 38 29 14 24 40 22 47 12 10 3 20 16 5 43 19 26 48 6 7 9 21 23 11 27 18 2 36 4 35 45 17 13 

Inst_Index:225 	 City_Num:50 	 Concorde:0.060166 	 MCTS:6.010492 Improve:0.006135 	 Time:5.00 Seconds
Solution: 1 38 28 33 41 7 50 9 12 20 17 5 21 25 42 45 44 3 15 35 47 43 40 49 18 31 10 30 14 16 4 8 23 24 26 34 27 19 11 37 2 22 32 36 29 13 46 39 48 6 

Inst_Index:226 	 City_Num:50 	 Concorde:0.056998 	 MCTS:5.699775 Improve:-0.000000 	 Time:5.00 Seconds
Solution: 1 9 46 22 38 41 20 13 19 15 43 49 36 35 47 45 40 42 48 39 27 50 4 16 29 44 23 14 24 32 31 37 17 30 11 33 6 18 10 2 25 21 26 28 34 8 12 7 5 3 

Inst_Index:227 	 City_Num:50 	 Concorde:0.055911 	 MCTS:5.589685 Improve:0.001387 	 Time:5.00 Seconds
Solution: 1 13 40 21 14 34 33 31 37 42 25 3 16 49 32 47 4 28 45 9 24 11 18 44 7 22 6 41 38 20 8 12 48 46 35 17 30 19 23 29 39 5 43 50 10 26 15 2 36 27 

Inst_Index:228 	 City_Num:50 	 Concorde:0.054018 	 MCTS:5.401819 Improve:0.000000 	 Time:5.00 Seconds
Solution: 1 35 40 3 48 16 25 46 15 47 14 31 36 8 13 29 44 43 42 45 17 26 20 27 24 5 21 41 6 18 49 4 33 7 12 9 38 28 11 23 2 19 22 50 37 34 32 30 10 39 

Inst_Index:229 	 City_Num:50 	 Concorde:0.056169 	 MCTS:5.616915 Improve:-0.000000 	 Time:5.01 Seconds
Solution: 1 18 17 43 32 37 31 45 22 41 14 7 11 26 10 25 8 6 4 3 20 38 50 42 46 36 34 15 21 44 5 29 28 9 12 16 27 19 2 23 33 47 30 48 39 35 40 49 24 13 

Inst_Index:230 	 City_Num:50 	 Concorde:0.057775 	 MCTS:5.777537 Improve:0.000000 	 Time:5.00 Seconds
Solution: 1 9 18 11 30 43 32 40 8 13 31 5 44 3 10 21 26 50 12 20 38 46 29 4 15 23 37 2 17 47 39 35 25 16 27 6 19 33 41 22 14 49 48 34 36 7 24 42 28 45 

Inst_Index:231 	 City_Num:50 	 Concorde:0.059984 	 MCTS:5.998373 Improve:0.000000 	 Time:5.00 Seconds
Solution: 1 28 21 18 50 31 42 25 3 19 30 13 9 48 15 16 6 35 26 12 2 23 5 38 37 45 33 34 8 39 49 22 40 4 7 32 46 11 47 41 14 24 36 29 10 43 20 17 44 27 

Inst_Index:232 	 City_Num:50 	 Concorde:0.057520 	 MCTS:5.752008 Improve:-0.000000 	 Time:5.01 Seconds
Solution: 1 20 14 8 50 37 26 25 46 29 43 49 24 42 40 33 2 39 15 28 47 5 3 23 31 45 21 19 10 38 12 27 30 44 18 4 16 7 13 48 6 22 32 35 36 11 41 34 9 17 

Inst_Index:233 	 City_Num:50 	 Concorde:0.056730 	 MCTS:5.673032 Improve:0.000000 	 Time:5.01 Seconds
Solution: 1 9 24 25 34 35 10 28 37 15 11 50 31 14 42 19 33 7 21 32 12 5 30 4 26 39 48 47 45 44 6 13 16 20 46 8 29 38 22 36 27 43 23 17 3 2 40 18 41 49 

Inst_Index:234 	 City_Num:50 	 Concorde:0.057876 	 MCTS:5.787606 Improve:0.000000 	 Time:5.01 Seconds
Solution: 1 23 37 22 6 15 30 32 36 38 9 4 14 5 7 8 49 13 26 25 3 20 33 45 34 31 28 11 17 24 39 42 29 44 27 18 43 40 50 35 12 2 41 48 47 46 19 10 16 21 

Inst_Index:235 	 City_Num:50 	 Concorde:0.055746 	 MCTS:5.569427 Improve:0.005203 	 Time:5.00 Seconds
Solution: 1 25 23 3 6 12 47 40 4 21 49 26 30 14 38 16 11 48 17 31 8 7 22 36 42 15 2 5 46 37 24 27 20 34 44 10 29 13 50 18 9 43 39 35 33 41 19 28 32 45 

Inst_Index:236 	 City_Num:50 	 Concorde:0.051505 	 MCTS:5.150481 Improve:0.000000 	 Time:5.00 Seconds
Solution: 1 45 39 38 37 26 3 47 6 10 22 14 23 9 20 11 44 42 50 35 32 25 28 31 29 7 15 21 19 48 27 49 12 13 2 33 4 30 36 18 24 40 8 43 17 16 5 46 34 41 

Inst_Index:237 	 City_Num:50 	 Concorde:0.057601 	 MCTS:5.760067 Improve:0.000000 	 Time:5.00 Seconds
Solution: 1 26 4 29 38 2 14 11 22 35 47 16 42 41 40 50 27 36 46 6 45 8 7 39 33 17 9 19 24 44 12 23 31 48 32 28 37 49 10 25 21 18 5 43 3 20 15 34 30 13 

Inst_Index:238 	 City_Num:50 	 Concorde:0.055173 	 MCTS:5.517328 Improve:0.000000 	 Time:5.00 Seconds
Solution: 1 28 33 3 38 25 35 9 47 42 24 8 36 34 45 20 30 15 19 11 12 37 39 40 13 41 6 26 5 31 46 23 17 27 4 16 48 21 22 43 32 2 29 14 10 49 7 18 44 50 

Inst_Index:239 	 City_Num:50 	 Concorde:0.057640 	 MCTS:5.763774 Improve:0.000178 	 Time:5.01 Seconds
Solution: 1 49 14 24 27 12 22 32 35 29 19 45 43 10 34 41 25 38 39 18 23 20 6 7 3 17 11 26 16 46 47 33 9 21 44 30 50 42 31 5 2 40 4 8 15 48 28 37 13 36 

Inst_Index:240 	 City_Num:50 	 Concorde:0.052189 	 MCTS:5.204852 Improve:0.014085 	 Time:5.01 Seconds
Solution: 1 26 33 35 8 27 37 17 14 47 3 34 23 7 48 5 11 20 29 22 13 45 24 30 38 31 25 42 39 49 44 12 46 43 41 9 21 32 36 40 50 16 6 18 10 19 15 28 4 2 

Inst_Index:241 	 City_Num:50 	 Concorde:0.059321 	 MCTS:5.924999 Improve:0.007131 	 Time:5.00 Seconds
Solution: 1 10 16 17 48 29 22 21 14 32 39 41 5 3 37 31 2 11 7 45 13 26 43 47 18 4 25 44 27 24 19 42 49 38 34 28 46 8 20 40 12 33 50 23 36 9 6 30 35 15 

Inst_Index:242 	 City_Num:50 	 Concorde:0.058213 	 MCTS:5.821315 Improve:-0.000000 	 Time:5.00 Seconds
Solution: 1 27 2 23 29 21 20 45 17 15 44 35 5 7 43 30 4 33 31 34 42 16 3 36 40 49 14 28 25 22 19 47 10 50 39 8 6 46 18 11 12 38 37 24 26 9 41 32 13 48 

Inst_Index:243 	 City_Num:50 	 Concorde:0.061855 	 MCTS:6.185509 Improve:0.000000 	 Time:5.00 Seconds
Solution: 1 43 6 17 20 34 24 10 37 7 11 50 39 30 31 45 32 19 38 9 49 44 8 25 33 2 36 47 27 28 12 18 35 21 4 13 3 40 46 5 42 29 14 22 16 48 26 15 41 23 

Inst_Index:244 	 City_Num:50 	 Concorde:0.057663 	 MCTS:5.766315 Improve:-0.000000 	 Time:5.00 Seconds
Solution: 1 34 36 35 31 8 4 29 16 32 38 44 25 26 20 22 19 17 9 48 3 13 39 41 12 6 5 7 46 27 37 33 50 40 2 24 45 14 10 43 23 49 15 42 28 21 18 47 11 30 

Inst_Index:245 	 City_Num:50 	 Concorde:0.054500 	 MCTS:5.449812 Improve:0.000142 	 Time:5.00 Seconds
Solution: 1 33 15 36 35 49 26 2 16 31 40 38 41 46 20 5 14 37 4 12 50 21 19 6 9 22 24 48 13 25 3 23 47 10 34 17 11 44 43 8 45 39 27 28 32 42 7 29 30 18 

Inst_Index:246 	 City_Num:50 	 Concorde:0.059787 	 MCTS:5.978199 Improve:0.000496 	 Time:5.00 Seconds
Solution: 1 15 8 41 24 21 30 11 33 4 23 20 37 10 50 31 47 2 16 42 17 32 49 7 18 29 40 22 44 6 26 28 3 45 9 5 14 39 25 35 43 34 36 12 27 38 48 46 13 19 

Inst_Index:247 	 City_Num:50 	 Concorde:0.059080 	 MCTS:5.907958 Improve:0.000000 	 Time:5.00 Seconds
Solution: 1 5 11 13 12 30 27 17 38 40 23 20 29 2 8 31 18 45 41 9 16 26 14 28 4 10 43 25 37 15 7 47 19 48 39 22 21 49 50 32 46 42 44 6 33 24 34 3 36 35 

Inst_Index:248 	 City_Num:50 	 Concorde:0.059388 	 MCTS:5.938753 Improve:0.000000 	 Time:5.00 Seconds
Solution: 1 33 43 15 46 47 30 28 10 44 21 31 32 6 19 45 36 18 11 4 40 12 41 9 34 26 14 22 50 24 17 23 37 29 38 3 13 2 16 39 5 25 35 42 20 49 48 7 8 27 

Inst_Index:249 	 City_Num:50 	 Concorde:0.056681 	 MCTS:5.663215 Improve:0.004840 	 Time:5.00 Seconds
Solution: 1 33 23 16 47 10 48 35 13 45 9 41 46 40 36 21 25 19 22 44 30 24 37 28 43 31 11 34 42 4 26 5 7 20 27 38 14 12 2 6 15 3 17 29 50 18 8 32 39 49 

Inst_Index:250 	 City_Num:50 	 Concorde:0.056982 	 MCTS:5.698165 Improve:-0.000000 	 Time:5.00 Seconds
Solution: 1 44 14 50 17 28 30 46 4 22 9 35 3 45 47 39 42 12 13 43 40 29 31 21 16 36 19 24 20 49 32 23 2 6 27 33 34 25 37 7 10 26 38 5 8 11 48 15 41 18 

Inst_Index:251 	 City_Num:50 	 Concorde:0.056655 	 MCTS:5.661290 Improve:0.004208 	 Time:5.00 Seconds
Solution: 1 22 27 19 35 10 12 36 43 41 20 23 13 47 26 2 4 28 30 49 5 50 48 14 17 15 34 40 45 16 24 21 29 6 39 9 11 44 46 18 33 8 25 7 42 3 32 37 31 38 

Inst_Index:252 	 City_Num:50 	 Concorde:0.055503 	 MCTS:5.550311 Improve:0.000000 	 Time:5.00 Seconds
Solution: 1 18 42 27 44 22 26 19 34 32 4 36 48 10 17 41 11 24 47 9 5 16 23 37 21 12 13 35 39 43 14 2 20 7 29 31 46 6 28 15 30 45 3 25 38 49 33 50 40 8 

Inst_Index:253 	 City_Num:50 	 Concorde:0.053736 	 MCTS:5.371563 Improve:0.002053 	 Time:5.00 Seconds
Solution: 1 4 13 42 41 27 20 31 25 40 30 9 48 22 10 26 23 21 18 28 33 50 14 39 47 32 37 7 29 43 3 6 34 44 35 45 12 2 8 49 46 15 5 38 19 36 11 24 16 17 

Inst_Index:254 	 City_Num:50 	 Concorde:0.054646 	 MCTS:5.464589 Improve:0.000000 	 Time:5.00 Seconds
Solution: 1 29 38 6 7 32 13 47 46 4 27 5 33 12 48 3 35 41 20 24 44 23 8 39 9 31 30 15 19 10 42 45 18 37 49 26 28 50 36 17 14 43 40 2 34 11 25 22 21 16 

Inst_Index:255 	 City_Num:50 	 Concorde:0.060490 	 MCTS:6.046386 Improve:0.002645 	 Time:5.00 Seconds
Solution: 1 26 8 29 33 46 24 10 37 40 19 50 18 16 14 47 23 28 4 11 12 31 38 17 43 45 3 36 9 30 39 41 35 6 13 21 5 15 44 25 32 2 20 22 49 7 42 48 34 27 

Inst_Index:256 	 City_Num:50 	 Concorde:0.056698 	 MCTS:5.669808 Improve:-0.000000 	 Time:5.00 Seconds
Solution: 1 24 30 18 26 6 10 39 9 48 46 29 41 28 43 35 15 11 3 34 19 37 22 45 13 2 31 40 50 7 49 36 17 33 38 14 23 44 20 4 42 5 21 27 16 8 25 12 32 47 

Inst_Index:257 	 City_Num:50 	 Concorde:0.055698 	 MCTS:5.569724 Improve:0.000108 	 Time:5.01 Seconds
Solution: 1 32 46 22 24 27 20 29 34 12 16 48 10 33 18 39 17 36 45 11 44 47 4 37 19 30 14 31 40 23 25 28 9 38 42 3 6 7 43 35 26 49 13 2 41 15 5 50 8 21 

Inst_Index:258 	 City_Num:50 	 Concorde:0.051772 	 MCTS:5.177178 Improve:-0.000000 	 Time:5.00 Seconds
Solution: 1 15 12 46 13 18 36 5 9 14 11 10 26 41 48 42 29 20 47 45 44 34 24 22 2 38 33 39 31 6 43 7 16 4 40 30 25 28 27 35 37 21 50 3 32 23 17 8 49 19 

Inst_Index:259 	 City_Num:50 	 Concorde:0.058293 	 MCTS:5.827967 Improve:0.001344 	 Time:5.00 Seconds
Solution: 1 16 9 14 33 12 36 22 11 30 34 21 7 37 35 13 32 49 20 8 24 17 44 45 5 41 26 25 2 3 46 50 38 43 18 48 47 31 15 6 42 39 40 28 27 4 19 29 23 10 

Inst_Index:260 	 City_Num:50 	 Concorde:0.058525 	 MCTS:5.852522 Improve:-0.000000 	 Time:5.00 Seconds
Solution: 1 8 37 28 47 43 29 44 19 49 10 46 13 22 18 4 38 2 23 5 25 24 16 41 15 35 40 6 20 27 17 42 33 45 36 3 31 7 34 21 9 32 11 12 14 26 39 30 50 48 

Inst_Index:261 	 City_Num:50 	 Concorde:0.055885 	 MCTS:5.588531 Improve:0.000000 	 Time:5.00 Seconds
Solution: 1 16 4 42 31 28 33 44 47 12 25 49 7 22 50 13 29 26 2 37 20 35 19 10 5 14 15 18 45 32 30 11 36 6 27 9 46 21 34 41 48 17 24 39 8 38 40 23 3 43 

Inst_Index:262 	 City_Num:50 	 Concorde:0.053011 	 MCTS:5.301135 Improve:-0.000000 	 Time:5.00 Seconds
Solution: 1 15 13 3 24 48 44 41 36 47 45 21 32 25 18 30 26 49 4 20 40 37 22 34 31 39 9 2 42 8 5 7 28 6 43 16 38 35 27 46 23 12 10 29 17 33 50 14 19 11 

Inst_Index:263 	 City_Num:50 	 Concorde:0.056331 	 MCTS:5.632842 Improve:0.000251 	 Time:5.00 Seconds
Solution: 1 29 25 3 48 36 49 15 42 31 11 22 45 26 41 6 19 17 7 44 39 2 9 28 30 14 16 33 43 18 5 8 10 32 21 24 37 13 46 20 4 40 23 38 34 35 27 47 50 12 

Inst_Index:264 	 City_Num:50 	 Concorde:0.057378 	 MCTS:5.737414 Improve:0.000423 	 Time:5.00 Seconds
Solution: 1 46 23 33 45 35 13 40 29 16 47 21 22 30 42 39 31 32 4 18 17 3 50 11 44 9 8 43 49 2 41 28 15 7 36 26 19 27 5 25 24 14 48 20 12 10 6 34 37 38 

Inst_Index:265 	 City_Num:50 	 Concorde:0.054469 	 MCTS:5.446937 Improve:0.000000 	 Time:5.00 Seconds
Solution: 1 13 39 47 35 7 33 14 10 43 12 5 40 45 11 34 4 30 26 37 25 9 49 16 18 31 38 36 21 27 42 23 2 29 28 3 17 48 50 8 6 32 15 19 46 20 41 24 22 44 

Inst_Index:266 	 City_Num:50 	 Concorde:0.058004 	 MCTS:5.795177 Improve:0.005178 	 Time:5.01 Seconds
Solution: 1 27 46 8 13 20 16 15 42 44 9 24 6 45 18 36 49 41 22 30 48 33 35 47 2 3 50 31 34 40 19 11 43 12 26 23 29 21 38 10 17 28 4 32 25 39 5 37 7 14 

Inst_Index:267 	 City_Num:50 	 Concorde:0.058826 	 MCTS:5.880492 Improve:0.002102 	 Time:5.00 Seconds
Solution: 1 46 38 50 17 15 35 5 9 26 18 23 37 33 2 40 13 11 22 39 34 48 20 30 47 27 25 19 24 44 14 6 4 8 31 16 43 7 29 28 3 10 49 41 32 12 42 45 21 36 

Inst_Index:268 	 City_Num:50 	 Concorde:0.054673 	 MCTS:5.460542 Improve:0.006755 	 Time:5.00 Seconds
Solution: 1 41 21 50 40 26 30 18 49 45 7 43 48 42 46 20 25 22 28 13 4 35 38 47 6 15 5 31 3 27 10 11 39 32 29 8 19 16 44 14 37 33 9 12 17 24 23 36 34 2 

Inst_Index:269 	 City_Num:50 	 Concorde:0.059215 	 MCTS:5.921504 Improve:0.000000 	 Time:5.00 Seconds
Solution: 1 50 45 23 42 20 36 31 37 8 9 47 7 5 41 48 10 11 34 27 6 22 28 17 2 21 18 19 35 44 15 43 12 30 3 26 46 14 40 38 24 16 25 39 29 4 33 49 32 13 

Inst_Index:270 	 City_Num:50 	 Concorde:0.057414 	 MCTS:5.733710 Improve:0.007662 	 Time:5.00 Seconds
Solution: 1 4 45 49 34 44 25 28 43 3 2 36 26 11 42 29 31 12 30 15 38 5 9 14 21 37 40 50 16 47 6 35 22 8 10 24 7 48 17 33 39 20 32 27 13 46 19 23 18 41 

Inst_Index:271 	 City_Num:50 	 Concorde:0.053017 	 MCTS:5.301750 Improve:-0.000000 	 Time:5.00 Seconds
Solution: 1 27 17 21 43 36 33 23 31 9 4 30 39 49 5 42 41 19 26 35 37 25 48 2 29 11 16 28 44 6 45 20 10 15 13 50 8 3 7 14 40 12 32 34 22 47 24 38 18 46 

Inst_Index:272 	 City_Num:50 	 Concorde:0.060133 	 MCTS:6.012527 Improve:0.000761 	 Time:5.00 Seconds
Solution: 1 17 3 30 4 45 7 13 31 9 24 8 27 46 34 48 20 12 6 10 50 42 21 35 33 22 36 5 40 41 32 43 18 23 28 25 39 29 26 44 15 2 38 14 49 19 16 11 37 47 

Inst_Index:273 	 City_Num:50 	 Concorde:0.059243 	 MCTS:5.921577 Improve:0.002759 	 Time:5.00 Seconds
Solution: 1 16 10 42 31 14 17 15 22 20 48 23 18 2 24 12 30 34 3 41 19 44 28 43 36 27 46 49 47 32 35 4 9 40 6 11 50 21 33 38 5 13 25 26 7 45 37 39 29 8 

Inst_Index:274 	 City_Num:50 	 Concorde:0.060450 	 MCTS:6.035129 Improve:0.009871 	 Time:5.00 Seconds
Solution: 1 8 49 35 13 5 33 34 40 47 27 26 15 4 43 10 39 24 38 48 3 21 29 30 37 19 18 12 14 45 2 23 28 46 7 41 17 11 9 36 50 42 20 22 31 16 25 32 6 44 

Inst_Index:275 	 City_Num:50 	 Concorde:0.057386 	 MCTS:5.738581 Improve:-0.000000 	 Time:5.00 Seconds
Solution: 1 45 7 24 28 46 34 18 47 27 48 41 3 29 49 12 30 6 4 11 17 23 36 19 16 50 26 42 5 14 35 22 20 15 25 40 31 38 21 43 37 9 39 32 33 8 44 13 2 10 

Inst_Index:276 	 City_Num:50 	 Concorde:0.056381 	 MCTS:5.633415 Improve:0.004648 	 Time:5.00 Seconds
Solution: 1 29 9 26 49 38 4 31 50 25 44 5 43 12 45 21 40 18 30 39 46 19 8 22 15 33 10 28 11 16 48 20 14 35 37 27 32 23 42 7 17 47 3 24 34 2 6 41 13 36 

Inst_Index:277 	 City_Num:50 	 Concorde:0.059995 	 MCTS:5.999460 Improve:0.000000 	 Time:5.00 Seconds
Solution: 1 20 34 35 8 24 42 11 19 21 2 4 12 33 23 13 15 3 7 46 40 6 5 38 50 31 45 32 30 9 22 14 17 37 10 48 28 16 39 18 29 43 27 44 47 49 25 36 26 41 

Inst_Index:278 	 City_Num:50 	 Concorde:0.054337 	 MCTS:5.433713 Improve:-0.000000 	 Time:5.00 Seconds
Solution: 1 35 6 36 21 15 8 10 39 41 44 49 24 31 47 33 14 18 2 32 45 48 7 9 28 4 11 13 3 23 17 16 43 34 27 38 5 25 42 37 20 22 29 30 26 46 12 40 50 19 

Inst_Index:279 	 City_Num:50 	 Concorde:0.054485 	 MCTS:5.448526 Improve:0.000000 	 Time:5.00 Seconds
Solution: 1 29 23 45 16 44 50 46 35 47 15 5 11 34 49 9 10 39 2 40 33 8 22 38 4 26 18 12 32 28 27 3 17 20 43 30 48 6 21 36 37 24 7 14 19 42 25 41 31 13 

Inst_Index:280 	 City_Num:50 	 Concorde:0.059227 	 MCTS:5.922167 Improve:0.000538 	 Time:5.00 Seconds
Solution: 1 7 2 43 30 48 8 29 35 39 36 42 21 31 14 38 45 6 40 46 34 44 22 18 26 13 19 9 12 49 50 24 10 28 32 27 37 16 5 4 11 23 15 20 25 47 3 33 17 41 

Inst_Index:281 	 City_Num:50 	 Concorde:0.057093 	 MCTS:5.706143 Improve:0.003183 	 Time:5.00 Seconds
Solution: 1 50 20 45 22 48 27 38 40 9 31 42 3 18 47 35 24 4 21 15 12 44 17 33 46 23 6 32 14 34 30 49 2 5 43 19 16 26 11 41 25 10 28 29 39 13 36 8 7 37 

Inst_Index:282 	 City_Num:50 	 Concorde:0.058706 	 MCTS:5.870598 Improve:-0.000000 	 Time:5.00 Seconds
Solution: 1 44 35 41 39 46 32 30 36 6 2 15 5 10 29 21 31 28 19 27 9 42 47 3 40 37 43 45 34 12 49 18 13 11 16 22 25 33 17 38 7 4 14 20 23 8 24 50 26 48 

Inst_Index:283 	 City_Num:50 	 Concorde:0.054630 	 MCTS:5.453526 Improve:0.009483 	 Time:5.01 Seconds
Solution: 1 35 42 43 28 5 11 48 37 24 27 39 14 23 40 29 6 46 21 31 4 13 50 25 30 47 33 19 8 45 10 3 18 22 32 7 44 36 20 9 12 26 38 41 16 2 49 15 17 34 

Inst_Index:284 	 City_Num:50 	 Concorde:0.056613 	 MCTS:5.661278 Improve:0.000000 	 Time:5.00 Seconds
Solution: 1 7 39 48 36 25 18 49 37 12 29 2 21 8 14 30 40 33 9 47 46 38 16 20 11 5 17 45 28 34 50 10 44 3 13 23 15 27 42 43 26 4 22 32 6 41 35 24 19 31 

Inst_Index:285 	 City_Num:50 	 Concorde:0.056204 	 MCTS:5.620367 Improve:0.000000 	 Time:5.00 Seconds
Solution: 1 14 31 6 41 28 27 33 12 4 10 26 2 40 43 23 13 18 44 24 37 46 11 35 45 49 32 36 25 22 47 19 20 8 29 16 50 30 48 17 42 21 34 9 5 3 7 15 39 38 

Inst_Index:286 	 City_Num:50 	 Concorde:0.057705 	 MCTS:5.766960 Improve:0.003543 	 Time:5.01 Seconds
Solution: 1 31 34 30 22 50 8 49 14 9 24 39 12 44 4 18 37 42 41 23 27 48 7 36 43 33 38 45 6 11 20 26 19 40 29 35 28 3 15 32 47 21 16 46 13 10 17 25 5 2 

Inst_Index:287 	 City_Num:50 	 Concorde:0.063948 	 MCTS:6.394858 Improve:-0.000037 	 Time:5.00 Seconds
Solution: 1 10 17 31 13 9 4 37 14 25 34 44 48 46 22 26 11 38 30 15 42 36 19 3 12 27 24 29 5 33 50 41 32 47 7 43 49 16 6 20 23 45 21 39 2 18 40 28 35 8 

Inst_Index:288 	 City_Num:50 	 Concorde:0.058095 	 MCTS:5.809514 Improve:-0.000000 	 Time:5.00 Seconds
Solution: 1 30 20 40 25 39 46 13 44 32 9 28 3 22 23 19 21 31 12 17 37 15 41 34 35 26 38 8 50 18 49 7 43 27 45 48 47 5 36 16 14 42 11 24 2 10 29 33 6 4 

Inst_Index:289 	 City_Num:50 	 Concorde:0.054738 	 MCTS:5.470821 Improve:0.002930 	 Time:5.00 Seconds
Solution: 1 31 19 36 35 2 8 23 14 29 13 24 16 25 34 18 10 45 37 12 17 32 40 49 44 43 6 21 42 33 9 4 38 15 30 5 22 48 11 39 46 47 3 27 41 26 28 20 7 50 

Inst_Index:290 	 City_Num:50 	 Concorde:0.055199 	 MCTS:5.519852 Improve:0.000000 	 Time:5.00 Seconds
Solution: 1 41 10 20 24 37 28 18 23 27 39 45 8 4 9 49 7 31 30 47 17 6 33 43 34 35 40 25 3 13 12 21 32 16 14 22 48 29 5 11 19 46 44 42 2 38 36 26 15 50 

Inst_Index:291 	 City_Num:50 	 Concorde:0.058370 	 MCTS:5.836976 Improve:-0.000000 	 Time:5.00 Seconds
Solution: 1 27 28 42 25 17 11 2 31 10 18 19 38 37 23 6 32 40 29 50 3 34 46 20 45 33 44 13 5 48 16 26 35 4 9 14 47 30 49 36 24 8 41 43 15 22 21 12 39 7 

Inst_Index:292 	 City_Num:50 	 Concorde:0.057654 	 MCTS:5.765406 Improve:0.000000 	 Time:5.00 Seconds
Solution: 1 8 43 50 42 46 29 36 21 35 11 48 25 7 24 10 3 38 12 9 23 4 16 20 32 19 15 31 13 47 22 34 44 26 40 18 27 17 41 14 2 6 39 5 30 45 37 33 49 28 

Inst_Index:293 	 City_Num:50 	 Concorde:0.055466 	 MCTS:5.546625 Improve:0.000000 	 Time:5.00 Seconds
Solution: 1 20 37 45 3 33 14 8 29 6 34 30 43 31 38 39 47 7 46 24 5 41 44 21 42 9 2 12 26 13 4 11 17 36 35 18 15 49 48 25 40 22 16 23 32 10 19 28 27 50 

Inst_Index:294 	 City_Num:50 	 Concorde:0.057466 	 MCTS:5.744033 Improve:0.002549 	 Time:5.01 Seconds
Solution: 1 36 10 13 27 29 48 4 12 43 44 25 45 41 34 31 17 47 24 2 37 3 46 6 14 39 50 42 8 35 26 19 11 16 18 20 38 33 49 21 9 23 15 28 30 40 5 7 22 32 

Inst_Index:295 	 City_Num:50 	 Concorde:0.052496 	 MCTS:5.249600 Improve:0.000000 	 Time:5.00 Seconds
Solution: 1 10 20 25 30 16 33 9 24 40 32 12 2 19 31 13 47 5 15 41 8 38 35 42 45 28 46 23 48 22 36 44 37 11 18 14 4 6 50 26 27 3 17 43 39 21 29 7 34 49 

Inst_Index:296 	 City_Num:50 	 Concorde:0.059123 	 MCTS:5.912315 Improve:-0.000000 	 Time:5.00 Seconds
Solution: 1 16 8 10 33 42 25 6 32 15 20 23 46 36 13 17 34 40 3 45 29 14 43 49 26 39 19 35 31 21 12 30 44 41 38 7 18 5 37 28 48 50 4 22 9 27 11 47 24 2 

Inst_Index:297 	 City_Num:50 	 Concorde:0.059947 	 MCTS:5.994677 Improve:-0.000000 	 Time:5.00 Seconds
Solution: 1 14 26 24 30 33 25 3 7 2 27 11 23 18 45 13 21 19 29 10 39 22 12 20 37 5 34 43 9 42 49 31 48 15 8 36 32 46 35 38 41 28 47 6 44 17 50 16 40 4 

Inst_Index:298 	 City_Num:50 	 Concorde:0.057147 	 MCTS:5.714667 Improve:-0.000000 	 Time:5.00 Seconds
Solution: 1 36 4 49 15 21 7 50 48 38 3 29 28 9 17 16 11 22 42 32 18 31 19 10 13 24 26 8 12 25 40 35 45 44 34 46 23 33 27 6 47 37 20 41 5 14 30 39 2 43 

Inst_Index:299 	 City_Num:50 	 Concorde:0.060256 	 MCTS:6.021423 Improve:0.004210 	 Time:5.00 Seconds
Solution: 1 25 41 29 39 50 30 12 36 28 34 20 2 22 17 13 15 16 14 37 4 6 35 33 27 45 9 40 5 32 18 48 31 38 7 44 10 47 19 8 42 11 46 43 3 21 23 26 49 24 

Inst_Index:300 	 City_Num:50 	 Concorde:0.050598 	 MCTS:5.059830 Improve:0.000000 	 Time:5.00 Seconds
Solution: 1 15 34 35 11 33 29 24 43 25 45 5 38 8 47 49 10 50 22 46 31 17 21 28 36 9 19 39 23 32 12 44 4 41 6 48 13 26 18 27 20 7 42 2 14 16 30 3 40 37 

Inst_Index:301 	 City_Num:50 	 Concorde:0.053191 	 MCTS:5.319071 Improve:-0.000000 	 Time:5.00 Seconds
Solution: 1 38 30 21 33 27 3 40 48 19 25 28 10 34 11 32 47 36 17 18 41 26 31 45 46 24 4 29 23 22 37 42 14 35 39 43 5 9 15 49 50 2 13 20 12 8 44 16 6 7 

Inst_Index:302 	 City_Num:50 	 Concorde:0.056657 	 MCTS:5.662542 Improve:0.003177 	 Time:5.00 Seconds
Solution: 1 26 45 49 19 31 39 33 16 5 22 43 35 41 2 34 28 47 7 3 15 44 14 38 42 46 11 13 9 29 50 40 4 36 37 30 24 10 8 17 48 12 6 20 27 32 21 23 25 18 

Inst_Index:303 	 City_Num:50 	 Concorde:0.055802 	 MCTS:5.577866 Improve:0.002298 	 Time:5.00 Seconds
Solution: 1 5 6 9 4 18 3 47 8 48 21 16 27 42 22 10 37 11 44 14 45 40 26 13 2 43 15 46 31 25 35 34 49 12 32 30 36 50 41 28 19 33 39 7 23 24 17 20 29 38 

Inst_Index:304 	 City_Num:50 	 Concorde:0.061160 	 MCTS:6.116021 Improve:-0.000000 	 Time:5.00 Seconds
Solution: 1 45 17 29 2 37 9 3 22 47 28 25 33 50 24 38 46 31 6 42 32 14 35 49 10 43 18 39 20 5 4 44 48 34 41 40 19 27 8 26 30 21 13 11 15 12 23 7 16 36 

Inst_Index:305 	 City_Num:50 	 Concorde:0.054587 	 MCTS:5.458687 Improve:0.000000 	 Time:5.00 Seconds
Solution: 1 2 50 38 17 4 27 21 12 6 34 16 7 36 43 29 18 15 19 31 37 10 47 26 8 24 32 20 46 14 11 33 22 40 13 48 25 28 41 42 39 23 45 49 35 3 44 5 30 9 

Inst_Index:306 	 City_Num:50 	 Concorde:0.051464 	 MCTS:5.146357 Improve:0.000000 	 Time:5.00 Seconds
Solution: 1 30 5 19 2 36 14 10 11 39 20 17 40 6 4 28 49 16 42 31 47 48 27 45 7 32 24 50 21 9 29 33 25 43 23 12 3 37 35 22 34 13 15 18 26 44 38 8 41 46 

Inst_Index:307 	 City_Num:50 	 Concorde:0.055202 	 MCTS:5.516750 Improve:0.003499 	 Time:5.00 Seconds
Solution: 1 46 37 32 22 10 24 20 29 21 6 48 11 34 28 13 2 17 18 36 33 26 8 35 50 40 9 49 30 5 15 41 12 27 45 42 7 4 38 43 47 3 23 39 25 16 14 19 31 44 

Inst_Index:308 	 City_Num:50 	 Concorde:0.055997 	 MCTS:5.599742 Improve:-0.000000 	 Time:5.00 Seconds
Solution: 1 23 27 15 26 46 18 14 12 50 31 25 40 22 37 44 4 29 30 5 24 8 17 36 34 2 35 16 49 28 32 3 43 19 41 33 11 21 47 7 20 39 48 13 10 38 6 9 42 45 

Inst_Index:309 	 City_Num:50 	 Concorde:0.058184 	 MCTS:5.817576 Improve:0.000784 	 Time:5.00 Seconds
Solution: 1 22 25 24 49 18 27 23 44 30 35 3 4 2 48 11 39 45 20 31 50 40 21 13 41 14 8 37 12 36 43 17 19 38 33 7 5 15 16 42 6 10 32 26 47 9 28 29 34 46 

Inst_Index:310 	 City_Num:50 	 Concorde:0.057108 	 MCTS:5.710830 Improve:0.000000 	 Time:5.00 Seconds
Solution: 1 41 2 31 22 29 42 18 16 19 9 45 49 14 12 36 47 3 39 20 23 7 37 35 25 30 13 46 8 15 40 38 43 24 34 21 50 17 28 32 11 26 4 33 5 48 6 10 27 44 

Inst_Index:311 	 City_Num:50 	 Concorde:0.055065 	 MCTS:5.504782 Improve:0.001756 	 Time:5.00 Seconds
Solution: 1 22 6 11 4 8 33 20 2 41 44 17 26 34 23 12 50 3 25 38 46 48 49 37 32 14 35 28 45 10 18 13 47 31 7 16 27 40 29 15 5 39 19 9 30 42 21 36 24 43 

Inst_Index:312 	 City_Num:50 	 Concorde:0.057350 	 MCTS:5.731906 Improve:0.003118 	 Time:5.00 Seconds
Solution: 1 33 45 14 42 3 17 22 49 8 24 48 16 7 43 26 44 38 25 27 5 35 31 13 30 34 41 20 12 18 47 28 46 29 36 9 50 4 19 32 6 2 21 11 40 39 37 15 23 10 

Inst_Index:313 	 City_Num:50 	 Concorde:0.053299 	 MCTS:5.329851 Improve:0.000000 	 Time:5.00 Seconds
Solution: 1 24 32 20 44 4 29 39 3 13 18 36 45 38 17 5 22 27 50 12 48 10 23 6 16 31 49 11 15 14 42 28 34 8 33 46 47 25 37 7 43 19 9 21 26 2 35 30 41 40 


Avg_Concorde_Distance: 5.674005 Avg_MCTS_Distance: 5.672882 Avg_Gap: -0.000198 Total_Time: 1566.15 Seconds 
 Beat_Best_Known_Times: 119 Match_Best_Known_Times: 190 Miss_Best_Known_Times: 4 
