Number_of_Instances_In_Current_Batch: 313

Inst_Index:6574 	 City_Num:50 	 Concorde:0.054506 	 MCTS:5.447556 Improve:0.003031 	 Time:5.00 Seconds
Solution: 1 13 16 8 21 7 45 10 36 37 22 49 50 46 30 25 14 32 19 38 27 39 17 12 15 34 42 11 4 31 6 5 9 47 2 18 29 41 3 24 35 33 44 26 48 43 20 23 40 28 

Inst_Index:6575 	 City_Num:50 	 Concorde:0.061578 	 MCTS:6.156401 Improve:0.001353 	 Time:5.00 Seconds
Solution: 1 34 3 18 17 23 36 5 28 21 49 31 43 22 24 29 7 27 35 25 46 11 44 45 2 41 14 20 9 38 33 6 48 4 32 13 19 10 39 15 26 40 8 37 30 50 42 12 16 47 

Inst_Index:6576 	 City_Num:50 	 Concorde:0.057277 	 MCTS:5.727695 Improve:0.000000 	 Time:5.00 Seconds
Solution: 1 17 42 31 18 27 5 26 46 47 50 3 2 22 48 8 21 33 40 16 34 10 28 23 20 9 25 37 11 13 14 32 39 12 41 36 44 30 6 19 43 24 29 38 35 4 15 49 45 7 

Inst_Index:6577 	 City_Num:50 	 Concorde:0.056825 	 MCTS:5.692921 Improve:-0.010372 	 Time:5.00 Seconds
Solution: 1 23 3 2 19 4 5 20 9 48 28 40 49 8 36 34 33 15 47 41 27 32 26 46 35 18 11 31 17 13 10 14 30 16 7 45 37 43 29 24 12 25 38 21 44 6 22 42 39 50 

Inst_Index:6578 	 City_Num:50 	 Concorde:0.055309 	 MCTS:5.520614 Improve:0.010276 	 Time:5.00 Seconds
Solution: 1 7 18 46 40 42 45 24 22 17 36 30 50 39 48 9 38 4 13 35 28 27 12 6 23 5 8 20 44 16 41 3 14 25 10 34 15 26 33 21 47 2 43 37 49 29 19 11 31 32 

Inst_Index:6579 	 City_Num:50 	 Concorde:0.054828 	 MCTS:5.482793 Improve:-0.000000 	 Time:5.00 Seconds
Solution: 1 22 32 12 42 50 33 47 31 45 23 28 6 7 29 30 20 10 49 18 37 15 2 43 44 25 26 35 19 14 3 41 4 38 39 17 13 16 27 11 9 5 40 8 48 36 34 46 24 21 

Inst_Index:6580 	 City_Num:50 	 Concorde:0.053274 	 MCTS:5.327357 Improve:0.000000 	 Time:5.00 Seconds
Solution: 1 19 47 26 15 18 17 23 3 21 30 20 37 28 10 8 22 29 4 44 16 34 40 24 7 11 35 49 43 13 25 36 42 38 45 48 27 31 9 39 5 2 6 14 46 32 33 50 41 12 

Inst_Index:6581 	 City_Num:50 	 Concorde:0.058798 	 MCTS:5.879810 Improve:-0.000000 	 Time:5.00 Seconds
Solution: 1 37 16 14 19 40 27 36 11 10 35 9 17 46 29 12 34 28 38 3 23 31 24 26 42 20 39 45 25 6 32 15 18 47 41 22 5 49 33 4 48 13 8 43 7 21 44 50 2 30 

Inst_Index:6582 	 City_Num:50 	 Concorde:0.054629 	 MCTS:5.462927 Improve:0.000000 	 Time:5.00 Seconds
Solution: 1 27 4 48 31 47 8 14 49 35 45 24 50 3 18 33 2 37 39 16 10 40 23 43 20 29 41 28 19 34 17 38 12 15 32 5 6 7 44 36 30 9 26 42 25 22 11 46 13 21 

Inst_Index:6583 	 City_Num:50 	 Concorde:0.052942 	 MCTS:5.294239 Improve:0.000000 	 Time:5.00 Seconds
Solution: 1 20 29 46 11 36 38 37 6 40 35 17 22 44 34 2 45 48 13 8 7 9 32 23 14 24 4 5 43 3 19 10 28 33 27 31 26 42 25 47 41 21 15 12 18 30 50 39 49 16 

Inst_Index:6584 	 City_Num:50 	 Concorde:0.054232 	 MCTS:5.418359 Improve:0.004884 	 Time:5.00 Seconds
Solution: 1 40 33 26 48 21 8 6 43 9 3 2 17 10 27 19 14 13 24 5 32 20 30 29 12 11 28 50 45 25 38 18 36 16 47 22 35 34 42 49 39 46 31 7 23 15 44 37 41 4 

Inst_Index:6585 	 City_Num:50 	 Concorde:0.058683 	 MCTS:5.865240 Improve:0.003036 	 Time:5.00 Seconds
Solution: 1 43 3 48 16 6 33 30 38 37 14 17 5 7 19 12 44 50 39 15 2 35 40 26 32 41 9 24 31 20 28 4 27 49 23 8 22 10 45 25 11 21 47 34 46 36 18 29 13 42 

Inst_Index:6586 	 City_Num:50 	 Concorde:0.058797 	 MCTS:5.879686 Improve:-0.000000 	 Time:5.00 Seconds
Solution: 1 22 40 38 18 46 37 9 13 45 11 41 19 33 24 3 17 35 15 42 47 7 44 48 12 20 36 4 43 29 32 10 6 23 8 28 49 31 27 39 21 16 14 30 50 5 34 2 25 26 

Inst_Index:6587 	 City_Num:50 	 Concorde:0.056153 	 MCTS:5.615286 Improve:-0.000000 	 Time:5.00 Seconds
Solution: 1 29 9 20 14 44 42 36 10 2 46 18 35 45 11 25 15 41 19 26 49 40 8 7 23 6 37 16 4 22 12 3 13 30 50 17 24 34 32 5 47 38 33 39 48 21 43 27 28 31 

Inst_Index:6588 	 City_Num:50 	 Concorde:0.060192 	 MCTS:6.019239 Improve:0.000000 	 Time:5.00 Seconds
Solution: 1 49 17 15 50 21 31 38 27 37 26 5 6 47 39 33 43 23 20 16 29 32 2 34 41 3 24 35 11 10 13 46 9 25 30 28 19 7 40 42 36 8 45 4 18 48 44 12 14 22 

Inst_Index:6589 	 City_Num:50 	 Concorde:0.059455 	 MCTS:5.944575 Improve:0.000927 	 Time:5.00 Seconds
Solution: 1 35 28 43 27 10 38 34 26 18 25 48 44 37 12 46 29 21 17 33 15 4 9 49 19 7 11 2 50 14 20 24 42 31 23 45 39 3 32 40 36 16 13 6 47 30 5 22 8 41 

Inst_Index:6590 	 City_Num:50 	 Concorde:0.059186 	 MCTS:5.918623 Improve:0.000000 	 Time:5.00 Seconds
Solution: 1 37 49 19 2 46 21 34 7 40 35 48 36 30 31 25 8 12 43 29 44 16 38 45 32 5 26 6 14 11 22 17 33 27 28 9 18 47 23 24 42 50 4 13 39 10 15 3 41 20 

Inst_Index:6591 	 City_Num:50 	 Concorde:0.060042 	 MCTS:6.004154 Improve:0.000045 	 Time:5.00 Seconds
Solution: 1 24 6 44 15 35 26 47 38 39 41 49 14 13 10 29 25 31 36 42 45 27 2 5 4 28 9 16 7 32 21 46 8 33 12 50 19 23 22 43 20 37 3 11 40 48 18 17 30 34 

Inst_Index:6592 	 City_Num:50 	 Concorde:0.054718 	 MCTS:5.471825 Improve:0.000000 	 Time:5.00 Seconds
Solution: 1 34 18 22 27 16 24 20 50 43 39 3 42 40 7 28 8 35 29 32 14 49 46 9 12 36 45 38 23 5 41 37 48 33 19 15 10 2 25 26 44 30 11 13 47 21 4 17 31 6 

Inst_Index:6593 	 City_Num:50 	 Concorde:0.054399 	 MCTS:5.439882 Improve:0.000000 	 Time:5.00 Seconds
Solution: 1 39 25 27 45 5 41 16 6 29 50 35 44 23 40 30 8 4 46 19 9 3 33 22 10 31 21 14 32 42 12 18 7 47 34 28 36 49 43 17 37 15 26 24 11 48 2 38 13 20 

Inst_Index:6594 	 City_Num:50 	 Concorde:0.055697 	 MCTS:5.569698 Improve:-0.000000 	 Time:5.00 Seconds
Solution: 1 40 49 21 5 23 18 16 35 14 32 11 33 31 37 9 30 2 46 48 20 10 34 28 7 26 17 6 13 39 50 43 22 19 29 47 41 4 38 44 15 12 8 42 24 36 3 25 45 27 

Inst_Index:6595 	 City_Num:50 	 Concorde:0.057008 	 MCTS:5.700821 Improve:-0.000000 	 Time:5.00 Seconds
Solution: 1 50 21 4 26 20 34 2 24 31 10 29 36 40 32 22 25 13 39 3 46 44 28 42 38 45 27 7 41 37 5 17 19 23 33 8 9 49 35 11 30 6 18 43 14 15 16 47 12 48 

Inst_Index:6596 	 City_Num:50 	 Concorde:0.055886 	 MCTS:5.587594 Improve:0.000971 	 Time:5.00 Seconds
Solution: 1 42 40 31 15 33 4 37 24 8 5 9 39 11 14 2 34 47 41 7 29 25 45 30 12 19 6 26 49 32 21 43 50 48 36 27 10 44 20 28 46 17 23 38 13 35 3 22 18 16 

Inst_Index:6597 	 City_Num:50 	 Concorde:0.054932 	 MCTS:5.493178 Improve:0.000000 	 Time:5.00 Seconds
Solution: 1 38 44 19 14 48 15 25 32 50 7 20 35 6 4 9 40 16 11 34 45 21 37 22 29 2 5 28 24 42 27 46 8 17 12 18 36 43 3 23 41 26 30 33 10 31 49 13 47 39 

Inst_Index:6598 	 City_Num:50 	 Concorde:0.059192 	 MCTS:5.916604 Improve:0.002589 	 Time:5.00 Seconds
Solution: 1 45 25 38 9 24 15 26 44 10 7 14 34 21 19 47 41 5 20 18 32 49 17 36 27 8 31 2 16 37 35 30 6 33 22 42 48 12 11 46 50 39 4 13 29 3 28 23 40 43 

Inst_Index:6599 	 City_Num:50 	 Concorde:0.055670 	 MCTS:5.565617 Improve:0.001367 	 Time:5.00 Seconds
Solution: 1 49 22 35 34 25 6 33 3 28 43 44 7 12 37 15 24 46 18 14 41 16 48 19 47 17 39 4 26 29 21 30 20 36 13 42 8 50 27 32 2 40 38 23 11 10 9 45 5 31 

Inst_Index:6600 	 City_Num:50 	 Concorde:0.053994 	 MCTS:5.396686 Improve:0.002698 	 Time:5.00 Seconds
Solution: 1 49 47 10 2 35 19 40 23 32 3 44 13 11 9 33 36 8 39 31 26 17 18 7 50 14 34 21 28 25 48 20 42 37 38 27 12 6 43 15 41 4 16 5 46 30 45 22 24 29 

Inst_Index:6601 	 City_Num:50 	 Concorde:0.055527 	 MCTS:5.547146 Improve:0.005568 	 Time:5.00 Seconds
Solution: 1 12 17 32 11 23 13 42 43 29 22 16 33 4 24 18 15 7 46 26 5 38 37 14 8 49 35 28 41 30 39 9 44 50 36 10 20 45 34 48 19 21 3 27 25 47 6 2 40 31 

Inst_Index:6602 	 City_Num:50 	 Concorde:0.058471 	 MCTS:5.847150 Improve:0.000000 	 Time:5.00 Seconds
Solution: 1 26 45 48 38 49 21 24 46 6 37 15 3 28 5 44 35 43 27 25 36 12 32 47 13 34 8 20 42 18 11 4 41 9 19 40 10 33 29 17 39 2 7 50 31 16 14 23 22 30 

Inst_Index:6603 	 City_Num:50 	 Concorde:0.057574 	 MCTS:5.757383 Improve:0.000000 	 Time:5.00 Seconds
Solution: 1 25 49 43 11 5 41 12 45 19 30 28 40 26 22 20 38 32 4 10 35 2 13 31 9 6 24 23 17 7 29 15 3 33 39 34 14 48 27 50 37 21 18 16 42 36 46 47 44 8 

Inst_Index:6604 	 City_Num:50 	 Concorde:0.052640 	 MCTS:5.293338 Improve:-0.029365 	 Time:5.00 Seconds
Solution: 1 40 13 19 35 22 45 32 15 36 46 27 10 29 28 21 39 2 14 12 34 9 24 47 17 26 16 8 6 30 42 48 3 49 18 44 25 4 31 41 23 38 37 43 7 33 20 5 11 50 

Inst_Index:6605 	 City_Num:50 	 Concorde:0.062159 	 MCTS:6.215860 Improve:0.000000 	 Time:5.00 Seconds
Solution: 1 31 45 24 13 32 26 18 15 9 47 33 23 3 37 34 40 11 41 22 25 2 42 48 8 5 35 16 38 12 44 39 49 28 17 4 50 14 46 19 20 36 21 27 6 30 29 10 43 7 

Inst_Index:6606 	 City_Num:50 	 Concorde:0.056454 	 MCTS:5.645386 Improve:0.000000 	 Time:5.00 Seconds
Solution: 1 29 27 41 7 49 28 24 43 33 34 16 12 17 14 8 20 36 26 44 37 45 4 46 9 6 38 10 2 22 42 18 32 3 31 5 21 50 30 15 23 11 40 47 35 48 25 39 13 19 

Inst_Index:6607 	 City_Num:50 	 Concorde:0.054966 	 MCTS:5.496597 Improve:0.000000 	 Time:5.01 Seconds
Solution: 1 25 34 37 45 26 3 9 5 20 13 44 33 2 36 35 14 18 15 6 22 8 19 49 46 41 7 10 28 38 17 21 27 29 12 43 24 40 4 11 30 47 42 31 32 23 39 50 48 16 

Inst_Index:6608 	 City_Num:50 	 Concorde:0.058511 	 MCTS:5.851092 Improve:0.000000 	 Time:5.00 Seconds
Solution: 1 46 49 40 25 17 43 41 29 16 32 3 31 38 42 21 30 48 11 18 19 8 36 2 26 14 4 44 39 47 37 27 45 23 15 6 28 9 24 34 22 12 35 7 5 33 50 13 10 20 

Inst_Index:6609 	 City_Num:50 	 Concorde:0.058264 	 MCTS:5.824983 Improve:0.001409 	 Time:5.00 Seconds
Solution: 1 40 13 24 16 35 4 46 28 33 22 27 14 21 25 29 7 47 26 39 18 43 19 37 41 32 34 9 23 48 36 10 50 45 5 2 38 8 6 30 3 49 20 44 15 31 12 42 17 11 

Inst_Index:6610 	 City_Num:50 	 Concorde:0.059293 	 MCTS:5.929337 Improve:0.000000 	 Time:5.00 Seconds
Solution: 1 32 50 10 5 41 6 25 29 13 2 3 17 21 7 34 27 15 22 30 46 39 8 33 42 24 28 14 26 36 45 31 19 35 37 23 9 16 44 18 48 4 20 38 47 40 11 49 43 12 

Inst_Index:6611 	 City_Num:50 	 Concorde:0.050976 	 MCTS:5.097634 Improve:-0.000000 	 Time:5.00 Seconds
Solution: 1 26 46 29 11 38 34 10 25 37 5 32 16 41 36 48 45 44 42 4 2 6 8 12 13 20 15 50 31 17 3 14 18 49 19 33 27 9 22 21 40 47 39 23 35 43 30 7 28 24 

Inst_Index:6612 	 City_Num:50 	 Concorde:0.058114 	 MCTS:5.841229 Improve:-0.029874 	 Time:5.00 Seconds
Solution: 1 15 32 21 8 19 35 17 36 9 34 39 43 14 47 48 50 4 40 5 20 41 13 42 10 16 31 22 18 27 7 29 23 2 37 12 45 28 30 44 3 11 38 6 33 25 24 49 46 26 

Inst_Index:6613 	 City_Num:50 	 Concorde:0.054953 	 MCTS:5.495320 Improve:-0.000000 	 Time:5.00 Seconds
Solution: 1 14 42 3 25 47 40 37 11 17 34 45 12 27 2 13 46 39 24 21 38 20 23 35 16 50 9 33 28 18 31 19 30 43 29 5 15 22 41 4 8 48 6 26 7 10 49 32 36 44 

Inst_Index:6614 	 City_Num:50 	 Concorde:0.055475 	 MCTS:5.547495 Improve:0.000000 	 Time:5.01 Seconds
Solution: 1 15 47 22 38 20 30 23 37 35 28 14 26 32 6 44 40 19 5 21 18 17 29 46 33 36 2 7 27 13 25 48 4 16 42 43 12 11 50 8 34 45 41 9 49 10 31 3 39 24 

Inst_Index:6615 	 City_Num:50 	 Concorde:0.056795 	 MCTS:5.668090 Improve:0.011401 	 Time:5.01 Seconds
Solution: 1 28 33 11 43 38 26 14 6 12 45 27 2 24 31 37 49 29 48 17 5 39 40 30 42 21 23 47 18 7 10 34 32 15 35 8 19 16 13 46 9 3 25 20 36 50 44 4 22 41 

Inst_Index:6616 	 City_Num:50 	 Concorde:0.056163 	 MCTS:5.616324 Improve:0.000000 	 Time:5.01 Seconds
Solution: 1 4 7 47 3 13 38 22 6 17 50 35 37 2 44 34 16 41 33 20 31 18 45 19 28 5 9 46 14 24 21 40 36 25 27 8 48 43 11 12 30 32 10 49 15 23 26 42 39 29 

Inst_Index:6617 	 City_Num:50 	 Concorde:0.053521 	 MCTS:5.352106 Improve:0.000000 	 Time:5.00 Seconds
Solution: 1 4 13 47 33 37 8 11 9 31 42 21 39 19 46 23 38 41 16 17 44 15 24 2 12 43 29 40 34 27 48 18 26 22 7 20 5 28 45 10 49 25 35 32 36 30 50 6 14 3 

Inst_Index:6618 	 City_Num:50 	 Concorde:0.057946 	 MCTS:5.794601 Improve:0.000000 	 Time:5.00 Seconds
Solution: 1 15 25 40 30 31 6 49 18 41 44 13 21 11 5 38 46 17 37 27 43 48 19 23 3 28 39 2 9 47 42 36 4 26 45 24 16 12 22 20 29 7 33 10 50 32 8 35 14 34 

Inst_Index:6619 	 City_Num:50 	 Concorde:0.059100 	 MCTS:5.909994 Improve:0.000000 	 Time:5.00 Seconds
Solution: 1 24 37 43 36 29 34 3 12 50 21 8 47 13 4 31 25 17 16 48 26 49 46 9 5 33 45 18 7 10 2 11 35 38 27 28 22 23 39 41 42 30 6 20 14 40 44 19 32 15 

Inst_Index:6620 	 City_Num:50 	 Concorde:0.055340 	 MCTS:5.532038 Improve:0.001938 	 Time:5.00 Seconds
Solution: 1 25 8 10 14 5 15 39 27 12 44 21 18 34 36 37 38 3 46 49 7 45 13 19 41 30 2 33 23 26 11 22 47 42 16 32 17 31 4 43 6 20 24 48 29 9 40 50 35 28 

Inst_Index:6621 	 City_Num:50 	 Concorde:0.050648 	 MCTS:5.064827 Improve:0.000000 	 Time:5.00 Seconds
Solution: 1 38 19 31 46 50 48 12 4 18 49 28 9 26 22 34 16 2 23 3 41 29 47 8 45 10 44 36 42 35 33 25 7 40 39 43 6 37 13 21 24 15 14 30 11 5 32 20 17 27 

Inst_Index:6622 	 City_Num:50 	 Concorde:0.057389 	 MCTS:5.738937 Improve:0.000000 	 Time:5.01 Seconds
Solution: 1 17 4 49 48 28 32 18 2 29 39 40 16 6 46 36 13 37 14 38 31 43 33 11 3 26 25 23 45 50 30 19 24 21 5 15 10 12 42 34 9 44 7 22 35 20 8 27 41 47 

Inst_Index:6623 	 City_Num:50 	 Concorde:0.059245 	 MCTS:5.924532 Improve:0.000000 	 Time:5.00 Seconds
Solution: 1 6 49 44 34 48 23 30 11 28 46 39 41 18 38 12 19 5 45 35 37 20 47 21 24 29 40 25 36 43 16 13 26 27 3 17 32 22 14 31 4 7 33 9 8 15 10 2 50 42 

Inst_Index:6624 	 City_Num:50 	 Concorde:0.058899 	 MCTS:5.889631 Improve:0.000293 	 Time:5.00 Seconds
Solution: 1 17 24 6 46 44 43 27 3 35 42 13 22 30 31 38 26 19 48 7 14 8 15 16 29 23 28 11 12 40 32 2 36 10 5 18 39 37 47 25 49 9 4 41 50 20 34 45 21 33 

Inst_Index:6625 	 City_Num:50 	 Concorde:0.057990 	 MCTS:5.798961 Improve:0.000000 	 Time:5.00 Seconds
Solution: 1 23 31 36 19 11 14 32 49 30 25 27 21 15 13 18 22 12 10 4 29 5 38 28 42 39 50 17 9 3 44 41 6 8 47 40 37 35 45 20 26 24 16 2 34 43 48 33 46 7 

Inst_Index:6626 	 City_Num:50 	 Concorde:0.059106 	 MCTS:5.904799 Improve:0.005760 	 Time:5.00 Seconds
Solution: 1 31 49 16 35 36 27 4 8 50 42 17 47 29 9 7 43 38 21 5 12 39 32 37 14 34 41 46 10 44 22 30 45 40 25 33 23 28 13 11 20 48 2 15 19 3 24 18 26 6 

Inst_Index:6627 	 City_Num:50 	 Concorde:0.061114 	 MCTS:6.111382 Improve:0.000000 	 Time:5.00 Seconds
Solution: 1 45 23 18 46 50 24 34 8 26 14 47 33 20 16 35 13 19 36 17 27 25 30 9 10 11 4 12 6 15 41 44 5 3 32 7 37 49 38 43 22 40 42 29 28 39 21 48 2 31 

Inst_Index:6628 	 City_Num:50 	 Concorde:0.057421 	 MCTS:5.739186 Improve:0.002962 	 Time:5.00 Seconds
Solution: 1 42 4 41 5 24 8 31 11 10 15 35 43 45 22 40 6 39 23 25 27 14 46 38 12 33 30 16 18 50 29 17 32 13 26 37 21 7 28 34 44 9 20 2 49 19 47 36 3 48 

Inst_Index:6629 	 City_Num:50 	 Concorde:0.059076 	 MCTS:5.902797 Improve:0.004762 	 Time:5.00 Seconds
Solution: 1 29 34 33 42 36 5 18 50 38 24 7 30 19 32 49 31 20 40 10 2 43 11 44 12 6 17 25 9 27 8 4 45 13 47 26 28 41 15 46 23 48 16 3 21 37 35 39 14 22 

Inst_Index:6630 	 City_Num:50 	 Concorde:0.060900 	 MCTS:6.090041 Improve:0.000000 	 Time:5.00 Seconds
Solution: 1 5 23 43 44 11 32 27 41 15 42 4 48 49 6 7 13 31 9 20 16 47 2 39 40 50 37 17 38 21 30 46 35 22 8 24 33 12 18 19 10 26 3 28 45 36 29 14 25 34 

Inst_Index:6631 	 City_Num:50 	 Concorde:0.052700 	 MCTS:5.269699 Improve:0.000289 	 Time:5.00 Seconds
Solution: 1 34 31 30 39 3 44 6 21 48 35 5 20 22 16 37 13 11 32 15 29 12 9 4 45 40 38 25 19 14 50 7 47 43 42 24 23 28 33 27 18 46 49 26 17 41 2 10 36 8 

Inst_Index:6632 	 City_Num:50 	 Concorde:0.061872 	 MCTS:6.187195 Improve:0.000000 	 Time:5.00 Seconds
Solution: 1 17 36 47 3 14 37 24 27 38 15 33 16 11 7 22 44 39 21 42 30 4 18 12 40 32 45 35 9 31 2 41 50 29 6 23 49 5 46 26 43 28 48 19 8 20 34 13 10 25 

Inst_Index:6633 	 City_Num:50 	 Concorde:0.056905 	 MCTS:5.689470 Improve:0.001006 	 Time:5.01 Seconds
Solution: 1 3 22 36 29 26 49 7 32 39 21 23 24 5 43 4 28 14 27 2 34 47 11 41 33 13 16 9 46 35 48 19 50 6 8 31 42 15 45 12 37 25 38 40 44 30 18 20 10 17 

Inst_Index:6634 	 City_Num:50 	 Concorde:0.049794 	 MCTS:4.979399 Improve:0.000000 	 Time:5.01 Seconds
Solution: 1 28 24 3 23 4 10 49 29 43 27 17 37 48 25 46 38 20 30 13 50 34 35 18 6 16 8 22 12 2 41 44 9 32 45 39 36 11 40 5 31 14 15 26 47 33 7 42 19 21 

Inst_Index:6635 	 City_Num:50 	 Concorde:0.053918 	 MCTS:5.391788 Improve:0.000000 	 Time:5.01 Seconds
Solution: 1 37 5 25 40 21 11 17 22 47 49 2 50 31 3 41 18 6 9 26 29 20 16 45 27 35 38 39 14 15 32 44 46 48 4 19 10 33 36 12 28 43 23 30 8 13 34 42 7 24 

Inst_Index:6636 	 City_Num:50 	 Concorde:0.057645 	 MCTS:5.764218 Improve:0.000265 	 Time:5.00 Seconds
Solution: 1 11 2 44 23 40 10 45 21 37 4 50 12 29 13 35 9 18 46 17 27 15 24 30 41 49 33 7 31 43 22 6 28 42 39 48 16 36 19 26 5 25 34 8 32 38 47 14 3 20 

Inst_Index:6637 	 City_Num:50 	 Concorde:0.056949 	 MCTS:5.693543 Improve:0.001324 	 Time:5.01 Seconds
Solution: 1 30 29 8 20 4 23 31 44 49 17 22 42 32 46 25 37 2 47 12 21 5 27 40 9 34 10 50 41 43 3 38 45 15 39 19 26 6 48 24 13 7 33 35 36 14 16 11 28 18 

Inst_Index:6638 	 City_Num:50 	 Concorde:0.056218 	 MCTS:5.617515 Improve:0.004284 	 Time:5.00 Seconds
Solution: 1 29 36 32 35 19 38 22 6 21 42 8 14 13 41 30 15 17 2 46 47 25 3 23 5 34 40 31 18 43 33 4 37 48 50 28 44 45 12 27 20 7 10 11 39 24 9 49 16 26 

Inst_Index:6639 	 City_Num:50 	 Concorde:0.058671 	 MCTS:5.867065 Improve:0.000074 	 Time:5.00 Seconds
Solution: 1 7 27 4 21 40 20 8 23 18 28 47 43 44 5 12 35 36 42 6 39 34 45 41 19 2 24 11 22 46 15 48 25 17 9 13 32 30 10 26 49 33 38 14 29 37 50 31 3 16 

Inst_Index:6640 	 City_Num:50 	 Concorde:0.054102 	 MCTS:5.410241 Improve:0.000000 	 Time:5.00 Seconds
Solution: 1 34 35 32 49 39 30 22 45 20 36 41 7 28 48 37 21 11 8 26 33 6 5 46 27 25 12 40 38 31 2 42 18 3 10 9 50 24 13 23 15 14 44 17 19 29 43 47 16 4 

Inst_Index:6641 	 City_Num:50 	 Concorde:0.056427 	 MCTS:5.633186 Improve:0.009527 	 Time:5.00 Seconds
Solution: 1 26 21 35 3 43 39 49 20 33 14 8 41 45 27 9 2 46 19 32 17 10 7 44 23 37 28 38 48 34 47 16 50 18 40 4 29 6 15 30 22 25 42 13 11 5 12 36 31 24 

Inst_Index:6642 	 City_Num:50 	 Concorde:0.054885 	 MCTS:5.488452 Improve:0.000000 	 Time:5.00 Seconds
Solution: 1 26 32 2 29 9 15 30 38 35 7 20 50 46 11 45 13 25 33 36 41 28 23 4 24 10 47 8 31 40 48 18 21 12 37 16 27 49 42 44 34 19 39 14 5 17 3 6 43 22 

Inst_Index:6643 	 City_Num:50 	 Concorde:0.053002 	 MCTS:5.300218 Improve:0.000000 	 Time:5.01 Seconds
Solution: 1 44 23 50 34 16 14 2 9 21 45 32 20 13 25 33 19 15 30 5 22 36 18 43 3 12 8 17 37 46 11 4 24 31 48 10 38 29 26 28 35 47 49 7 27 39 41 6 40 42 

Inst_Index:6644 	 City_Num:50 	 Concorde:0.059173 	 MCTS:5.917274 Improve:0.000000 	 Time:5.01 Seconds
Solution: 1 38 25 27 32 21 42 19 12 17 35 8 50 37 11 13 4 6 9 3 7 44 18 49 16 45 10 34 30 20 48 43 29 5 14 26 40 39 47 28 24 33 2 41 46 22 15 31 36 23 

Inst_Index:6645 	 City_Num:50 	 Concorde:0.058490 	 MCTS:5.847993 Improve:0.001053 	 Time:5.00 Seconds
Solution: 1 17 16 21 11 27 31 2 29 30 38 46 49 19 33 5 36 48 4 42 9 22 14 25 39 12 43 41 7 3 45 47 50 37 40 6 15 8 44 26 23 28 18 24 35 10 13 32 20 34 

Inst_Index:6646 	 City_Num:50 	 Concorde:0.060456 	 MCTS:6.038668 Improve:0.006884 	 Time:5.01 Seconds
Solution: 1 45 6 47 35 14 49 18 22 21 11 27 17 15 10 33 43 16 30 28 34 32 23 41 39 40 26 44 24 20 7 3 2 5 19 12 31 29 50 25 4 46 13 48 42 36 9 38 37 8 

Inst_Index:6647 	 City_Num:50 	 Concorde:0.056872 	 MCTS:5.687182 Improve:-0.000000 	 Time:5.00 Seconds
Solution: 1 26 44 39 49 8 22 48 3 20 43 29 13 38 33 15 19 47 30 9 5 18 32 14 46 21 11 36 31 10 24 17 35 16 50 7 23 4 27 2 34 28 41 37 40 42 6 12 25 45 

Inst_Index:6648 	 City_Num:50 	 Concorde:0.056979 	 MCTS:5.697844 Improve:0.000073 	 Time:5.00 Seconds
Solution: 1 33 27 44 17 23 14 24 22 46 31 13 21 6 39 15 25 38 35 18 34 2 20 16 42 29 12 3 37 32 7 4 41 30 10 36 43 5 8 49 11 50 28 26 19 47 48 40 9 45 

Inst_Index:6649 	 City_Num:50 	 Concorde:0.055317 	 MCTS:5.552499 Improve:-0.020798 	 Time:5.00 Seconds
Solution: 1 38 35 30 49 29 32 34 21 4 11 43 31 46 28 39 12 26 27 44 33 24 7 41 9 47 8 17 40 45 36 15 37 18 13 23 3 25 19 42 5 16 2 20 22 48 6 14 50 10 

Inst_Index:6650 	 City_Num:50 	 Concorde:0.060575 	 MCTS:6.054994 Improve:0.002490 	 Time:5.00 Seconds
Solution: 1 12 10 2 46 18 32 9 44 20 41 11 15 42 13 37 40 29 35 43 16 17 45 30 38 5 47 39 34 7 49 19 22 50 6 48 27 25 33 36 21 26 8 23 14 31 28 24 4 3 

Inst_Index:6651 	 City_Num:50 	 Concorde:0.058957 	 MCTS:5.895739 Improve:-0.000000 	 Time:5.00 Seconds
Solution: 1 14 24 23 5 15 49 13 25 21 8 22 9 37 12 16 27 40 29 48 30 33 31 47 3 32 26 20 2 4 36 35 45 11 43 28 44 7 34 17 39 50 42 19 10 38 46 6 18 41 

Inst_Index:6652 	 City_Num:50 	 Concorde:0.054476 	 MCTS:5.446008 Improve:0.001603 	 Time:5.00 Seconds
Solution: 1 46 35 37 30 8 21 26 23 5 9 45 32 22 15 13 50 24 28 47 44 2 27 16 36 40 49 43 3 25 38 10 42 7 4 41 12 39 11 17 34 14 6 31 18 33 19 20 48 29 

Inst_Index:6653 	 City_Num:50 	 Concorde:0.055922 	 MCTS:5.586329 Improve:0.005830 	 Time:5.01 Seconds
Solution: 1 9 29 42 50 45 21 13 39 2 35 3 23 11 32 24 12 27 4 48 40 6 30 10 47 5 22 44 19 36 43 8 26 16 15 25 41 28 31 7 33 17 20 37 18 49 38 46 34 14 

Inst_Index:6654 	 City_Num:50 	 Concorde:0.056209 	 MCTS:5.620891 Improve:0.000000 	 Time:5.01 Seconds
Solution: 1 15 6 45 19 35 23 43 36 25 10 49 21 42 47 44 16 11 24 27 50 7 14 33 46 4 34 18 39 38 37 20 26 48 2 22 31 5 30 29 41 8 17 3 28 13 12 32 40 9 

Inst_Index:6655 	 City_Num:50 	 Concorde:0.059718 	 MCTS:5.971812 Improve:0.000000 	 Time:5.00 Seconds
Solution: 1 30 13 45 14 36 17 20 40 23 4 39 16 29 21 15 10 43 18 27 6 25 33 11 41 32 19 24 49 48 37 26 46 34 50 5 42 3 44 7 31 22 47 35 12 28 2 8 38 9 

Inst_Index:6656 	 City_Num:50 	 Concorde:0.053056 	 MCTS:5.302038 Improve:0.003557 	 Time:5.00 Seconds
Solution: 1 2 26 49 7 11 17 50 27 42 13 15 40 10 22 9 31 47 36 14 33 24 45 16 6 3 8 12 39 21 37 46 41 30 19 44 28 48 5 35 38 43 18 23 34 4 29 25 20 32 

Inst_Index:6657 	 City_Num:50 	 Concorde:0.055260 	 MCTS:5.526034 Improve:0.000000 	 Time:5.00 Seconds
Solution: 1 10 8 21 9 17 50 5 12 33 44 2 37 42 27 49 41 3 47 31 43 15 32 13 6 25 19 48 35 20 23 29 7 11 36 45 14 30 24 28 34 38 18 16 22 39 26 46 40 4 

Inst_Index:6658 	 City_Num:50 	 Concorde:0.061757 	 MCTS:6.165117 Improve:0.010580 	 Time:5.00 Seconds
Solution: 1 27 37 10 33 21 36 17 50 18 16 5 23 34 35 30 42 2 6 3 29 41 47 38 43 48 45 15 44 25 12 32 8 22 46 14 4 31 9 19 13 7 11 26 24 28 20 39 49 40 

Inst_Index:6659 	 City_Num:50 	 Concorde:0.054475 	 MCTS:5.447517 Improve:-0.000000 	 Time:5.00 Seconds
Solution: 1 25 14 42 9 24 3 29 8 36 18 23 34 16 32 12 28 19 10 20 26 21 39 43 47 6 31 50 7 4 44 37 13 17 46 11 48 41 33 5 35 2 40 49 22 27 45 30 15 38 

Inst_Index:6660 	 City_Num:50 	 Concorde:0.059507 	 MCTS:5.950748 Improve:-0.000000 	 Time:5.00 Seconds
Solution: 1 31 2 48 50 17 25 26 43 11 16 23 15 8 28 47 6 40 37 45 36 49 14 33 41 24 13 18 10 29 19 5 46 22 34 39 32 20 35 3 12 21 38 9 27 7 42 4 30 44 

Inst_Index:6661 	 City_Num:50 	 Concorde:0.057247 	 MCTS:5.724667 Improve:0.000000 	 Time:5.00 Seconds
Solution: 1 28 35 13 3 31 34 8 14 50 40 4 47 20 24 36 48 7 27 29 2 41 16 15 49 9 44 10 23 39 6 32 11 42 37 43 25 17 19 33 12 5 46 30 38 45 21 26 18 22 

Inst_Index:6662 	 City_Num:50 	 Concorde:0.055909 	 MCTS:5.590939 Improve:0.000000 	 Time:5.00 Seconds
Solution: 1 32 49 10 19 37 25 18 5 3 15 14 28 2 6 33 36 43 16 41 17 23 8 26 50 9 12 44 29 38 22 21 31 42 39 45 48 35 40 20 34 11 30 4 7 27 13 47 24 46 

Inst_Index:6663 	 City_Num:50 	 Concorde:0.055621 	 MCTS:5.560436 Improve:0.001684 	 Time:5.00 Seconds
Solution: 1 20 34 22 23 6 21 9 8 31 41 26 28 2 13 16 33 42 25 11 14 35 46 38 27 30 43 47 50 19 29 37 24 3 49 10 18 48 36 40 4 39 32 45 15 17 44 12 7 5 

Inst_Index:6664 	 City_Num:50 	 Concorde:0.058223 	 MCTS:5.819388 Improve:0.002896 	 Time:5.01 Seconds
Solution: 1 7 30 36 46 39 49 33 23 12 25 40 37 6 28 34 5 26 17 3 48 9 16 43 29 38 24 41 2 42 44 35 18 14 21 15 13 50 47 27 8 10 11 22 32 4 45 20 19 31 

Inst_Index:6665 	 City_Num:50 	 Concorde:0.057951 	 MCTS:5.840545 Improve:-0.045399 	 Time:5.00 Seconds
Solution: 1 32 48 29 8 33 25 18 49 41 47 34 50 26 22 13 12 23 24 40 43 11 20 21 3 16 9 31 15 10 37 14 28 38 5 27 7 45 46 17 42 36 35 39 4 19 30 2 6 44 

Inst_Index:6666 	 City_Num:50 	 Concorde:0.056920 	 MCTS:5.692033 Improve:-0.000000 	 Time:5.00 Seconds
Solution: 1 22 27 6 50 40 25 9 33 39 26 8 31 29 11 38 19 37 36 32 12 13 45 24 18 23 28 15 5 14 17 3 20 4 2 43 30 7 48 35 16 44 41 21 10 46 47 34 42 49 

Inst_Index:6667 	 City_Num:50 	 Concorde:0.052738 	 MCTS:5.273796 Improve:0.000000 	 Time:5.00 Seconds
Solution: 1 41 8 47 46 12 18 29 50 21 45 31 13 6 15 44 10 39 19 3 23 27 17 22 9 7 33 35 26 36 34 28 5 40 48 30 2 49 38 25 37 32 4 20 43 16 42 24 14 11 

Inst_Index:6668 	 City_Num:50 	 Concorde:0.054809 	 MCTS:5.474855 Improve:0.006035 	 Time:5.00 Seconds
Solution: 1 20 41 19 14 48 29 23 6 30 3 21 24 28 26 49 39 16 45 46 12 22 7 8 10 5 13 2 37 32 40 25 43 27 17 35 4 36 38 9 42 18 50 44 15 31 34 11 47 33 

Inst_Index:6669 	 City_Num:50 	 Concorde:0.056384 	 MCTS:5.638427 Improve:0.000000 	 Time:5.00 Seconds
Solution: 1 24 48 35 12 30 7 33 17 21 3 31 18 16 9 28 26 37 47 44 40 49 41 11 13 34 46 36 2 27 32 23 8 5 22 43 6 38 14 45 42 4 25 19 29 50 15 10 39 20 

Inst_Index:6670 	 City_Num:50 	 Concorde:0.058066 	 MCTS:5.806569 Improve:0.000000 	 Time:5.00 Seconds
Solution: 1 26 14 18 45 24 34 17 2 30 32 25 43 44 48 21 4 27 38 31 36 12 11 10 41 35 50 13 16 6 7 15 23 47 39 22 42 40 33 9 5 29 20 3 28 49 37 46 19 8 

Inst_Index:6671 	 City_Num:50 	 Concorde:0.054375 	 MCTS:5.433029 Improve:0.004474 	 Time:5.00 Seconds
Solution: 1 8 14 23 10 35 6 50 20 44 26 48 37 17 40 49 45 33 28 43 25 12 13 7 46 41 42 47 34 27 2 19 39 21 9 29 36 24 15 31 3 5 16 22 38 30 11 32 18 4 

Inst_Index:6672 	 City_Num:50 	 Concorde:0.051831 	 MCTS:5.183122 Improve:0.000000 	 Time:5.00 Seconds
Solution: 1 37 34 17 41 26 42 16 8 46 3 24 32 30 13 29 39 18 19 45 40 49 14 36 2 22 47 50 27 44 20 21 25 48 10 7 38 12 31 15 5 9 6 43 28 23 35 4 11 33 

Inst_Index:6673 	 City_Num:50 	 Concorde:0.055556 	 MCTS:5.555584 Improve:-0.000000 	 Time:5.00 Seconds
Solution: 1 44 47 24 34 35 32 42 9 8 23 27 39 19 4 3 30 22 26 41 13 15 46 50 33 10 18 29 20 17 49 28 5 40 2 6 31 43 36 12 16 11 48 21 38 14 37 45 7 25 

Inst_Index:6674 	 City_Num:50 	 Concorde:0.054111 	 MCTS:5.411083 Improve:0.000000 	 Time:5.00 Seconds
Solution: 1 30 18 47 43 4 31 20 41 10 34 39 38 25 17 8 9 35 33 44 16 15 27 13 45 6 5 7 28 21 24 26 29 2 37 50 48 19 49 3 36 12 23 40 14 32 11 46 42 22 

Inst_Index:6675 	 City_Num:50 	 Concorde:0.055891 	 MCTS:5.589133 Improve:0.000000 	 Time:5.00 Seconds
Solution: 1 5 44 27 13 11 12 10 43 50 41 35 46 7 18 28 34 14 37 36 33 25 24 26 38 22 16 29 45 2 19 20 23 31 30 32 40 42 6 3 17 15 39 4 49 8 21 48 9 47 

Inst_Index:6676 	 City_Num:50 	 Concorde:0.053444 	 MCTS:5.344431 Improve:-0.000000 	 Time:5.00 Seconds
Solution: 1 13 30 20 28 18 46 4 34 12 47 21 41 50 35 24 44 36 26 9 38 40 10 45 43 49 23 17 19 42 48 25 31 39 3 2 11 7 37 16 6 14 8 5 32 29 15 33 27 22 

Inst_Index:6677 	 City_Num:50 	 Concorde:0.057941 	 MCTS:5.792209 Improve:0.001926 	 Time:5.00 Seconds
Solution: 1 31 15 33 7 6 37 45 50 8 39 3 48 38 47 11 41 35 24 46 49 9 2 42 25 22 28 14 44 30 36 23 26 27 4 21 43 34 13 32 17 12 19 20 10 18 29 5 16 40 

Inst_Index:6678 	 City_Num:50 	 Concorde:0.058367 	 MCTS:5.834280 Improve:0.002402 	 Time:5.01 Seconds
Solution: 1 31 41 32 11 43 33 9 12 37 21 48 34 35 13 50 28 23 46 6 49 42 14 10 29 16 15 44 38 45 3 26 40 20 5 7 2 39 22 8 19 18 4 25 24 47 17 30 27 36 

Inst_Index:6679 	 City_Num:50 	 Concorde:0.056713 	 MCTS:5.671324 Improve:-0.000000 	 Time:5.00 Seconds
Solution: 1 25 23 14 11 22 21 28 49 4 44 7 29 12 26 15 35 27 8 33 30 5 24 13 46 20 3 40 16 19 50 39 17 31 43 48 10 41 37 36 42 18 34 45 2 6 32 38 9 47 

Inst_Index:6680 	 City_Num:50 	 Concorde:0.052993 	 MCTS:5.296911 Improve:0.002366 	 Time:5.01 Seconds
Solution: 1 42 2 17 28 39 29 40 9 31 19 11 32 5 37 30 34 8 41 50 22 18 47 49 35 38 21 7 43 4 24 44 33 10 46 14 6 13 27 20 26 48 25 36 15 45 12 3 16 23 

Inst_Index:6681 	 City_Num:50 	 Concorde:0.051039 	 MCTS:5.103911 Improve:-0.000000 	 Time:5.00 Seconds
Solution: 1 48 27 12 50 29 36 8 44 28 26 30 15 11 22 25 18 6 37 24 41 7 10 49 13 2 32 17 14 34 40 35 5 20 47 33 46 43 16 21 3 4 23 38 19 45 9 39 31 42 

Inst_Index:6682 	 City_Num:50 	 Concorde:0.056749 	 MCTS:5.674865 Improve:0.000036 	 Time:5.00 Seconds
Solution: 1 28 4 24 38 32 48 42 31 6 9 13 36 37 22 17 50 12 8 10 7 19 18 21 5 30 3 39 14 2 44 33 40 29 23 49 47 41 45 25 35 46 15 43 16 26 20 27 11 34 

Inst_Index:6683 	 City_Num:50 	 Concorde:0.053916 	 MCTS:5.390210 Improve:0.001390 	 Time:5.00 Seconds
Solution: 1 50 48 11 27 4 18 10 32 36 2 37 19 21 25 29 46 8 26 17 44 14 31 49 16 22 38 41 28 34 13 7 47 9 6 24 45 23 35 3 30 20 5 15 33 42 43 39 40 12 

Inst_Index:6684 	 City_Num:50 	 Concorde:0.056689 	 MCTS:5.665778 Improve:0.003074 	 Time:5.00 Seconds
Solution: 1 9 7 11 21 47 41 19 27 20 26 34 16 5 49 17 32 39 18 22 4 28 35 23 14 29 10 45 43 25 24 46 13 44 31 33 2 38 50 6 3 40 12 15 36 42 48 30 37 8 

Inst_Index:6685 	 City_Num:50 	 Concorde:0.057794 	 MCTS:5.778186 Improve:0.001234 	 Time:5.01 Seconds
Solution: 1 27 26 45 38 47 10 34 11 3 36 20 4 18 35 49 50 21 46 13 48 9 43 14 28 32 29 7 33 39 23 42 40 37 8 41 19 25 44 17 6 24 30 12 5 15 16 2 31 22 

Inst_Index:6686 	 City_Num:50 	 Concorde:0.055484 	 MCTS:5.548353 Improve:0.000000 	 Time:5.01 Seconds
Solution: 1 46 21 18 20 23 43 42 24 8 11 32 41 35 10 7 38 44 3 33 30 6 31 45 37 49 50 22 48 4 12 26 19 29 40 14 28 27 5 13 15 39 34 25 17 47 2 16 9 36 

Inst_Index:6687 	 City_Num:50 	 Concorde:0.056937 	 MCTS:5.688391 Improve:0.005342 	 Time:5.01 Seconds
Solution: 1 4 32 34 29 18 11 49 10 50 17 5 44 15 36 26 39 31 21 19 9 8 28 46 12 3 23 40 38 30 7 41 35 33 37 2 14 6 48 24 20 47 13 25 16 45 42 22 43 27 

Inst_Index:6688 	 City_Num:50 	 Concorde:0.055872 	 MCTS:5.584100 Improve:0.003060 	 Time:5.00 Seconds
Solution: 1 3 39 9 31 4 42 2 21 26 37 47 30 12 24 17 25 27 43 23 10 48 38 11 50 32 44 14 41 5 29 49 33 45 16 15 36 18 20 19 6 22 35 34 40 46 28 13 8 7 

Inst_Index:6689 	 City_Num:50 	 Concorde:0.056111 	 MCTS:5.611085 Improve:0.000000 	 Time:5.00 Seconds
Solution: 1 44 39 46 2 34 22 8 11 27 20 21 48 31 25 13 12 24 23 29 35 6 18 28 41 40 16 36 32 37 19 14 5 26 17 43 30 49 50 42 47 7 4 3 15 9 33 38 10 45 

Inst_Index:6690 	 City_Num:50 	 Concorde:0.060118 	 MCTS:6.007105 Improve:0.004690 	 Time:5.00 Seconds
Solution: 1 17 43 39 33 26 12 9 16 6 13 32 20 36 45 49 50 14 48 4 46 5 11 2 22 3 41 24 37 27 19 35 18 25 47 29 7 40 42 34 28 23 31 10 44 8 15 30 38 21 

Inst_Index:6691 	 City_Num:50 	 Concorde:0.058034 	 MCTS:5.803407 Improve:-0.000000 	 Time:5.00 Seconds
Solution: 1 22 6 4 20 8 35 38 15 32 41 21 43 25 33 16 9 19 34 7 24 44 3 46 23 36 2 30 5 29 37 13 26 17 27 12 11 50 42 47 45 31 48 40 49 10 39 14 28 18 

Inst_Index:6692 	 City_Num:50 	 Concorde:0.057181 	 MCTS:5.718105 Improve:-0.000000 	 Time:5.01 Seconds
Solution: 1 13 50 27 26 48 40 25 23 22 37 8 7 28 3 24 4 34 32 15 6 20 18 35 11 44 17 33 14 31 47 43 10 12 36 42 46 38 49 30 39 45 16 21 5 19 2 41 29 9 

Inst_Index:6693 	 City_Num:50 	 Concorde:0.057832 	 MCTS:5.780514 Improve:0.002684 	 Time:5.01 Seconds
Solution: 1 35 32 19 21 22 15 31 7 5 43 38 33 24 46 13 23 2 47 27 17 40 20 29 30 8 4 48 18 12 11 45 36 25 16 28 14 44 6 3 9 26 42 39 50 49 34 10 41 37 

Inst_Index:6694 	 City_Num:50 	 Concorde:0.055555 	 MCTS:5.555451 Improve:0.000000 	 Time:5.00 Seconds
Solution: 1 14 2 12 5 35 39 10 8 28 34 16 17 33 20 32 45 50 25 38 49 26 15 22 46 27 41 30 42 7 19 47 31 21 37 11 3 44 48 23 40 36 6 29 18 4 43 24 13 9 

Inst_Index:6695 	 City_Num:50 	 Concorde:0.055685 	 MCTS:5.568506 Improve:-0.000000 	 Time:5.00 Seconds
Solution: 1 46 4 7 10 9 44 35 34 47 18 3 16 14 36 24 26 27 43 30 41 25 40 5 48 42 37 17 50 32 6 20 23 11 45 28 8 2 22 31 13 39 21 12 29 49 19 38 33 15 

Inst_Index:6696 	 City_Num:50 	 Concorde:0.059138 	 MCTS:5.913779 Improve:0.000000 	 Time:5.01 Seconds
Solution: 1 36 38 8 21 41 40 47 37 17 13 46 9 44 39 3 30 5 25 33 20 42 31 6 45 35 43 26 4 16 14 19 18 7 11 15 23 22 34 49 2 24 27 12 29 32 10 50 48 28 

Inst_Index:6697 	 City_Num:50 	 Concorde:0.059681 	 MCTS:5.963163 Improve:0.004962 	 Time:5.01 Seconds
Solution: 1 11 6 25 20 35 32 27 18 8 37 48 38 47 3 14 44 33 21 17 43 29 41 36 2 12 45 34 31 16 5 24 9 10 39 23 19 40 22 28 42 26 7 15 50 46 49 4 30 13 

Inst_Index:6698 	 City_Num:50 	 Concorde:0.055582 	 MCTS:5.557672 Improve:0.000491 	 Time:5.02 Seconds
Solution: 1 33 36 17 40 25 45 28 7 26 11 39 5 15 21 23 41 43 29 32 44 48 20 4 13 3 31 8 24 14 6 2 49 37 12 19 42 10 27 9 34 18 30 46 16 50 35 47 38 22 

Inst_Index:6699 	 City_Num:50 	 Concorde:0.057328 	 MCTS:5.732798 Improve:0.000000 	 Time:5.00 Seconds
Solution: 1 47 17 39 37 42 46 50 28 13 41 24 18 38 9 12 35 48 25 15 43 30 14 34 7 21 44 29 10 45 4 11 49 6 3 26 8 40 22 27 32 5 23 36 33 19 16 31 20 2 

Inst_Index:6700 	 City_Num:50 	 Concorde:0.057315 	 MCTS:5.731479 Improve:0.000000 	 Time:5.00 Seconds
Solution: 1 25 10 29 50 7 47 39 31 48 20 40 9 32 37 3 45 49 44 14 36 42 35 23 15 22 26 41 24 13 28 46 6 4 27 2 43 12 5 33 19 16 30 38 21 11 18 17 34 8 

Inst_Index:6701 	 City_Num:50 	 Concorde:0.055669 	 MCTS:5.566913 Improve:-0.000000 	 Time:5.00 Seconds
Solution: 1 8 31 19 27 39 17 46 3 49 43 32 4 7 25 6 34 50 9 26 30 18 11 21 15 16 22 40 13 35 24 48 10 37 47 23 28 45 36 14 42 44 12 33 29 41 5 2 38 20 

Inst_Index:6702 	 City_Num:50 	 Concorde:0.055985 	 MCTS:5.598524 Improve:0.000000 	 Time:5.00 Seconds
Solution: 1 44 35 16 14 9 31 41 30 2 23 29 21 27 48 25 40 43 12 42 37 26 50 34 13 32 11 3 47 28 24 15 20 10 22 46 18 6 17 8 45 7 39 5 33 49 36 19 38 4 

Inst_Index:6703 	 City_Num:50 	 Concorde:0.056746 	 MCTS:5.670511 Improve:0.004110 	 Time:5.00 Seconds
Solution: 1 30 2 26 23 46 27 33 35 12 32 7 31 21 40 19 34 8 42 43 38 13 36 39 15 45 4 24 25 22 5 29 20 37 50 10 48 14 49 44 17 47 28 9 16 41 3 11 6 18 

Inst_Index:6704 	 City_Num:50 	 Concorde:0.059947 	 MCTS:5.994690 Improve:-0.000000 	 Time:5.01 Seconds
Solution: 1 29 20 26 4 37 14 8 48 24 2 32 49 38 33 13 34 42 5 40 12 27 25 18 19 28 35 43 11 41 31 23 17 30 50 10 3 9 46 6 16 15 21 39 44 22 7 45 36 47 

Inst_Index:6705 	 City_Num:50 	 Concorde:0.055778 	 MCTS:5.577798 Improve:0.000000 	 Time:5.00 Seconds
Solution: 1 8 16 21 11 40 2 36 3 35 12 14 6 42 22 46 31 13 32 47 33 34 29 5 26 18 23 20 10 27 48 49 9 41 30 7 43 50 39 45 4 25 38 37 44 15 24 28 19 17 

Inst_Index:6706 	 City_Num:50 	 Concorde:0.056684 	 MCTS:5.668578 Improve:-0.000188 	 Time:5.00 Seconds
Solution: 1 17 27 38 14 29 3 24 20 46 35 11 8 19 40 49 47 37 15 28 16 13 41 50 22 6 21 36 25 48 42 18 39 26 5 9 45 12 34 30 44 10 31 43 33 23 2 7 32 4 

Inst_Index:6707 	 City_Num:50 	 Concorde:0.059156 	 MCTS:5.909354 Improve:0.006283 	 Time:5.00 Seconds
Solution: 1 10 17 9 42 29 41 34 8 36 15 19 32 38 35 16 30 20 5 40 6 27 31 21 44 23 12 2 24 18 43 7 37 50 26 25 48 28 33 3 13 39 49 47 46 4 11 14 22 45 

Inst_Index:6708 	 City_Num:50 	 Concorde:0.056089 	 MCTS:5.608881 Improve:0.000000 	 Time:5.00 Seconds
Solution: 1 37 43 32 45 50 25 8 10 38 14 36 2 30 19 20 3 29 31 35 13 5 33 40 15 16 28 27 44 17 9 11 46 34 42 21 26 47 22 48 49 12 7 6 23 4 39 24 18 41 

Inst_Index:6709 	 City_Num:50 	 Concorde:0.057069 	 MCTS:5.706900 Improve:0.000000 	 Time:5.00 Seconds
Solution: 1 38 39 35 33 15 5 49 44 9 45 8 34 31 50 47 22 24 6 30 4 17 37 42 43 3 40 12 11 7 25 16 36 18 27 14 20 19 48 21 28 26 29 46 41 13 23 32 10 2 

Inst_Index:6710 	 City_Num:50 	 Concorde:0.056060 	 MCTS:5.606030 Improve:0.000000 	 Time:5.00 Seconds
Solution: 1 31 44 43 5 48 37 24 29 49 30 28 33 23 4 17 9 21 12 25 39 10 35 20 27 40 41 22 11 14 7 42 38 8 15 36 16 47 13 19 18 3 2 32 26 50 45 6 34 46 

Inst_Index:6711 	 City_Num:50 	 Concorde:0.056961 	 MCTS:5.696150 Improve:0.000000 	 Time:5.00 Seconds
Solution: 1 28 5 48 50 32 40 7 43 16 33 44 31 27 30 17 19 37 8 15 20 39 23 34 9 42 6 10 24 29 25 47 38 35 49 12 45 46 41 36 21 11 22 3 14 26 4 18 2 13 

Inst_Index:6712 	 City_Num:50 	 Concorde:0.057461 	 MCTS:5.745059 Improve:0.001013 	 Time:5.00 Seconds
Solution: 1 46 29 9 44 45 11 20 26 36 16 50 14 23 4 47 10 39 40 35 7 48 27 33 17 41 34 30 13 28 42 2 31 32 8 49 19 3 22 15 24 21 25 37 38 6 12 5 18 43 

Inst_Index:6713 	 City_Num:50 	 Concorde:0.055079 	 MCTS:5.501547 Improve:0.006348 	 Time:5.00 Seconds
Solution: 1 3 25 39 33 32 31 11 22 35 46 21 36 12 45 29 37 49 10 15 8 28 24 9 16 13 5 30 2 6 4 19 48 23 40 47 34 26 43 17 20 27 44 7 50 42 14 41 38 18 

Inst_Index:6714 	 City_Num:50 	 Concorde:0.055319 	 MCTS:5.543285 Improve:-0.011360 	 Time:5.00 Seconds
Solution: 1 17 4 26 5 20 15 40 44 22 39 45 24 31 34 21 6 28 29 12 48 46 11 49 50 33 36 23 2 14 16 19 30 37 13 35 47 41 38 10 9 18 7 25 3 43 42 8 32 27 

Inst_Index:6715 	 City_Num:50 	 Concorde:0.054161 	 MCTS:5.416109 Improve:0.000000 	 Time:5.00 Seconds
Solution: 1 9 6 38 13 36 14 26 2 8 30 32 29 42 40 4 3 33 11 7 5 18 37 24 22 17 43 21 48 28 15 10 45 27 41 39 34 12 31 44 35 19 49 23 20 50 25 46 16 47 

Inst_Index:6716 	 City_Num:50 	 Concorde:0.056404 	 MCTS:5.640383 Improve:-0.000000 	 Time:5.00 Seconds
Solution: 1 14 33 2 26 48 38 42 27 17 7 4 6 31 16 18 46 23 44 3 15 49 21 22 34 40 11 50 29 8 20 36 24 25 10 9 45 5 37 39 47 13 28 32 35 41 30 19 12 43 

Inst_Index:6717 	 City_Num:50 	 Concorde:0.057344 	 MCTS:5.734396 Improve:-0.000000 	 Time:5.00 Seconds
Solution: 1 37 11 15 10 50 44 23 17 46 32 26 2 14 21 22 28 31 34 19 35 5 48 9 16 7 27 39 25 6 49 41 8 29 43 47 4 36 33 45 18 42 3 20 24 38 40 13 30 12 

Inst_Index:6718 	 City_Num:50 	 Concorde:0.054651 	 MCTS:5.461300 Improve:0.003839 	 Time:5.00 Seconds
Solution: 1 46 25 48 7 45 31 39 13 3 47 19 23 28 26 29 40 20 6 18 42 30 34 12 11 38 10 4 21 22 43 8 49 44 36 2 17 27 15 50 24 37 16 35 41 14 9 32 5 33 

Inst_Index:6719 	 City_Num:50 	 Concorde:0.059629 	 MCTS:5.961075 Improve:0.001845 	 Time:5.00 Seconds
Solution: 1 47 30 20 18 31 36 10 44 29 27 16 19 35 9 45 43 48 8 4 26 34 2 7 12 32 37 24 40 50 42 38 13 21 25 41 46 14 3 17 5 49 23 22 11 6 28 39 15 33 

Inst_Index:6720 	 City_Num:50 	 Concorde:0.057419 	 MCTS:5.741858 Improve:-0.000000 	 Time:5.00 Seconds
Solution: 1 40 13 3 17 49 38 26 34 35 25 50 6 18 2 37 9 22 31 44 47 16 19 21 45 33 24 14 8 41 48 30 39 43 10 15 12 4 11 5 36 46 42 7 28 32 27 29 23 20 

Inst_Index:6721 	 City_Num:50 	 Concorde:0.052179 	 MCTS:5.217886 Improve:-0.000000 	 Time:5.00 Seconds
Solution: 1 9 18 28 17 30 47 33 11 37 12 50 13 43 31 8 36 3 45 26 25 35 41 48 15 6 38 24 21 22 19 32 44 40 2 42 4 46 10 34 20 7 29 16 27 23 5 14 39 49 

Inst_Index:6722 	 City_Num:50 	 Concorde:0.054489 	 MCTS:5.447491 Improve:0.001381 	 Time:5.00 Seconds
Solution: 1 46 47 27 25 49 29 26 16 23 37 10 7 15 12 20 32 43 50 22 40 6 2 9 38 4 35 19 14 31 45 18 11 34 48 28 5 30 33 41 36 13 42 21 8 24 39 44 17 3 

Inst_Index:6723 	 City_Num:50 	 Concorde:0.061596 	 MCTS:6.158116 Improve:0.001521 	 Time:5.00 Seconds
Solution: 1 25 12 21 42 11 2 43 14 28 45 20 30 6 8 24 23 16 27 15 10 46 34 48 22 33 31 9 17 18 47 37 44 36 49 41 5 26 35 19 38 13 3 4 29 39 50 40 7 32 

Inst_Index:6724 	 City_Num:50 	 Concorde:0.056810 	 MCTS:5.680461 Improve:0.000581 	 Time:5.00 Seconds
Solution: 1 45 3 14 35 38 41 2 7 31 43 40 47 11 16 28 5 10 26 42 12 22 6 33 18 24 32 36 39 44 20 29 4 48 21 49 15 17 30 37 9 13 46 8 23 19 27 50 25 34 

Inst_Index:6725 	 City_Num:50 	 Concorde:0.053850 	 MCTS:5.385040 Improve:0.000000 	 Time:5.00 Seconds
Solution: 1 14 22 18 2 29 42 11 30 7 16 31 47 36 44 10 24 12 49 9 23 27 8 46 5 48 34 19 37 43 13 17 40 41 35 33 45 15 3 4 25 20 26 38 21 6 32 39 28 50 

Inst_Index:6726 	 City_Num:50 	 Concorde:0.058403 	 MCTS:5.840301 Improve:0.000000 	 Time:5.00 Seconds
Solution: 1 10 47 11 36 26 5 44 19 29 42 34 18 14 6 41 32 13 50 27 30 17 21 3 20 7 16 43 24 31 23 38 35 45 40 8 48 39 2 9 49 46 25 22 15 28 12 33 4 37 

Inst_Index:6727 	 City_Num:50 	 Concorde:0.057606 	 MCTS:5.760615 Improve:-0.000000 	 Time:5.00 Seconds
Solution: 1 21 8 19 37 17 20 27 30 39 28 36 33 6 22 14 44 35 47 43 41 16 50 32 42 23 15 31 7 48 29 25 40 46 45 12 26 9 10 34 3 49 5 38 13 4 11 24 2 18 

Inst_Index:6728 	 City_Num:50 	 Concorde:0.057003 	 MCTS:5.700344 Improve:0.000000 	 Time:5.01 Seconds
Solution: 1 23 48 9 49 31 18 41 21 46 13 40 26 24 32 4 17 22 25 30 11 14 2 10 3 15 12 44 34 43 7 28 38 20 27 8 47 6 39 42 37 19 29 33 50 35 5 45 36 16 

Inst_Index:6729 	 City_Num:50 	 Concorde:0.050263 	 MCTS:5.022770 Improve:0.003496 	 Time:5.00 Seconds
Solution: 1 14 7 33 23 30 45 8 38 43 24 3 20 47 13 11 17 41 26 21 22 46 31 19 29 39 10 44 12 35 6 25 4 36 40 28 15 9 32 49 37 48 18 50 27 2 34 5 42 16 

Inst_Index:6730 	 City_Num:50 	 Concorde:0.055076 	 MCTS:5.507580 Improve:-0.000000 	 Time:5.00 Seconds
Solution: 1 12 24 33 35 20 11 16 48 14 36 41 37 47 27 42 39 49 22 6 17 8 10 7 23 44 31 13 25 38 18 45 28 30 2 46 29 50 21 5 15 40 32 26 19 34 3 9 4 43 

Inst_Index:6731 	 City_Num:50 	 Concorde:0.054403 	 MCTS:5.440313 Improve:-0.000000 	 Time:5.00 Seconds
Solution: 1 50 18 44 42 8 36 39 5 35 25 30 20 33 21 29 27 19 6 31 2 10 24 32 34 7 26 4 16 15 13 40 46 22 17 28 11 49 23 14 12 9 37 48 38 43 41 3 45 47 

Inst_Index:6732 	 City_Num:50 	 Concorde:0.055975 	 MCTS:5.597492 Improve:-0.000000 	 Time:5.00 Seconds
Solution: 1 32 39 10 24 4 7 34 16 21 20 41 2 9 46 12 15 17 27 19 18 33 50 35 22 26 36 48 3 23 38 11 40 8 43 47 30 44 28 5 25 6 45 42 37 49 31 29 13 14 

Inst_Index:6733 	 City_Num:50 	 Concorde:0.057137 	 MCTS:5.713677 Improve:0.000000 	 Time:5.00 Seconds
Solution: 1 45 37 26 34 38 2 29 4 32 44 33 8 21 14 28 43 13 50 41 9 17 25 31 12 7 24 6 16 19 3 23 47 42 30 10 18 48 27 46 39 35 49 11 22 5 36 40 20 15 

Inst_Index:6734 	 City_Num:50 	 Concorde:0.058749 	 MCTS:5.867333 Improve:0.007534 	 Time:5.00 Seconds
Solution: 1 28 22 42 5 18 12 32 40 35 46 17 29 21 6 19 4 31 27 16 49 48 50 26 34 15 43 13 30 39 24 45 25 47 9 7 8 36 33 23 41 37 10 3 2 38 20 44 14 11 

Inst_Index:6735 	 City_Num:50 	 Concorde:0.056295 	 MCTS:5.649525 Improve:-0.020044 	 Time:5.00 Seconds
Solution: 1 2 29 9 21 7 49 26 15 20 32 47 33 14 48 6 18 16 5 17 34 28 42 12 39 23 43 46 19 25 38 4 30 41 44 11 10 50 3 45 37 35 36 40 8 13 22 31 24 27 

Inst_Index:6736 	 City_Num:50 	 Concorde:0.052970 	 MCTS:5.297022 Improve:-0.000000 	 Time:5.00 Seconds
Solution: 1 34 38 36 41 25 28 18 23 22 33 20 4 27 19 46 9 13 45 8 7 32 2 49 21 50 35 43 3 30 5 31 47 15 17 29 26 10 44 12 37 39 11 6 16 24 40 48 14 42 

Inst_Index:6737 	 City_Num:50 	 Concorde:0.057361 	 MCTS:5.736085 Improve:-0.000000 	 Time:5.01 Seconds
Solution: 1 22 19 43 12 9 21 30 45 38 31 27 26 17 36 5 6 44 47 28 3 35 10 4 33 39 42 23 25 29 11 16 48 13 46 2 34 15 49 14 18 24 8 20 7 32 37 50 41 40 

Inst_Index:6738 	 City_Num:50 	 Concorde:0.059287 	 MCTS:5.928681 Improve:0.000000 	 Time:5.00 Seconds
Solution: 1 3 25 10 35 2 42 47 36 19 18 37 15 40 14 13 7 33 45 12 34 9 8 44 28 38 29 21 48 50 23 46 43 41 16 6 4 22 5 31 17 32 20 30 26 27 24 49 11 39 

Inst_Index:6739 	 City_Num:50 	 Concorde:0.060996 	 MCTS:6.099555 Improve:0.000000 	 Time:5.00 Seconds
Solution: 1 10 13 27 14 41 31 20 39 35 33 29 18 37 7 26 38 28 15 17 44 6 47 34 12 21 19 30 22 24 8 50 40 3 16 42 5 48 4 49 2 36 25 46 23 43 45 9 11 32 

Inst_Index:6740 	 City_Num:50 	 Concorde:0.056816 	 MCTS:5.681604 Improve:0.000000 	 Time:5.00 Seconds
Solution: 1 2 15 23 50 39 4 36 3 47 25 6 45 7 12 49 26 34 30 5 48 10 41 18 8 16 43 33 11 28 14 13 19 21 40 44 46 35 24 37 31 20 32 38 27 9 29 42 22 17 

Inst_Index:6741 	 City_Num:50 	 Concorde:0.059855 	 MCTS:5.985544 Improve:-0.000000 	 Time:5.00 Seconds
Solution: 1 43 42 7 44 29 45 40 25 41 17 50 4 23 8 21 34 32 48 27 5 31 28 49 10 46 35 12 19 11 14 6 30 16 13 37 22 9 26 24 20 18 39 36 33 38 2 3 15 47 

Inst_Index:6742 	 City_Num:50 	 Concorde:0.056779 	 MCTS:5.677853 Improve:0.000000 	 Time:5.00 Seconds
Solution: 1 14 23 45 28 10 34 20 19 38 25 26 24 21 18 42 48 16 3 6 43 35 41 4 5 31 50 22 39 11 33 7 30 13 2 49 9 44 46 29 27 36 17 15 32 12 8 40 37 47 

Inst_Index:6743 	 City_Num:50 	 Concorde:0.061338 	 MCTS:6.133780 Improve:0.000000 	 Time:5.00 Seconds
Solution: 1 33 10 11 17 7 46 24 30 45 14 49 13 28 40 48 5 44 43 50 20 39 38 29 32 25 6 18 3 36 4 2 22 15 19 41 26 37 12 31 47 42 23 9 16 27 8 34 21 35 

Inst_Index:6744 	 City_Num:50 	 Concorde:0.058955 	 MCTS:5.894621 Improve:0.000915 	 Time:5.00 Seconds
Solution: 1 32 49 35 22 7 38 5 30 41 47 43 14 12 28 23 16 26 20 10 39 6 45 48 33 18 17 13 27 50 3 31 9 36 21 11 40 34 8 37 19 46 24 15 25 44 4 29 42 2 

Inst_Index:6745 	 City_Num:50 	 Concorde:0.055459 	 MCTS:5.545943 Improve:-0.000000 	 Time:5.00 Seconds
Solution: 1 19 46 22 12 14 39 35 41 32 42 28 6 40 20 50 29 5 27 36 30 21 45 15 8 47 38 24 31 16 4 43 9 37 25 18 13 44 10 7 48 23 3 34 26 49 17 11 2 33 

Inst_Index:6746 	 City_Num:50 	 Concorde:0.056922 	 MCTS:5.692202 Improve:-0.000000 	 Time:5.00 Seconds
Solution: 1 20 9 27 3 28 15 44 35 39 25 8 14 47 26 23 41 12 30 4 29 11 45 46 36 50 7 32 22 49 37 21 5 40 38 19 43 24 17 16 6 13 34 33 10 31 42 2 48 18 

Inst_Index:6747 	 City_Num:50 	 Concorde:0.054465 	 MCTS:5.446473 Improve:0.000000 	 Time:5.00 Seconds
Solution: 1 44 24 30 46 50 39 2 25 21 31 18 8 17 34 49 4 9 20 5 27 26 29 16 37 40 28 23 33 36 6 22 14 41 10 7 3 32 13 12 43 35 11 42 48 15 47 38 19 45 

Inst_Index:6748 	 City_Num:50 	 Concorde:0.058338 	 MCTS:5.833771 Improve:-0.000000 	 Time:5.00 Seconds
Solution: 1 17 4 23 41 20 33 24 49 30 37 28 22 13 45 42 32 15 34 5 25 26 48 10 38 18 44 8 31 27 14 46 35 19 9 36 47 50 21 3 39 16 7 6 43 40 12 2 29 11 

Inst_Index:6749 	 City_Num:50 	 Concorde:0.053313 	 MCTS:5.331251 Improve:0.000000 	 Time:5.00 Seconds
Solution: 1 7 17 10 5 32 33 28 21 18 47 48 43 38 22 13 8 2 45 31 27 35 11 40 6 30 20 44 36 46 26 3 37 49 29 19 4 23 50 15 25 14 39 34 12 42 24 16 9 41 

Inst_Index:6750 	 City_Num:50 	 Concorde:0.057771 	 MCTS:5.773279 Improve:0.003853 	 Time:5.00 Seconds
Solution: 1 19 39 23 49 40 10 9 38 4 12 20 15 17 48 11 25 34 30 7 41 29 45 35 13 27 47 32 5 14 31 24 6 21 26 43 46 8 33 3 36 28 16 37 50 2 22 44 42 18 

Inst_Index:6751 	 City_Num:50 	 Concorde:0.051366 	 MCTS:5.134077 Improve:0.002514 	 Time:5.00 Seconds
Solution: 1 2 48 30 32 14 18 49 15 39 9 31 21 47 22 45 42 6 34 38 26 43 41 33 19 37 20 13 35 40 7 23 3 50 36 29 28 24 25 46 16 17 4 5 44 11 12 27 10 8 

Inst_Index:6752 	 City_Num:50 	 Concorde:0.060778 	 MCTS:6.077842 Improve:-0.000000 	 Time:5.00 Seconds
Solution: 1 10 26 33 45 46 12 31 47 39 22 27 29 5 14 40 32 16 41 35 25 24 11 42 28 38 6 2 21 23 49 36 30 34 17 43 8 7 9 50 44 3 15 4 13 20 37 19 48 18 

Inst_Index:6753 	 City_Num:50 	 Concorde:0.054231 	 MCTS:5.423085 Improve:0.000000 	 Time:5.01 Seconds
Solution: 1 23 22 2 6 46 32 3 26 21 42 39 7 14 15 11 29 47 35 12 27 5 4 49 48 8 13 20 50 19 25 31 10 16 45 36 30 9 44 33 38 18 24 43 34 28 37 41 17 40 

Inst_Index:6754 	 City_Num:50 	 Concorde:0.056030 	 MCTS:5.602985 Improve:0.000000 	 Time:5.01 Seconds
Solution: 1 11 16 44 8 35 36 29 9 48 4 33 46 40 45 19 13 42 25 2 32 34 26 20 37 5 31 28 18 14 15 27 23 43 50 39 12 49 22 10 47 7 41 17 24 38 30 6 3 21 

Inst_Index:6755 	 City_Num:50 	 Concorde:0.060463 	 MCTS:6.044396 Improve:0.001899 	 Time:5.00 Seconds
Solution: 1 3 22 37 43 7 33 18 28 21 8 42 48 49 9 17 20 12 16 41 5 13 26 34 50 38 32 35 36 6 10 40 11 39 27 46 4 2 44 29 25 31 45 24 14 19 15 23 30 47 

Inst_Index:6756 	 City_Num:50 	 Concorde:0.055056 	 MCTS:5.505586 Improve:0.000000 	 Time:5.01 Seconds
Solution: 1 40 29 46 35 50 20 3 4 45 31 42 38 30 28 33 5 47 18 22 25 41 34 11 9 10 36 27 17 37 44 26 23 7 16 32 2 19 24 39 12 21 49 15 6 14 48 8 43 13 

Inst_Index:6757 	 City_Num:50 	 Concorde:0.055932 	 MCTS:5.593194 Improve:0.000000 	 Time:5.00 Seconds
Solution: 1 20 35 8 9 6 19 32 39 33 15 50 16 40 25 12 24 11 45 23 22 2 10 41 46 30 13 26 21 4 3 31 5 47 28 38 27 37 34 42 49 18 43 44 36 17 14 48 29 7 

Inst_Index:6758 	 City_Num:50 	 Concorde:0.056084 	 MCTS:5.608383 Improve:0.000000 	 Time:5.00 Seconds
Solution: 1 36 41 39 24 23 38 42 43 13 5 44 25 17 30 9 16 50 8 33 28 34 10 46 12 47 26 15 22 49 32 48 3 37 29 7 20 6 27 45 14 11 35 21 2 18 31 19 40 4 

Inst_Index:6759 	 City_Num:50 	 Concorde:0.063079 	 MCTS:6.307890 Improve:-0.000000 	 Time:5.00 Seconds
Solution: 1 27 4 20 41 18 10 28 38 3 34 49 16 5 12 47 13 11 46 9 32 21 7 15 37 36 40 43 45 33 8 31 42 48 30 26 23 39 25 24 2 19 50 29 6 17 35 14 44 22 

Inst_Index:6760 	 City_Num:50 	 Concorde:0.052117 	 MCTS:5.211678 Improve:0.000000 	 Time:5.00 Seconds
Solution: 1 36 2 9 24 25 45 49 31 50 39 22 5 13 27 19 3 41 46 47 18 7 21 15 23 4 14 32 44 26 48 17 8 38 29 43 10 35 6 37 28 20 42 40 12 30 34 16 33 11 

Inst_Index:6761 	 City_Num:50 	 Concorde:0.060300 	 MCTS:6.030010 Improve:0.000000 	 Time:5.00 Seconds
Solution: 1 24 35 37 22 48 16 9 15 49 8 40 38 12 50 45 41 36 33 2 23 25 44 21 5 11 32 28 13 6 30 3 34 7 20 47 46 18 26 43 39 42 19 17 4 10 27 14 31 29 

Inst_Index:6762 	 City_Num:50 	 Concorde:0.060077 	 MCTS:6.007681 Improve:0.000000 	 Time:5.00 Seconds
Solution: 1 27 4 30 36 23 14 18 38 15 48 35 42 33 40 26 46 41 11 16 17 49 10 50 28 25 47 9 12 44 24 2 37 34 19 29 22 5 31 32 13 3 8 21 39 20 7 45 6 43 

Inst_Index:6763 	 City_Num:50 	 Concorde:0.057657 	 MCTS:5.765697 Improve:0.000000 	 Time:5.00 Seconds
Solution: 1 28 12 39 36 50 33 41 45 20 27 25 17 46 38 22 16 5 9 13 31 15 29 10 30 24 26 8 6 40 44 43 18 14 49 3 23 7 2 11 48 37 19 35 32 21 4 34 42 47 

Inst_Index:6764 	 City_Num:50 	 Concorde:0.055306 	 MCTS:5.530637 Improve:0.000000 	 Time:5.00 Seconds
Solution: 1 15 9 12 49 32 22 17 14 33 8 36 50 42 21 27 5 46 3 38 11 41 34 4 29 18 2 13 37 35 28 25 20 30 39 40 24 44 47 6 19 43 7 26 10 16 48 45 31 23 

Inst_Index:6765 	 City_Num:50 	 Concorde:0.056766 	 MCTS:5.672955 Improve:0.003645 	 Time:5.00 Seconds
Solution: 1 23 38 48 15 35 6 39 40 42 28 33 19 26 36 18 25 12 8 13 41 43 47 34 46 3 30 31 29 44 17 14 2 37 4 22 5 7 24 49 50 27 10 16 11 20 45 32 21 9 

Inst_Index:6766 	 City_Num:50 	 Concorde:0.054714 	 MCTS:5.471408 Improve:-0.000000 	 Time:5.00 Seconds
Solution: 1 26 28 35 24 15 13 18 14 10 21 5 32 11 2 16 22 31 23 8 44 33 38 7 19 3 36 6 27 42 29 48 17 50 41 47 25 49 39 12 20 46 40 45 9 34 30 4 37 43 

Inst_Index:6767 	 City_Num:50 	 Concorde:0.057924 	 MCTS:5.792382 Improve:-0.000000 	 Time:5.00 Seconds
Solution: 1 33 10 40 4 15 11 39 28 30 42 35 12 47 24 16 19 32 29 34 50 20 38 7 41 6 43 8 36 26 14 31 23 2 48 37 27 45 46 9 3 25 18 49 22 44 17 13 5 21 

Inst_Index:6768 	 City_Num:50 	 Concorde:0.054279 	 MCTS:5.427930 Improve:0.000000 	 Time:5.01 Seconds
Solution: 1 16 6 3 26 24 10 25 44 4 32 9 39 50 37 13 46 20 43 40 42 22 29 19 15 49 12 18 28 34 33 21 35 48 30 31 41 14 45 38 17 47 11 23 36 5 7 2 27 8 

Inst_Index:6769 	 City_Num:50 	 Concorde:0.057353 	 MCTS:5.735305 Improve:-0.000000 	 Time:5.00 Seconds
Solution: 1 32 2 42 9 13 5 38 30 12 26 7 3 23 15 19 6 33 20 48 35 14 41 31 29 21 36 46 43 17 8 47 25 11 4 28 40 39 22 16 50 18 49 10 24 37 27 34 45 44 

Inst_Index:6770 	 City_Num:50 	 Concorde:0.059051 	 MCTS:5.900438 Improve:0.004678 	 Time:5.01 Seconds
Solution: 1 19 8 22 46 17 48 29 15 27 9 44 5 2 41 14 25 37 42 30 20 35 26 13 11 33 45 47 34 12 50 36 40 24 38 21 16 7 10 49 39 31 28 23 6 18 32 43 4 3 

Inst_Index:6771 	 City_Num:50 	 Concorde:0.050655 	 MCTS:5.065499 Improve:0.000000 	 Time:5.00 Seconds
Solution: 1 5 23 48 6 15 27 49 35 42 40 45 22 14 4 34 13 25 7 10 32 9 46 12 20 21 37 11 18 38 30 41 3 26 50 31 29 47 24 8 2 44 43 39 33 36 28 16 19 17 

Inst_Index:6772 	 City_Num:50 	 Concorde:0.054263 	 MCTS:5.420290 Improve:0.006028 	 Time:5.00 Seconds
Solution: 1 34 7 25 21 26 8 3 45 31 17 5 20 16 28 50 40 14 2 9 47 33 11 36 4 48 32 27 38 37 15 44 35 30 46 42 43 10 13 24 19 22 49 6 23 18 39 12 29 41 

Inst_Index:6773 	 City_Num:50 	 Concorde:0.054292 	 MCTS:5.426900 Improve:0.002339 	 Time:5.00 Seconds
Solution: 1 42 17 14 40 30 37 49 24 21 44 48 23 18 34 11 35 6 19 31 47 3 27 33 13 38 16 36 8 32 45 39 26 41 46 5 22 29 7 43 25 50 10 28 4 20 9 2 12 15 

Inst_Index:6774 	 City_Num:50 	 Concorde:0.052652 	 MCTS:5.265247 Improve:-0.000000 	 Time:5.00 Seconds
Solution: 1 18 46 34 5 41 49 4 43 17 23 7 22 26 21 50 48 38 42 15 8 2 11 36 12 24 20 29 32 30 28 10 44 35 25 33 6 31 47 9 37 3 19 27 13 16 40 39 14 45 

Inst_Index:6775 	 City_Num:50 	 Concorde:0.056525 	 MCTS:5.651910 Improve:0.000570 	 Time:5.00 Seconds
Solution: 1 3 8 40 2 34 6 19 16 18 37 46 23 27 5 21 10 26 38 30 42 43 4 47 25 15 31 50 9 28 49 13 20 44 35 45 7 14 36 24 41 22 29 12 32 48 39 17 33 11 

Inst_Index:6776 	 City_Num:50 	 Concorde:0.053597 	 MCTS:5.359733 Improve:0.000000 	 Time:5.00 Seconds
Solution: 1 38 23 18 41 25 26 30 2 49 31 4 45 19 11 44 34 15 33 46 6 27 40 12 14 48 16 32 22 28 37 21 13 50 20 43 5 10 17 39 47 24 36 7 35 9 3 42 8 29 

Inst_Index:6777 	 City_Num:50 	 Concorde:0.051024 	 MCTS:5.102374 Improve:0.000000 	 Time:5.00 Seconds
Solution: 1 22 39 17 15 44 6 2 50 48 23 40 41 36 25 12 47 10 8 18 49 38 28 19 27 31 30 46 29 43 3 32 37 35 34 11 26 45 13 9 33 7 20 42 24 14 4 5 21 16 

Inst_Index:6778 	 City_Num:50 	 Concorde:0.057847 	 MCTS:5.784730 Improve:-0.000000 	 Time:5.01 Seconds
Solution: 1 3 44 22 19 40 41 13 32 39 20 8 26 10 21 50 25 28 24 48 31 36 5 30 34 37 38 6 12 47 29 23 9 4 17 46 45 7 43 16 42 27 2 33 49 35 18 11 15 14 

Inst_Index:6779 	 City_Num:50 	 Concorde:0.059405 	 MCTS:5.940481 Improve:0.000000 	 Time:5.00 Seconds
Solution: 1 7 33 4 31 18 6 3 16 15 2 28 10 45 20 50 17 44 12 26 49 40 19 42 46 36 37 22 5 25 21 47 29 43 48 24 39 41 13 38 9 8 34 32 14 23 30 27 35 11 

Inst_Index:6780 	 City_Num:50 	 Concorde:0.058512 	 MCTS:5.848969 Improve:0.002250 	 Time:5.00 Seconds
Solution: 1 6 9 33 48 49 50 42 17 14 8 24 41 10 38 40 11 21 34 35 36 47 23 20 2 27 25 18 30 43 5 4 22 19 45 28 26 32 29 12 16 3 31 13 46 39 15 7 37 44 

Inst_Index:6781 	 City_Num:50 	 Concorde:0.055663 	 MCTS:5.566290 Improve:-0.000000 	 Time:5.00 Seconds
Solution: 1 17 44 18 11 25 36 2 27 33 5 45 41 14 39 34 23 42 31 19 3 15 29 47 10 37 12 38 28 30 24 4 7 9 22 49 35 43 21 48 26 40 20 32 16 46 8 13 50 6 

Inst_Index:6782 	 City_Num:50 	 Concorde:0.057902 	 MCTS:5.790243 Improve:0.000000 	 Time:5.01 Seconds
Solution: 1 27 46 8 35 11 19 26 36 16 6 20 49 37 9 42 45 39 2 4 10 5 21 32 40 13 29 41 23 44 25 28 22 15 34 18 17 33 3 12 50 47 43 31 7 24 30 38 14 48 

Inst_Index:6783 	 City_Num:50 	 Concorde:0.060979 	 MCTS:6.097894 Improve:-0.000000 	 Time:5.00 Seconds
Solution: 1 3 10 6 44 26 42 20 49 2 50 29 45 7 39 48 25 9 12 31 40 11 19 32 16 36 47 21 43 13 38 4 27 14 41 33 37 30 35 15 24 28 8 34 18 22 23 46 17 5 

Inst_Index:6784 	 City_Num:50 	 Concorde:0.060767 	 MCTS:6.068557 Improve:0.008106 	 Time:5.00 Seconds
Solution: 1 45 12 11 20 49 31 19 26 23 4 27 5 7 10 33 3 13 42 41 2 44 39 14 48 21 6 38 35 24 22 16 30 32 9 8 25 46 40 50 28 18 17 37 43 34 47 36 15 29 

Inst_Index:6785 	 City_Num:50 	 Concorde:0.062227 	 MCTS:6.220216 Improve:0.002524 	 Time:5.00 Seconds
Solution: 1 31 16 48 12 40 37 41 30 35 7 36 25 46 2 6 38 21 17 50 10 29 26 20 18 47 45 9 24 4 49 34 43 27 8 11 42 14 13 23 15 22 32 33 5 3 28 39 19 44 

Inst_Index:6786 	 City_Num:50 	 Concorde:0.055125 	 MCTS:5.512451 Improve:0.000000 	 Time:5.01 Seconds
Solution: 1 16 7 42 27 45 46 43 13 47 10 5 4 11 29 49 32 17 36 21 14 30 6 9 20 34 37 38 23 33 26 15 50 19 2 18 35 39 48 25 40 24 8 44 41 12 22 3 28 31 

Inst_Index:6787 	 City_Num:50 	 Concorde:0.058168 	 MCTS:5.816797 Improve:0.000000 	 Time:5.01 Seconds
Solution: 1 13 34 3 43 48 45 9 47 30 46 24 20 38 25 16 42 49 37 39 28 22 11 40 7 26 50 14 12 2 32 36 23 5 19 4 29 41 6 10 35 15 8 21 31 33 27 18 44 17 

Inst_Index:6788 	 City_Num:50 	 Concorde:0.054830 	 MCTS:5.483015 Improve:0.000000 	 Time:5.00 Seconds
Solution: 1 15 33 38 12 42 2 11 3 37 27 36 17 44 7 47 22 19 23 34 16 46 18 13 45 43 10 30 6 32 28 49 25 26 9 4 31 24 40 21 41 48 35 14 39 8 29 20 5 50 

Inst_Index:6789 	 City_Num:50 	 Concorde:0.054673 	 MCTS:5.466089 Improve:0.001190 	 Time:5.00 Seconds
Solution: 1 23 32 31 47 7 36 43 50 20 16 44 39 15 33 26 25 18 3 27 4 45 9 30 5 35 22 42 2 28 17 49 10 12 41 13 38 6 8 34 19 37 14 29 40 21 11 46 24 48 

Inst_Index:6790 	 City_Num:50 	 Concorde:0.058124 	 MCTS:5.811320 Improve:0.001089 	 Time:5.00 Seconds
Solution: 1 21 20 24 14 38 39 37 40 23 41 11 30 12 2 4 19 48 27 13 46 10 3 36 5 32 15 18 34 22 28 31 9 44 43 50 35 7 25 47 17 49 8 45 26 42 16 6 33 29 

Inst_Index:6791 	 City_Num:50 	 Concorde:0.054968 	 MCTS:5.492604 Improve:0.004181 	 Time:5.00 Seconds
Solution: 1 22 13 3 40 33 7 29 5 43 35 49 38 2 14 41 39 42 36 20 47 9 31 44 37 26 34 48 11 19 28 17 50 18 15 23 45 32 27 21 46 12 8 24 16 25 6 4 30 10 

Inst_Index:6792 	 City_Num:50 	 Concorde:0.056005 	 MCTS:5.600528 Improve:0.000000 	 Time:5.00 Seconds
Solution: 1 49 3 23 37 33 48 42 28 13 39 40 41 21 9 12 32 44 11 47 17 19 26 14 5 4 24 43 25 27 46 8 22 45 16 18 2 30 36 31 6 29 10 34 38 15 7 50 20 35 

Inst_Index:6793 	 City_Num:50 	 Concorde:0.054140 	 MCTS:5.413965 Improve:0.000000 	 Time:5.01 Seconds
Solution: 1 38 26 46 25 18 23 41 8 36 50 12 49 30 2 3 39 35 29 37 42 32 15 10 24 47 11 13 48 40 19 6 27 22 45 16 5 9 4 20 14 43 28 17 31 44 34 7 33 21 

Inst_Index:6794 	 City_Num:50 	 Concorde:0.055998 	 MCTS:5.638804 Improve:-0.039003 	 Time:5.00 Seconds
Solution: 1 34 36 40 20 49 12 9 23 44 15 14 27 32 30 38 31 28 19 50 10 48 6 42 21 37 8 45 25 47 18 22 3 39 7 16 2 26 29 43 11 24 13 46 41 4 33 17 5 35 

Inst_Index:6795 	 City_Num:50 	 Concorde:0.054211 	 MCTS:5.421106 Improve:-0.000000 	 Time:5.00 Seconds
Solution: 1 19 31 42 33 34 30 41 38 16 21 17 2 22 48 45 29 47 36 28 23 7 25 6 10 20 44 24 49 50 32 26 27 37 11 39 40 9 46 4 8 43 12 14 5 35 13 3 18 15 

Inst_Index:6796 	 City_Num:50 	 Concorde:0.059701 	 MCTS:5.970090 Improve:-0.000000 	 Time:5.00 Seconds
Solution: 1 49 5 26 16 34 38 50 10 25 28 13 41 43 14 31 48 42 2 36 27 3 21 23 46 47 9 39 35 4 11 30 12 29 7 17 45 33 18 6 24 19 15 37 22 40 8 44 32 20 

Inst_Index:6797 	 City_Num:50 	 Concorde:0.057948 	 MCTS:5.792885 Improve:0.001889 	 Time:5.00 Seconds
Solution: 1 50 30 27 41 16 13 8 36 20 5 18 22 35 11 33 48 25 42 2 19 46 29 44 40 21 31 37 45 3 6 14 15 7 17 26 10 28 49 47 9 24 38 23 32 4 34 43 39 12 

Inst_Index:6798 	 City_Num:50 	 Concorde:0.059339 	 MCTS:5.933897 Improve:0.000000 	 Time:5.00 Seconds
Solution: 1 19 15 41 39 43 37 7 30 32 6 12 16 8 44 14 28 4 27 21 3 29 20 49 22 50 26 33 5 23 10 47 18 48 36 38 45 13 42 17 9 46 40 35 25 34 24 11 2 31 

Inst_Index:6799 	 City_Num:50 	 Concorde:0.055006 	 MCTS:5.500642 Improve:0.000000 	 Time:5.01 Seconds
Solution: 1 2 22 27 18 46 50 35 15 23 12 26 38 16 20 33 11 39 13 48 37 21 6 17 43 41 36 42 32 49 8 5 7 30 10 47 45 31 9 24 14 28 40 29 25 19 34 4 3 44 

Inst_Index:6800 	 City_Num:50 	 Concorde:0.058226 	 MCTS:5.822582 Improve:0.000000 	 Time:5.00 Seconds
Solution: 1 44 42 12 33 21 15 47 7 25 38 10 17 32 24 45 31 29 14 49 16 22 43 46 11 3 5 34 30 20 4 18 37 2 39 40 35 50 26 19 13 48 36 8 9 28 23 6 41 27 

Inst_Index:6801 	 City_Num:50 	 Concorde:0.057770 	 MCTS:5.777070 Improve:-0.000023 	 Time:5.00 Seconds
Solution: 1 29 46 35 32 41 9 45 28 25 43 44 3 37 4 31 30 7 5 26 13 47 23 10 12 33 39 2 50 17 42 6 34 11 15 14 8 49 21 36 27 18 20 40 16 38 22 19 48 24 

Inst_Index:6802 	 City_Num:50 	 Concorde:0.057859 	 MCTS:5.785938 Improve:0.000000 	 Time:5.00 Seconds
Solution: 1 5 28 13 8 20 14 15 40 27 44 34 4 37 23 22 10 3 17 21 42 9 30 16 36 25 12 43 45 18 24 46 31 50 7 32 39 19 29 26 47 33 11 35 48 41 6 2 49 38 

Inst_Index:6803 	 City_Num:50 	 Concorde:0.057367 	 MCTS:5.736712 Improve:-0.000000 	 Time:5.00 Seconds
Solution: 1 17 12 49 37 3 30 46 4 7 20 14 44 40 5 38 47 25 16 43 10 48 33 13 39 15 31 36 32 28 26 23 21 19 11 24 22 27 29 18 34 45 2 8 50 9 42 41 35 6 

Inst_Index:6804 	 City_Num:50 	 Concorde:0.057097 	 MCTS:5.706798 Improve:0.002909 	 Time:5.00 Seconds
Solution: 1 50 44 6 8 11 38 33 12 46 40 10 48 5 24 39 2 41 25 29 43 28 21 49 47 32 16 20 23 13 42 19 36 7 34 27 17 4 45 15 35 37 3 9 22 14 26 31 18 30 

Inst_Index:6805 	 City_Num:50 	 Concorde:0.057871 	 MCTS:5.787108 Improve:0.000000 	 Time:5.02 Seconds
Solution: 1 8 40 34 50 33 29 44 15 32 46 30 38 25 19 7 22 9 37 20 16 49 4 27 36 3 11 14 17 47 21 43 28 10 26 12 35 48 41 18 13 6 24 39 23 5 31 42 45 2 

Inst_Index:6806 	 City_Num:50 	 Concorde:0.061412 	 MCTS:6.149219 Improve:-0.008026 	 Time:5.00 Seconds
Solution: 1 17 22 10 40 46 27 44 16 2 9 8 12 49 32 25 26 34 7 47 45 3 13 50 43 20 36 28 11 38 41 31 4 30 24 37 48 35 29 5 6 33 19 42 14 21 15 39 18 23 

Inst_Index:6807 	 City_Num:50 	 Concorde:0.055350 	 MCTS:5.534965 Improve:-0.000000 	 Time:5.01 Seconds
Solution: 1 14 26 46 30 23 16 2 29 15 50 8 49 25 6 37 24 28 35 34 7 22 21 36 27 18 10 17 43 9 39 32 3 20 45 33 11 31 38 48 42 12 44 47 5 40 4 19 13 41 

Inst_Index:6808 	 City_Num:50 	 Concorde:0.054250 	 MCTS:5.432471 Improve:-0.007494 	 Time:5.00 Seconds
Solution: 1 4 15 5 19 25 10 24 7 27 3 13 49 38 42 2 28 18 36 48 44 23 30 34 35 31 37 21 43 47 32 6 12 17 33 11 39 46 45 29 20 40 9 16 8 50 14 22 26 41 

Inst_Index:6809 	 City_Num:50 	 Concorde:0.055605 	 MCTS:5.559006 Improve:0.001505 	 Time:5.00 Seconds
Solution: 1 23 4 14 43 38 5 22 24 27 9 48 2 42 50 10 36 21 32 17 26 16 13 7 11 47 33 18 29 35 15 30 49 19 12 25 45 3 20 39 41 28 6 8 46 34 44 31 40 37 

Inst_Index:6810 	 City_Num:50 	 Concorde:0.058857 	 MCTS:5.885730 Improve:-0.000000 	 Time:5.00 Seconds
Solution: 1 22 35 19 39 18 47 38 33 41 21 44 16 46 8 4 27 23 17 3 13 15 20 2 5 12 32 34 42 25 30 28 45 48 31 49 10 6 29 26 37 9 24 11 50 43 14 36 7 40 

Inst_Index:6811 	 City_Num:50 	 Concorde:0.059940 	 MCTS:5.993989 Improve:0.000000 	 Time:5.00 Seconds
Solution: 1 26 34 44 12 7 13 23 15 10 22 39 3 42 24 4 32 2 31 14 43 48 21 6 11 18 30 38 16 5 50 45 49 28 46 20 9 8 35 37 41 47 40 27 17 19 29 25 33 36 

Inst_Index:6812 	 City_Num:50 	 Concorde:0.057861 	 MCTS:5.786110 Improve:0.000000 	 Time:5.00 Seconds
Solution: 1 4 22 26 46 36 6 5 37 39 25 18 43 14 12 3 19 8 9 27 10 17 16 33 38 35 30 44 21 47 42 29 34 28 11 49 48 13 2 41 20 7 32 15 50 23 45 31 40 24 

Inst_Index:6813 	 City_Num:50 	 Concorde:0.050631 	 MCTS:5.063112 Improve:0.000000 	 Time:5.00 Seconds
Solution: 1 8 14 41 23 7 4 29 28 15 16 36 44 20 35 26 21 37 46 27 30 2 22 6 50 25 38 12 32 19 31 17 9 11 42 48 45 43 18 10 40 33 13 24 3 49 47 34 5 39 

Inst_Index:6814 	 City_Num:50 	 Concorde:0.058139 	 MCTS:5.813940 Improve:0.000000 	 Time:5.00 Seconds
Solution: 1 8 26 17 50 33 31 39 29 38 10 30 27 11 24 44 2 49 43 12 7 25 46 45 6 16 19 22 37 41 18 28 4 15 47 5 13 36 23 21 9 42 14 20 32 40 48 3 35 34 

Inst_Index:6815 	 City_Num:50 	 Concorde:0.057563 	 MCTS:5.756319 Improve:0.000000 	 Time:5.00 Seconds
Solution: 1 35 11 39 49 48 21 20 19 16 38 40 26 25 2 32 46 50 47 10 7 43 9 36 18 6 14 24 34 45 3 33 37 15 5 4 28 22 42 44 29 31 17 23 30 41 12 13 8 27 

Inst_Index:6816 	 City_Num:50 	 Concorde:0.057658 	 MCTS:5.794527 Improve:-0.028739 	 Time:5.01 Seconds
Solution: 1 36 2 6 14 23 42 18 12 16 7 46 41 22 9 5 21 26 11 40 13 30 38 35 39 48 31 24 27 17 47 32 10 8 45 20 37 15 29 25 44 33 50 19 28 34 49 43 4 3 

Inst_Index:6817 	 City_Num:50 	 Concorde:0.061804 	 MCTS:6.180400 Improve:0.000000 	 Time:5.00 Seconds
Solution: 1 35 14 43 29 38 34 22 49 3 21 4 9 18 25 16 13 15 12 19 27 6 7 11 42 46 30 41 36 40 45 5 44 33 32 10 48 17 28 24 26 39 20 8 47 31 37 23 2 50 

Inst_Index:6818 	 City_Num:50 	 Concorde:0.054459 	 MCTS:5.445633 Improve:0.000231 	 Time:5.00 Seconds
Solution: 1 32 6 2 3 50 49 43 8 48 10 12 31 15 14 13 9 34 33 21 18 38 36 30 7 29 27 11 40 47 39 5 17 24 41 16 20 4 46 37 19 45 42 25 35 22 28 26 23 44 

Inst_Index:6819 	 City_Num:50 	 Concorde:0.061897 	 MCTS:6.189702 Improve:0.000000 	 Time:5.00 Seconds
Solution: 1 26 5 23 29 46 40 24 42 47 50 32 22 15 36 19 45 18 30 41 2 21 6 31 37 49 38 34 43 13 20 28 11 7 9 33 27 14 10 4 39 16 17 8 25 3 12 48 44 35 

Inst_Index:6820 	 City_Num:50 	 Concorde:0.055369 	 MCTS:5.534157 Improve:0.002710 	 Time:5.00 Seconds
Solution: 1 36 5 15 19 29 27 30 34 44 32 6 13 42 4 43 11 26 28 49 3 8 2 14 7 20 24 31 46 16 40 50 21 45 47 48 39 10 23 38 35 9 33 12 41 17 18 37 25 22 

Inst_Index:6821 	 City_Num:50 	 Concorde:0.057782 	 MCTS:5.779374 Improve:-0.001174 	 Time:5.01 Seconds
Solution: 1 33 2 29 21 31 38 43 48 41 19 18 49 44 40 47 15 36 12 10 32 14 16 46 28 25 6 24 45 4 34 30 8 13 26 17 3 35 9 37 50 5 27 20 11 22 7 23 42 39 

Inst_Index:6822 	 City_Num:50 	 Concorde:0.057731 	 MCTS:5.771450 Improve:0.001603 	 Time:5.00 Seconds
Solution: 1 34 44 26 40 42 9 45 20 10 16 5 6 41 25 30 31 23 2 47 11 32 14 49 27 36 50 22 13 33 46 4 29 48 37 21 19 38 17 12 39 28 15 7 35 24 18 3 43 8 

Inst_Index:6823 	 City_Num:50 	 Concorde:0.055034 	 MCTS:5.499241 Improve:0.004162 	 Time:5.00 Seconds
Solution: 1 25 39 4 27 38 3 5 48 32 15 28 30 2 37 8 34 49 19 44 31 46 11 7 17 45 6 50 41 36 35 21 47 23 12 29 24 26 40 22 9 33 14 42 43 20 16 18 13 10 

Inst_Index:6824 	 City_Num:50 	 Concorde:0.055650 	 MCTS:5.565004 Improve:-0.000000 	 Time:5.01 Seconds
Solution: 1 15 2 41 17 26 22 16 19 27 24 49 21 4 13 25 35 38 45 46 40 43 12 39 44 31 3 34 36 6 20 23 11 10 28 9 30 18 47 8 42 50 7 32 33 29 5 48 14 37 

Inst_Index:6825 	 City_Num:50 	 Concorde:0.056717 	 MCTS:5.671683 Improve:-0.000000 	 Time:5.01 Seconds
Solution: 1 18 3 23 29 15 36 12 16 17 39 25 35 22 9 43 14 44 10 26 31 50 19 38 7 21 33 42 27 11 34 2 49 8 47 48 20 5 32 28 46 24 4 40 13 6 30 37 45 41 

Inst_Index:6826 	 City_Num:50 	 Concorde:0.056408 	 MCTS:5.638960 Improve:0.001802 	 Time:5.00 Seconds
Solution: 1 14 5 19 4 25 49 47 37 9 45 36 10 26 22 6 44 29 41 17 20 31 13 48 33 18 24 42 28 34 38 11 23 46 30 21 32 8 15 16 12 39 50 7 40 27 43 3 2 35 

Inst_Index:6827 	 City_Num:50 	 Concorde:0.058420 	 MCTS:5.842040 Improve:-0.000000 	 Time:5.00 Seconds
Solution: 1 32 39 22 18 23 50 34 48 37 21 43 3 16 17 30 28 2 40 6 7 14 4 25 49 12 42 45 11 47 46 27 5 33 20 8 44 13 9 36 15 29 24 38 31 26 35 10 19 41 

Inst_Index:6828 	 City_Num:50 	 Concorde:0.060747 	 MCTS:6.074727 Improve:0.000000 	 Time:5.00 Seconds
Solution: 1 47 48 16 26 18 6 24 21 4 22 33 35 7 13 12 29 2 28 3 42 49 44 10 50 32 31 45 17 19 5 40 39 37 15 14 46 34 25 30 11 9 36 20 41 43 38 8 23 27 

Inst_Index:6829 	 City_Num:50 	 Concorde:0.057262 	 MCTS:5.722921 Improve:0.003322 	 Time:5.01 Seconds
Solution: 1 23 36 46 15 13 28 24 32 37 47 40 22 19 50 31 9 43 17 20 25 39 35 34 29 3 48 44 7 8 16 12 14 18 4 33 42 30 6 11 21 5 10 27 2 26 38 49 45 41 

Inst_Index:6830 	 City_Num:50 	 Concorde:0.059557 	 MCTS:5.955713 Improve:0.000000 	 Time:5.01 Seconds
Solution: 1 7 38 15 17 24 22 18 39 41 35 34 32 42 11 6 46 45 31 48 2 3 29 44 8 20 9 13 19 30 28 10 33 14 26 21 43 4 37 16 49 47 27 36 25 23 5 40 50 12 

Inst_Index:6831 	 City_Num:50 	 Concorde:0.052958 	 MCTS:5.291537 Improve:0.004215 	 Time:5.00 Seconds
Solution: 1 3 23 12 29 38 24 26 32 21 35 20 25 50 16 4 46 5 44 49 30 11 22 14 42 2 36 48 47 15 33 31 7 34 41 13 6 10 27 19 37 28 43 40 39 17 8 45 9 18 

Inst_Index:6832 	 City_Num:50 	 Concorde:0.054624 	 MCTS:5.462415 Improve:0.000000 	 Time:5.01 Seconds
Solution: 1 22 27 21 39 15 40 33 50 4 42 31 6 3 24 41 20 5 10 36 48 32 11 43 29 38 7 12 45 19 16 25 13 34 17 47 46 18 9 49 14 37 44 35 30 26 28 23 8 2 

Inst_Index:6833 	 City_Num:50 	 Concorde:0.059083 	 MCTS:5.908308 Improve:0.000000 	 Time:5.00 Seconds
Solution: 1 14 20 46 22 17 37 45 38 6 12 4 47 29 2 28 25 13 48 10 11 27 39 5 8 42 15 24 33 9 23 26 43 19 30 34 31 44 32 18 7 49 16 35 50 3 41 36 40 21 

Inst_Index:6834 	 City_Num:50 	 Concorde:0.060157 	 MCTS:6.015709 Improve:-0.000000 	 Time:5.00 Seconds
Solution: 1 23 49 26 38 12 30 37 22 14 50 28 33 42 41 18 5 6 43 16 11 3 39 4 17 9 40 2 29 19 25 46 10 44 35 47 13 24 21 7 36 27 15 20 48 31 32 45 34 8 

Inst_Index:6835 	 City_Num:50 	 Concorde:0.059106 	 MCTS:5.910622 Improve:-0.000000 	 Time:5.01 Seconds
Solution: 1 17 19 3 29 39 34 25 13 49 14 40 48 42 46 41 44 6 26 38 28 2 43 4 32 10 36 15 11 12 7 18 9 8 27 23 22 47 33 31 30 37 35 21 45 5 16 50 20 24 

Inst_Index:6836 	 City_Num:50 	 Concorde:0.056300 	 MCTS:5.629958 Improve:0.000000 	 Time:5.00 Seconds
Solution: 1 22 48 25 14 30 17 49 43 16 9 32 35 5 15 4 40 2 7 46 41 27 38 36 50 23 44 26 33 47 18 3 39 13 21 12 24 45 28 29 10 20 34 31 37 42 11 8 19 6 

Inst_Index:6837 	 City_Num:50 	 Concorde:0.056328 	 MCTS:5.625318 Improve:0.007523 	 Time:5.00 Seconds
Solution: 1 9 4 45 39 35 16 31 24 5 27 28 34 47 7 40 15 14 49 2 37 20 21 43 46 26 8 19 48 50 32 17 23 10 29 6 3 44 25 42 13 30 12 36 33 41 38 18 11 22 

Inst_Index:6838 	 City_Num:50 	 Concorde:0.059182 	 MCTS:5.918151 Improve:0.000000 	 Time:5.00 Seconds
Solution: 1 19 48 32 12 35 43 10 46 47 42 4 3 5 15 18 38 29 23 14 45 31 37 34 17 36 13 20 2 49 7 9 33 21 39 26 27 40 11 22 30 44 24 8 50 25 28 41 6 16 

Inst_Index:6839 	 City_Num:50 	 Concorde:0.055799 	 MCTS:5.579877 Improve:0.000000 	 Time:5.00 Seconds
Solution: 1 31 6 43 9 28 36 23 29 40 25 12 17 22 44 49 2 18 10 16 20 24 30 32 4 14 8 26 5 47 11 41 39 7 38 50 33 13 48 19 3 46 42 15 27 35 45 34 37 21 

Inst_Index:6840 	 City_Num:50 	 Concorde:0.055765 	 MCTS:5.566210 Improve:0.010260 	 Time:5.00 Seconds
Solution: 1 38 50 32 42 20 15 43 34 28 4 35 45 39 6 24 11 14 10 49 8 26 44 17 29 18 25 12 36 27 41 13 9 30 19 16 48 22 31 33 3 2 37 23 21 46 7 5 47 40 

Inst_Index:6841 	 City_Num:50 	 Concorde:0.055662 	 MCTS:5.565076 Improve:0.001088 	 Time:5.00 Seconds
Solution: 1 27 23 37 26 11 36 41 6 40 34 39 5 45 16 13 25 12 2 48 18 28 46 22 8 43 4 3 38 49 47 9 7 10 14 20 35 24 42 32 44 21 17 29 19 15 50 31 33 30 

Inst_Index:6842 	 City_Num:50 	 Concorde:0.056522 	 MCTS:5.652241 Improve:-0.000000 	 Time:5.00 Seconds
Solution: 1 22 2 33 31 12 27 26 13 43 40 21 35 50 49 38 19 10 24 29 11 46 6 36 7 17 30 8 28 48 39 47 45 20 14 23 18 3 41 44 25 42 32 9 5 37 34 16 4 15 

Inst_Index:6843 	 City_Num:50 	 Concorde:0.060418 	 MCTS:6.036927 Improve:0.004861 	 Time:5.00 Seconds
Solution: 1 4 44 50 28 24 16 15 43 34 37 18 11 20 27 26 6 2 42 31 13 33 45 5 7 36 14 46 48 8 29 21 35 17 3 30 47 23 40 22 49 41 9 12 25 19 10 32 39 38 

Inst_Index:6844 	 City_Num:50 	 Concorde:0.054552 	 MCTS:5.446817 Improve:0.008419 	 Time:5.00 Seconds
Solution: 1 30 16 27 41 19 46 43 50 14 38 10 26 23 42 39 21 48 20 13 33 11 6 36 37 45 5 28 34 8 15 2 4 24 47 17 3 22 12 49 44 25 18 35 31 29 7 9 40 32 

Inst_Index:6845 	 City_Num:50 	 Concorde:0.054457 	 MCTS:5.445718 Improve:0.000000 	 Time:5.00 Seconds
Solution: 1 2 44 25 3 37 30 50 45 17 22 10 14 28 42 35 46 8 16 7 21 49 48 41 27 11 43 47 12 31 32 4 34 38 5 15 40 24 39 33 23 19 6 20 26 36 13 9 29 18 

Inst_Index:6846 	 City_Num:50 	 Concorde:0.053807 	 MCTS:5.380720 Improve:0.000000 	 Time:5.00 Seconds
Solution: 1 21 31 46 39 35 22 41 13 50 6 12 32 19 43 47 8 45 48 9 30 16 33 26 28 40 29 7 27 4 3 11 24 20 38 14 18 15 17 36 49 37 10 25 23 42 5 34 2 44 

Inst_Index:6847 	 City_Num:50 	 Concorde:0.058854 	 MCTS:5.885401 Improve:0.000000 	 Time:5.00 Seconds
Solution: 1 43 41 29 40 20 37 45 21 35 7 38 32 12 15 24 16 42 39 18 26 4 23 8 28 3 46 5 25 44 33 30 34 2 22 14 6 11 31 9 49 27 36 13 10 17 50 19 47 48 

Inst_Index:6848 	 City_Num:50 	 Concorde:0.058567 	 MCTS:5.856694 Improve:-0.000000 	 Time:5.00 Seconds
Solution: 1 14 17 13 39 30 33 44 11 16 22 10 6 49 40 21 35 46 3 47 42 36 20 15 48 5 8 37 27 38 7 43 2 23 28 19 4 32 41 12 9 24 29 34 18 45 26 25 50 31 

Inst_Index:6849 	 City_Num:50 	 Concorde:0.061002 	 MCTS:6.096123 Improve:0.004072 	 Time:5.00 Seconds
Solution: 1 14 29 22 5 26 50 33 34 40 31 39 8 49 11 19 48 12 45 17 6 24 35 36 18 32 15 42 23 47 30 43 2 41 21 27 4 44 16 28 37 20 9 3 7 25 13 38 46 10 

Inst_Index:6850 	 City_Num:50 	 Concorde:0.060543 	 MCTS:6.054270 Improve:-0.000000 	 Time:5.00 Seconds
Solution: 1 33 25 35 26 6 3 45 23 47 2 46 37 40 13 34 42 5 32 16 7 43 49 20 27 31 28 30 44 8 9 11 48 14 12 15 24 29 21 18 39 50 36 22 17 4 10 19 41 38 

Inst_Index:6851 	 City_Num:50 	 Concorde:0.054408 	 MCTS:5.436357 Improve:0.004456 	 Time:5.00 Seconds
Solution: 1 50 6 26 31 19 27 14 40 48 21 3 37 24 47 2 33 29 4 12 43 8 39 20 45 42 11 25 34 16 15 41 7 13 5 30 36 23 35 46 32 18 49 22 38 44 17 9 28 10 

Inst_Index:6852 	 City_Num:50 	 Concorde:0.059258 	 MCTS:5.925346 Improve:0.000440 	 Time:5.00 Seconds
Solution: 1 26 48 21 7 43 32 9 19 3 18 6 35 24 4 22 12 40 45 37 38 8 44 50 31 25 34 17 30 10 27 49 15 16 2 5 23 13 29 42 28 14 11 36 47 39 46 20 33 41 

Inst_Index:6853 	 City_Num:50 	 Concorde:0.057050 	 MCTS:5.703297 Improve:0.001669 	 Time:5.01 Seconds
Solution: 1 35 36 49 33 11 32 22 24 26 28 50 14 46 45 2 37 48 10 41 43 42 12 34 16 7 31 4 13 44 40 25 8 9 19 27 29 6 5 3 17 15 18 39 20 23 21 38 47 30 

Inst_Index:6854 	 City_Num:50 	 Concorde:0.058573 	 MCTS:5.857255 Improve:0.000000 	 Time:5.00 Seconds
Solution: 1 12 11 31 23 37 14 27 40 35 43 29 21 13 24 33 19 38 8 46 3 25 36 4 28 16 34 18 15 44 26 9 10 49 42 39 6 47 30 5 41 2 22 48 50 17 45 7 32 20 

Inst_Index:6855 	 City_Num:50 	 Concorde:0.054487 	 MCTS:5.448663 Improve:0.000000 	 Time:5.00 Seconds
Solution: 1 44 6 2 20 10 3 9 27 48 13 35 42 33 21 47 16 29 39 46 19 32 36 4 23 49 43 41 38 37 5 7 14 22 28 25 30 12 50 34 40 15 8 18 24 45 26 17 11 31 

Inst_Index:6856 	 City_Num:50 	 Concorde:0.053748 	 MCTS:5.373914 Improve:0.000852 	 Time:5.00 Seconds
Solution: 1 45 39 47 27 17 48 6 20 25 34 8 5 9 41 23 31 35 32 37 24 50 36 12 38 15 46 18 30 21 26 29 43 22 10 11 7 2 3 16 42 14 49 4 33 19 44 40 28 13 

Inst_Index:6857 	 City_Num:50 	 Concorde:0.061834 	 MCTS:6.183353 Improve:0.000000 	 Time:5.00 Seconds
Solution: 1 15 37 46 39 18 7 47 48 19 45 40 33 50 49 16 11 20 44 9 10 26 13 24 27 36 21 43 31 34 6 14 2 29 38 41 22 23 32 35 42 30 28 8 4 25 12 17 3 5 

Inst_Index:6858 	 City_Num:50 	 Concorde:0.056336 	 MCTS:5.633620 Improve:-0.000000 	 Time:5.00 Seconds
Solution: 1 7 13 18 31 15 14 33 9 42 29 8 37 34 12 17 49 43 36 2 20 28 27 41 24 4 23 10 25 26 44 47 32 46 38 21 3 39 45 19 48 16 40 11 30 22 5 6 35 50 

Inst_Index:6859 	 City_Num:50 	 Concorde:0.057356 	 MCTS:5.735556 Improve:0.000000 	 Time:5.00 Seconds
Solution: 1 22 24 23 12 48 25 19 11 32 6 49 45 40 43 30 33 39 17 35 31 44 5 13 18 50 7 20 29 3 36 9 27 8 26 16 47 10 38 28 4 34 21 46 14 41 2 37 15 42 

Inst_Index:6860 	 City_Num:50 	 Concorde:0.056304 	 MCTS:5.630411 Improve:0.000000 	 Time:5.00 Seconds
Solution: 1 8 40 5 42 31 10 46 36 29 2 14 27 43 48 9 22 38 7 32 12 16 11 35 15 23 39 30 50 33 24 19 25 3 45 47 21 34 18 20 28 13 4 49 26 17 6 44 41 37 

Inst_Index:6861 	 City_Num:50 	 Concorde:0.058250 	 MCTS:5.822443 Improve:0.002543 	 Time:5.00 Seconds
Solution: 1 38 33 44 18 49 20 19 50 21 13 2 26 16 9 5 27 3 37 14 7 42 28 4 22 6 30 43 23 34 11 24 12 29 31 8 32 15 45 40 36 48 10 25 46 41 47 39 35 17 

Inst_Index:6862 	 City_Num:50 	 Concorde:0.054241 	 MCTS:5.424064 Improve:-0.000000 	 Time:5.00 Seconds
Solution: 1 7 5 27 29 49 20 24 16 17 13 42 22 11 30 50 32 36 34 21 38 48 6 14 31 9 33 4 23 25 40 15 37 41 47 2 44 18 39 43 10 8 46 35 28 12 19 3 45 26 

Inst_Index:6863 	 City_Num:50 	 Concorde:0.055323 	 MCTS:5.532326 Improve:0.000000 	 Time:5.00 Seconds
Solution: 1 18 23 27 33 32 25 4 35 43 26 29 28 19 48 10 12 44 40 39 8 36 2 9 17 47 7 34 11 50 24 5 15 31 30 3 37 41 6 22 21 14 49 46 38 42 16 20 45 13 

Inst_Index:6864 	 City_Num:50 	 Concorde:0.057461 	 MCTS:5.746149 Improve:-0.000000 	 Time:5.00 Seconds
Solution: 1 24 15 40 3 25 21 44 6 34 12 13 26 42 27 17 45 14 5 50 48 33 32 23 38 39 16 47 28 8 46 11 31 19 2 30 10 7 22 4 41 18 49 29 37 35 20 9 36 43 

Inst_Index:6865 	 City_Num:50 	 Concorde:0.055076 	 MCTS:5.507558 Improve:0.000000 	 Time:5.00 Seconds
Solution: 1 27 7 43 49 4 22 48 35 38 21 26 37 23 28 10 17 31 14 13 19 45 40 33 6 34 11 50 8 18 29 47 36 12 15 42 25 9 30 46 2 39 5 20 24 3 44 16 32 41 

Inst_Index:6866 	 City_Num:50 	 Concorde:0.052577 	 MCTS:5.257711 Improve:0.000000 	 Time:5.00 Seconds
Solution: 1 40 27 29 15 36 44 5 49 10 42 34 25 30 35 19 24 46 37 26 13 16 21 45 20 28 6 7 50 9 23 31 22 39 33 4 3 47 18 8 14 32 48 38 41 43 11 12 2 17 

Inst_Index:6867 	 City_Num:50 	 Concorde:0.055732 	 MCTS:5.573247 Improve:-0.000000 	 Time:5.00 Seconds
Solution: 1 18 17 38 33 35 31 47 2 24 23 15 30 9 39 5 49 21 37 6 41 44 48 12 34 4 22 32 20 26 14 42 13 27 28 50 10 43 45 8 11 16 46 7 29 3 25 19 40 36 

Inst_Index:6868 	 City_Num:50 	 Concorde:0.059479 	 MCTS:5.945920 Improve:0.001969 	 Time:5.00 Seconds
Solution: 1 6 39 5 40 49 7 29 24 17 50 9 30 22 45 10 2 47 19 18 38 44 15 46 4 14 16 35 28 12 25 26 21 42 20 31 48 33 43 8 34 41 37 3 32 23 13 36 11 27 

Inst_Index:6869 	 City_Num:50 	 Concorde:0.056973 	 MCTS:5.697282 Improve:0.000000 	 Time:5.00 Seconds
Solution: 1 49 34 35 46 14 42 41 10 43 16 3 8 18 48 21 27 30 44 2 28 15 32 12 4 45 7 11 33 40 50 5 25 47 24 20 19 37 31 17 36 38 26 23 9 29 6 39 22 13 

Inst_Index:6870 	 City_Num:50 	 Concorde:0.056446 	 MCTS:5.644626 Improve:0.000000 	 Time:5.00 Seconds
Solution: 1 38 3 47 39 25 30 19 14 45 4 33 13 43 27 44 26 5 20 29 10 18 28 41 49 32 35 23 22 2 36 46 21 50 48 15 9 42 34 17 40 24 8 12 11 16 7 6 37 31 

Inst_Index:6871 	 City_Num:50 	 Concorde:0.057688 	 MCTS:5.765625 Improve:0.003139 	 Time:5.00 Seconds
Solution: 1 39 17 8 28 13 33 7 36 49 34 26 11 5 50 4 35 40 23 45 31 20 44 29 32 46 21 25 9 48 12 30 6 43 42 10 16 24 22 14 3 41 27 47 19 15 37 38 18 2 

Inst_Index:6872 	 City_Num:50 	 Concorde:0.054661 	 MCTS:5.466096 Improve:-0.000000 	 Time:5.00 Seconds
Solution: 1 24 10 19 33 44 29 11 28 27 17 8 43 31 4 9 25 37 26 48 12 32 36 22 21 2 3 23 38 7 41 20 50 45 34 47 14 18 16 6 15 46 13 49 39 5 35 42 30 40 

Inst_Index:6873 	 City_Num:50 	 Concorde:0.059821 	 MCTS:5.982125 Improve:0.000000 	 Time:5.00 Seconds
Solution: 1 5 26 13 25 45 31 10 46 22 24 33 2 8 21 37 39 27 23 43 19 34 4 35 42 18 11 36 14 41 16 50 3 47 12 28 49 15 6 7 38 40 17 32 48 29 9 44 30 20 

Inst_Index:6874 	 City_Num:50 	 Concorde:0.057413 	 MCTS:5.740602 Improve:0.000679 	 Time:5.00 Seconds
Solution: 1 26 50 23 22 16 10 13 40 28 34 11 25 3 14 9 8 30 21 44 12 36 19 39 32 18 42 20 15 17 33 2 43 7 31 27 5 24 29 38 46 48 6 4 41 47 49 37 35 45 

Inst_Index:6875 	 City_Num:50 	 Concorde:0.057542 	 MCTS:5.754227 Improve:-0.000000 	 Time:5.00 Seconds
Solution: 1 36 9 44 5 19 34 6 21 47 38 45 42 37 46 22 8 31 11 2 13 39 41 32 16 3 27 49 23 26 12 35 14 10 18 29 28 25 50 33 43 24 17 15 48 40 4 30 7 20 

Inst_Index:6876 	 City_Num:50 	 Concorde:0.057475 	 MCTS:5.747009 Improve:0.000510 	 Time:5.00 Seconds
Solution: 1 49 39 40 36 20 3 28 44 46 30 17 24 26 7 25 45 11 43 50 8 29 6 35 9 5 37 12 22 23 14 38 13 33 19 41 48 21 42 34 16 10 47 2 4 15 31 18 32 27 

Inst_Index:6877 	 City_Num:50 	 Concorde:0.055112 	 MCTS:5.508497 Improve:0.002671 	 Time:5.00 Seconds
Solution: 1 16 33 29 15 3 21 23 17 40 35 2 27 13 8 31 10 45 43 26 12 44 28 42 38 7 22 5 48 50 30 47 18 6 20 32 46 9 49 4 39 24 19 11 34 25 41 14 37 36 

Inst_Index:6878 	 City_Num:50 	 Concorde:0.056425 	 MCTS:5.642454 Improve:0.000000 	 Time:5.01 Seconds
Solution: 1 50 28 8 10 31 40 24 36 32 19 18 23 12 25 34 16 41 22 49 20 46 14 38 6 13 9 5 11 44 15 3 48 33 4 2 35 43 42 37 45 39 30 27 47 26 17 21 29 7 

Inst_Index:6879 	 City_Num:50 	 Concorde:0.059598 	 MCTS:5.954770 Improve:0.005048 	 Time:5.00 Seconds
Solution: 1 49 38 31 48 12 7 28 16 6 18 41 50 44 8 46 23 26 13 34 15 36 30 42 39 33 22 21 37 14 29 19 27 35 9 40 45 10 24 43 25 47 20 5 3 17 32 4 11 2 

Inst_Index:6880 	 City_Num:50 	 Concorde:0.057189 	 MCTS:5.718904 Improve:0.000000 	 Time:5.00 Seconds
Solution: 1 17 49 41 34 35 5 28 14 15 10 27 18 25 32 39 33 46 36 9 50 21 11 43 19 26 7 47 29 8 45 12 23 31 30 22 42 48 4 3 40 38 20 44 2 13 37 6 16 24 

Inst_Index:6881 	 City_Num:50 	 Concorde:0.051440 	 MCTS:5.144021 Improve:0.000000 	 Time:5.00 Seconds
Solution: 1 26 3 18 35 12 11 43 34 42 37 46 21 30 48 50 25 16 17 28 32 19 24 41 33 49 20 27 45 5 38 14 2 13 39 8 10 36 22 40 9 4 23 15 29 47 31 7 44 6 

Inst_Index:6882 	 City_Num:50 	 Concorde:0.056925 	 MCTS:5.692539 Improve:0.000000 	 Time:5.00 Seconds
Solution: 1 41 16 21 2 36 15 50 24 47 7 38 30 34 11 25 13 10 23 40 8 46 29 35 39 44 20 18 43 17 37 33 48 5 22 45 28 49 14 19 12 27 9 31 32 3 4 42 6 26 

Inst_Index:6883 	 City_Num:50 	 Concorde:0.055949 	 MCTS:5.594932 Improve:0.000000 	 Time:5.00 Seconds
Solution: 1 47 5 49 40 36 26 4 45 18 42 9 19 32 10 27 23 39 20 7 33 50 29 37 35 28 13 17 8 22 15 44 48 30 34 41 43 24 11 21 31 16 38 25 14 2 46 6 12 3 

Inst_Index:6884 	 City_Num:50 	 Concorde:0.058459 	 MCTS:5.840447 Improve:0.005407 	 Time:5.00 Seconds
Solution: 1 21 42 40 14 15 30 39 17 2 11 36 9 35 6 4 12 24 16 41 50 33 44 28 26 13 31 45 3 18 46 27 19 8 7 23 22 5 49 20 32 43 38 25 37 34 29 10 47 48 

Inst_Index:6885 	 City_Num:50 	 Concorde:0.055847 	 MCTS:5.584702 Improve:-0.000000 	 Time:5.00 Seconds
Solution: 1 40 47 35 43 22 21 13 32 17 6 27 8 44 7 5 12 10 37 39 15 34 50 33 16 23 46 42 20 48 45 19 28 30 38 31 4 2 25 3 26 41 11 18 49 24 9 14 29 36 

Inst_Index:6886 	 City_Num:50 	 Concorde:0.056285 	 MCTS:5.628516 Improve:0.000000 	 Time:5.00 Seconds
Solution: 1 26 13 38 7 40 46 8 10 25 43 33 42 17 28 29 3 50 49 30 36 32 48 37 5 24 6 18 34 21 4 9 22 14 19 41 39 23 11 16 47 44 27 45 31 15 12 20 2 35 


Avg_Concorde_Distance: 5.675255 Avg_MCTS_Distance: 5.674985 Avg_Gap: -0.000046 Total_Time: 1566.12 Seconds 
 Beat_Best_Known_Times: 105 Match_Best_Known_Times: 194 Miss_Best_Known_Times: 14 
