Number_of_Instances_In_Current_Batch: 313

Inst_Index:5322 	 City_Num:50 	 Concorde:0.058415 	 MCTS:5.841484 Improve:0.000000 	 Time:5.01 Seconds
Solution: 1 2 24 9 33 25 50 18 44 19 39 11 41 26 34 32 35 29 8 46 42 17 38 23 4 31 43 12 13 21 40 6 14 47 37 15 48 5 16 7 20 22 30 45 10 28 36 49 27 3 

Inst_Index:5323 	 City_Num:50 	 Concorde:0.051990 	 MCTS:5.198981 Improve:0.000000 	 Time:5.00 Seconds
Solution: 1 19 31 6 7 34 21 30 24 29 26 42 15 5 2 20 48 14 36 50 23 10 35 33 37 46 40 11 44 17 25 49 12 8 39 27 3 16 43 28 38 4 47 45 9 22 13 41 32 18 

Inst_Index:5324 	 City_Num:50 	 Concorde:0.058871 	 MCTS:5.887067 Improve:-0.000000 	 Time:5.00 Seconds
Solution: 1 24 4 39 48 49 18 23 28 3 26 16 44 27 43 36 9 45 15 17 21 47 32 12 35 8 31 19 14 50 10 34 38 25 5 42 11 33 22 20 41 46 37 7 30 29 2 40 6 13 

Inst_Index:5325 	 City_Num:50 	 Concorde:0.056114 	 MCTS:5.611374 Improve:0.000000 	 Time:5.00 Seconds
Solution: 1 27 19 24 6 28 46 30 21 2 43 44 9 7 40 49 29 26 14 20 4 22 5 25 42 17 12 48 3 41 13 16 18 33 36 11 37 47 32 31 34 35 15 39 45 38 50 8 23 10 

Inst_Index:5326 	 City_Num:50 	 Concorde:0.057822 	 MCTS:5.782208 Improve:-0.000000 	 Time:5.00 Seconds
Solution: 1 48 13 44 2 15 43 3 35 8 19 21 29 24 17 25 33 50 36 40 45 6 9 38 49 7 5 32 34 31 18 14 28 20 42 26 4 27 16 41 30 46 10 12 39 47 37 22 23 11 

Inst_Index:5327 	 City_Num:50 	 Concorde:0.059131 	 MCTS:5.913070 Improve:0.000000 	 Time:5.00 Seconds
Solution: 1 39 16 35 50 11 14 23 43 45 41 21 30 49 20 2 12 10 27 9 25 42 3 44 47 38 34 6 24 32 19 31 36 17 13 5 40 4 26 15 46 22 29 33 7 18 8 37 48 28 

Inst_Index:5328 	 City_Num:50 	 Concorde:0.059493 	 MCTS:5.945572 Improve:0.003753 	 Time:5.00 Seconds
Solution: 1 2 41 20 18 29 3 43 7 42 9 37 45 15 24 26 38 12 39 27 4 33 47 40 16 6 46 11 48 50 28 14 44 21 17 35 13 19 22 32 25 23 30 31 8 49 36 34 5 10 

Inst_Index:5329 	 City_Num:50 	 Concorde:0.053939 	 MCTS:5.393879 Improve:0.000000 	 Time:5.00 Seconds
Solution: 1 14 47 33 21 38 28 41 26 46 43 17 25 32 27 44 29 13 48 50 24 2 22 39 8 10 45 37 35 12 23 6 16 34 11 18 49 5 9 15 42 20 3 31 36 40 4 30 19 7 

Inst_Index:5330 	 City_Num:50 	 Concorde:0.055247 	 MCTS:5.524716 Improve:-0.000000 	 Time:5.00 Seconds
Solution: 1 44 49 24 23 27 17 14 12 25 48 32 46 22 47 5 33 29 28 11 36 26 35 31 37 2 7 4 30 21 34 50 42 19 13 15 9 6 39 16 43 41 8 18 40 38 10 45 3 20 

Inst_Index:5331 	 City_Num:50 	 Concorde:0.052538 	 MCTS:5.244610 Improve:0.009191 	 Time:5.00 Seconds
Solution: 1 18 10 37 49 27 50 40 8 19 29 15 28 34 11 4 39 26 25 43 20 32 36 14 41 45 48 33 21 23 47 31 13 12 35 17 42 38 22 7 6 3 9 46 24 16 30 2 44 5 

Inst_Index:5332 	 City_Num:50 	 Concorde:0.053824 	 MCTS:5.381752 Improve:0.000677 	 Time:5.00 Seconds
Solution: 1 43 18 12 16 35 42 23 21 28 47 49 38 5 33 45 34 27 26 7 37 30 19 29 3 44 32 17 25 48 15 11 24 46 39 13 36 4 10 9 8 6 40 2 41 14 50 20 31 22 

Inst_Index:5333 	 City_Num:50 	 Concorde:0.059280 	 MCTS:5.928020 Improve:0.000000 	 Time:5.00 Seconds
Solution: 1 2 21 12 32 8 38 24 37 16 40 45 49 33 50 10 9 23 27 41 30 29 15 6 34 11 46 26 47 4 20 28 7 25 43 14 48 3 35 42 44 13 31 22 19 5 17 18 36 39 

Inst_Index:5334 	 City_Num:50 	 Concorde:0.055978 	 MCTS:5.597783 Improve:0.000000 	 Time:5.00 Seconds
Solution: 1 5 22 18 11 25 16 23 21 41 30 44 29 9 13 28 10 26 49 4 8 39 7 50 2 42 46 17 34 35 24 33 27 3 40 31 36 37 12 48 43 38 14 45 32 6 19 47 15 20 

Inst_Index:5335 	 City_Num:50 	 Concorde:0.057355 	 MCTS:5.735548 Improve:-0.000000 	 Time:5.00 Seconds
Solution: 1 44 18 4 37 34 33 7 11 19 3 12 17 28 30 5 23 39 40 6 25 26 10 20 49 22 16 36 21 41 48 2 24 35 8 9 31 47 15 38 27 29 45 43 32 50 42 13 46 14 

Inst_Index:5336 	 City_Num:50 	 Concorde:0.055413 	 MCTS:5.538966 Improve:0.002363 	 Time:5.00 Seconds
Solution: 1 6 35 3 5 41 19 29 25 49 12 23 16 7 31 10 44 28 47 9 34 27 40 4 37 45 2 33 32 20 36 38 15 48 46 42 22 26 30 43 50 17 21 39 13 11 14 18 8 24 

Inst_Index:5337 	 City_Num:50 	 Concorde:0.053107 	 MCTS:5.310717 Improve:0.000000 	 Time:5.01 Seconds
Solution: 1 47 4 2 48 36 30 44 14 35 43 9 16 32 33 31 42 5 11 13 15 50 34 46 40 10 8 20 37 29 25 19 27 28 45 38 12 39 22 49 24 21 17 26 3 7 6 23 41 18 

Inst_Index:5338 	 City_Num:50 	 Concorde:0.056595 	 MCTS:5.658584 Improve:0.000930 	 Time:5.00 Seconds
Solution: 1 35 44 18 42 49 8 23 2 32 22 12 34 4 40 3 26 14 45 24 30 47 9 16 28 48 5 38 21 6 17 37 36 27 11 10 46 31 29 25 20 33 39 15 19 41 13 7 50 43 

Inst_Index:5339 	 City_Num:50 	 Concorde:0.056698 	 MCTS:5.669835 Improve:0.000000 	 Time:5.00 Seconds
Solution: 1 45 32 4 25 12 39 3 43 20 29 5 26 9 49 47 21 22 6 40 7 18 27 30 19 13 42 23 37 38 34 10 35 11 14 16 44 8 50 31 2 36 17 41 46 24 33 28 48 15 

Inst_Index:5340 	 City_Num:50 	 Concorde:0.053231 	 MCTS:5.323131 Improve:0.000000 	 Time:5.00 Seconds
Solution: 1 24 29 39 26 34 48 14 47 17 19 42 22 33 5 10 23 21 41 45 12 32 36 25 16 6 38 2 11 3 50 15 4 9 35 49 28 46 7 30 20 8 43 40 37 18 44 13 31 27 

Inst_Index:5341 	 City_Num:50 	 Concorde:0.053393 	 MCTS:5.332207 Improve:0.007053 	 Time:5.00 Seconds
Solution: 1 40 27 36 41 48 3 12 9 14 50 10 7 46 30 43 34 39 44 28 29 24 19 35 11 33 26 32 20 49 17 4 45 16 23 18 37 31 15 38 21 22 42 6 8 5 25 13 2 47 

Inst_Index:5342 	 City_Num:50 	 Concorde:0.057367 	 MCTS:5.736749 Improve:-0.000000 	 Time:5.00 Seconds
Solution: 1 23 48 43 21 29 22 35 31 5 6 9 41 10 4 44 42 12 13 2 46 18 38 37 19 3 11 49 36 40 33 32 39 24 45 14 15 30 16 17 34 7 50 25 26 28 27 8 47 20 

Inst_Index:5343 	 City_Num:50 	 Concorde:0.056922 	 MCTS:5.681902 Improve:0.010292 	 Time:5.00 Seconds
Solution: 1 36 28 34 29 41 11 50 7 45 24 3 44 9 43 48 19 6 38 31 4 10 14 26 46 16 47 15 49 23 32 35 42 8 5 39 13 27 21 20 17 37 30 12 33 40 2 25 22 18 

Inst_Index:5344 	 City_Num:50 	 Concorde:0.060737 	 MCTS:6.073722 Improve:0.000000 	 Time:5.00 Seconds
Solution: 1 15 3 43 44 29 39 2 30 16 47 13 35 5 20 28 17 9 10 21 38 31 50 34 42 22 26 8 41 33 19 24 49 25 6 48 37 32 46 4 27 12 45 7 36 14 18 11 23 40 

Inst_Index:5345 	 City_Num:50 	 Concorde:0.056927 	 MCTS:5.692727 Improve:0.000000 	 Time:5.00 Seconds
Solution: 1 48 16 41 4 36 6 38 49 3 2 34 47 14 10 44 43 27 15 5 28 21 20 35 22 18 31 33 24 29 40 7 42 30 25 32 17 45 26 50 11 23 19 8 39 37 12 13 46 9 

Inst_Index:5346 	 City_Num:50 	 Concorde:0.055382 	 MCTS:5.536234 Improve:0.001943 	 Time:5.00 Seconds
Solution: 1 34 33 28 20 10 48 42 25 29 44 22 8 13 11 17 24 38 4 36 6 26 23 30 37 46 21 49 19 50 15 31 47 41 43 35 7 39 45 40 18 5 12 2 14 32 9 27 16 3 

Inst_Index:5347 	 City_Num:50 	 Concorde:0.056185 	 MCTS:5.618490 Improve:0.000000 	 Time:5.00 Seconds
Solution: 1 26 4 42 49 29 31 18 35 20 13 19 24 5 27 21 10 15 9 39 44 3 38 16 23 12 34 47 46 22 14 7 45 43 30 48 32 8 25 41 11 40 6 37 28 36 33 50 17 2 

Inst_Index:5348 	 City_Num:50 	 Concorde:0.055103 	 MCTS:5.510278 Improve:0.000000 	 Time:5.00 Seconds
Solution: 1 29 44 21 14 12 39 27 47 11 19 23 43 33 31 2 28 13 49 34 5 45 10 18 48 16 46 30 41 24 37 6 20 22 4 15 50 17 9 35 26 3 8 40 42 36 25 38 32 7 

Inst_Index:5349 	 City_Num:50 	 Concorde:0.055689 	 MCTS:5.568903 Improve:0.000000 	 Time:5.00 Seconds
Solution: 1 7 28 15 26 21 33 43 32 4 14 8 29 40 46 34 19 36 38 11 30 37 44 42 31 9 35 50 45 24 25 47 5 22 27 39 16 12 2 3 13 18 48 23 10 49 6 41 20 17 

Inst_Index:5350 	 City_Num:50 	 Concorde:0.057281 	 MCTS:5.727894 Improve:0.000207 	 Time:5.00 Seconds
Solution: 1 13 29 39 36 31 50 9 37 38 41 46 17 42 45 8 22 40 49 28 6 34 19 5 20 23 21 25 26 14 27 35 15 12 2 16 4 33 44 47 24 30 32 43 3 10 7 18 11 48 

Inst_Index:5351 	 City_Num:50 	 Concorde:0.054410 	 MCTS:5.440969 Improve:0.000000 	 Time:5.00 Seconds
Solution: 1 39 24 30 32 36 49 10 41 47 42 48 45 13 6 37 18 38 46 2 34 22 20 9 28 12 35 7 11 33 19 31 17 4 8 26 25 43 21 40 23 5 27 50 3 14 29 15 44 16 

Inst_Index:5352 	 City_Num:50 	 Concorde:0.056612 	 MCTS:5.676461 Improve:-0.015254 	 Time:5.00 Seconds
Solution: 1 11 2 5 47 17 29 22 44 32 35 30 48 39 13 49 26 31 34 19 7 41 43 9 42 24 46 25 33 6 8 21 23 20 14 10 18 45 12 38 40 28 4 37 15 3 50 16 27 36 

Inst_Index:5353 	 City_Num:50 	 Concorde:0.053610 	 MCTS:5.359749 Improve:0.001235 	 Time:5.00 Seconds
Solution: 1 5 41 45 2 34 48 27 15 24 25 37 42 26 39 30 21 36 16 22 38 40 28 23 9 47 33 19 43 17 32 12 11 46 6 4 8 49 29 10 44 3 7 31 14 35 13 50 18 20 

Inst_Index:5354 	 City_Num:50 	 Concorde:0.061137 	 MCTS:6.112714 Improve:0.001007 	 Time:5.00 Seconds
Solution: 1 47 30 21 20 26 31 4 45 43 14 40 5 29 28 10 15 32 38 33 50 42 19 35 36 3 17 6 23 41 22 44 12 25 7 46 16 24 27 8 49 34 37 9 13 18 2 11 48 39 

Inst_Index:5355 	 City_Num:50 	 Concorde:0.057626 	 MCTS:5.753649 Improve:0.008926 	 Time:5.00 Seconds
Solution: 1 17 3 33 15 36 13 38 45 7 6 40 31 24 43 20 8 34 14 37 23 10 46 11 41 16 9 25 26 44 29 49 28 32 22 42 5 30 19 27 21 50 39 48 47 35 18 2 4 12 

Inst_Index:5356 	 City_Num:50 	 Concorde:0.056495 	 MCTS:5.649516 Improve:0.000000 	 Time:5.00 Seconds
Solution: 1 19 5 13 12 26 18 10 22 29 40 6 31 38 43 23 8 47 24 27 50 2 34 7 42 48 4 46 25 36 11 33 9 21 44 15 35 49 37 30 16 39 32 45 14 3 20 41 17 28 

Inst_Index:5357 	 City_Num:50 	 Concorde:0.056218 	 MCTS:5.621767 Improve:0.000000 	 Time:5.00 Seconds
Solution: 1 26 21 9 13 49 5 40 3 48 33 22 46 29 28 36 20 12 6 16 43 35 44 25 19 17 42 34 45 27 37 31 50 24 41 23 7 14 4 15 8 30 38 2 11 32 10 47 18 39 

Inst_Index:5358 	 City_Num:50 	 Concorde:0.053871 	 MCTS:5.387099 Improve:0.000000 	 Time:5.00 Seconds
Solution: 1 48 27 31 10 12 41 34 46 21 2 40 3 17 37 6 9 7 38 32 22 26 33 19 49 25 23 35 8 11 42 18 28 30 47 39 4 50 14 43 44 16 45 29 20 36 15 13 24 5 

Inst_Index:5359 	 City_Num:50 	 Concorde:0.055835 	 MCTS:5.583538 Improve:-0.000000 	 Time:5.00 Seconds
Solution: 1 19 21 23 32 44 46 13 20 17 2 30 4 6 49 43 16 31 10 29 7 12 28 3 24 9 42 50 35 40 22 45 37 15 34 27 25 26 8 47 11 48 5 14 39 33 41 18 36 38 

Inst_Index:5360 	 City_Num:50 	 Concorde:0.059493 	 MCTS:5.949308 Improve:0.000000 	 Time:5.00 Seconds
Solution: 1 25 32 48 14 29 47 10 15 4 26 50 7 16 2 6 3 40 28 43 17 31 46 38 30 45 34 23 42 20 24 49 5 33 12 41 18 44 9 19 8 27 35 39 36 21 22 11 37 13 

Inst_Index:5361 	 City_Num:50 	 Concorde:0.055832 	 MCTS:5.583155 Improve:0.000000 	 Time:5.00 Seconds
Solution: 1 44 46 6 21 3 27 13 24 23 34 14 40 8 20 7 49 12 28 29 26 50 45 11 15 25 35 30 32 33 22 4 47 37 17 9 36 48 18 42 43 5 19 38 10 2 31 39 41 16 

Inst_Index:5362 	 City_Num:50 	 Concorde:0.055331 	 MCTS:5.533062 Improve:0.000000 	 Time:5.00 Seconds
Solution: 1 48 11 17 3 32 41 45 44 49 36 30 23 8 39 13 34 2 12 50 28 37 33 5 43 46 21 38 4 20 40 15 24 27 6 14 9 47 7 35 10 29 22 16 19 42 31 26 18 25 

Inst_Index:5363 	 City_Num:50 	 Concorde:0.051882 	 MCTS:5.188198 Improve:0.000000 	 Time:5.00 Seconds
Solution: 1 38 37 28 22 11 2 48 40 19 20 3 46 16 13 14 31 36 6 44 49 33 23 26 50 29 42 24 34 39 21 35 43 12 47 15 4 7 41 18 30 27 45 17 25 5 8 9 10 32 

Inst_Index:5364 	 City_Num:50 	 Concorde:0.055006 	 MCTS:5.500151 Improve:0.000417 	 Time:5.00 Seconds
Solution: 1 42 19 17 22 8 6 44 4 37 35 5 12 18 25 50 14 41 15 11 29 39 32 26 46 20 13 2 30 43 21 10 36 34 31 24 16 45 33 27 9 23 48 40 28 3 49 38 7 47 

Inst_Index:5365 	 City_Num:50 	 Concorde:0.055317 	 MCTS:5.528484 Improve:0.003214 	 Time:5.00 Seconds
Solution: 1 29 17 23 33 45 32 22 36 6 30 19 27 13 39 4 28 11 38 8 7 46 48 10 2 21 34 15 37 14 50 47 43 5 25 20 16 35 40 41 31 18 9 44 12 24 42 3 26 49 

Inst_Index:5366 	 City_Num:50 	 Concorde:0.054778 	 MCTS:5.476681 Improve:0.001075 	 Time:5.00 Seconds
Solution: 1 13 38 27 31 46 37 10 39 33 11 18 47 8 30 50 16 17 45 15 21 26 35 48 44 23 9 20 25 24 36 29 42 19 3 7 43 4 28 12 22 6 34 41 32 2 40 5 49 14 

Inst_Index:5367 	 City_Num:50 	 Concorde:0.055540 	 MCTS:5.554012 Improve:0.000000 	 Time:5.00 Seconds
Solution: 1 38 47 7 10 11 40 6 49 5 19 42 22 43 31 34 35 2 37 28 13 36 50 27 26 4 12 24 25 41 14 30 8 16 3 17 32 33 21 15 23 39 29 48 46 18 20 9 44 45 

Inst_Index:5368 	 City_Num:50 	 Concorde:0.055292 	 MCTS:5.529210 Improve:0.000000 	 Time:5.00 Seconds
Solution: 1 13 17 21 25 50 4 46 27 8 19 42 29 14 31 36 41 22 18 40 12 30 28 47 44 33 45 24 34 15 39 6 5 32 49 37 20 7 2 9 35 16 26 38 43 3 48 10 23 11 

Inst_Index:5369 	 City_Num:50 	 Concorde:0.060855 	 MCTS:6.085456 Improve:-0.000000 	 Time:5.00 Seconds
Solution: 1 18 45 46 33 7 26 35 10 44 32 49 15 22 14 36 34 20 31 6 24 2 3 17 48 25 42 19 30 16 27 29 11 39 28 9 41 43 47 5 21 37 40 4 23 50 38 12 8 13 

Inst_Index:5370 	 City_Num:50 	 Concorde:0.059470 	 MCTS:5.946961 Improve:0.000000 	 Time:5.00 Seconds
Solution: 1 41 31 14 12 40 3 43 38 4 5 37 33 13 10 7 47 23 27 6 11 2 9 48 49 24 29 34 50 39 28 19 44 20 46 30 15 17 45 26 16 25 32 36 42 21 18 8 35 22 

Inst_Index:5371 	 City_Num:50 	 Concorde:0.055001 	 MCTS:5.494497 Improve:0.005615 	 Time:5.00 Seconds
Solution: 1 45 26 6 13 43 7 9 32 44 20 42 27 30 2 5 22 24 49 48 46 4 19 31 25 16 10 35 50 15 8 3 39 21 11 29 17 41 47 14 18 12 28 40 36 33 38 37 23 34 

Inst_Index:5372 	 City_Num:50 	 Concorde:0.056568 	 MCTS:5.649201 Improve:0.007593 	 Time:5.00 Seconds
Solution: 1 28 41 5 46 6 43 21 23 14 7 40 49 19 47 22 50 18 36 2 45 44 15 42 17 37 31 24 26 8 34 16 13 20 3 35 38 32 10 29 30 9 11 25 4 27 12 39 33 48 

Inst_Index:5373 	 City_Num:50 	 Concorde:0.055626 	 MCTS:5.562605 Improve:0.000000 	 Time:5.01 Seconds
Solution: 1 40 28 6 33 36 37 32 25 18 29 14 49 20 5 21 12 11 38 17 10 23 2 45 16 24 30 26 34 48 44 42 47 8 7 22 9 50 4 46 27 43 13 3 19 39 15 41 35 31 

Inst_Index:5374 	 City_Num:50 	 Concorde:0.055167 	 MCTS:5.513107 Improve:0.003553 	 Time:5.00 Seconds
Solution: 1 43 46 27 18 20 2 19 15 39 44 48 22 12 42 7 49 8 23 40 6 31 33 5 9 10 30 37 3 16 14 38 13 4 47 29 26 35 45 21 28 34 11 41 50 36 17 25 32 24 

Inst_Index:5375 	 City_Num:50 	 Concorde:0.051194 	 MCTS:5.117384 Improve:0.002055 	 Time:5.00 Seconds
Solution: 1 29 28 34 2 43 40 7 11 35 6 10 12 24 16 46 39 33 13 25 15 20 41 3 5 23 44 22 17 9 26 42 8 18 37 49 21 14 36 27 47 30 19 48 32 45 50 38 4 31 

Inst_Index:5376 	 City_Num:50 	 Concorde:0.060027 	 MCTS:6.002709 Improve:0.000000 	 Time:5.00 Seconds
Solution: 1 12 16 41 21 47 42 36 31 25 15 9 49 23 4 29 39 7 32 28 19 14 22 2 3 50 5 38 26 40 13 27 46 48 37 10 33 24 34 20 8 45 11 6 43 35 44 18 30 17 

Inst_Index:5377 	 City_Num:50 	 Concorde:0.061729 	 MCTS:6.172921 Improve:-0.000000 	 Time:5.00 Seconds
Solution: 1 43 32 35 30 13 50 27 23 45 17 39 10 16 19 4 41 42 29 28 48 49 24 46 2 18 37 33 34 6 44 47 14 3 15 7 40 38 9 25 5 8 11 20 26 36 12 22 31 21 

Inst_Index:5378 	 City_Num:50 	 Concorde:0.059603 	 MCTS:5.959571 Improve:0.000699 	 Time:5.00 Seconds
Solution: 1 28 13 50 4 34 20 3 19 37 27 30 9 36 7 24 18 17 12 6 42 22 39 32 11 25 35 46 5 31 43 26 45 47 41 38 29 23 14 16 44 40 10 15 2 21 49 8 33 48 

Inst_Index:5379 	 City_Num:50 	 Concorde:0.055346 	 MCTS:5.534569 Improve:0.000000 	 Time:5.00 Seconds
Solution: 1 6 41 19 15 44 48 7 46 43 13 31 50 32 37 26 2 3 29 24 14 45 20 35 30 17 21 12 11 16 39 8 10 47 28 18 40 42 27 23 25 36 38 4 34 9 33 5 49 22 

Inst_Index:5380 	 City_Num:50 	 Concorde:0.057874 	 MCTS:5.787450 Improve:-0.000000 	 Time:5.00 Seconds
Solution: 1 20 16 33 23 17 21 32 38 36 37 47 40 6 28 43 22 10 31 50 4 35 11 15 7 48 46 9 12 14 24 30 44 5 27 19 39 18 3 13 2 34 26 8 49 45 25 41 42 29 

Inst_Index:5381 	 City_Num:50 	 Concorde:0.052774 	 MCTS:5.277369 Improve:0.000000 	 Time:5.00 Seconds
Solution: 1 9 8 2 20 29 7 19 16 32 23 33 25 11 13 12 49 6 48 27 22 3 30 10 42 45 38 17 18 15 28 46 24 4 5 14 44 31 35 43 36 47 26 50 40 41 34 21 39 37 

Inst_Index:5382 	 City_Num:50 	 Concorde:0.057209 	 MCTS:5.720879 Improve:0.000000 	 Time:5.00 Seconds
Solution: 1 24 46 3 42 35 45 23 29 43 8 5 9 39 36 41 18 50 49 19 32 40 16 12 4 48 44 17 27 33 20 31 38 47 15 14 7 22 6 2 21 26 28 30 25 13 37 34 11 10 

Inst_Index:5383 	 City_Num:50 	 Concorde:0.054849 	 MCTS:5.484893 Improve:0.000000 	 Time:5.00 Seconds
Solution: 1 44 48 43 7 9 32 19 30 42 20 47 36 46 25 37 38 3 27 50 15 10 14 21 2 5 34 41 49 29 35 40 33 6 31 39 8 18 11 23 28 45 24 16 17 26 12 4 13 22 

Inst_Index:5384 	 City_Num:50 	 Concorde:0.060164 	 MCTS:6.014111 Improve:0.002256 	 Time:5.00 Seconds
Solution: 1 31 4 36 41 25 49 35 42 18 32 21 23 48 24 27 8 6 26 39 43 15 30 50 3 40 12 33 45 2 9 28 29 11 44 37 47 20 19 46 38 10 7 5 14 22 13 17 16 34 

Inst_Index:5385 	 City_Num:50 	 Concorde:0.058675 	 MCTS:5.867510 Improve:0.000000 	 Time:5.00 Seconds
Solution: 1 15 42 30 45 23 26 18 22 41 9 10 7 37 3 4 32 12 20 46 21 50 5 2 14 6 35 39 31 47 40 38 48 43 28 24 8 17 19 13 36 49 25 34 33 11 16 44 27 29 

Inst_Index:5386 	 City_Num:50 	 Concorde:0.051890 	 MCTS:5.188963 Improve:-0.000000 	 Time:5.00 Seconds
Solution: 1 16 42 40 37 10 25 26 12 17 38 4 14 8 39 43 45 22 32 28 19 11 50 20 44 35 18 2 27 24 29 15 7 33 13 46 49 30 5 9 36 6 41 34 31 3 21 47 48 23 

Inst_Index:5387 	 City_Num:50 	 Concorde:0.058362 	 MCTS:5.836215 Improve:0.000000 	 Time:5.00 Seconds
Solution: 1 25 27 4 28 6 40 12 36 19 2 20 17 21 31 24 34 9 8 43 48 50 16 46 39 15 18 42 13 30 45 37 33 44 7 11 29 5 14 23 35 41 26 32 47 10 3 22 38 49 

Inst_Index:5388 	 City_Num:50 	 Concorde:0.053368 	 MCTS:5.328917 Improve:0.007892 	 Time:5.01 Seconds
Solution: 1 31 46 6 25 33 30 44 18 40 37 2 34 17 4 8 32 11 14 9 22 5 39 23 13 12 28 7 29 42 20 36 43 45 47 24 21 49 35 10 15 27 48 19 16 50 26 38 3 41 

Inst_Index:5389 	 City_Num:50 	 Concorde:0.053573 	 MCTS:5.357251 Improve:-0.000000 	 Time:5.00 Seconds
Solution: 1 19 30 38 6 22 46 43 12 23 2 35 39 49 10 40 4 16 31 33 37 32 27 8 7 26 36 45 3 17 21 14 28 13 18 41 47 5 24 11 34 50 29 44 42 9 25 20 15 48 

Inst_Index:5390 	 City_Num:50 	 Concorde:0.058793 	 MCTS:5.879349 Improve:0.000000 	 Time:5.01 Seconds
Solution: 1 2 35 24 26 33 16 39 6 13 7 15 23 27 40 29 11 4 20 32 43 8 31 17 47 38 34 28 5 48 18 50 9 10 44 19 22 30 45 21 42 49 41 37 3 46 25 14 36 12 

Inst_Index:5391 	 City_Num:50 	 Concorde:0.052230 	 MCTS:5.222986 Improve:-0.000000 	 Time:5.00 Seconds
Solution: 1 2 11 5 24 45 27 38 12 7 28 19 40 47 32 8 13 44 30 29 21 31 16 46 4 35 26 18 50 33 14 48 25 49 37 10 34 39 43 17 6 42 20 41 15 22 23 9 3 36 

Inst_Index:5392 	 City_Num:50 	 Concorde:0.057607 	 MCTS:5.767685 Improve:-0.006993 	 Time:5.00 Seconds
Solution: 1 41 47 27 2 3 34 39 37 6 48 43 31 23 28 29 7 11 21 35 33 20 22 15 38 19 30 50 18 49 14 42 45 5 17 8 16 12 9 26 36 46 44 25 4 13 32 10 40 24 

Inst_Index:5393 	 City_Num:50 	 Concorde:0.055981 	 MCTS:5.598101 Improve:0.000000 	 Time:5.00 Seconds
Solution: 1 22 10 4 34 16 43 7 13 29 36 33 12 38 32 2 50 47 25 37 14 28 23 49 44 11 20 35 27 21 39 17 6 45 18 26 41 9 19 24 3 5 30 31 42 40 15 46 8 48 

Inst_Index:5394 	 City_Num:50 	 Concorde:0.056488 	 MCTS:5.640506 Improve:0.008296 	 Time:5.00 Seconds
Solution: 1 49 50 35 38 36 2 5 13 21 8 47 31 25 42 17 22 23 14 37 46 15 9 4 33 32 30 45 20 41 48 16 40 39 11 3 29 34 26 12 43 7 10 19 24 27 28 44 6 18 

Inst_Index:5395 	 City_Num:50 	 Concorde:0.056492 	 MCTS:5.645385 Improve:0.003856 	 Time:5.00 Seconds
Solution: 1 7 2 3 43 35 31 6 40 33 21 14 48 47 28 23 24 42 44 26 19 41 50 9 16 29 25 38 39 18 27 5 37 49 17 4 15 22 13 8 11 12 10 20 30 32 45 46 36 34 

Inst_Index:5396 	 City_Num:50 	 Concorde:0.049218 	 MCTS:4.916618 Improve:0.005200 	 Time:5.00 Seconds
Solution: 1 9 5 37 3 41 21 22 19 45 15 39 29 44 49 12 24 27 10 28 7 48 32 14 40 34 8 31 43 20 6 50 33 36 47 23 11 17 18 26 42 46 38 25 16 2 13 4 30 35 

Inst_Index:5397 	 City_Num:50 	 Concorde:0.052687 	 MCTS:5.268706 Improve:-0.000000 	 Time:5.00 Seconds
Solution: 1 31 14 16 17 36 2 42 44 6 25 7 5 41 3 32 34 45 43 50 21 11 4 24 33 40 49 9 19 12 30 20 13 18 15 37 39 29 22 35 10 26 46 27 23 38 28 47 8 48 

Inst_Index:5398 	 City_Num:50 	 Concorde:0.056910 	 MCTS:5.690991 Improve:-0.000000 	 Time:5.00 Seconds
Solution: 1 45 48 44 21 39 19 2 4 38 28 25 50 23 34 49 15 47 32 7 41 42 9 37 24 26 33 18 10 40 8 17 29 31 43 13 11 36 14 20 6 16 22 12 46 35 3 27 30 5 

Inst_Index:5399 	 City_Num:50 	 Concorde:0.056651 	 MCTS:5.662552 Improve:0.002537 	 Time:5.00 Seconds
Solution: 1 30 36 32 29 23 13 34 16 44 22 6 12 14 3 24 27 33 4 49 15 17 7 28 20 21 26 10 35 50 48 8 2 9 39 42 5 18 41 19 47 40 37 31 11 45 46 43 25 38 

Inst_Index:5400 	 City_Num:50 	 Concorde:0.057467 	 MCTS:5.746683 Improve:0.000000 	 Time:5.01 Seconds
Solution: 1 3 38 39 43 42 16 31 5 24 2 27 6 17 8 46 18 45 48 9 50 23 47 37 33 11 26 30 29 28 14 49 32 36 7 44 21 35 22 25 40 10 15 4 13 34 19 20 12 41 

Inst_Index:5401 	 City_Num:50 	 Concorde:0.053383 	 MCTS:5.338328 Improve:0.000000 	 Time:5.00 Seconds
Solution: 1 22 38 43 12 17 25 31 44 49 32 46 27 33 14 3 18 40 11 8 16 4 9 28 50 2 36 41 10 20 24 42 47 21 48 35 15 39 45 23 26 37 30 7 29 13 19 34 6 5 

Inst_Index:5402 	 City_Num:50 	 Concorde:0.060062 	 MCTS:6.005528 Improve:0.000707 	 Time:5.00 Seconds
Solution: 1 50 28 32 33 49 15 31 48 19 47 3 12 16 29 44 39 17 18 24 35 34 8 7 9 13 23 41 36 22 27 6 42 38 26 37 14 5 2 10 25 45 11 20 21 40 30 4 43 46 

Inst_Index:5403 	 City_Num:50 	 Concorde:0.057704 	 MCTS:5.770398 Improve:-0.000000 	 Time:5.00 Seconds
Solution: 1 32 40 8 41 45 18 11 9 36 42 46 7 34 3 6 21 37 43 19 39 12 2 44 4 17 14 25 15 26 31 10 16 13 28 33 38 30 5 27 50 47 29 35 20 22 49 23 24 48 

Inst_Index:5404 	 City_Num:50 	 Concorde:0.054167 	 MCTS:5.416703 Improve:0.000000 	 Time:5.00 Seconds
Solution: 1 48 6 4 19 39 11 26 18 46 45 43 28 10 24 7 31 13 15 36 14 49 25 17 47 42 41 37 29 50 30 22 35 3 38 32 34 44 40 9 16 5 21 12 2 20 23 8 33 27 

Inst_Index:5405 	 City_Num:50 	 Concorde:0.056799 	 MCTS:5.679941 Improve:-0.000000 	 Time:5.01 Seconds
Solution: 1 16 5 38 17 28 37 24 47 40 2 46 48 34 25 41 29 39 26 45 13 30 36 31 49 9 12 50 3 19 27 33 10 15 21 23 14 6 44 11 42 4 35 18 7 32 22 8 43 20 

Inst_Index:5406 	 City_Num:50 	 Concorde:0.059360 	 MCTS:5.935977 Improve:0.000000 	 Time:5.00 Seconds
Solution: 1 3 11 17 13 16 22 49 50 45 9 43 32 37 12 35 39 41 23 36 30 25 33 38 31 34 42 15 19 5 44 27 40 20 14 24 47 4 2 26 6 29 18 8 21 28 48 46 7 10 

Inst_Index:5407 	 City_Num:50 	 Concorde:0.056016 	 MCTS:5.601621 Improve:-0.000000 	 Time:5.01 Seconds
Solution: 1 32 16 17 39 15 28 25 29 9 6 24 14 45 43 49 11 13 30 21 40 38 18 22 26 37 35 7 19 4 41 46 33 23 12 27 50 36 42 10 47 5 8 48 31 20 3 2 44 34 

Inst_Index:5408 	 City_Num:50 	 Concorde:0.056465 	 MCTS:5.640889 Improve:0.005568 	 Time:5.00 Seconds
Solution: 1 33 43 16 11 49 29 13 5 23 34 47 6 36 31 3 18 50 7 2 48 26 45 46 19 9 41 42 35 22 40 28 14 27 4 21 44 30 20 39 12 37 32 10 17 38 15 8 25 24 

Inst_Index:5409 	 City_Num:50 	 Concorde:0.056174 	 MCTS:5.617443 Improve:0.000000 	 Time:5.00 Seconds
Solution: 1 34 23 39 14 32 18 19 36 26 30 46 45 42 22 37 12 2 3 10 49 4 25 13 29 27 5 44 6 8 41 47 7 50 28 11 24 35 38 15 31 43 48 9 20 40 17 16 21 33 

Inst_Index:5410 	 City_Num:50 	 Concorde:0.056332 	 MCTS:5.633235 Improve:0.000000 	 Time:5.00 Seconds
Solution: 1 42 18 23 43 25 17 4 44 20 24 36 39 50 33 30 32 27 7 40 31 8 6 28 13 26 2 22 5 16 41 49 34 11 37 3 29 35 14 19 21 15 45 9 47 38 48 10 12 46 

Inst_Index:5411 	 City_Num:50 	 Concorde:0.058034 	 MCTS:5.803407 Improve:-0.000000 	 Time:5.00 Seconds
Solution: 1 19 28 10 44 43 39 9 40 35 23 12 34 41 37 47 48 24 20 27 42 45 38 13 21 17 14 5 26 2 15 50 16 7 6 30 31 36 25 8 49 29 22 11 3 4 46 33 32 18 

Inst_Index:5412 	 City_Num:50 	 Concorde:0.054871 	 MCTS:5.487118 Improve:-0.000000 	 Time:5.00 Seconds
Solution: 1 12 45 17 19 42 33 5 32 29 2 11 30 50 40 25 20 3 28 36 41 44 37 47 6 9 13 24 21 4 26 39 23 31 43 34 49 46 10 27 14 8 16 15 38 7 35 48 18 22 

Inst_Index:5413 	 City_Num:50 	 Concorde:0.059859 	 MCTS:5.985944 Improve:0.000000 	 Time:5.00 Seconds
Solution: 1 47 39 43 42 19 13 40 20 11 14 29 33 28 26 32 35 46 38 3 45 31 16 25 36 15 9 50 7 5 4 34 30 41 23 44 37 49 22 12 24 18 8 48 2 10 6 27 21 17 

Inst_Index:5414 	 City_Num:50 	 Concorde:0.056793 	 MCTS:5.679296 Improve:0.000000 	 Time:5.00 Seconds
Solution: 1 47 42 4 7 50 22 6 36 45 2 31 27 30 20 49 23 34 46 25 26 29 17 39 19 9 12 41 44 33 10 15 35 8 38 32 24 21 5 3 14 28 37 11 18 43 13 16 40 48 

Inst_Index:5415 	 City_Num:50 	 Concorde:0.057652 	 MCTS:5.763610 Improve:0.001595 	 Time:5.00 Seconds
Solution: 1 47 40 7 30 20 42 10 8 14 25 24 31 34 35 19 18 21 6 16 12 23 29 27 32 26 2 28 49 36 33 22 45 48 13 15 44 5 46 9 17 43 41 11 50 37 38 4 3 39 

Inst_Index:5416 	 City_Num:50 	 Concorde:0.056586 	 MCTS:5.658573 Improve:0.000000 	 Time:5.01 Seconds
Solution: 1 6 21 36 11 16 38 4 48 27 22 12 24 20 45 15 7 40 14 26 30 10 28 37 29 18 47 8 5 34 42 39 44 17 35 31 46 25 32 41 9 50 23 49 13 3 43 33 19 2 

Inst_Index:5417 	 City_Num:50 	 Concorde:0.058366 	 MCTS:5.836603 Improve:0.000000 	 Time:5.00 Seconds
Solution: 1 24 31 6 25 38 21 12 8 48 18 14 30 39 41 40 23 20 7 5 3 47 32 10 28 22 27 34 44 19 16 15 17 4 26 11 42 45 2 36 29 50 46 49 13 33 43 9 35 37 

Inst_Index:5418 	 City_Num:50 	 Concorde:0.055459 	 MCTS:5.545942 Improve:0.000000 	 Time:5.00 Seconds
Solution: 1 10 22 23 14 30 36 15 34 38 33 7 12 39 31 35 45 44 42 5 46 4 21 17 28 40 37 49 18 32 13 25 27 16 26 6 8 24 11 43 41 29 50 48 2 3 47 19 9 20 

Inst_Index:5419 	 City_Num:50 	 Concorde:0.058328 	 MCTS:5.830508 Improve:0.002280 	 Time:5.00 Seconds
Solution: 1 46 36 37 13 10 2 3 47 17 42 22 4 33 28 8 48 35 34 26 19 6 27 24 14 41 23 29 49 25 12 39 44 9 38 40 16 15 45 11 31 20 7 18 43 30 5 50 32 21 

Inst_Index:5420 	 City_Num:50 	 Concorde:0.062003 	 MCTS:6.198807 Improve:0.001526 	 Time:5.00 Seconds
Solution: 1 31 40 27 41 42 7 36 6 2 20 46 38 5 23 8 32 29 17 48 24 28 10 9 50 30 44 4 13 34 19 22 33 14 18 35 49 3 26 16 43 11 39 45 15 47 21 12 37 25 

Inst_Index:5421 	 City_Num:50 	 Concorde:0.056429 	 MCTS:5.641232 Improve:0.001679 	 Time:5.00 Seconds
Solution: 1 6 7 18 16 20 45 36 23 19 22 34 17 9 15 10 27 13 48 24 39 25 29 37 3 32 21 50 14 11 33 31 49 38 40 8 47 5 43 46 35 2 4 12 28 26 41 30 44 42 

Inst_Index:5422 	 City_Num:50 	 Concorde:0.057421 	 MCTS:5.740830 Improve:0.001223 	 Time:5.00 Seconds
Solution: 1 39 14 23 40 5 6 32 48 11 49 35 47 46 34 15 13 37 10 12 33 44 2 28 19 16 26 7 18 43 22 17 24 21 9 25 27 31 20 45 42 30 29 50 8 4 41 38 36 3 

Inst_Index:5423 	 City_Num:50 	 Concorde:0.060662 	 MCTS:6.066219 Improve:0.000000 	 Time:5.00 Seconds
Solution: 1 28 39 16 46 50 48 33 3 18 10 26 2 37 5 43 34 15 45 27 17 35 14 4 47 31 19 42 30 21 9 29 24 13 20 49 36 11 22 25 44 12 7 23 8 40 41 6 32 38 

Inst_Index:5424 	 City_Num:50 	 Concorde:0.056011 	 MCTS:5.601059 Improve:0.000000 	 Time:5.00 Seconds
Solution: 1 18 41 14 49 31 7 26 27 22 21 35 4 30 39 2 11 29 44 17 37 48 43 32 20 19 10 46 34 24 8 12 45 16 38 9 5 47 25 3 42 15 33 28 23 6 13 50 40 36 

Inst_Index:5425 	 City_Num:50 	 Concorde:0.056950 	 MCTS:5.694971 Improve:0.000000 	 Time:5.00 Seconds
Solution: 1 47 40 20 39 2 21 34 30 41 17 49 11 33 50 29 36 43 14 16 19 24 48 13 31 22 12 18 5 25 7 32 28 46 35 23 9 15 10 37 45 4 44 42 27 3 38 26 8 6 

Inst_Index:5426 	 City_Num:50 	 Concorde:0.061287 	 MCTS:6.124964 Improve:0.003736 	 Time:5.01 Seconds
Solution: 1 10 16 40 23 22 12 33 31 39 3 20 17 21 44 32 42 37 45 13 26 24 19 7 30 50 29 41 11 14 2 38 5 27 18 48 36 6 15 34 49 4 8 47 9 46 43 25 35 28 

Inst_Index:5427 	 City_Num:50 	 Concorde:0.056334 	 MCTS:5.633379 Improve:-0.000000 	 Time:5.00 Seconds
Solution: 1 29 46 31 4 16 27 41 25 47 43 37 42 10 28 6 3 39 23 26 48 49 12 17 19 36 14 32 33 20 15 5 18 38 21 22 24 45 50 8 34 40 2 30 35 13 44 9 7 11 

Inst_Index:5428 	 City_Num:50 	 Concorde:0.058557 	 MCTS:5.855673 Improve:-0.000000 	 Time:5.00 Seconds
Solution: 1 10 9 48 44 18 39 21 12 17 13 32 5 28 41 36 31 4 27 7 29 33 47 25 49 2 40 22 46 16 3 8 14 24 15 38 42 20 11 23 34 37 26 35 45 50 6 43 30 19 

Inst_Index:5429 	 City_Num:50 	 Concorde:0.055698 	 MCTS:5.569790 Improve:0.000000 	 Time:5.00 Seconds
Solution: 1 42 22 16 15 4 2 21 3 23 34 12 35 8 39 41 36 31 38 28 30 27 14 32 33 47 50 46 20 9 6 10 45 49 48 25 17 13 11 37 19 18 44 29 40 7 43 24 26 5 

Inst_Index:5430 	 City_Num:50 	 Concorde:0.057901 	 MCTS:5.790066 Improve:0.000000 	 Time:5.00 Seconds
Solution: 1 14 39 19 43 17 21 22 18 47 32 49 44 26 37 25 2 6 41 35 8 7 29 48 11 12 10 46 20 31 27 50 30 28 13 34 23 9 33 24 4 15 45 38 5 3 40 16 36 42 

Inst_Index:5431 	 City_Num:50 	 Concorde:0.059205 	 MCTS:5.910866 Improve:0.009618 	 Time:5.00 Seconds
Solution: 1 27 50 9 6 33 19 39 31 49 25 12 5 20 23 28 22 38 15 45 11 48 35 41 10 21 14 8 29 7 30 46 43 3 32 17 13 37 26 44 42 34 2 47 18 40 4 24 16 36 

Inst_Index:5432 	 City_Num:50 	 Concorde:0.054421 	 MCTS:5.439407 Improve:0.002740 	 Time:5.00 Seconds
Solution: 1 32 11 23 44 19 25 39 5 26 38 4 30 9 8 17 36 12 47 20 34 50 14 24 6 33 42 29 41 18 2 48 45 43 40 3 22 28 35 21 13 16 31 10 27 46 15 49 7 37 

Inst_Index:5433 	 City_Num:50 	 Concorde:0.058993 	 MCTS:5.899301 Improve:-0.000000 	 Time:5.01 Seconds
Solution: 1 32 47 35 17 42 39 26 8 12 40 37 15 5 25 11 9 33 46 21 29 49 13 6 7 28 4 19 23 18 2 24 3 30 16 31 36 43 34 27 38 10 20 45 50 14 48 41 44 22 

Inst_Index:5434 	 City_Num:50 	 Concorde:0.058028 	 MCTS:5.802846 Improve:0.000000 	 Time:5.00 Seconds
Solution: 1 20 5 21 15 19 22 43 12 10 37 50 4 48 29 28 33 24 42 30 2 40 31 11 13 3 26 25 46 45 34 7 47 18 6 17 35 14 8 49 44 16 27 23 9 38 32 39 41 36 

Inst_Index:5435 	 City_Num:50 	 Concorde:0.059235 	 MCTS:5.923469 Improve:0.000000 	 Time:5.00 Seconds
Solution: 1 24 17 19 38 22 10 12 16 6 47 4 41 43 45 46 2 29 48 9 23 25 14 32 36 33 5 35 42 20 27 37 8 28 18 31 3 40 39 13 30 15 7 21 11 34 49 50 44 26 

Inst_Index:5436 	 City_Num:50 	 Concorde:0.057812 	 MCTS:5.834961 Improve:-0.053759 	 Time:5.00 Seconds
Solution: 1 9 49 6 12 7 47 31 19 42 20 33 21 40 4 46 30 16 45 26 13 11 22 48 27 41 50 5 15 14 35 39 23 25 29 8 24 3 37 17 38 10 2 44 28 36 32 18 34 43 

Inst_Index:5437 	 City_Num:50 	 Concorde:0.058820 	 MCTS:5.881961 Improve:-0.000000 	 Time:5.00 Seconds
Solution: 1 28 20 24 44 41 27 13 33 49 6 39 32 40 35 19 26 8 43 18 21 45 23 38 12 25 37 11 30 7 4 2 14 29 9 46 31 50 34 5 48 15 36 22 3 42 47 16 10 17 

Inst_Index:5438 	 City_Num:50 	 Concorde:0.059312 	 MCTS:5.926559 Improve:0.004622 	 Time:5.00 Seconds
Solution: 1 24 6 3 21 36 43 32 35 42 5 18 49 41 28 12 27 26 20 46 39 30 31 23 17 29 4 11 37 7 16 13 25 44 10 15 45 22 50 34 38 40 2 19 47 8 48 33 14 9 

Inst_Index:5439 	 City_Num:50 	 Concorde:0.062194 	 MCTS:6.219259 Improve:0.000107 	 Time:5.00 Seconds
Solution: 1 21 31 28 42 11 41 14 27 49 45 37 10 17 35 36 9 3 32 20 13 18 43 22 23 44 26 24 50 19 29 30 6 40 16 25 48 7 34 38 4 47 39 15 8 46 5 12 2 33 

Inst_Index:5440 	 City_Num:50 	 Concorde:0.054857 	 MCTS:5.475451 Improve:0.010263 	 Time:5.00 Seconds
Solution: 1 19 31 46 49 39 43 47 24 8 48 45 13 21 44 4 11 18 16 42 15 29 33 27 28 20 36 40 37 12 6 2 10 26 50 34 32 38 5 9 30 23 7 41 22 14 17 35 25 3 

Inst_Index:5441 	 City_Num:50 	 Concorde:0.058624 	 MCTS:5.862442 Improve:0.000000 	 Time:5.00 Seconds
Solution: 1 22 13 14 11 30 41 10 50 24 4 2 43 34 19 15 47 27 12 49 33 42 38 16 3 48 46 32 8 35 20 45 39 28 21 44 40 26 17 31 5 9 18 29 7 37 6 23 25 36 

Inst_Index:5442 	 City_Num:50 	 Concorde:0.056399 	 MCTS:5.635377 Improve:0.004499 	 Time:5.00 Seconds
Solution: 1 29 8 44 19 30 3 11 4 2 38 50 27 43 17 15 31 24 12 13 7 14 16 34 20 40 26 6 28 35 25 48 21 18 10 45 42 46 33 5 49 41 9 37 32 39 36 23 47 22 

Inst_Index:5443 	 City_Num:50 	 Concorde:0.056973 	 MCTS:5.697273 Improve:0.000000 	 Time:5.00 Seconds
Solution: 1 30 9 43 47 34 16 40 23 33 11 24 12 44 4 6 42 13 19 35 26 21 32 10 41 27 46 48 29 2 28 50 18 25 7 20 14 3 45 37 31 8 22 15 38 5 36 39 49 17 

Inst_Index:5444 	 City_Num:50 	 Concorde:0.057103 	 MCTS:5.710252 Improve:-0.000000 	 Time:5.00 Seconds
Solution: 1 23 30 49 33 2 40 29 42 44 31 15 13 17 41 43 48 11 47 21 20 4 35 38 46 22 45 50 6 8 37 18 12 36 32 27 28 3 5 16 7 39 9 24 25 34 19 26 14 10 

Inst_Index:5445 	 City_Num:50 	 Concorde:0.055907 	 MCTS:5.588652 Improve:0.002098 	 Time:5.00 Seconds
Solution: 1 21 23 27 33 19 41 26 42 38 45 4 37 46 16 22 2 28 39 30 17 10 35 25 50 34 32 20 31 9 47 11 40 43 14 18 5 12 29 36 13 49 8 7 24 15 44 48 6 3 

Inst_Index:5446 	 City_Num:50 	 Concorde:0.053386 	 MCTS:5.338577 Improve:0.000000 	 Time:5.00 Seconds
Solution: 1 20 50 9 26 14 41 24 3 36 11 47 10 46 15 25 8 42 45 39 38 2 40 28 12 16 23 49 35 29 4 17 27 33 32 31 43 7 48 22 6 18 21 30 5 13 44 19 34 37 

Inst_Index:5447 	 City_Num:50 	 Concorde:0.054136 	 MCTS:5.413606 Improve:-0.000000 	 Time:5.01 Seconds
Solution: 1 37 13 27 42 7 22 39 48 38 40 25 15 19 23 14 30 50 33 11 29 6 41 3 36 31 10 2 34 47 5 44 45 17 20 16 21 18 12 4 43 28 46 9 26 8 32 35 24 49 

Inst_Index:5448 	 City_Num:50 	 Concorde:0.057427 	 MCTS:5.742737 Improve:0.000000 	 Time:5.00 Seconds
Solution: 1 8 24 29 35 34 2 11 27 18 25 26 4 20 15 36 5 7 3 42 41 38 22 17 19 39 50 30 28 32 21 13 37 44 48 10 9 6 12 14 31 45 43 49 46 16 47 23 40 33 

Inst_Index:5449 	 City_Num:50 	 Concorde:0.055961 	 MCTS:5.592528 Improve:0.003620 	 Time:5.00 Seconds
Solution: 1 11 39 35 36 15 44 37 7 19 25 26 49 48 21 34 45 24 5 43 41 8 40 16 4 22 17 14 9 23 46 18 31 13 27 42 2 20 28 29 6 10 33 30 38 32 47 50 12 3 

Inst_Index:5450 	 City_Num:50 	 Concorde:0.057669 	 MCTS:5.762673 Improve:0.004242 	 Time:5.01 Seconds
Solution: 1 11 31 50 17 5 44 30 43 2 25 38 16 21 19 48 42 28 10 7 39 36 8 37 14 6 49 18 23 27 40 47 20 9 12 41 46 35 15 13 3 4 26 45 24 29 32 33 22 34 

Inst_Index:5451 	 City_Num:50 	 Concorde:0.062022 	 MCTS:6.202198 Improve:-0.000000 	 Time:5.00 Seconds
Solution: 1 14 39 33 23 27 13 36 19 20 15 45 6 48 41 2 5 21 43 32 11 38 35 46 8 30 40 9 22 44 24 26 50 16 18 34 12 29 49 28 47 31 17 42 4 10 7 3 25 37 

Inst_Index:5452 	 City_Num:50 	 Concorde:0.059824 	 MCTS:5.982390 Improve:0.000000 	 Time:5.01 Seconds
Solution: 1 41 48 24 7 11 14 31 4 39 38 30 32 5 17 43 8 46 21 45 15 44 36 25 37 35 9 20 34 28 50 29 2 10 49 47 27 16 23 40 19 3 22 13 12 26 33 42 6 18 

Inst_Index:5453 	 City_Num:50 	 Concorde:0.058663 	 MCTS:5.866291 Improve:0.000000 	 Time:5.00 Seconds
Solution: 1 26 47 50 43 45 13 7 19 8 36 30 41 25 22 15 12 2 17 33 16 49 23 10 5 6 29 27 48 9 39 20 42 4 18 37 40 3 11 14 31 32 21 35 28 24 46 44 38 34 

Inst_Index:5454 	 City_Num:50 	 Concorde:0.058830 	 MCTS:5.883033 Improve:0.000000 	 Time:5.00 Seconds
Solution: 1 23 47 49 19 27 40 34 25 21 14 26 36 24 48 35 6 12 38 43 3 31 8 11 16 9 42 22 7 18 39 32 50 41 45 28 10 33 17 46 20 13 5 44 37 4 15 30 2 29 

Inst_Index:5455 	 City_Num:50 	 Concorde:0.054469 	 MCTS:5.446925 Improve:0.000000 	 Time:5.00 Seconds
Solution: 1 36 40 38 21 35 42 23 17 41 30 26 12 33 24 25 50 6 20 8 48 19 27 49 5 43 32 7 28 15 16 22 4 46 29 14 37 10 31 39 13 11 45 34 44 47 9 18 3 2 

Inst_Index:5456 	 City_Num:50 	 Concorde:0.053804 	 MCTS:5.380402 Improve:0.000000 	 Time:5.00 Seconds
Solution: 1 18 34 36 20 29 16 33 39 14 13 41 45 47 7 42 8 27 48 22 43 28 30 44 32 17 6 11 4 9 25 35 19 49 26 5 21 12 3 23 40 50 38 10 15 31 2 37 24 46 

Inst_Index:5457 	 City_Num:50 	 Concorde:0.059677 	 MCTS:5.967683 Improve:0.000000 	 Time:5.00 Seconds
Solution: 1 19 24 45 40 20 49 31 42 11 21 14 10 6 33 32 27 34 44 13 37 25 28 30 18 47 50 23 22 8 17 39 7 4 46 12 29 35 15 48 5 26 9 2 16 36 3 41 38 43 

Inst_Index:5458 	 City_Num:50 	 Concorde:0.054455 	 MCTS:5.442462 Improve:0.003060 	 Time:5.00 Seconds
Solution: 1 12 24 49 7 16 26 4 40 3 13 2 43 28 38 31 45 17 25 18 23 9 35 36 21 29 27 48 32 6 8 34 5 20 10 47 19 37 33 44 15 39 42 14 50 22 41 11 30 46 

Inst_Index:5459 	 City_Num:50 	 Concorde:0.057499 	 MCTS:5.744640 Improve:0.005227 	 Time:5.00 Seconds
Solution: 1 7 19 48 41 18 9 32 39 36 14 45 22 42 49 8 17 12 34 33 24 13 29 26 10 21 40 43 11 38 35 28 5 44 6 23 30 15 16 20 46 37 4 47 25 31 50 3 2 27 

Inst_Index:5460 	 City_Num:50 	 Concorde:0.061809 	 MCTS:6.180884 Improve:0.000000 	 Time:5.00 Seconds
Solution: 1 31 30 2 6 37 33 16 21 12 50 48 24 47 19 18 11 44 32 29 7 41 22 38 20 40 15 9 13 26 36 17 34 43 42 3 25 49 35 39 23 46 14 45 28 10 4 8 5 27 

Inst_Index:5461 	 City_Num:50 	 Concorde:0.054206 	 MCTS:5.420641 Improve:-0.000000 	 Time:5.01 Seconds
Solution: 1 48 33 24 34 18 13 16 37 22 5 10 20 46 35 27 12 6 21 15 38 9 47 23 14 41 30 17 40 3 2 32 4 39 50 45 43 26 28 25 49 36 7 29 31 19 42 8 44 11 

Inst_Index:5462 	 City_Num:50 	 Concorde:0.056597 	 MCTS:5.659721 Improve:-0.000000 	 Time:5.00 Seconds
Solution: 1 36 46 22 14 28 44 11 27 23 31 19 43 49 41 34 39 29 17 20 18 47 30 7 48 45 15 42 13 12 6 4 37 50 38 16 32 21 26 2 24 40 8 33 9 35 3 10 5 25 

Inst_Index:5463 	 City_Num:50 	 Concorde:0.053925 	 MCTS:5.389623 Improve:0.002902 	 Time:5.00 Seconds
Solution: 1 34 46 49 4 29 16 36 10 22 45 3 30 24 15 5 14 21 38 50 13 9 11 20 33 27 6 7 28 17 25 18 8 32 12 41 47 23 35 48 39 42 31 43 40 26 44 2 19 37 

Inst_Index:5464 	 City_Num:50 	 Concorde:0.053702 	 MCTS:5.366725 Improve:0.003429 	 Time:5.00 Seconds
Solution: 1 15 41 11 19 36 40 27 17 47 22 25 26 46 4 10 32 14 38 35 49 44 31 37 16 5 29 12 8 50 48 24 34 3 42 20 21 43 13 9 30 28 39 7 45 2 33 6 23 18 

Inst_Index:5465 	 City_Num:50 	 Concorde:0.056478 	 MCTS:5.644980 Improve:0.002797 	 Time:5.00 Seconds
Solution: 1 31 24 40 37 26 4 27 33 49 28 21 47 43 12 13 16 25 35 19 48 39 20 17 2 29 6 34 30 22 41 46 18 10 23 9 45 38 44 32 7 3 36 14 42 15 11 5 8 50 

Inst_Index:5466 	 City_Num:50 	 Concorde:0.055096 	 MCTS:5.509642 Improve:-0.000000 	 Time:5.00 Seconds
Solution: 1 8 49 30 17 21 3 43 29 46 40 28 50 7 25 27 20 42 39 38 33 14 34 32 31 47 22 45 41 4 5 9 44 18 11 48 15 16 35 2 24 10 19 37 6 36 12 23 26 13 

Inst_Index:5467 	 City_Num:50 	 Concorde:0.058981 	 MCTS:5.889149 Improve:0.008997 	 Time:5.00 Seconds
Solution: 1 44 20 12 31 2 13 15 27 11 28 50 23 19 43 5 35 49 16 21 22 18 10 41 45 33 37 26 36 47 3 30 29 39 8 4 9 7 24 38 40 17 46 34 14 25 42 6 32 48 

Inst_Index:5468 	 City_Num:50 	 Concorde:0.059110 	 MCTS:5.911020 Improve:0.000000 	 Time:5.00 Seconds
Solution: 1 43 35 17 7 30 23 20 24 31 34 46 29 25 27 8 5 50 4 47 22 6 3 2 41 21 32 28 26 10 14 42 49 40 48 13 39 33 36 44 38 11 19 45 9 16 18 15 37 12 

Inst_Index:5469 	 City_Num:50 	 Concorde:0.059205 	 MCTS:5.920501 Improve:-0.000000 	 Time:5.00 Seconds
Solution: 1 48 9 25 34 2 22 44 37 17 6 11 18 47 14 7 27 10 39 36 4 26 12 23 3 5 28 42 32 29 45 30 15 8 13 16 20 31 49 41 46 50 33 19 40 21 38 35 24 43 

Inst_Index:5470 	 City_Num:50 	 Concorde:0.056398 	 MCTS:5.639840 Improve:-0.000000 	 Time:5.00 Seconds
Solution: 1 40 45 13 5 34 14 26 48 18 33 32 9 7 25 37 38 2 20 21 4 10 23 19 47 30 31 15 16 3 11 6 39 24 43 46 28 27 35 12 22 44 17 36 29 42 50 8 41 49 

Inst_Index:5471 	 City_Num:50 	 Concorde:0.058120 	 MCTS:5.812014 Improve:0.000000 	 Time:5.00 Seconds
Solution: 1 46 27 12 29 17 36 31 44 16 4 49 25 15 34 9 30 3 5 50 37 28 32 23 48 39 6 38 22 21 35 13 11 10 45 26 2 24 33 14 8 42 18 20 7 43 19 41 40 47 

Inst_Index:5472 	 City_Num:50 	 Concorde:0.059353 	 MCTS:5.935304 Improve:-0.000000 	 Time:5.00 Seconds
Solution: 1 23 14 11 49 45 12 32 3 5 36 47 15 35 34 10 29 48 24 39 9 20 31 28 21 33 46 19 43 42 4 30 26 25 18 37 27 13 16 7 40 44 22 8 6 38 17 2 50 41 

Inst_Index:5473 	 City_Num:50 	 Concorde:0.062800 	 MCTS:6.278751 Improve:0.001245 	 Time:5.01 Seconds
Solution: 1 50 48 2 7 33 42 32 27 29 30 17 11 49 37 23 46 16 34 44 19 20 43 18 13 10 38 6 25 15 26 39 40 24 8 28 22 41 35 14 12 45 21 47 4 31 36 5 9 3 

Inst_Index:5474 	 City_Num:50 	 Concorde:0.058609 	 MCTS:5.859694 Improve:0.001234 	 Time:5.00 Seconds
Solution: 1 43 23 8 9 29 2 26 36 37 38 31 19 50 20 47 15 7 18 34 49 11 45 32 44 35 10 21 42 30 41 46 48 16 5 3 14 12 39 33 6 25 27 22 13 28 24 40 4 17 

Inst_Index:5475 	 City_Num:50 	 Concorde:0.061757 	 MCTS:6.175722 Improve:0.000000 	 Time:5.00 Seconds
Solution: 1 16 49 20 28 45 35 7 23 22 2 4 12 21 18 11 29 25 10 36 30 37 8 24 6 26 9 50 34 32 46 48 13 19 3 38 17 27 33 15 47 5 39 43 40 44 14 31 41 42 

Inst_Index:5476 	 City_Num:50 	 Concorde:0.059668 	 MCTS:5.966758 Improve:0.000000 	 Time:5.00 Seconds
Solution: 1 48 43 24 35 7 30 20 41 12 4 16 11 40 2 32 27 25 45 28 23 5 22 19 21 17 6 39 42 10 26 15 34 37 31 13 14 3 46 9 49 38 50 36 8 33 18 29 47 44 

Inst_Index:5477 	 City_Num:50 	 Concorde:0.057889 	 MCTS:5.788866 Improve:0.000000 	 Time:5.00 Seconds
Solution: 1 16 4 2 32 29 3 44 20 6 28 26 31 47 39 42 25 13 50 43 37 38 21 9 33 7 40 45 35 18 8 11 34 23 19 46 36 15 49 22 24 30 5 48 41 12 10 27 17 14 

Inst_Index:5478 	 City_Num:50 	 Concorde:0.054985 	 MCTS:5.498529 Improve:0.000000 	 Time:5.01 Seconds
Solution: 1 38 3 41 29 39 5 48 43 37 42 24 22 23 4 19 25 44 40 13 47 26 27 35 28 16 2 6 18 34 15 33 11 20 7 9 31 50 36 46 10 45 30 12 32 49 21 14 17 8 

Inst_Index:5479 	 City_Num:50 	 Concorde:0.054958 	 MCTS:5.495780 Improve:0.000000 	 Time:5.00 Seconds
Solution: 1 21 8 23 39 32 5 13 45 7 35 37 27 14 43 19 17 18 22 24 3 34 40 9 20 30 11 46 25 28 2 6 41 31 50 47 29 42 12 36 16 49 10 48 38 4 15 44 26 33 

Inst_Index:5480 	 City_Num:50 	 Concorde:0.055160 	 MCTS:5.516049 Improve:0.000000 	 Time:5.01 Seconds
Solution: 1 38 49 21 36 46 30 14 43 10 5 7 34 12 24 26 8 40 32 16 50 35 11 37 9 17 19 31 41 39 22 15 18 13 2 44 23 48 28 29 33 6 27 4 42 20 25 47 3 45 

Inst_Index:5481 	 City_Num:50 	 Concorde:0.055153 	 MCTS:5.515327 Improve:0.000000 	 Time:5.00 Seconds
Solution: 1 46 32 12 44 42 18 17 21 10 2 9 43 5 35 38 19 26 34 22 41 27 4 39 45 24 33 7 16 37 11 20 25 14 31 13 30 47 29 6 36 48 15 50 49 28 3 23 8 40 

Inst_Index:5482 	 City_Num:50 	 Concorde:0.062437 	 MCTS:6.243412 Improve:0.000289 	 Time:5.00 Seconds
Solution: 1 35 12 23 24 36 26 19 17 46 40 30 47 7 34 41 44 45 39 29 10 18 43 50 48 2 3 21 11 8 25 49 9 33 31 5 20 28 22 38 13 4 37 14 16 32 6 27 15 42 

Inst_Index:5483 	 City_Num:50 	 Concorde:0.061979 	 MCTS:6.190401 Improve:0.007473 	 Time:5.00 Seconds
Solution: 1 37 34 30 33 41 6 10 13 16 35 17 23 40 21 8 44 3 26 18 22 25 4 36 27 19 14 42 45 47 50 39 43 11 5 31 7 32 48 20 46 28 49 12 2 29 15 9 24 38 

Inst_Index:5484 	 City_Num:50 	 Concorde:0.059132 	 MCTS:5.913156 Improve:0.000000 	 Time:5.00 Seconds
Solution: 1 34 8 20 15 47 37 30 48 46 35 49 45 28 4 26 16 44 3 10 19 9 12 24 13 23 32 29 21 39 33 17 31 50 14 27 22 25 42 36 5 41 40 11 7 2 38 18 43 6 

Inst_Index:5485 	 City_Num:50 	 Concorde:0.054844 	 MCTS:5.478988 Improve:0.005373 	 Time:5.01 Seconds
Solution: 1 4 8 23 45 6 34 31 26 41 49 22 32 11 40 3 25 17 42 39 10 38 2 24 29 33 18 27 21 30 15 37 50 9 20 47 14 46 7 13 35 48 19 12 43 16 36 5 28 44 

Inst_Index:5486 	 City_Num:50 	 Concorde:0.055200 	 MCTS:5.519967 Improve:-0.000000 	 Time:5.00 Seconds
Solution: 1 18 20 50 5 31 28 10 3 37 12 47 39 24 4 49 35 26 40 9 17 41 25 29 14 43 11 32 46 13 45 15 7 42 33 23 22 44 30 8 16 38 36 21 2 19 6 27 48 34 

Inst_Index:5487 	 City_Num:50 	 Concorde:0.060669 	 MCTS:6.066879 Improve:0.000000 	 Time:5.00 Seconds
Solution: 1 11 41 3 2 12 29 42 13 19 32 49 23 37 36 47 21 9 35 33 46 39 18 38 45 43 50 16 24 25 5 26 44 10 22 40 8 48 30 27 7 31 28 6 15 34 4 20 14 17 

Inst_Index:5488 	 City_Num:50 	 Concorde:0.059411 	 MCTS:5.941071 Improve:-0.000000 	 Time:5.01 Seconds
Solution: 1 4 20 39 3 46 44 23 22 12 45 14 49 32 40 26 9 29 2 15 6 35 11 47 42 43 21 10 50 37 17 16 5 30 18 8 33 24 25 28 41 13 48 36 34 31 19 27 7 38 

Inst_Index:5489 	 City_Num:50 	 Concorde:0.055026 	 MCTS:5.502600 Improve:0.000000 	 Time:5.00 Seconds
Solution: 1 36 38 43 13 47 7 49 18 9 35 4 42 44 45 29 40 5 3 41 22 33 46 17 39 26 50 34 20 21 28 14 31 12 8 19 48 25 32 24 6 37 15 16 27 23 11 2 30 10 

Inst_Index:5490 	 City_Num:50 	 Concorde:0.054789 	 MCTS:5.478890 Improve:-0.000000 	 Time:5.00 Seconds
Solution: 1 42 8 45 15 2 7 13 19 46 27 23 34 25 28 37 29 32 31 48 4 24 10 6 47 18 14 30 41 35 20 44 40 33 36 21 3 9 17 49 5 11 22 16 43 26 39 12 38 50 

Inst_Index:5491 	 City_Num:50 	 Concorde:0.060422 	 MCTS:6.042155 Improve:0.000000 	 Time:5.00 Seconds
Solution: 1 38 21 24 17 8 39 22 50 40 4 41 31 33 36 32 37 2 43 28 29 26 13 34 19 47 44 20 11 12 49 6 5 27 30 23 14 25 45 9 46 16 48 3 7 15 18 10 42 35 

Inst_Index:5492 	 City_Num:50 	 Concorde:0.057540 	 MCTS:5.753954 Improve:-0.000000 	 Time:5.01 Seconds
Solution: 1 42 36 47 8 15 10 25 39 35 9 26 34 23 11 27 17 5 14 13 49 4 20 37 18 29 41 38 32 3 19 30 44 46 48 28 43 6 12 2 45 21 50 22 31 24 7 33 40 16 

Inst_Index:5493 	 City_Num:50 	 Concorde:0.054441 	 MCTS:5.444098 Improve:-0.000000 	 Time:5.00 Seconds
Solution: 1 43 37 4 23 6 13 21 18 40 17 29 16 49 7 24 36 30 41 39 48 35 47 8 19 34 33 3 45 9 20 2 44 42 12 22 11 14 32 46 38 50 26 28 10 25 5 15 31 27 

Inst_Index:5494 	 City_Num:50 	 Concorde:0.056725 	 MCTS:5.672472 Improve:0.000000 	 Time:5.00 Seconds
Solution: 1 10 26 18 39 50 4 30 12 32 46 21 35 45 23 29 22 19 24 27 11 28 3 44 15 25 41 33 40 37 6 42 16 43 13 17 2 31 49 14 8 38 48 20 7 5 47 9 36 34 

Inst_Index:5495 	 City_Num:50 	 Concorde:0.058793 	 MCTS:5.879336 Improve:-0.000000 	 Time:5.00 Seconds
Solution: 1 43 26 13 41 9 4 23 20 32 38 24 48 15 40 5 33 6 30 45 50 21 12 7 10 29 14 27 2 8 16 39 19 36 28 3 34 31 42 22 37 49 47 11 18 35 17 46 25 44 

Inst_Index:5496 	 City_Num:50 	 Concorde:0.058455 	 MCTS:5.845495 Improve:0.000000 	 Time:5.00 Seconds
Solution: 1 40 48 18 46 8 37 25 45 22 14 11 7 21 38 20 26 39 13 34 50 47 28 4 29 6 35 49 16 23 17 3 5 32 12 44 2 30 31 24 42 9 27 15 19 10 41 43 36 33 

Inst_Index:5497 	 City_Num:50 	 Concorde:0.061096 	 MCTS:6.109615 Improve:0.000000 	 Time:5.01 Seconds
Solution: 1 41 9 24 33 47 15 22 50 49 3 31 42 14 46 11 5 23 40 43 2 8 44 13 27 25 28 10 4 21 7 45 16 29 19 34 17 6 20 30 18 26 32 36 48 12 37 35 38 39 

Inst_Index:5498 	 City_Num:50 	 Concorde:0.055526 	 MCTS:5.552625 Improve:0.000000 	 Time:5.00 Seconds
Solution: 1 6 10 26 7 4 14 15 25 9 47 44 17 31 38 50 49 34 30 12 24 21 2 20 5 22 41 29 36 43 37 32 39 40 16 27 18 28 3 46 13 33 11 23 19 35 48 42 45 8 

Inst_Index:5499 	 City_Num:50 	 Concorde:0.055855 	 MCTS:5.585494 Improve:0.000000 	 Time:5.00 Seconds
Solution: 1 34 47 26 13 48 7 8 5 6 35 20 25 31 21 11 14 18 36 40 43 50 44 29 24 49 4 17 2 27 28 16 10 45 37 39 22 9 33 38 41 30 15 23 32 46 42 3 19 12 

Inst_Index:5500 	 City_Num:50 	 Concorde:0.058052 	 MCTS:5.805178 Improve:0.000000 	 Time:5.00 Seconds
Solution: 1 44 48 29 45 5 7 12 42 26 22 49 6 25 33 38 41 46 37 4 40 10 18 50 34 47 27 31 2 30 36 13 20 35 23 43 14 15 32 8 21 16 11 3 39 9 28 19 24 17 

Inst_Index:5501 	 City_Num:50 	 Concorde:0.056761 	 MCTS:5.676075 Improve:-0.000000 	 Time:5.00 Seconds
Solution: 1 23 22 36 7 24 2 3 10 33 27 44 8 11 50 9 29 43 30 16 45 31 48 12 5 34 6 42 41 21 20 49 18 19 47 13 39 28 35 26 32 4 40 38 14 46 17 37 25 15 

Inst_Index:5502 	 City_Num:50 	 Concorde:0.059709 	 MCTS:5.970936 Improve:0.000000 	 Time:5.00 Seconds
Solution: 1 42 43 6 18 7 5 39 30 4 49 10 46 9 33 22 13 35 40 11 50 15 37 12 28 14 25 27 41 19 36 23 45 29 8 17 32 47 16 2 31 44 26 48 34 20 38 21 3 24 

Inst_Index:5503 	 City_Num:50 	 Concorde:0.056794 	 MCTS:5.675854 Improve:0.003541 	 Time:5.00 Seconds
Solution: 1 41 36 21 16 2 20 35 18 40 49 25 31 14 29 5 42 48 4 30 8 12 46 47 15 43 39 3 17 10 19 28 22 34 38 50 7 32 6 24 9 11 33 27 45 23 26 13 44 37 

Inst_Index:5504 	 City_Num:50 	 Concorde:0.058626 	 MCTS:5.862555 Improve:-0.000000 	 Time:5.00 Seconds
Solution: 1 13 20 35 2 9 12 14 11 19 36 48 39 15 23 24 4 21 18 5 10 3 28 27 37 43 25 33 29 30 7 26 16 38 22 41 6 42 47 31 40 17 46 49 8 45 50 44 32 34 

Inst_Index:5505 	 City_Num:50 	 Concorde:0.059278 	 MCTS:5.921699 Improve:0.006113 	 Time:5.01 Seconds
Solution: 1 19 27 48 32 12 30 2 44 31 3 8 34 25 26 14 10 28 49 42 9 11 39 43 5 40 7 38 15 35 16 37 4 6 23 36 47 22 41 45 18 46 33 21 20 13 50 29 17 24 

Inst_Index:5506 	 City_Num:50 	 Concorde:0.050802 	 MCTS:5.080226 Improve:-0.000000 	 Time:5.00 Seconds
Solution: 1 3 9 32 43 34 37 25 38 7 28 31 46 22 40 10 21 18 33 20 15 8 19 6 35 13 4 11 2 49 26 48 16 29 45 12 27 47 39 50 44 17 42 41 5 23 36 14 24 30 

Inst_Index:5507 	 City_Num:50 	 Concorde:0.055246 	 MCTS:5.522219 Improve:0.002384 	 Time:5.00 Seconds
Solution: 1 19 5 42 50 22 25 20 39 45 47 4 48 2 43 10 7 23 21 44 32 29 40 41 33 38 17 24 6 28 26 15 49 18 16 46 8 3 13 14 27 31 37 35 36 12 11 34 30 9 

Inst_Index:5508 	 City_Num:50 	 Concorde:0.058220 	 MCTS:5.821956 Improve:0.000000 	 Time:5.00 Seconds
Solution: 1 37 41 9 24 47 19 28 46 5 18 3 23 45 2 39 42 25 17 34 14 48 11 33 10 30 50 6 35 22 8 27 20 29 31 13 12 36 32 15 21 26 49 43 4 38 44 16 7 40 

Inst_Index:5509 	 City_Num:50 	 Concorde:0.058164 	 MCTS:5.816404 Improve:-0.000000 	 Time:5.01 Seconds
Solution: 1 2 40 4 30 26 33 32 41 6 25 42 15 21 39 16 5 8 22 43 18 17 27 50 12 9 23 44 10 45 49 38 19 31 34 20 47 3 24 48 11 46 36 35 29 14 13 28 7 37 

Inst_Index:5510 	 City_Num:50 	 Concorde:0.057192 	 MCTS:5.719192 Improve:-0.000000 	 Time:5.00 Seconds
Solution: 1 4 38 41 7 19 14 31 11 8 46 45 43 32 21 9 3 28 42 16 15 44 50 49 30 36 13 18 5 22 37 2 25 17 6 40 23 34 29 12 48 39 20 24 27 35 26 10 47 33 

Inst_Index:5511 	 City_Num:50 	 Concorde:0.056455 	 MCTS:5.638793 Improve:0.006720 	 Time:5.00 Seconds
Solution: 1 12 35 50 14 26 13 46 10 39 29 37 18 45 23 40 6 8 36 33 38 48 31 3 7 30 28 20 19 49 42 17 2 24 4 34 16 32 41 47 27 9 25 11 22 21 43 5 44 15 

Inst_Index:5512 	 City_Num:50 	 Concorde:0.053308 	 MCTS:5.330827 Improve:-0.000000 	 Time:5.00 Seconds
Solution: 1 23 35 32 5 17 10 14 3 2 15 22 27 46 37 18 38 28 41 11 34 50 49 9 29 43 47 33 20 21 4 25 12 26 13 42 24 44 48 8 39 7 16 6 19 40 31 30 36 45 

Inst_Index:5513 	 City_Num:50 	 Concorde:0.060104 	 MCTS:6.003982 Improve:0.006403 	 Time:5.00 Seconds
Solution: 1 23 24 50 47 40 25 34 43 6 31 41 28 18 12 33 29 17 5 3 38 19 8 20 35 11 16 13 48 27 14 7 22 15 49 39 21 42 9 26 46 37 30 36 44 4 45 2 10 32 

Inst_Index:5514 	 City_Num:50 	 Concorde:0.058870 	 MCTS:5.874422 Improve:0.012551 	 Time:5.00 Seconds
Solution: 1 2 25 34 31 36 32 24 28 15 44 35 20 7 22 45 48 18 16 13 14 42 38 21 19 40 26 6 8 30 29 43 9 4 3 17 33 23 5 10 37 49 41 46 39 12 27 47 11 50 

Inst_Index:5515 	 City_Num:50 	 Concorde:0.055986 	 MCTS:5.592469 Improve:0.006112 	 Time:5.00 Seconds
Solution: 1 25 14 13 38 5 10 7 45 42 47 12 49 15 6 44 23 41 39 3 22 19 37 16 50 18 48 33 2 28 31 36 29 4 24 35 32 34 17 40 9 8 27 30 26 46 43 20 11 21 

Inst_Index:5516 	 City_Num:50 	 Concorde:0.062232 	 MCTS:6.223249 Improve:0.000000 	 Time:5.00 Seconds
Solution: 1 34 24 16 38 20 43 10 48 28 13 29 45 17 35 11 18 41 32 26 47 22 5 30 50 21 36 19 40 33 4 9 2 42 6 37 31 15 3 12 44 46 23 8 39 27 25 7 49 14 

Inst_Index:5517 	 City_Num:50 	 Concorde:0.057383 	 MCTS:5.736364 Improve:0.001938 	 Time:5.01 Seconds
Solution: 1 25 39 23 50 8 13 12 49 5 47 2 19 18 33 48 35 29 34 41 43 16 31 10 15 7 38 46 27 11 3 4 28 44 37 17 45 22 24 32 6 9 42 30 21 40 20 14 36 26 

Inst_Index:5518 	 City_Num:50 	 Concorde:0.049331 	 MCTS:4.933069 Improve:0.000000 	 Time:5.01 Seconds
Solution: 1 41 9 26 38 17 12 45 14 47 25 44 22 20 15 23 2 33 13 40 28 32 5 10 11 36 27 21 8 30 31 7 42 18 4 16 24 34 37 39 3 49 35 6 50 48 46 29 43 19 

Inst_Index:5519 	 City_Num:50 	 Concorde:0.055714 	 MCTS:5.571373 Improve:-0.000000 	 Time:5.00 Seconds
Solution: 1 18 23 40 12 19 28 37 44 33 35 29 45 16 27 8 47 10 7 41 13 36 11 48 32 43 9 26 14 42 34 20 3 17 30 46 15 5 38 4 6 21 49 2 25 50 39 31 22 24 

Inst_Index:5520 	 City_Num:50 	 Concorde:0.060965 	 MCTS:6.096493 Improve:0.000000 	 Time:5.00 Seconds
Solution: 1 25 31 28 42 47 16 18 9 37 45 20 43 10 26 6 4 32 5 33 36 27 7 44 41 23 35 46 19 12 8 40 50 3 24 21 38 17 13 14 39 11 30 29 15 22 34 48 2 49 

Inst_Index:5521 	 City_Num:50 	 Concorde:0.060941 	 MCTS:6.090657 Improve:0.003440 	 Time:5.00 Seconds
Solution: 1 48 19 40 15 14 35 37 30 21 27 32 22 20 9 29 24 3 49 46 4 47 10 12 50 44 36 17 7 11 5 2 39 6 23 42 26 25 38 45 16 33 41 34 31 28 43 18 8 13 

Inst_Index:5522 	 City_Num:50 	 Concorde:0.058014 	 MCTS:5.801449 Improve:-0.000000 	 Time:5.00 Seconds
Solution: 1 46 2 24 33 7 5 12 6 48 11 50 31 43 28 30 41 16 29 18 14 8 45 49 19 25 32 27 44 42 38 37 17 15 47 39 21 22 10 34 20 9 3 23 36 4 26 40 13 35 

Inst_Index:5523 	 City_Num:50 	 Concorde:0.058486 	 MCTS:5.848644 Improve:0.000000 	 Time:5.00 Seconds
Solution: 1 14 44 10 29 2 15 37 43 47 38 24 39 49 5 21 22 25 20 34 35 17 18 16 28 7 40 31 19 50 45 41 9 46 13 42 23 27 36 26 48 30 8 32 33 11 12 6 3 4 

Inst_Index:5524 	 City_Num:50 	 Concorde:0.063239 	 MCTS:6.323924 Improve:0.000000 	 Time:5.00 Seconds
Solution: 1 28 4 20 2 27 43 40 39 9 25 17 47 24 5 34 26 18 15 12 44 35 33 16 30 13 31 3 42 6 37 46 48 22 7 8 50 23 10 11 49 32 21 29 38 14 36 41 19 45 

Inst_Index:5525 	 City_Num:50 	 Concorde:0.060837 	 MCTS:6.083709 Improve:0.000000 	 Time:5.00 Seconds
Solution: 1 15 13 32 14 38 48 27 4 26 29 36 39 12 10 11 50 46 7 18 41 17 44 30 3 37 49 35 31 23 19 6 34 40 16 21 25 24 43 20 2 45 8 28 22 9 42 47 33 5 

Inst_Index:5526 	 City_Num:50 	 Concorde:0.054660 	 MCTS:5.465969 Improve:0.000000 	 Time:5.01 Seconds
Solution: 1 43 28 30 42 34 8 13 29 31 50 2 35 20 36 16 45 46 3 27 4 48 5 9 49 39 19 22 23 17 14 6 7 18 38 12 40 10 25 41 47 32 24 37 26 11 15 33 44 21 

Inst_Index:5527 	 City_Num:50 	 Concorde:0.056871 	 MCTS:5.687091 Improve:0.000000 	 Time:5.00 Seconds
Solution: 1 48 28 13 14 50 45 24 38 26 34 36 33 46 47 49 10 5 42 21 35 29 41 16 32 43 2 9 3 20 39 8 11 12 18 37 23 4 27 17 7 15 31 40 25 30 19 22 6 44 

Inst_Index:5528 	 City_Num:50 	 Concorde:0.055385 	 MCTS:5.537429 Improve:0.001118 	 Time:5.00 Seconds
Solution: 1 21 9 4 14 3 5 7 16 13 10 23 48 32 12 45 34 50 38 28 33 29 37 42 47 2 25 22 26 31 41 46 15 27 35 6 17 30 49 8 44 18 19 39 36 20 24 40 11 43 

Inst_Index:5529 	 City_Num:50 	 Concorde:0.057354 	 MCTS:5.731409 Improve:0.004033 	 Time:5.01 Seconds
Solution: 1 18 39 25 11 42 14 22 9 37 12 46 32 33 47 3 45 15 50 38 36 28 24 17 35 4 44 6 19 8 31 43 2 49 7 48 10 21 13 5 30 40 16 26 34 23 29 41 20 27 

Inst_Index:5530 	 City_Num:50 	 Concorde:0.060335 	 MCTS:6.029696 Improve:0.003816 	 Time:5.00 Seconds
Solution: 1 46 16 2 19 8 43 50 20 26 25 49 17 30 15 40 24 4 32 7 39 44 9 10 3 21 29 34 35 48 5 33 47 14 37 11 45 36 28 23 6 42 12 38 31 27 13 18 22 41 

Inst_Index:5531 	 City_Num:50 	 Concorde:0.055603 	 MCTS:5.560348 Improve:0.000000 	 Time:5.00 Seconds
Solution: 1 5 7 16 44 9 24 4 45 39 46 8 21 10 37 40 20 29 41 26 13 27 34 23 18 35 3 38 25 28 2 12 48 36 15 43 11 30 50 42 31 33 19 32 14 47 17 49 6 22 

Inst_Index:5532 	 City_Num:50 	 Concorde:0.056674 	 MCTS:5.667356 Improve:0.000000 	 Time:5.00 Seconds
Solution: 1 4 35 9 20 15 29 41 22 18 8 7 45 40 24 49 38 31 16 36 5 30 28 14 21 13 10 27 46 2 25 48 6 37 42 11 26 12 23 39 34 3 17 33 32 47 44 43 19 50 

Inst_Index:5533 	 City_Num:50 	 Concorde:0.058308 	 MCTS:5.830794 Improve:-0.000000 	 Time:5.00 Seconds
Solution: 1 41 27 2 9 24 21 34 32 28 7 15 47 36 46 14 11 6 8 3 45 26 39 19 31 18 37 4 43 25 13 23 40 17 29 35 49 5 44 38 48 50 16 42 12 10 20 33 30 22 

Inst_Index:5534 	 City_Num:50 	 Concorde:0.057694 	 MCTS:5.769379 Improve:0.000000 	 Time:5.01 Seconds
Solution: 1 36 38 23 13 30 19 32 11 3 28 45 33 21 27 35 5 17 6 47 44 24 41 37 18 14 48 22 2 12 26 46 40 50 39 29 25 34 43 15 9 42 20 49 4 16 10 8 31 7 

Inst_Index:5535 	 City_Num:50 	 Concorde:0.057416 	 MCTS:5.741416 Improve:0.000233 	 Time:5.00 Seconds
Solution: 1 43 39 8 19 35 45 44 37 16 50 24 49 20 12 31 30 10 32 23 14 28 27 21 18 13 36 11 25 47 34 40 5 29 4 6 41 17 33 46 7 26 3 2 9 15 48 38 22 42 

Inst_Index:5536 	 City_Num:50 	 Concorde:0.058870 	 MCTS:5.886983 Improve:0.000000 	 Time:5.01 Seconds
Solution: 1 15 28 20 17 9 10 35 13 30 45 14 6 27 48 40 36 4 5 50 16 29 46 2 11 3 18 41 21 37 19 39 8 33 38 24 22 44 31 26 49 43 34 42 23 12 32 7 47 25 

Inst_Index:5537 	 City_Num:50 	 Concorde:0.058920 	 MCTS:5.892016 Improve:0.000000 	 Time:5.00 Seconds
Solution: 1 11 18 34 3 29 2 16 38 42 7 30 32 25 43 36 4 12 6 28 20 23 17 39 19 15 22 31 35 14 37 26 45 8 40 10 49 27 5 47 9 24 33 21 13 50 44 48 41 46 

Inst_Index:5538 	 City_Num:50 	 Concorde:0.055408 	 MCTS:5.540817 Improve:-0.000000 	 Time:5.00 Seconds
Solution: 1 7 5 10 47 15 13 3 19 29 49 11 38 17 2 20 31 32 26 45 43 28 34 16 44 22 36 41 27 24 35 42 40 30 8 18 12 21 33 37 25 9 39 14 50 48 6 46 23 4 

Inst_Index:5539 	 City_Num:50 	 Concorde:0.059294 	 MCTS:5.929428 Improve:0.000000 	 Time:5.00 Seconds
Solution: 1 4 3 32 2 42 48 41 21 22 50 14 40 9 12 46 18 5 29 31 35 34 37 10 45 19 28 25 6 17 11 49 30 26 43 15 39 16 23 47 27 33 13 24 20 38 8 7 44 36 

Inst_Index:5540 	 City_Num:50 	 Concorde:0.057250 	 MCTS:5.724428 Improve:0.000587 	 Time:5.00 Seconds
Solution: 1 20 22 25 39 45 9 5 44 12 4 32 35 40 21 29 18 2 7 37 47 30 17 48 42 23 15 50 16 13 19 8 28 11 34 38 49 26 3 6 31 24 46 27 36 33 10 43 41 14 

Inst_Index:5541 	 City_Num:50 	 Concorde:0.059442 	 MCTS:5.936601 Improve:0.007565 	 Time:5.01 Seconds
Solution: 1 45 40 34 22 26 46 2 27 31 48 19 33 30 3 44 10 28 17 37 15 42 49 6 9 5 47 20 8 29 41 36 24 18 14 38 13 11 50 35 7 23 21 4 32 43 25 12 16 39 

Inst_Index:5542 	 City_Num:50 	 Concorde:0.056780 	 MCTS:5.678038 Improve:0.000000 	 Time:5.00 Seconds
Solution: 1 7 27 44 15 36 12 31 9 42 49 21 4 13 24 46 16 2 18 14 35 23 45 38 47 19 25 17 40 41 10 22 29 3 43 34 8 37 28 20 50 48 26 30 11 39 32 6 5 33 

Inst_Index:5543 	 City_Num:50 	 Concorde:0.055244 	 MCTS:5.524440 Improve:-0.000000 	 Time:5.00 Seconds
Solution: 1 6 17 32 27 24 29 5 46 49 33 41 7 25 15 50 19 40 16 11 14 28 26 13 30 22 42 18 3 43 8 23 20 31 35 48 36 37 39 45 12 38 34 44 47 2 9 10 4 21 

Inst_Index:5544 	 City_Num:50 	 Concorde:0.054191 	 MCTS:5.413159 Improve:0.005898 	 Time:5.00 Seconds
Solution: 1 43 16 12 21 23 25 27 47 36 9 48 10 18 28 37 11 19 22 49 44 7 45 13 32 17 5 40 2 31 33 15 35 14 20 39 34 8 4 6 24 29 46 26 3 42 38 41 50 30 

Inst_Index:5545 	 City_Num:50 	 Concorde:0.053174 	 MCTS:5.317449 Improve:0.000000 	 Time:5.00 Seconds
Solution: 1 27 30 26 14 24 38 34 2 21 18 10 28 46 9 39 25 13 45 49 48 33 16 17 4 11 32 6 36 15 31 50 5 29 40 19 3 8 22 20 47 35 41 42 43 44 12 7 23 37 

Inst_Index:5546 	 City_Num:50 	 Concorde:0.056054 	 MCTS:5.604345 Improve:0.001033 	 Time:5.00 Seconds
Solution: 1 14 3 9 18 13 48 50 20 4 19 47 23 5 43 7 36 6 12 45 31 35 27 2 46 42 25 29 10 26 24 34 15 16 44 38 37 33 39 28 17 30 22 8 49 21 41 40 11 32 

Inst_Index:5547 	 City_Num:50 	 Concorde:0.055613 	 MCTS:5.561307 Improve:0.000000 	 Time:5.02 Seconds
Solution: 1 42 18 41 48 25 22 50 9 7 35 36 21 8 14 12 24 31 49 17 10 43 11 45 19 46 2 28 3 27 37 6 16 33 32 47 39 15 29 38 30 40 4 13 26 34 23 44 20 5 

Inst_Index:5548 	 City_Num:50 	 Concorde:0.053975 	 MCTS:5.397466 Improve:0.000000 	 Time:5.00 Seconds
Solution: 1 15 38 27 6 49 42 10 33 25 28 35 43 2 14 34 17 39 30 22 40 9 24 48 31 21 32 20 18 8 50 19 23 29 7 12 16 3 37 13 11 41 46 44 45 4 5 47 36 26 

Inst_Index:5549 	 City_Num:50 	 Concorde:0.059630 	 MCTS:5.963043 Improve:0.000000 	 Time:5.02 Seconds
Solution: 1 16 34 12 38 37 26 7 19 43 15 24 48 28 13 32 39 29 17 4 21 45 5 33 27 18 2 36 6 25 42 44 14 41 10 8 23 50 49 20 30 46 31 3 40 11 9 47 35 22 

Inst_Index:5550 	 City_Num:50 	 Concorde:0.056518 	 MCTS:5.646816 Improve:0.004992 	 Time:5.00 Seconds
Solution: 1 10 18 40 30 39 47 35 44 5 29 13 38 49 14 46 37 17 7 21 41 23 20 33 31 36 6 3 50 19 2 43 26 48 25 8 45 22 34 11 28 16 32 27 12 9 42 15 4 24 

Inst_Index:5551 	 City_Num:50 	 Concorde:0.058595 	 MCTS:5.859520 Improve:0.000000 	 Time:5.01 Seconds
Solution: 1 31 39 32 26 15 13 3 14 9 47 6 40 38 8 49 19 18 4 11 24 28 12 10 50 37 45 5 46 22 48 35 33 41 36 23 21 2 16 17 20 25 7 42 30 34 43 44 29 27 

Inst_Index:5552 	 City_Num:50 	 Concorde:0.058940 	 MCTS:5.893968 Improve:-0.000000 	 Time:5.01 Seconds
Solution: 1 38 36 4 30 15 19 37 12 23 24 28 3 11 2 29 14 13 9 32 33 31 10 41 49 35 18 8 25 21 20 48 34 26 50 40 47 46 39 22 42 16 7 43 17 5 27 6 45 44 

Inst_Index:5553 	 City_Num:50 	 Concorde:0.054492 	 MCTS:5.449245 Improve:-0.000000 	 Time:5.00 Seconds
Solution: 1 8 48 22 12 24 10 33 13 34 41 32 15 20 19 44 47 7 14 49 43 6 26 17 38 39 2 40 5 25 18 21 4 29 27 16 37 36 23 45 9 50 31 28 30 3 42 46 11 35 

Inst_Index:5554 	 City_Num:50 	 Concorde:0.054793 	 MCTS:5.477213 Improve:0.002135 	 Time:5.00 Seconds
Solution: 1 14 13 38 6 26 18 35 10 45 43 11 2 25 33 30 20 50 39 17 21 5 36 8 9 41 31 34 44 37 7 23 22 42 16 46 29 27 40 28 19 15 12 32 3 24 47 4 48 49 

Inst_Index:5555 	 City_Num:50 	 Concorde:0.054542 	 MCTS:5.454160 Improve:0.000000 	 Time:5.00 Seconds
Solution: 1 7 49 25 17 12 16 40 3 14 24 19 5 33 22 38 15 8 32 41 27 39 46 23 4 18 50 34 44 2 26 45 13 11 31 36 28 20 43 9 30 6 10 29 48 47 42 37 35 21 

Inst_Index:5556 	 City_Num:50 	 Concorde:0.058770 	 MCTS:5.873566 Improve:0.003386 	 Time:5.00 Seconds
Solution: 1 23 4 47 6 35 48 45 27 18 34 44 39 43 22 30 5 42 19 3 40 10 36 32 41 11 29 33 26 9 46 8 7 21 49 31 24 28 15 16 37 13 38 12 20 17 50 2 14 25 

Inst_Index:5557 	 City_Num:50 	 Concorde:0.052990 	 MCTS:5.298972 Improve:0.000000 	 Time:5.01 Seconds
Solution: 1 48 14 28 27 12 18 15 32 10 16 49 36 24 43 7 9 34 50 40 3 21 17 33 41 38 8 31 22 23 29 39 2 11 37 47 45 6 25 26 30 46 44 42 19 5 13 4 35 20 

Inst_Index:5558 	 City_Num:50 	 Concorde:0.057937 	 MCTS:5.792099 Improve:0.001630 	 Time:5.00 Seconds
Solution: 1 2 21 20 40 19 35 13 29 43 26 15 5 34 45 17 32 49 48 33 37 50 42 28 30 31 27 7 46 8 39 14 23 3 24 47 41 11 38 22 36 44 4 6 10 9 18 25 16 12 

Inst_Index:5559 	 City_Num:50 	 Concorde:0.058242 	 MCTS:5.824207 Improve:0.000000 	 Time:5.00 Seconds
Solution: 1 5 38 20 25 26 32 21 15 30 43 24 42 18 14 45 41 44 46 7 31 19 40 22 11 48 29 4 33 28 16 35 27 10 3 47 39 34 36 6 50 8 2 9 13 37 23 12 17 49 

Inst_Index:5560 	 City_Num:50 	 Concorde:0.057667 	 MCTS:5.766709 Improve:0.000000 	 Time:5.00 Seconds
Solution: 1 34 28 31 47 46 3 41 12 8 6 48 22 9 40 17 21 24 27 36 16 42 26 29 20 45 19 23 5 18 49 50 39 4 37 11 38 30 44 10 25 43 14 32 7 2 15 13 35 33 

Inst_Index:5561 	 City_Num:50 	 Concorde:0.055379 	 MCTS:5.544134 Improve:-0.006252 	 Time:5.02 Seconds
Solution: 1 42 6 36 29 31 43 5 23 44 34 33 50 28 22 7 45 32 3 10 16 40 47 4 38 18 48 37 25 9 8 46 27 13 49 15 2 30 11 17 21 35 26 24 12 41 20 39 14 19 

Inst_Index:5562 	 City_Num:50 	 Concorde:0.057332 	 MCTS:5.733206 Improve:-0.000000 	 Time:5.00 Seconds
Solution: 1 5 2 14 4 33 17 34 7 41 10 21 31 24 27 15 39 18 45 3 49 47 20 42 23 19 46 22 48 36 38 16 26 32 6 43 25 30 50 29 40 9 12 11 37 13 44 8 35 28 

Inst_Index:5563 	 City_Num:50 	 Concorde:0.057042 	 MCTS:5.698336 Improve:0.005858 	 Time:5.00 Seconds
Solution: 1 14 16 46 9 30 25 15 23 32 19 22 33 18 50 20 3 40 24 8 36 2 39 48 41 12 34 47 38 37 7 4 11 5 28 44 26 35 21 31 27 10 6 45 13 43 29 17 49 42 

Inst_Index:5564 	 City_Num:50 	 Concorde:0.052697 	 MCTS:5.268536 Improve:0.001186 	 Time:5.00 Seconds
Solution: 1 49 22 35 34 18 48 5 26 28 16 25 33 14 6 15 8 38 4 23 47 3 9 27 50 7 2 39 12 10 37 42 44 41 29 19 24 17 43 36 13 21 45 11 40 32 31 20 30 46 

Inst_Index:5565 	 City_Num:50 	 Concorde:0.056591 	 MCTS:5.656937 Improve:0.002172 	 Time:5.00 Seconds
Solution: 1 50 3 20 32 18 14 23 19 16 34 42 37 28 12 15 24 26 8 22 44 4 21 41 43 48 35 30 46 13 25 36 33 9 2 39 27 45 29 31 38 7 10 11 49 47 5 40 17 6 

Inst_Index:5566 	 City_Num:50 	 Concorde:0.055524 	 MCTS:5.552386 Improve:0.000000 	 Time:5.00 Seconds
Solution: 1 26 2 39 8 15 9 5 18 20 3 37 14 4 7 29 10 28 31 34 17 47 32 38 6 16 12 19 27 48 21 11 44 25 46 24 30 36 41 23 13 22 35 33 50 49 42 40 43 45 

Inst_Index:5567 	 City_Num:50 	 Concorde:0.055131 	 MCTS:5.513078 Improve:-0.000000 	 Time:5.00 Seconds
Solution: 1 50 5 30 10 49 20 36 29 7 15 9 2 23 47 42 11 32 27 28 48 14 31 6 46 4 39 45 38 21 40 34 44 33 17 41 13 19 3 25 18 12 35 24 16 43 8 26 22 37 

Inst_Index:5568 	 City_Num:50 	 Concorde:0.056113 	 MCTS:5.611295 Improve:0.000000 	 Time:5.00 Seconds
Solution: 1 35 2 42 33 27 48 45 29 13 43 14 31 28 39 24 17 11 9 15 19 5 49 18 30 38 26 4 8 32 16 22 44 12 25 10 34 36 41 46 40 7 50 6 37 23 20 47 21 3 

Inst_Index:5569 	 City_Num:50 	 Concorde:0.055902 	 MCTS:5.586828 Improve:0.003419 	 Time:5.01 Seconds
Solution: 1 50 7 39 32 40 44 28 20 16 24 13 49 27 2 47 8 15 41 4 22 31 46 29 11 30 42 23 48 21 5 12 34 10 14 18 9 36 17 6 38 26 43 33 37 19 45 35 3 25 

Inst_Index:5570 	 City_Num:50 	 Concorde:0.059977 	 MCTS:5.997722 Improve:-0.000000 	 Time:5.00 Seconds
Solution: 1 15 29 40 10 46 2 50 8 21 37 47 9 35 42 39 18 5 36 25 12 11 4 22 48 32 13 33 7 26 31 16 41 30 19 44 34 28 38 45 3 49 43 14 20 24 17 27 6 23 

Inst_Index:5571 	 City_Num:50 	 Concorde:0.058721 	 MCTS:5.872117 Improve:0.000000 	 Time:5.00 Seconds
Solution: 1 41 16 42 48 21 49 28 7 25 24 39 22 19 35 31 26 30 46 14 34 10 15 5 9 47 11 20 33 3 32 29 40 8 43 17 27 18 44 37 23 36 38 50 45 12 6 13 4 2 

Inst_Index:5572 	 City_Num:50 	 Concorde:0.056966 	 MCTS:5.696642 Improve:0.000000 	 Time:5.00 Seconds
Solution: 1 25 13 19 46 12 22 29 18 30 41 32 44 5 17 4 3 36 15 28 8 39 24 45 42 2 33 35 47 37 43 14 31 11 7 10 20 26 34 40 23 38 49 50 21 16 6 27 48 9 

Inst_Index:5573 	 City_Num:50 	 Concorde:0.048518 	 MCTS:4.851833 Improve:0.000000 	 Time:5.00 Seconds
Solution: 1 34 11 39 28 37 27 16 23 45 7 4 21 36 33 14 46 10 30 49 19 25 12 6 17 29 44 47 35 38 13 32 15 26 22 20 2 18 41 8 48 3 5 9 42 43 24 50 40 31 

Inst_Index:5574 	 City_Num:50 	 Concorde:0.055235 	 MCTS:5.523540 Improve:0.000000 	 Time:5.00 Seconds
Solution: 1 12 50 10 36 48 27 13 15 2 11 25 47 30 4 43 8 32 42 46 34 35 16 9 45 21 18 23 40 5 49 3 17 24 22 26 19 31 38 39 44 37 6 7 28 14 33 41 29 20 

Inst_Index:5575 	 City_Num:50 	 Concorde:0.050556 	 MCTS:5.055649 Improve:0.000000 	 Time:5.00 Seconds
Solution: 1 16 13 15 4 38 46 41 33 28 35 30 37 14 6 9 3 36 32 44 25 5 40 24 19 10 11 8 17 47 42 43 29 22 7 21 34 26 23 2 45 39 48 50 18 27 20 12 49 31 

Inst_Index:5576 	 City_Num:50 	 Concorde:0.056271 	 MCTS:5.625686 Improve:0.001407 	 Time:5.00 Seconds
Solution: 1 43 15 48 45 19 33 9 40 21 29 39 35 20 31 6 32 44 7 24 34 12 14 41 3 18 11 28 2 47 50 22 8 23 27 4 5 17 13 25 10 30 38 46 16 49 42 36 37 26 

Inst_Index:5577 	 City_Num:50 	 Concorde:0.054171 	 MCTS:5.417063 Improve:0.000000 	 Time:5.00 Seconds
Solution: 1 49 9 46 5 48 37 2 24 13 7 36 12 44 38 17 35 25 29 3 43 28 6 33 40 21 14 4 30 8 39 31 34 16 11 26 20 15 19 18 47 50 23 41 42 22 27 32 10 45 

Inst_Index:5578 	 City_Num:50 	 Concorde:0.064205 	 MCTS:6.415870 Improve:0.004677 	 Time:5.00 Seconds
Solution: 1 2 26 8 30 12 14 23 24 34 16 50 4 37 20 32 25 19 36 35 11 10 21 6 29 27 3 33 7 13 38 17 45 40 28 46 44 47 43 42 22 15 5 49 41 9 48 31 18 39 

Inst_Index:5579 	 City_Num:50 	 Concorde:0.056520 	 MCTS:5.652023 Improve:0.000000 	 Time:5.00 Seconds
Solution: 1 4 13 18 35 11 24 44 15 30 16 34 33 41 21 20 23 8 5 48 19 38 17 22 26 9 36 7 46 47 6 29 49 10 25 3 37 39 2 45 31 40 43 32 28 42 27 14 50 12 

Inst_Index:5580 	 City_Num:50 	 Concorde:0.058228 	 MCTS:5.822828 Improve:0.000000 	 Time:5.01 Seconds
Solution: 1 15 32 17 16 24 48 46 49 30 11 8 41 47 40 2 42 6 3 25 7 12 29 26 38 13 34 14 43 5 4 45 31 27 50 23 20 36 18 37 22 44 9 10 21 35 19 28 39 33 

Inst_Index:5581 	 City_Num:50 	 Concorde:0.059225 	 MCTS:5.922491 Improve:-0.000000 	 Time:5.00 Seconds
Solution: 1 43 29 28 24 2 42 23 8 39 32 19 38 3 22 14 15 47 34 20 10 13 41 9 16 27 18 37 44 35 31 50 21 17 7 45 30 46 40 36 49 11 4 48 26 5 25 6 12 33 

Inst_Index:5582 	 City_Num:50 	 Concorde:0.060093 	 MCTS:6.009265 Improve:0.000000 	 Time:5.00 Seconds
Solution: 1 32 27 16 49 18 10 24 19 37 39 47 12 46 41 4 3 31 29 17 35 28 34 13 45 48 36 6 42 25 2 50 11 8 30 43 20 40 26 21 15 5 7 38 44 14 33 22 23 9 

Inst_Index:5583 	 City_Num:50 	 Concorde:0.057218 	 MCTS:5.720953 Improve:0.000850 	 Time:5.01 Seconds
Solution: 1 25 39 15 18 5 11 23 30 8 46 22 48 12 47 50 7 42 2 36 41 44 26 6 4 29 28 43 13 24 19 31 14 40 3 32 21 20 37 9 35 17 10 33 45 38 16 49 34 27 

Inst_Index:5584 	 City_Num:50 	 Concorde:0.056753 	 MCTS:5.673752 Improve:0.001530 	 Time:5.00 Seconds
Solution: 1 36 7 5 40 47 48 24 33 28 14 38 29 3 37 43 19 32 41 6 44 20 46 27 15 4 12 26 23 35 9 8 11 25 22 21 17 18 49 30 13 10 45 2 39 31 50 42 34 16 

Inst_Index:5585 	 City_Num:50 	 Concorde:0.052774 	 MCTS:5.277412 Improve:-0.000000 	 Time:5.00 Seconds
Solution: 1 21 34 7 12 4 23 43 48 44 42 30 15 31 14 3 18 29 26 9 13 27 32 47 25 50 35 24 6 28 5 49 33 45 11 38 36 10 8 46 17 20 37 2 40 41 19 22 39 16 

Inst_Index:5586 	 City_Num:50 	 Concorde:0.056513 	 MCTS:5.650629 Improve:0.000647 	 Time:5.00 Seconds
Solution: 1 36 43 14 47 26 22 32 27 25 18 49 11 38 48 24 12 3 7 13 21 44 19 35 15 50 30 2 31 6 29 46 20 37 10 8 4 39 45 9 34 28 16 40 41 23 5 17 42 33 

Inst_Index:5587 	 City_Num:50 	 Concorde:0.055213 	 MCTS:5.518566 Improve:0.002741 	 Time:5.00 Seconds
Solution: 1 15 5 37 3 6 40 24 14 35 9 48 23 28 21 4 13 27 44 8 16 43 42 39 25 30 38 31 20 11 10 47 7 12 2 34 18 26 19 36 45 33 49 41 29 17 22 46 32 50 

Inst_Index:5588 	 City_Num:50 	 Concorde:0.056695 	 MCTS:5.668194 Improve:0.001331 	 Time:5.00 Seconds
Solution: 1 49 7 31 18 26 22 12 34 43 21 28 50 27 47 38 9 45 6 37 36 35 39 10 24 40 8 23 5 20 15 14 16 3 41 19 11 17 2 48 30 33 32 25 29 13 4 44 46 42 

Inst_Index:5589 	 City_Num:50 	 Concorde:0.055326 	 MCTS:5.532601 Improve:0.000000 	 Time:5.00 Seconds
Solution: 1 12 29 39 36 42 9 23 35 11 18 26 19 32 43 45 5 16 22 4 33 30 49 27 2 28 38 24 41 48 10 8 50 7 3 46 14 31 15 44 47 13 25 37 20 17 34 21 40 6 

Inst_Index:5590 	 City_Num:50 	 Concorde:0.059244 	 MCTS:5.922783 Improve:0.001623 	 Time:5.00 Seconds
Solution: 1 11 8 4 38 2 24 22 5 34 10 29 48 14 16 50 9 45 15 42 40 39 20 19 12 28 7 35 30 36 33 23 17 27 49 18 21 46 32 43 6 3 44 31 13 26 47 37 25 41 

Inst_Index:5591 	 City_Num:50 	 Concorde:0.057710 	 MCTS:5.767974 Improve:0.003074 	 Time:5.01 Seconds
Solution: 1 10 31 22 36 7 19 47 29 12 24 48 44 2 8 14 6 46 21 32 38 18 30 45 42 34 27 15 23 39 43 33 17 40 11 9 28 41 26 5 50 4 25 49 3 13 16 35 20 37 

Inst_Index:5592 	 City_Num:50 	 Concorde:0.059273 	 MCTS:5.927348 Improve:0.000000 	 Time:5.00 Seconds
Solution: 1 37 19 11 45 49 29 24 12 40 36 30 50 31 22 16 38 14 7 13 3 35 20 27 18 41 39 5 42 32 28 15 17 23 9 10 34 33 21 25 48 26 2 44 47 43 8 46 4 6 

Inst_Index:5593 	 City_Num:50 	 Concorde:0.059090 	 MCTS:5.908952 Improve:-0.000000 	 Time:5.01 Seconds
Solution: 1 30 6 16 9 22 43 34 19 47 41 35 28 24 37 26 48 11 38 46 4 12 40 13 45 15 42 31 3 29 44 17 25 5 7 27 2 32 39 33 18 23 14 50 21 10 36 8 20 49 

Inst_Index:5594 	 City_Num:50 	 Concorde:0.057750 	 MCTS:5.775013 Improve:0.000000 	 Time:5.00 Seconds
Solution: 1 33 34 46 2 47 28 6 10 20 31 23 42 9 8 38 4 5 43 21 3 40 41 7 25 36 11 19 50 27 12 29 16 35 14 26 48 22 18 24 44 13 30 39 49 45 17 32 15 37 

Inst_Index:5595 	 City_Num:50 	 Concorde:0.055907 	 MCTS:5.590339 Improve:0.000332 	 Time:5.01 Seconds
Solution: 1 32 40 13 9 22 47 48 8 20 42 11 24 19 14 21 37 46 18 12 43 49 34 2 33 41 15 17 16 29 7 35 28 23 25 44 27 31 6 26 36 30 45 50 10 38 5 39 3 4 

Inst_Index:5596 	 City_Num:50 	 Concorde:0.054574 	 MCTS:5.456352 Improve:0.001055 	 Time:5.00 Seconds
Solution: 1 45 2 20 37 22 29 35 7 17 16 30 8 10 13 9 38 5 4 11 49 39 33 19 12 28 27 34 46 6 18 44 42 41 43 36 23 32 26 25 15 21 50 48 24 3 14 31 40 47 

Inst_Index:5597 	 City_Num:50 	 Concorde:0.055300 	 MCTS:5.530020 Improve:0.000000 	 Time:5.00 Seconds
Solution: 1 11 22 38 43 30 42 40 44 20 10 28 31 15 26 5 39 23 47 29 17 32 18 50 41 34 9 24 49 14 46 2 48 13 33 6 36 37 45 27 12 16 21 4 35 25 3 8 7 19 

Inst_Index:5598 	 City_Num:50 	 Concorde:0.059730 	 MCTS:5.970235 Improve:0.002769 	 Time:5.00 Seconds
Solution: 1 16 46 36 19 43 12 33 17 23 11 40 10 34 26 45 29 20 49 32 44 41 25 37 21 39 48 2 31 42 50 47 13 18 3 28 27 7 6 35 15 4 8 30 22 5 14 24 9 38 

Inst_Index:5599 	 City_Num:50 	 Concorde:0.055946 	 MCTS:5.593911 Improve:0.000728 	 Time:5.01 Seconds
Solution: 1 22 43 33 15 29 30 5 16 48 24 35 45 3 28 18 47 39 42 46 40 27 14 44 20 25 34 9 38 13 4 17 8 7 50 49 23 32 36 21 11 19 31 12 41 37 6 26 2 10 

Inst_Index:5600 	 City_Num:50 	 Concorde:0.059588 	 MCTS:5.958832 Improve:0.000000 	 Time:5.01 Seconds
Solution: 1 22 48 27 5 39 2 47 28 17 8 46 42 36 31 20 38 12 24 15 19 23 49 10 33 50 40 13 6 44 21 30 37 32 9 16 25 3 35 11 4 45 29 43 41 7 18 26 34 14 

Inst_Index:5601 	 City_Num:50 	 Concorde:0.056922 	 MCTS:5.692207 Improve:0.000000 	 Time:5.01 Seconds
Solution: 1 46 45 13 29 37 39 11 24 47 23 34 12 3 5 41 30 17 18 22 15 33 49 35 21 32 28 8 9 20 25 42 40 48 6 27 31 44 38 4 2 26 7 10 43 36 50 16 19 14 

Inst_Index:5602 	 City_Num:50 	 Concorde:0.055118 	 MCTS:5.511786 Improve:0.000000 	 Time:5.00 Seconds
Solution: 1 45 30 3 44 12 50 25 23 49 15 27 6 29 37 14 40 13 42 17 33 36 2 22 7 20 26 9 46 5 4 47 32 28 43 18 31 39 16 8 21 34 48 41 11 24 35 19 10 38 

Inst_Index:5603 	 City_Num:50 	 Concorde:0.054157 	 MCTS:5.411605 Improve:0.004090 	 Time:5.00 Seconds
Solution: 1 31 16 37 39 30 19 34 15 13 22 27 32 5 50 45 25 7 49 18 38 21 33 41 35 9 44 2 43 4 3 46 10 40 14 29 11 24 28 36 17 26 47 48 6 42 12 8 23 20 

Inst_Index:5604 	 City_Num:50 	 Concorde:0.054826 	 MCTS:5.482597 Improve:-0.000000 	 Time:5.00 Seconds
Solution: 1 20 15 31 17 41 11 18 32 26 14 39 27 37 28 24 49 8 12 21 3 23 33 47 4 46 19 29 38 40 9 25 30 13 2 34 5 22 16 7 35 48 50 45 42 36 10 44 6 43 

Inst_Index:5605 	 City_Num:50 	 Concorde:0.056100 	 MCTS:5.610012 Improve:0.000000 	 Time:5.00 Seconds
Solution: 1 19 15 18 48 34 42 21 32 45 39 44 23 49 30 14 22 28 37 47 41 17 16 36 9 13 6 43 7 25 35 29 33 3 10 20 40 5 11 26 38 8 50 12 27 46 4 24 2 31 

Inst_Index:5606 	 City_Num:50 	 Concorde:0.059491 	 MCTS:5.949136 Improve:-0.000000 	 Time:5.00 Seconds
Solution: 1 29 9 36 28 46 2 16 15 18 17 14 42 7 38 24 10 27 43 12 45 25 8 48 34 22 11 33 13 26 50 37 41 5 23 3 44 32 6 21 47 31 35 19 30 4 20 49 40 39 

Inst_Index:5607 	 City_Num:50 	 Concorde:0.057558 	 MCTS:5.755816 Improve:-0.000000 	 Time:5.00 Seconds
Solution: 1 32 48 4 45 35 42 26 31 49 44 39 30 21 5 36 17 7 10 16 40 50 3 22 38 41 8 23 9 33 15 18 14 12 2 28 6 29 20 46 43 19 13 37 27 25 34 24 47 11 

Inst_Index:5608 	 City_Num:50 	 Concorde:0.053737 	 MCTS:5.373724 Improve:-0.000000 	 Time:5.01 Seconds
Solution: 1 23 14 22 11 31 26 8 25 5 30 13 28 18 33 4 44 12 29 41 39 10 6 50 16 32 38 17 36 42 9 7 45 37 35 47 15 34 40 3 2 21 46 43 49 19 24 48 27 20 

Inst_Index:5609 	 City_Num:50 	 Concorde:0.053620 	 MCTS:5.362014 Improve:-0.000000 	 Time:5.00 Seconds
Solution: 1 7 26 49 32 25 22 6 21 38 27 23 48 50 14 11 18 15 45 16 24 41 36 17 46 9 12 47 30 39 13 8 33 40 2 3 5 37 35 10 4 19 20 43 42 28 44 29 34 31 

Inst_Index:5610 	 City_Num:50 	 Concorde:0.058884 	 MCTS:5.888381 Improve:0.000000 	 Time:5.00 Seconds
Solution: 1 45 2 42 15 28 46 36 33 22 32 49 16 18 8 44 9 34 43 5 14 26 21 27 6 11 47 13 37 38 41 31 40 3 50 23 10 35 17 25 20 29 4 39 48 24 19 7 12 30 

Inst_Index:5611 	 City_Num:50 	 Concorde:0.053917 	 MCTS:5.391736 Improve:0.000000 	 Time:5.01 Seconds
Solution: 1 42 30 8 38 25 49 34 39 23 45 5 17 15 37 11 31 12 13 10 18 2 32 24 29 19 9 50 16 48 41 44 40 33 27 43 28 14 46 22 7 21 35 26 47 36 20 4 3 6 

Inst_Index:5612 	 City_Num:50 	 Concorde:0.057123 	 MCTS:5.712269 Improve:0.000000 	 Time:5.00 Seconds
Solution: 1 12 32 9 8 15 50 30 13 3 5 29 10 31 41 7 21 36 6 33 48 18 49 19 38 27 43 2 28 42 40 24 26 25 45 35 4 34 11 14 37 22 16 46 44 23 39 17 20 47 

Inst_Index:5613 	 City_Num:50 	 Concorde:0.059966 	 MCTS:5.996564 Improve:0.000000 	 Time:5.00 Seconds
Solution: 1 8 33 29 38 50 11 13 44 14 32 6 4 45 12 28 16 35 5 21 9 47 20 49 31 30 36 34 18 3 19 26 7 25 10 23 37 15 2 39 17 48 41 43 27 42 40 46 24 22 

Inst_Index:5614 	 City_Num:50 	 Concorde:0.060555 	 MCTS:6.054434 Improve:0.001022 	 Time:5.00 Seconds
Solution: 1 8 17 10 6 31 12 19 23 21 5 28 2 16 25 3 33 24 27 26 49 9 35 20 44 13 36 18 4 41 50 38 7 42 48 34 40 46 15 32 47 43 45 22 14 37 29 11 30 39 

Inst_Index:5615 	 City_Num:50 	 Concorde:0.054495 	 MCTS:5.446692 Improve:0.002854 	 Time:5.00 Seconds
Solution: 1 38 42 41 9 40 5 47 25 22 10 12 29 15 14 35 6 39 8 3 48 7 4 2 18 30 28 43 23 20 44 26 27 21 31 24 36 32 49 50 17 33 45 34 37 16 11 13 19 46 

Inst_Index:5616 	 City_Num:50 	 Concorde:0.058833 	 MCTS:5.880612 Improve:0.002736 	 Time:5.01 Seconds
Solution: 1 48 50 29 33 22 11 20 47 28 38 31 17 9 40 3 30 23 37 7 46 19 45 12 36 41 5 35 43 27 34 18 15 8 4 24 32 25 10 2 44 14 49 6 42 39 21 16 13 26 

Inst_Index:5617 	 City_Num:50 	 Concorde:0.061775 	 MCTS:6.175173 Improve:0.002279 	 Time:5.00 Seconds
Solution: 1 49 41 5 44 36 19 31 28 7 35 38 42 8 39 40 24 10 43 18 4 23 13 9 15 33 12 30 27 21 29 47 48 20 46 45 37 25 14 32 50 34 22 6 11 17 3 2 16 26 

Inst_Index:5618 	 City_Num:50 	 Concorde:0.059942 	 MCTS:5.994203 Improve:0.000000 	 Time:5.00 Seconds
Solution: 1 32 12 14 30 46 13 42 35 31 41 45 10 21 25 27 22 17 36 47 23 29 4 28 15 8 20 7 38 49 44 48 18 6 9 43 39 24 26 2 33 19 11 5 3 40 16 37 50 34 

Inst_Index:5619 	 City_Num:50 	 Concorde:0.055378 	 MCTS:5.537754 Improve:0.000000 	 Time:5.00 Seconds
Solution: 1 26 9 3 42 49 27 46 43 44 24 32 40 11 17 19 12 36 34 7 45 14 4 21 25 18 29 31 28 15 48 50 35 33 23 10 47 20 13 5 6 16 37 22 30 2 39 38 41 8 

Inst_Index:5620 	 City_Num:50 	 Concorde:0.050718 	 MCTS:5.071843 Improve:0.000000 	 Time:5.00 Seconds
Solution: 1 13 29 18 6 46 8 4 10 15 23 49 40 34 32 17 31 26 25 50 44 45 42 38 27 39 41 24 2 48 30 43 7 20 14 21 28 5 36 12 3 16 47 35 33 11 37 9 22 19 

Inst_Index:5621 	 City_Num:50 	 Concorde:0.058060 	 MCTS:5.805999 Improve:0.000000 	 Time:5.00 Seconds
Solution: 1 16 26 39 11 10 19 44 36 28 32 49 45 18 48 37 24 9 15 12 50 41 22 42 27 6 5 23 40 43 31 30 34 14 17 47 29 4 25 8 20 38 21 3 46 35 13 33 7 2 

Inst_Index:5622 	 City_Num:50 	 Concorde:0.057054 	 MCTS:5.700477 Improve:0.004887 	 Time:5.00 Seconds
Solution: 1 49 21 40 46 9 13 32 11 41 26 39 45 17 8 29 38 19 16 5 10 12 44 23 27 31 43 4 14 35 42 47 15 7 6 48 2 37 50 36 28 30 3 20 33 18 34 25 22 24 

Inst_Index:5623 	 City_Num:50 	 Concorde:0.059832 	 MCTS:5.979437 Improve:0.003755 	 Time:5.00 Seconds
Solution: 1 16 10 28 20 2 46 41 34 37 32 26 17 30 12 33 22 5 29 9 21 39 7 6 48 45 38 44 43 3 36 8 13 49 19 50 18 40 23 24 35 25 14 31 47 27 11 4 42 15 

Inst_Index:5624 	 City_Num:50 	 Concorde:0.057093 	 MCTS:5.709349 Improve:0.000000 	 Time:5.01 Seconds
Solution: 1 20 45 46 43 49 34 23 28 18 24 13 6 31 19 30 33 16 21 5 4 2 15 50 47 11 44 48 37 26 8 42 22 14 27 3 25 29 7 40 32 38 39 35 10 41 9 36 17 12 

Inst_Index:5625 	 City_Num:50 	 Concorde:0.060638 	 MCTS:6.063831 Improve:0.000000 	 Time:5.00 Seconds
Solution: 1 26 22 9 20 19 4 42 29 34 2 24 10 46 23 16 47 15 25 48 40 17 28 50 21 27 36 45 43 5 31 3 11 7 12 32 6 41 18 8 13 37 30 39 49 33 35 44 14 38 

Inst_Index:5626 	 City_Num:50 	 Concorde:0.056980 	 MCTS:5.697771 Improve:0.000227 	 Time:5.00 Seconds
Solution: 1 13 20 14 26 21 4 19 41 36 8 35 10 50 12 44 24 27 31 49 48 23 47 39 28 38 33 17 2 46 6 22 40 5 25 3 18 43 45 9 32 29 7 42 37 11 30 16 34 15 

Inst_Index:5627 	 City_Num:50 	 Concorde:0.056893 	 MCTS:5.689266 Improve:0.000000 	 Time:5.00 Seconds
Solution: 1 39 10 30 26 40 46 13 9 49 27 12 14 6 19 34 18 2 38 36 5 45 28 44 50 42 15 32 37 25 31 17 11 33 24 21 43 35 20 48 8 4 47 7 3 23 41 16 22 29 

Inst_Index:5628 	 City_Num:50 	 Concorde:0.058764 	 MCTS:5.874024 Improve:0.002410 	 Time:5.00 Seconds
Solution: 1 4 30 39 24 31 14 28 15 38 35 22 23 11 7 32 50 40 48 2 36 41 10 6 44 3 49 5 42 19 29 26 37 20 8 27 12 9 18 17 21 33 13 43 45 46 47 25 16 34 

Inst_Index:5629 	 City_Num:50 	 Concorde:0.056901 	 MCTS:5.690065 Improve:0.000000 	 Time:5.00 Seconds
Solution: 1 44 32 37 48 45 11 23 16 43 3 22 39 31 28 18 30 50 5 29 47 14 42 46 27 2 35 12 21 38 20 4 36 6 8 15 17 41 7 40 9 24 26 13 49 10 33 19 25 34 

Inst_Index:5630 	 City_Num:50 	 Concorde:0.054206 	 MCTS:5.420642 Improve:0.000000 	 Time:5.00 Seconds
Solution: 1 34 31 19 39 23 8 45 43 6 15 21 44 36 22 11 35 20 48 25 50 12 17 37 18 46 32 29 13 9 24 5 38 4 7 26 49 33 16 42 14 41 28 27 2 47 30 3 40 10 

Inst_Index:5631 	 City_Num:50 	 Concorde:0.051272 	 MCTS:5.121655 Improve:0.005554 	 Time:5.00 Seconds
Solution: 1 46 36 15 7 40 34 9 4 24 5 39 47 29 11 43 37 22 21 13 2 49 30 35 44 6 14 23 45 41 33 42 25 31 50 27 10 38 16 32 20 12 18 19 8 26 17 3 28 48 

Inst_Index:5632 	 City_Num:50 	 Concorde:0.058536 	 MCTS:5.846468 Improve:0.007174 	 Time:5.00 Seconds
Solution: 1 30 31 33 17 48 21 24 49 41 2 38 32 46 37 39 26 44 16 14 27 50 5 9 7 45 40 25 12 11 22 10 6 3 28 13 20 43 29 34 23 36 19 47 15 35 8 4 42 18 

Inst_Index:5633 	 City_Num:50 	 Concorde:0.057005 	 MCTS:5.700484 Improve:0.000000 	 Time:5.00 Seconds
Solution: 1 47 30 38 11 32 46 39 3 22 49 35 4 50 33 48 27 21 13 18 9 19 42 8 40 45 5 25 7 37 26 10 43 12 44 2 16 17 31 29 36 6 28 41 34 20 15 14 23 24 

Inst_Index:5634 	 City_Num:50 	 Concorde:0.052260 	 MCTS:5.226019 Improve:-0.000000 	 Time:5.00 Seconds
Solution: 1 28 3 24 38 20 5 40 11 39 18 22 49 15 4 36 37 41 34 16 31 50 43 35 47 9 25 30 6 12 19 42 21 29 2 7 8 13 10 17 44 27 26 23 48 14 33 32 46 45 


Avg_Concorde_Distance: 5.690027 Avg_MCTS_Distance: 5.689133 Avg_Gap: -0.000158 Total_Time: 1566.12 Seconds 
 Beat_Best_Known_Times: 103 Match_Best_Known_Times: 206 Miss_Best_Known_Times: 4 
