Number_of_Instances_In_Current_Batch: 313

Inst_Index:3131 	 City_Num:50 	 Concorde:0.057106 	 MCTS:5.710587 Improve:0.000000 	 Time:5.00 Seconds
Solution: 1 32 22 44 6 8 23 11 29 50 31 36 26 47 24 5 30 14 9 42 33 49 35 39 37 21 13 46 45 34 3 10 25 38 7 18 19 16 4 12 15 43 27 20 48 2 41 28 17 40 

Inst_Index:3132 	 City_Num:50 	 Concorde:0.059836 	 MCTS:5.983589 Improve:0.000000 	 Time:5.00 Seconds
Solution: 1 21 29 37 38 12 43 20 13 22 40 5 10 49 47 16 15 7 42 23 19 30 11 48 9 17 45 14 35 39 31 46 25 41 36 3 4 8 24 26 44 28 33 32 2 34 18 6 50 27 

Inst_Index:3133 	 City_Num:50 	 Concorde:0.056811 	 MCTS:5.681108 Improve:-0.000000 	 Time:5.00 Seconds
Solution: 1 47 21 15 20 24 37 28 2 13 11 27 9 43 23 50 16 3 49 35 40 33 46 17 6 25 5 45 38 10 31 48 34 36 12 44 18 14 32 4 22 7 41 19 26 29 30 39 42 8 

Inst_Index:3134 	 City_Num:50 	 Concorde:0.057183 	 MCTS:5.718333 Improve:-0.000000 	 Time:5.00 Seconds
Solution: 1 12 14 16 25 15 35 28 5 10 4 41 37 33 17 34 8 47 3 31 49 39 43 46 20 7 32 9 38 2 48 45 6 21 13 23 24 22 30 19 26 11 36 50 44 18 42 29 40 27 

Inst_Index:3135 	 City_Num:50 	 Concorde:0.059911 	 MCTS:5.985575 Improve:0.005540 	 Time:5.01 Seconds
Solution: 1 23 37 29 11 18 20 50 16 26 43 41 36 39 10 38 5 17 42 30 7 8 28 49 24 33 45 9 25 19 15 22 46 27 12 2 44 6 35 13 48 3 34 31 14 4 32 40 47 21 

Inst_Index:3136 	 City_Num:50 	 Concorde:0.055332 	 MCTS:5.533168 Improve:0.000000 	 Time:5.00 Seconds
Solution: 1 44 49 38 35 28 36 34 3 16 45 50 20 17 24 18 37 43 7 46 8 11 31 40 42 23 2 12 21 30 27 4 10 13 25 6 19 47 39 9 15 41 29 48 32 5 26 22 14 33 

Inst_Index:3137 	 City_Num:50 	 Concorde:0.054551 	 MCTS:5.455147 Improve:0.000000 	 Time:5.00 Seconds
Solution: 1 27 33 30 10 39 31 24 32 3 22 9 40 37 50 48 8 44 14 49 20 7 28 26 38 35 25 47 11 19 18 23 5 6 13 34 42 12 29 15 45 16 46 36 43 41 21 2 4 17 

Inst_Index:3138 	 City_Num:50 	 Concorde:0.056823 	 MCTS:5.681139 Improve:0.001163 	 Time:5.00 Seconds
Solution: 1 36 44 5 24 30 34 47 10 41 48 15 39 9 43 28 4 14 50 8 29 18 35 40 38 16 31 2 21 26 25 11 3 23 20 45 7 46 13 33 27 17 6 19 42 49 22 12 37 32 

Inst_Index:3139 	 City_Num:50 	 Concorde:0.058934 	 MCTS:5.893400 Improve:-0.000000 	 Time:5.01 Seconds
Solution: 1 37 41 14 48 13 29 26 47 7 10 25 22 17 38 6 44 30 11 40 18 8 49 45 9 31 33 4 32 16 28 19 39 27 5 43 35 34 24 3 21 46 23 20 50 15 42 12 2 36 

Inst_Index:3140 	 City_Num:50 	 Concorde:0.060414 	 MCTS:6.041353 Improve:0.000000 	 Time:5.01 Seconds
Solution: 1 20 18 5 17 31 33 14 50 47 10 37 8 15 21 43 30 46 27 48 39 26 41 22 44 3 24 11 49 2 42 35 32 45 34 16 7 23 19 12 40 4 25 28 29 38 13 6 9 36 

Inst_Index:3141 	 City_Num:50 	 Concorde:0.057817 	 MCTS:5.779667 Improve:0.001998 	 Time:5.01 Seconds
Solution: 1 17 25 34 33 18 37 39 19 12 38 21 48 5 49 15 28 29 46 40 16 42 43 9 26 20 13 50 41 44 7 3 8 27 14 35 24 6 32 36 4 31 45 22 47 23 2 11 30 10 

Inst_Index:3142 	 City_Num:50 	 Concorde:0.057855 	 MCTS:5.785478 Improve:0.000000 	 Time:5.01 Seconds
Solution: 1 4 9 25 26 7 14 42 40 17 11 50 8 16 45 44 43 10 48 23 38 47 37 3 32 15 13 46 34 39 22 21 2 12 19 18 24 30 31 6 35 5 28 36 41 49 20 33 29 27 

Inst_Index:3143 	 City_Num:50 	 Concorde:0.055327 	 MCTS:5.532651 Improve:0.000000 	 Time:5.00 Seconds
Solution: 1 2 47 22 17 3 7 20 49 11 6 10 42 45 30 9 39 34 19 33 13 27 16 37 46 44 29 23 35 26 5 28 12 31 21 43 8 38 36 18 14 41 15 48 4 50 24 32 40 25 

Inst_Index:3144 	 City_Num:50 	 Concorde:0.055243 	 MCTS:5.516290 Improve:0.008029 	 Time:5.00 Seconds
Solution: 1 2 30 27 31 35 26 21 37 14 11 16 24 47 3 25 4 9 17 40 36 39 13 15 34 46 18 20 19 42 49 29 45 33 7 5 43 32 38 8 28 22 6 48 10 44 12 41 23 50 

Inst_Index:3145 	 City_Num:50 	 Concorde:0.061427 	 MCTS:6.142621 Improve:0.000048 	 Time:5.00 Seconds
Solution: 1 48 20 40 37 14 31 30 9 33 7 3 43 4 36 16 29 21 47 24 27 32 12 44 49 35 26 6 19 22 2 5 34 8 41 13 28 42 25 11 10 39 46 50 23 18 17 45 15 38 

Inst_Index:3146 	 City_Num:50 	 Concorde:0.059449 	 MCTS:5.944882 Improve:-0.000000 	 Time:5.01 Seconds
Solution: 1 19 27 43 15 30 16 37 26 12 5 41 21 23 34 35 13 44 7 6 17 39 3 50 2 38 9 31 8 14 36 22 18 28 33 32 40 49 24 46 42 10 11 20 47 48 29 25 4 45 

Inst_Index:3147 	 City_Num:50 	 Concorde:0.052215 	 MCTS:5.221517 Improve:0.000000 	 Time:5.00 Seconds
Solution: 1 8 30 29 23 42 14 12 26 7 4 21 27 6 24 15 11 41 46 34 44 10 32 37 25 40 22 19 17 50 35 38 28 18 20 13 33 31 16 43 36 49 45 9 39 5 47 48 3 2 

Inst_Index:3148 	 City_Num:50 	 Concorde:0.055727 	 MCTS:5.572723 Improve:0.000000 	 Time:5.00 Seconds
Solution: 1 34 18 5 2 33 37 25 24 22 30 45 44 29 42 23 12 41 16 13 46 15 43 21 50 20 3 38 49 7 36 40 31 48 10 19 14 9 26 47 8 39 4 32 6 35 17 11 27 28 

Inst_Index:3149 	 City_Num:50 	 Concorde:0.056250 	 MCTS:5.624991 Improve:-0.000000 	 Time:5.01 Seconds
Solution: 1 4 31 2 18 10 43 20 35 3 19 40 48 39 7 8 6 28 16 17 13 37 15 46 49 24 14 21 22 42 27 29 11 23 44 30 33 38 12 26 45 47 34 9 5 36 25 32 41 50 

Inst_Index:3150 	 City_Num:50 	 Concorde:0.059254 	 MCTS:5.918199 Improve:0.007201 	 Time:5.00 Seconds
Solution: 1 14 2 8 23 18 25 37 34 39 9 12 44 30 22 26 4 36 49 47 27 31 24 33 46 32 17 7 3 38 20 10 19 48 15 40 35 13 6 16 21 28 50 29 11 43 42 45 41 5 

Inst_Index:3151 	 City_Num:50 	 Concorde:0.055931 	 MCTS:5.593056 Improve:-0.000000 	 Time:5.00 Seconds
Solution: 1 3 18 31 44 43 15 5 28 8 6 38 35 33 12 9 2 41 23 29 19 50 22 16 24 32 17 14 49 4 11 20 27 26 42 7 47 48 40 34 13 45 39 30 36 10 37 21 46 25 

Inst_Index:3152 	 City_Num:50 	 Concorde:0.060347 	 MCTS:6.034076 Improve:0.000657 	 Time:5.00 Seconds
Solution: 1 33 28 44 23 39 48 24 16 37 15 18 25 3 8 4 30 17 40 47 41 29 2 46 20 42 32 6 11 50 34 12 31 43 22 26 49 10 21 9 36 13 35 14 38 5 45 19 27 7 

Inst_Index:3153 	 City_Num:50 	 Concorde:0.058480 	 MCTS:5.848047 Improve:0.000000 	 Time:5.01 Seconds
Solution: 1 4 28 10 47 31 34 33 3 45 40 25 19 17 16 21 13 26 43 15 12 50 5 29 11 14 41 36 38 32 46 8 24 49 37 35 20 9 18 42 22 44 27 39 23 48 30 7 2 6 

Inst_Index:3154 	 City_Num:50 	 Concorde:0.057173 	 MCTS:5.716120 Improve:0.001175 	 Time:5.00 Seconds
Solution: 1 45 50 33 34 47 37 26 21 48 43 4 14 32 2 28 46 25 44 38 24 11 19 29 8 27 16 36 39 31 35 3 6 7 9 10 22 18 23 41 17 15 40 5 49 42 20 12 30 13 

Inst_Index:3155 	 City_Num:50 	 Concorde:0.055987 	 MCTS:5.597773 Improve:0.000943 	 Time:5.02 Seconds
Solution: 1 20 23 14 36 13 8 21 43 9 41 10 48 50 31 28 32 33 37 18 16 24 7 38 12 22 2 5 11 29 3 26 19 42 45 39 4 35 34 49 27 17 25 15 40 44 46 47 6 30 

Inst_Index:3156 	 City_Num:50 	 Concorde:0.061818 	 MCTS:6.176718 Improve:0.005042 	 Time:5.01 Seconds
Solution: 1 36 21 41 27 2 22 30 35 40 44 42 28 39 4 5 11 43 37 46 24 45 18 19 16 10 32 6 38 49 25 50 8 14 13 33 29 31 15 12 23 17 26 3 20 34 47 7 9 48 

Inst_Index:3157 	 City_Num:50 	 Concorde:0.058307 	 MCTS:5.830449 Improve:0.000233 	 Time:5.00 Seconds
Solution: 1 37 45 39 44 36 49 3 14 24 6 7 28 15 5 30 47 40 26 31 33 9 18 20 34 11 22 23 38 10 42 12 21 13 48 35 4 16 17 43 19 41 32 8 2 50 25 29 46 27 

Inst_Index:3158 	 City_Num:50 	 Concorde:0.057438 	 MCTS:5.733727 Improve:0.010072 	 Time:5.00 Seconds
Solution: 1 8 3 20 36 39 17 6 26 41 37 47 16 7 33 21 34 42 38 30 5 50 45 31 48 10 11 2 49 13 40 27 18 25 9 24 29 22 12 14 46 28 43 4 15 23 19 32 35 44 

Inst_Index:3159 	 City_Num:50 	 Concorde:0.057568 	 MCTS:5.756829 Improve:0.000000 	 Time:5.00 Seconds
Solution: 1 10 8 26 41 3 23 21 46 15 5 16 37 9 33 28 11 20 30 24 49 12 43 42 13 39 2 48 36 34 29 22 17 19 44 40 25 31 38 50 47 4 35 6 14 45 18 32 27 7 

Inst_Index:3160 	 City_Num:50 	 Concorde:0.059033 	 MCTS:5.903338 Improve:0.000000 	 Time:5.01 Seconds
Solution: 1 49 27 12 21 38 36 24 2 34 10 48 44 37 31 14 16 22 35 32 6 18 5 13 17 28 40 20 42 30 50 46 23 4 45 39 19 29 3 25 41 15 33 26 43 8 47 11 9 7 

Inst_Index:3161 	 City_Num:50 	 Concorde:0.051576 	 MCTS:5.153761 Improve:0.003867 	 Time:5.00 Seconds
Solution: 1 24 32 50 16 29 9 4 35 30 10 14 36 20 42 34 26 38 39 43 22 11 18 3 8 6 27 47 15 28 45 44 41 23 2 31 5 19 17 48 49 7 12 13 33 25 37 21 46 40 

Inst_Index:3162 	 City_Num:50 	 Concorde:0.057968 	 MCTS:5.791734 Improve:0.005092 	 Time:5.00 Seconds
Solution: 1 39 18 24 20 41 50 8 13 12 48 21 27 32 33 11 23 35 37 29 42 28 44 49 38 5 9 17 47 31 6 10 36 30 43 16 26 15 7 14 46 3 2 4 25 22 34 40 45 19 

Inst_Index:3163 	 City_Num:50 	 Concorde:0.059323 	 MCTS:5.925372 Improve:0.006908 	 Time:5.00 Seconds
Solution: 1 49 27 6 39 17 43 25 26 18 13 40 29 8 36 30 9 10 7 44 2 12 41 42 22 32 24 35 38 31 37 50 46 5 48 19 45 16 47 14 3 21 28 23 34 15 4 33 20 11 

Inst_Index:3164 	 City_Num:50 	 Concorde:0.057019 	 MCTS:5.701896 Improve:0.000000 	 Time:5.00 Seconds
Solution: 1 9 42 30 39 18 24 4 8 17 33 16 25 27 34 3 45 50 22 15 41 49 46 2 19 36 38 31 26 47 20 11 40 6 23 10 43 32 37 21 13 48 44 29 5 7 12 14 35 28 

Inst_Index:3165 	 City_Num:50 	 Concorde:0.053116 	 MCTS:5.311606 Improve:0.000000 	 Time:5.00 Seconds
Solution: 1 45 4 17 25 48 29 15 32 33 30 7 38 39 13 27 43 9 16 8 47 22 26 37 36 18 19 5 41 49 14 44 35 6 40 20 3 42 2 23 46 12 28 34 10 50 24 21 31 11 

Inst_Index:3166 	 City_Num:50 	 Concorde:0.058493 	 MCTS:5.849308 Improve:0.000000 	 Time:5.01 Seconds
Solution: 1 17 19 21 9 46 38 22 35 20 16 31 25 30 15 10 45 3 48 11 18 33 12 27 37 29 4 2 13 36 47 5 40 50 49 8 44 41 26 6 34 43 39 14 7 24 28 42 32 23 

Inst_Index:3167 	 City_Num:50 	 Concorde:0.058026 	 MCTS:5.802616 Improve:0.000000 	 Time:5.00 Seconds
Solution: 1 27 41 19 47 43 8 5 25 31 40 35 11 37 33 9 4 26 10 45 22 39 14 3 18 42 48 30 29 15 21 7 16 28 38 46 20 6 13 50 24 36 32 17 34 12 23 49 44 2 

Inst_Index:3168 	 City_Num:50 	 Concorde:0.058038 	 MCTS:5.803766 Improve:0.000000 	 Time:5.00 Seconds
Solution: 1 13 44 9 21 19 43 8 39 4 22 45 30 40 16 14 35 29 50 28 34 46 26 36 11 47 41 27 18 31 2 17 49 32 37 25 24 20 10 23 6 12 33 48 3 38 7 5 42 15 

Inst_Index:3169 	 City_Num:50 	 Concorde:0.058492 	 MCTS:5.849218 Improve:-0.000000 	 Time:5.01 Seconds
Solution: 1 7 16 49 46 14 27 47 18 6 24 34 26 48 44 37 31 43 45 3 17 42 36 15 35 2 22 21 12 11 40 19 4 38 33 20 5 25 32 28 23 13 10 41 39 9 50 30 8 29 

Inst_Index:3170 	 City_Num:50 	 Concorde:0.054395 	 MCTS:5.439515 Improve:0.000000 	 Time:5.01 Seconds
Solution: 1 13 39 27 43 48 44 3 10 8 29 25 33 14 7 17 31 42 37 16 6 26 32 40 36 21 22 50 12 2 35 9 15 45 49 20 41 34 47 24 38 18 23 46 30 19 28 11 4 5 

Inst_Index:3171 	 City_Num:50 	 Concorde:0.053617 	 MCTS:5.357128 Improve:0.004568 	 Time:5.01 Seconds
Solution: 1 39 16 7 17 34 13 46 15 32 14 43 45 29 23 6 42 48 47 22 5 38 36 9 4 50 33 49 11 41 3 44 31 20 2 27 40 30 8 19 18 24 12 25 10 37 21 35 28 26 

Inst_Index:3172 	 City_Num:50 	 Concorde:0.054999 	 MCTS:5.499879 Improve:0.000000 	 Time:5.00 Seconds
Solution: 1 50 15 49 19 7 8 18 35 42 22 30 27 25 20 37 43 36 5 48 26 10 6 29 16 2 28 38 24 9 40 14 31 41 44 33 13 17 4 11 45 46 34 23 12 32 3 21 47 39 

Inst_Index:3173 	 City_Num:50 	 Concorde:0.060869 	 MCTS:6.086919 Improve:0.000000 	 Time:5.00 Seconds
Solution: 1 14 50 9 28 35 46 10 16 44 27 26 4 40 6 45 7 3 36 41 20 42 39 47 43 19 38 48 2 37 17 33 24 25 32 30 12 21 23 15 8 29 11 31 18 5 34 49 22 13 

Inst_Index:3174 	 City_Num:50 	 Concorde:0.060665 	 MCTS:6.066487 Improve:0.000000 	 Time:5.00 Seconds
Solution: 1 19 29 39 27 7 49 47 23 37 10 14 18 30 26 24 16 2 5 15 35 50 34 4 25 33 12 36 28 17 45 46 31 6 13 22 32 9 48 8 41 20 44 38 43 11 40 3 21 42 

Inst_Index:3175 	 City_Num:50 	 Concorde:0.060387 	 MCTS:6.034675 Improve:0.003999 	 Time:5.00 Seconds
Solution: 1 9 29 32 20 37 35 12 13 23 5 43 18 49 33 2 48 4 8 36 50 21 6 28 30 11 16 15 3 7 44 47 38 31 17 41 40 34 26 14 25 22 27 24 42 39 46 19 10 45 

Inst_Index:3176 	 City_Num:50 	 Concorde:0.060239 	 MCTS:6.023882 Improve:0.000000 	 Time:5.01 Seconds
Solution: 1 14 29 2 43 12 42 7 11 47 23 3 50 5 27 20 22 25 28 24 8 45 17 34 4 13 16 38 37 6 30 10 41 32 19 33 49 26 40 35 31 9 36 21 18 15 48 44 39 46 

Inst_Index:3177 	 City_Num:50 	 Concorde:0.057138 	 MCTS:5.711186 Improve:0.002653 	 Time:5.01 Seconds
Solution: 1 37 40 49 15 35 11 7 48 42 28 47 27 43 21 6 26 8 24 10 50 17 18 44 20 38 29 3 30 45 4 34 31 16 12 19 13 2 39 22 32 25 23 33 5 36 41 9 14 46 

Inst_Index:3178 	 City_Num:50 	 Concorde:0.059924 	 MCTS:5.988133 Improve:0.004302 	 Time:5.00 Seconds
Solution: 1 49 32 35 2 42 6 9 48 33 36 44 37 11 21 10 4 27 43 22 30 23 46 28 38 24 20 47 13 18 14 16 26 17 41 31 40 12 45 29 25 3 39 7 50 34 5 8 15 19 

Inst_Index:3179 	 City_Num:50 	 Concorde:0.052747 	 MCTS:5.274719 Improve:0.000000 	 Time:5.00 Seconds
Solution: 1 9 36 8 17 10 28 21 2 37 12 5 14 16 49 33 15 4 50 18 41 22 30 35 26 29 25 39 20 47 43 42 46 32 6 11 23 13 48 31 7 19 34 24 40 3 27 44 38 45 

Inst_Index:3180 	 City_Num:50 	 Concorde:0.058233 	 MCTS:5.823255 Improve:-0.000000 	 Time:5.01 Seconds
Solution: 1 11 22 14 17 34 6 33 26 24 29 20 12 44 3 7 2 15 40 10 31 9 13 46 39 23 30 5 28 38 35 37 42 32 41 50 36 16 49 4 19 27 21 8 47 45 18 48 43 25 

Inst_Index:3181 	 City_Num:50 	 Concorde:0.056978 	 MCTS:5.697782 Improve:0.000000 	 Time:5.01 Seconds
Solution: 1 9 44 45 11 48 21 31 50 27 38 25 14 42 46 7 24 12 17 15 13 39 49 26 28 23 37 5 33 6 20 16 10 32 3 4 41 30 22 34 43 40 18 35 36 2 8 29 19 47 

Inst_Index:3182 	 City_Num:50 	 Concorde:0.055979 	 MCTS:5.597937 Improve:0.000000 	 Time:5.00 Seconds
Solution: 1 38 41 8 34 35 2 33 7 27 10 12 46 23 25 30 37 19 22 45 5 42 20 36 17 50 15 44 4 24 48 21 13 29 6 32 11 26 28 47 40 9 3 14 18 16 43 49 39 31 

Inst_Index:3183 	 City_Num:50 	 Concorde:0.058261 	 MCTS:5.826129 Improve:0.000000 	 Time:5.01 Seconds
Solution: 1 12 47 46 27 43 4 49 32 9 3 16 34 2 26 24 11 10 25 39 8 5 15 50 42 13 19 29 20 45 31 28 44 36 7 40 30 41 6 22 17 33 38 21 23 14 48 37 18 35 

Inst_Index:3184 	 City_Num:50 	 Concorde:0.058778 	 MCTS:5.877781 Improve:-0.000000 	 Time:5.01 Seconds
Solution: 1 21 19 39 20 47 6 40 2 48 3 46 16 33 24 43 18 14 22 4 38 37 45 41 50 7 26 29 30 13 12 32 31 10 34 42 8 23 5 25 17 11 15 27 44 28 9 35 36 49 

Inst_Index:3185 	 City_Num:50 	 Concorde:0.061052 	 MCTS:6.105163 Improve:0.000000 	 Time:5.01 Seconds
Solution: 1 32 28 33 15 21 14 47 18 30 46 27 20 7 43 2 22 42 39 44 10 23 36 31 3 37 38 4 13 17 24 19 45 25 9 5 8 48 12 35 29 6 49 11 40 26 50 16 34 41 

Inst_Index:3186 	 City_Num:50 	 Concorde:0.061026 	 MCTS:6.102649 Improve:0.000000 	 Time:5.00 Seconds
Solution: 1 18 22 32 46 28 30 13 49 2 31 42 20 34 41 6 26 15 10 45 16 21 47 3 29 36 5 7 37 35 43 40 33 24 4 25 9 17 19 38 14 23 39 48 11 12 8 44 27 50 

Inst_Index:3187 	 City_Num:50 	 Concorde:0.054461 	 MCTS:5.438999 Improve:0.007104 	 Time:5.00 Seconds
Solution: 1 50 23 4 38 31 36 35 33 11 41 14 21 8 34 27 32 20 7 42 18 24 6 40 12 29 46 5 43 10 45 30 13 47 2 28 26 39 16 15 49 25 48 22 3 9 17 37 19 44 

Inst_Index:3188 	 City_Num:50 	 Concorde:0.056409 	 MCTS:5.640933 Improve:0.000000 	 Time:5.00 Seconds
Solution: 1 10 22 14 39 48 3 4 25 33 19 43 18 13 46 12 11 27 31 23 32 21 50 9 41 40 2 38 26 37 49 47 42 35 17 36 16 6 34 29 15 45 24 5 30 8 7 28 44 20 

Inst_Index:3189 	 City_Num:50 	 Concorde:0.059090 	 MCTS:5.909004 Improve:0.000000 	 Time:5.01 Seconds
Solution: 1 13 43 12 10 3 25 48 29 19 31 45 22 20 46 30 28 47 49 39 8 21 9 18 6 32 11 16 27 5 33 24 42 35 40 37 2 38 36 41 23 4 26 17 15 14 50 34 7 44 

Inst_Index:3190 	 City_Num:50 	 Concorde:0.057779 	 MCTS:5.782015 Improve:-0.004078 	 Time:5.00 Seconds
Solution: 1 32 38 37 33 30 2 11 24 41 28 26 40 43 7 44 27 48 4 21 6 16 31 14 19 17 22 45 9 3 47 5 18 8 23 13 20 12 25 34 46 42 29 39 36 10 49 50 15 35 

Inst_Index:3191 	 City_Num:50 	 Concorde:0.060393 	 MCTS:6.039319 Improve:-0.000000 	 Time:5.00 Seconds
Solution: 1 45 2 36 34 15 49 48 28 19 38 18 47 12 24 22 40 44 20 46 26 14 29 42 25 5 4 8 30 6 21 41 27 10 31 50 43 35 13 32 3 39 16 23 9 7 33 11 17 37 

Inst_Index:3192 	 City_Num:50 	 Concorde:0.055328 	 MCTS:5.530344 Improve:0.002416 	 Time:5.01 Seconds
Solution: 1 40 10 6 2 41 8 4 12 36 50 9 43 31 45 46 48 25 5 21 37 26 17 33 34 35 29 16 49 24 22 19 18 27 42 13 47 14 11 32 39 15 44 7 20 30 23 3 28 38 

Inst_Index:3193 	 City_Num:50 	 Concorde:0.057207 	 MCTS:5.720679 Improve:-0.000000 	 Time:5.00 Seconds
Solution: 1 35 27 12 3 5 49 38 36 28 33 20 17 11 2 14 8 23 44 34 6 45 18 24 41 7 4 30 19 40 22 47 29 16 15 46 39 13 25 31 32 50 26 37 21 9 48 43 10 42 

Inst_Index:3194 	 City_Num:50 	 Concorde:0.056739 	 MCTS:5.671313 Improve:0.002546 	 Time:5.01 Seconds
Solution: 1 44 16 40 41 3 18 38 36 30 24 33 47 17 28 11 49 31 46 26 2 21 35 48 8 14 4 6 45 13 37 50 15 25 32 22 23 5 39 29 43 7 10 9 20 27 42 34 12 19 

Inst_Index:3195 	 City_Num:50 	 Concorde:0.051808 	 MCTS:5.179900 Improve:0.000937 	 Time:5.00 Seconds
Solution: 1 26 17 12 43 47 38 4 20 45 44 35 6 29 42 25 27 11 37 41 39 24 49 32 14 46 9 28 16 34 31 33 3 10 2 48 18 7 19 40 30 36 50 22 13 23 5 8 21 15 

Inst_Index:3196 	 City_Num:50 	 Concorde:0.055677 	 MCTS:5.567699 Improve:-0.000000 	 Time:5.00 Seconds
Solution: 1 46 19 30 26 31 39 3 17 24 34 16 25 11 22 49 35 10 27 36 4 38 12 21 41 14 47 50 44 13 15 37 29 48 5 28 45 32 8 40 7 18 33 23 42 43 2 20 6 9 

Inst_Index:3197 	 City_Num:50 	 Concorde:0.057834 	 MCTS:5.780054 Improve:0.003339 	 Time:5.00 Seconds
Solution: 1 30 48 46 18 25 26 47 12 4 44 11 43 14 45 17 2 8 23 37 33 27 13 34 36 42 39 15 3 9 19 40 35 38 29 20 24 31 49 22 6 28 16 5 7 21 32 10 50 41 

Inst_Index:3198 	 City_Num:50 	 Concorde:0.056532 	 MCTS:5.653172 Improve:-0.000000 	 Time:5.00 Seconds
Solution: 1 27 47 43 7 25 10 42 31 33 24 19 38 3 28 37 20 36 12 48 46 16 2 49 13 30 34 5 22 17 9 32 23 15 40 21 41 6 50 45 35 4 26 14 29 44 39 18 11 8 

Inst_Index:3199 	 City_Num:50 	 Concorde:0.056527 	 MCTS:5.652597 Improve:0.000084 	 Time:5.00 Seconds
Solution: 1 35 46 15 42 2 11 13 23 20 36 12 3 41 34 14 32 45 49 33 48 22 17 6 24 29 39 9 4 47 37 40 7 31 44 30 19 50 25 28 27 18 5 8 43 26 16 10 21 38 

Inst_Index:3200 	 City_Num:50 	 Concorde:0.054848 	 MCTS:5.484767 Improve:0.000000 	 Time:5.00 Seconds
Solution: 1 23 41 12 44 15 38 3 47 24 6 5 39 40 33 28 13 46 32 26 36 49 9 37 2 19 30 22 21 10 16 42 11 7 8 31 18 27 25 4 17 50 29 48 43 34 14 35 45 20 

Inst_Index:3201 	 City_Num:50 	 Concorde:0.057876 	 MCTS:5.806373 Improve:-0.018787 	 Time:5.01 Seconds
Solution: 1 39 29 3 17 16 7 34 50 23 18 9 33 28 37 45 27 47 24 41 21 44 32 10 40 25 31 48 42 46 49 5 12 35 6 19 26 38 14 20 22 8 15 13 2 30 43 4 36 11 

Inst_Index:3202 	 City_Num:50 	 Concorde:0.058162 	 MCTS:5.816235 Improve:0.000000 	 Time:5.00 Seconds
Solution: 1 14 45 32 25 29 36 26 27 10 5 2 19 11 4 49 15 28 22 24 3 43 44 38 21 41 9 42 34 35 31 18 7 46 17 6 47 40 23 13 16 12 50 48 20 8 37 39 33 30 

Inst_Index:3203 	 City_Num:50 	 Concorde:0.059550 	 MCTS:5.955011 Improve:-0.000000 	 Time:5.00 Seconds
Solution: 1 48 46 31 30 14 35 13 47 9 8 16 19 25 3 37 21 39 20 33 11 5 49 50 18 42 34 29 45 10 7 27 28 38 12 22 40 36 43 26 32 2 4 41 15 44 6 23 24 17 

Inst_Index:3204 	 City_Num:50 	 Concorde:0.055571 	 MCTS:5.553376 Improve:0.003737 	 Time:5.01 Seconds
Solution: 1 31 33 12 38 7 49 46 18 29 50 23 14 39 47 17 30 36 11 21 9 40 22 34 8 4 6 37 27 13 15 3 5 45 20 32 24 28 25 35 26 19 41 2 43 16 48 10 44 42 

Inst_Index:3205 	 City_Num:50 	 Concorde:0.055052 	 MCTS:5.498505 Improve:0.006660 	 Time:5.01 Seconds
Solution: 1 4 29 5 37 6 45 11 12 7 43 21 48 41 42 50 47 27 2 10 15 26 20 17 25 9 44 32 23 22 39 24 36 16 19 34 46 18 33 28 31 40 35 14 3 8 38 13 30 49 

Inst_Index:3206 	 City_Num:50 	 Concorde:0.060223 	 MCTS:6.022282 Improve:0.000000 	 Time:5.00 Seconds
Solution: 1 17 5 19 22 33 9 32 43 41 40 24 28 45 48 38 39 12 18 8 7 49 42 16 37 50 23 4 34 13 2 47 10 31 15 14 27 25 11 30 20 46 35 29 36 44 6 21 3 26 

Inst_Index:3207 	 City_Num:50 	 Concorde:0.062347 	 MCTS:6.234669 Improve:-0.000000 	 Time:5.00 Seconds
Solution: 1 11 12 3 36 20 28 6 30 8 49 50 40 29 34 18 19 27 43 48 22 14 33 41 4 2 47 44 46 13 15 25 31 37 5 32 26 38 39 21 9 16 23 24 17 35 10 7 45 42 

Inst_Index:3208 	 City_Num:50 	 Concorde:0.060058 	 MCTS:6.005831 Improve:0.000000 	 Time:5.00 Seconds
Solution: 1 34 44 9 46 41 33 22 25 12 35 50 13 36 5 21 15 31 10 38 30 8 11 40 29 49 20 4 6 19 3 24 37 27 14 23 18 26 7 45 28 48 2 47 16 43 39 17 32 42 

Inst_Index:3209 	 City_Num:50 	 Concorde:0.054118 	 MCTS:5.411753 Improve:0.000000 	 Time:5.00 Seconds
Solution: 1 14 2 9 46 34 18 30 16 31 41 23 20 35 36 27 13 44 26 32 28 39 10 4 37 25 15 22 33 7 42 21 3 48 11 38 40 29 8 50 17 24 12 47 5 19 6 43 45 49 

Inst_Index:3210 	 City_Num:50 	 Concorde:0.056701 	 MCTS:5.670146 Improve:0.000000 	 Time:5.02 Seconds
Solution: 1 44 50 11 16 47 28 30 3 4 24 43 22 32 2 38 17 7 19 8 31 5 48 18 33 46 21 15 39 6 14 26 42 45 35 34 41 27 25 40 12 13 9 49 29 20 37 10 23 36 

Inst_Index:3211 	 City_Num:50 	 Concorde:0.060933 	 MCTS:6.090386 Improve:0.002864 	 Time:5.01 Seconds
Solution: 1 3 40 29 15 10 36 38 4 6 47 22 9 26 35 8 48 11 12 5 25 45 50 20 16 23 24 32 17 33 14 37 28 18 19 27 42 2 7 31 39 30 21 43 13 34 44 49 46 41 

Inst_Index:3212 	 City_Num:50 	 Concorde:0.054718 	 MCTS:5.465014 Improve:0.006820 	 Time:5.02 Seconds
Solution: 1 31 28 11 48 5 26 43 2 25 24 22 41 38 6 20 36 40 44 45 46 37 30 15 47 33 14 3 39 16 35 29 17 34 18 27 13 50 12 4 42 23 21 9 49 8 32 10 19 7 

Inst_Index:3213 	 City_Num:50 	 Concorde:0.056210 	 MCTS:5.620968 Improve:-0.000000 	 Time:5.00 Seconds
Solution: 1 41 6 10 29 3 14 18 28 43 30 8 38 22 20 47 36 35 50 5 19 34 27 25 46 42 2 39 31 9 21 49 45 13 37 7 33 23 26 12 15 16 24 40 17 11 48 4 44 32 

Inst_Index:3214 	 City_Num:50 	 Concorde:0.054980 	 MCTS:5.497968 Improve:0.000000 	 Time:5.00 Seconds
Solution: 1 11 39 21 22 44 14 5 45 15 47 17 12 50 3 36 28 30 32 25 10 24 8 42 48 20 6 13 19 43 31 2 35 41 37 16 18 40 34 27 4 7 33 49 38 29 46 9 23 26 

Inst_Index:3215 	 City_Num:50 	 Concorde:0.056049 	 MCTS:5.603428 Improve:0.001428 	 Time:5.00 Seconds
Solution: 1 22 8 26 16 43 15 9 28 47 13 14 12 4 18 20 25 39 45 42 36 6 50 49 24 29 48 37 34 46 21 35 19 32 44 5 11 2 31 40 33 41 7 17 23 30 10 27 3 38 

Inst_Index:3216 	 City_Num:50 	 Concorde:0.057908 	 MCTS:5.788550 Improve:0.002257 	 Time:5.00 Seconds
Solution: 1 42 32 11 43 48 49 39 22 24 27 37 35 47 29 20 26 7 18 4 34 15 9 30 44 19 13 3 2 46 28 31 45 6 33 41 16 10 50 40 5 8 21 14 17 38 36 23 25 12 

Inst_Index:3217 	 City_Num:50 	 Concorde:0.054561 	 MCTS:5.449880 Improve:0.006237 	 Time:5.00 Seconds
Solution: 1 27 29 43 2 40 33 19 48 26 9 42 36 17 11 14 4 6 38 23 30 21 5 25 37 12 22 35 7 50 34 18 49 16 41 10 8 3 31 32 47 15 28 20 45 39 24 44 46 13 

Inst_Index:3218 	 City_Num:50 	 Concorde:0.059251 	 MCTS:5.925086 Improve:0.000000 	 Time:5.00 Seconds
Solution: 1 6 21 8 15 44 7 48 46 4 30 2 24 29 14 12 22 33 42 37 41 18 16 38 32 31 23 13 26 17 40 3 39 5 9 50 25 10 49 19 36 28 27 11 47 35 43 34 20 45 

Inst_Index:3219 	 City_Num:50 	 Concorde:0.056576 	 MCTS:5.657580 Improve:-0.000000 	 Time:5.00 Seconds
Solution: 1 13 37 47 11 35 45 31 22 40 41 14 29 28 12 21 16 46 7 39 15 49 34 27 6 25 48 3 26 10 5 9 19 44 32 8 50 30 4 43 23 2 42 33 38 24 20 36 17 18 

Inst_Index:3220 	 City_Num:50 	 Concorde:0.053337 	 MCTS:5.333732 Improve:0.000000 	 Time:5.00 Seconds
Solution: 1 34 12 17 26 27 44 2 50 6 43 3 33 48 20 4 30 49 38 28 22 36 40 24 25 15 46 11 10 45 42 32 18 23 5 8 21 37 31 9 39 41 14 16 19 29 35 47 13 7 

Inst_Index:3221 	 City_Num:50 	 Concorde:0.055502 	 MCTS:5.546374 Improve:0.003863 	 Time:5.01 Seconds
Solution: 1 40 15 3 27 29 38 33 5 9 2 23 43 11 17 20 48 41 13 34 12 19 4 8 44 49 30 22 39 6 25 36 42 28 35 32 16 24 31 47 26 46 37 18 7 10 45 21 14 50 

Inst_Index:3222 	 City_Num:50 	 Concorde:0.060891 	 MCTS:6.089085 Improve:0.000000 	 Time:5.00 Seconds
Solution: 1 45 28 42 49 39 14 26 38 12 19 13 24 6 30 43 50 22 33 8 18 11 46 41 34 35 21 44 48 16 15 5 40 2 17 25 32 31 27 7 20 3 47 36 37 29 9 4 23 10 

Inst_Index:3223 	 City_Num:50 	 Concorde:0.058978 	 MCTS:5.897846 Improve:-0.000000 	 Time:5.00 Seconds
Solution: 1 3 46 37 13 11 27 15 32 16 39 19 10 6 34 43 21 48 28 49 18 24 20 2 26 45 50 31 22 9 36 42 35 47 17 30 14 8 41 29 12 7 4 23 33 44 5 25 38 40 

Inst_Index:3224 	 City_Num:50 	 Concorde:0.058560 	 MCTS:5.851039 Improve:0.005000 	 Time:5.00 Seconds
Solution: 1 14 6 38 34 33 9 26 20 31 32 43 48 36 12 10 3 37 15 13 28 18 22 23 46 35 47 19 8 16 50 24 49 44 17 2 7 21 30 27 41 4 11 45 42 5 40 29 39 25 

Inst_Index:3225 	 City_Num:50 	 Concorde:0.056578 	 MCTS:5.657797 Improve:0.000000 	 Time:5.01 Seconds
Solution: 1 43 19 16 13 15 20 27 5 48 38 2 46 36 34 33 11 44 7 23 50 4 41 8 21 47 30 26 28 32 18 14 22 42 12 29 10 9 39 6 24 17 37 49 40 31 45 3 35 25 

Inst_Index:3226 	 City_Num:50 	 Concorde:0.061256 	 MCTS:6.125628 Improve:0.000000 	 Time:5.01 Seconds
Solution: 1 39 43 2 49 34 22 40 17 11 35 5 20 9 32 33 42 26 25 36 44 28 18 10 37 3 24 48 7 38 50 4 31 21 19 14 30 27 45 13 47 6 12 46 8 41 29 15 23 16 

Inst_Index:3227 	 City_Num:50 	 Concorde:0.057700 	 MCTS:5.779592 Improve:-0.009613 	 Time:5.00 Seconds
Solution: 1 42 10 47 39 12 50 48 25 21 9 34 14 31 36 16 5 23 26 41 17 32 6 8 2 46 24 15 27 30 44 29 19 13 38 18 28 37 43 35 3 33 49 40 11 20 7 45 4 22 

Inst_Index:3228 	 City_Num:50 	 Concorde:0.052737 	 MCTS:5.270834 Improve:0.002887 	 Time:5.00 Seconds
Solution: 1 35 40 41 46 19 6 26 43 37 33 8 24 13 23 14 34 9 32 17 45 36 18 42 38 5 31 4 22 11 21 2 30 12 7 27 39 20 3 15 29 49 47 50 28 48 44 10 16 25 

Inst_Index:3229 	 City_Num:50 	 Concorde:0.051994 	 MCTS:5.197489 Improve:0.001948 	 Time:5.01 Seconds
Solution: 1 50 6 41 43 37 45 34 33 35 18 47 30 46 17 25 14 21 3 13 27 9 15 7 5 29 19 40 26 11 48 24 23 20 10 39 22 8 31 16 49 12 32 42 38 2 28 44 4 36 

Inst_Index:3230 	 City_Num:50 	 Concorde:0.054416 	 MCTS:5.436725 Improve:0.004860 	 Time:5.00 Seconds
Solution: 1 39 28 6 37 9 29 42 4 3 21 35 27 2 19 33 31 25 17 20 40 50 24 12 34 14 8 16 5 7 30 10 22 11 23 44 49 38 32 18 36 47 45 26 13 46 48 43 15 41 

Inst_Index:3231 	 City_Num:50 	 Concorde:0.059055 	 MCTS:5.905537 Improve:0.000000 	 Time:5.00 Seconds
Solution: 1 18 45 24 42 34 11 23 36 27 29 2 4 5 8 25 22 40 30 13 49 19 38 47 16 35 7 44 9 28 20 41 15 46 17 6 12 32 48 33 10 50 39 31 43 26 21 37 3 14 

Inst_Index:3232 	 City_Num:50 	 Concorde:0.055943 	 MCTS:5.591528 Improve:0.002748 	 Time:5.00 Seconds
Solution: 1 50 10 42 40 30 25 27 38 37 48 31 26 34 39 28 18 49 5 3 13 33 29 46 35 9 11 20 7 45 24 44 15 2 19 47 17 8 43 6 36 32 41 23 12 21 4 22 14 16 

Inst_Index:3233 	 City_Num:50 	 Concorde:0.056688 	 MCTS:5.664914 Improve:0.003915 	 Time:5.00 Seconds
Solution: 1 31 33 15 17 49 5 13 26 47 12 4 16 9 42 14 27 19 2 46 11 30 44 21 28 48 39 32 40 34 24 41 37 25 36 7 10 35 20 22 8 38 3 45 43 29 6 18 50 23 

Inst_Index:3234 	 City_Num:50 	 Concorde:0.057434 	 MCTS:5.742301 Improve:0.001052 	 Time:5.00 Seconds
Solution: 1 32 18 46 17 40 27 28 14 36 9 23 12 15 24 16 39 29 44 5 48 10 7 30 6 35 11 31 4 25 20 21 41 22 26 33 37 38 45 50 8 42 43 49 3 13 2 47 34 19 

Inst_Index:3235 	 City_Num:50 	 Concorde:0.056762 	 MCTS:5.676211 Improve:0.000000 	 Time:5.01 Seconds
Solution: 1 26 28 39 32 42 21 20 34 10 49 6 43 41 2 14 8 44 29 30 33 47 38 36 5 27 22 46 7 3 40 12 19 15 37 25 13 50 48 23 16 11 18 45 4 9 24 35 17 31 

Inst_Index:3236 	 City_Num:50 	 Concorde:0.057294 	 MCTS:5.726764 Improve:0.002666 	 Time:5.00 Seconds
Solution: 1 40 9 31 33 22 45 35 5 39 41 32 24 28 15 46 42 14 47 8 49 4 11 6 17 48 50 10 18 27 19 21 43 16 13 25 26 34 38 36 2 23 20 30 44 3 7 29 37 12 

Inst_Index:3237 	 City_Num:50 	 Concorde:0.060429 	 MCTS:6.042919 Improve:-0.000000 	 Time:5.00 Seconds
Solution: 1 12 37 39 6 43 23 8 21 2 7 5 46 29 3 38 32 22 42 27 36 9 18 49 14 24 48 30 16 26 33 40 34 11 31 19 20 41 25 13 50 15 10 4 35 17 44 47 28 45 

Inst_Index:3238 	 City_Num:50 	 Concorde:0.054287 	 MCTS:5.428707 Improve:0.000000 	 Time:5.00 Seconds
Solution: 1 5 8 15 10 16 41 40 14 29 13 27 24 18 22 31 46 12 26 4 3 7 23 44 33 38 6 48 49 2 34 25 30 17 42 32 35 37 20 21 19 39 43 50 47 11 28 45 9 36 

Inst_Index:3239 	 City_Num:50 	 Concorde:0.057283 	 MCTS:5.727984 Improve:0.000366 	 Time:5.00 Seconds
Solution: 1 43 21 25 41 48 22 15 34 47 18 39 24 27 4 26 38 44 31 8 30 13 28 33 5 20 14 40 10 23 46 16 19 49 50 17 7 35 32 6 2 42 45 11 9 29 3 36 37 12 

Inst_Index:3240 	 City_Num:50 	 Concorde:0.057534 	 MCTS:5.751788 Improve:0.001660 	 Time:5.01 Seconds
Solution: 1 46 2 44 3 48 16 21 10 40 35 25 23 8 43 49 32 36 14 11 30 12 31 9 34 29 4 22 18 6 39 20 33 45 38 7 24 27 28 19 42 26 15 13 5 37 47 50 17 41 

Inst_Index:3241 	 City_Num:50 	 Concorde:0.050301 	 MCTS:5.030081 Improve:0.000000 	 Time:5.00 Seconds
Solution: 1 36 45 7 31 47 11 33 20 35 10 2 26 38 12 44 41 3 29 43 34 46 21 16 25 39 22 40 4 24 48 42 13 8 37 14 32 28 23 9 5 30 27 15 49 18 50 6 17 19 

Inst_Index:3242 	 City_Num:50 	 Concorde:0.056348 	 MCTS:5.634836 Improve:-0.000000 	 Time:5.00 Seconds
Solution: 1 3 44 30 4 31 37 12 21 32 8 15 10 7 16 9 49 35 22 28 23 41 50 36 19 20 48 34 24 33 5 25 14 18 46 43 45 47 39 29 38 2 6 13 17 11 27 40 42 26 

Inst_Index:3243 	 City_Num:50 	 Concorde:0.060585 	 MCTS:6.058488 Improve:-0.000000 	 Time:5.00 Seconds
Solution: 1 8 2 31 37 23 11 10 7 26 30 27 40 39 28 36 16 4 3 5 46 24 35 9 15 34 45 14 18 17 13 44 29 12 20 21 22 48 50 6 43 41 49 42 25 38 33 19 32 47 

Inst_Index:3244 	 City_Num:50 	 Concorde:0.054135 	 MCTS:5.407297 Improve:0.006191 	 Time:5.01 Seconds
Solution: 1 20 43 14 8 15 46 41 24 32 31 48 40 28 34 7 35 38 3 39 17 13 30 27 19 36 49 29 16 6 11 18 44 23 4 21 2 50 45 37 5 42 9 12 33 26 10 25 47 22 

Inst_Index:3245 	 City_Num:50 	 Concorde:0.057868 	 MCTS:5.784902 Improve:0.001859 	 Time:5.00 Seconds
Solution: 1 30 39 36 40 14 6 15 16 24 43 29 44 22 9 23 19 25 3 50 42 20 47 31 46 17 11 32 37 35 41 26 28 2 5 38 33 18 10 48 12 4 49 21 8 27 7 45 34 13 

Inst_Index:3246 	 City_Num:50 	 Concorde:0.058847 	 MCTS:5.878158 Improve:0.006568 	 Time:5.00 Seconds
Solution: 1 13 27 33 35 23 32 37 22 9 46 17 7 6 15 10 11 50 28 25 5 21 30 47 18 41 12 29 26 19 14 36 34 45 39 24 2 20 44 40 31 4 3 8 42 38 16 43 48 49 

Inst_Index:3247 	 City_Num:50 	 Concorde:0.055202 	 MCTS:5.520237 Improve:-0.000000 	 Time:5.01 Seconds
Solution: 1 16 38 13 27 24 41 20 50 3 45 34 25 4 17 36 8 32 37 43 26 10 47 21 14 9 28 40 6 44 29 12 22 5 2 39 33 46 35 49 48 15 23 18 7 11 42 31 19 30 

Inst_Index:3248 	 City_Num:50 	 Concorde:0.055237 	 MCTS:5.523728 Improve:0.000000 	 Time:5.01 Seconds
Solution: 1 38 48 7 34 9 22 19 2 16 24 49 5 12 47 41 37 44 45 3 40 10 20 43 35 25 11 23 17 28 31 36 32 50 4 46 30 15 6 39 42 14 18 29 27 26 8 21 33 13 

Inst_Index:3249 	 City_Num:50 	 Concorde:0.056774 	 MCTS:5.677407 Improve:0.000000 	 Time:5.01 Seconds
Solution: 1 38 35 48 29 34 42 2 6 8 9 46 50 30 41 25 27 13 40 45 33 11 12 26 44 28 24 32 5 3 17 14 37 20 39 43 18 31 19 10 47 22 23 16 15 7 21 36 49 4 

Inst_Index:3250 	 City_Num:50 	 Concorde:0.057820 	 MCTS:5.781720 Improve:0.000285 	 Time:5.00 Seconds
Solution: 1 9 45 14 8 31 40 47 29 28 24 6 48 20 4 7 21 44 22 5 23 42 35 37 49 32 41 3 10 19 36 17 43 50 33 34 15 46 18 38 11 26 30 39 27 2 16 12 25 13 

Inst_Index:3251 	 City_Num:50 	 Concorde:0.058952 	 MCTS:5.892920 Improve:0.002303 	 Time:5.01 Seconds
Solution: 1 47 27 30 36 35 43 6 38 34 11 25 45 46 3 40 41 22 7 20 23 13 32 31 2 26 24 44 50 4 42 29 48 9 19 10 28 21 18 37 12 39 5 33 49 15 14 17 16 8 

Inst_Index:3252 	 City_Num:50 	 Concorde:0.053534 	 MCTS:5.353383 Improve:-0.000000 	 Time:5.00 Seconds
Solution: 1 33 29 45 20 19 35 38 50 25 14 49 18 5 10 13 30 23 41 31 4 16 7 21 22 46 36 40 17 15 12 9 26 32 37 47 34 3 24 27 48 42 2 11 8 39 6 28 43 44 

Inst_Index:3253 	 City_Num:50 	 Concorde:0.050979 	 MCTS:5.097888 Improve:0.000000 	 Time:5.00 Seconds
Solution: 1 48 46 21 2 38 11 50 32 49 26 12 18 28 7 39 13 15 10 47 3 4 19 16 27 30 40 31 17 24 9 41 34 6 8 25 37 35 45 43 5 36 14 29 42 23 44 33 20 22 

Inst_Index:3254 	 City_Num:50 	 Concorde:0.058891 	 MCTS:5.889136 Improve:0.000000 	 Time:5.01 Seconds
Solution: 1 40 46 5 30 45 37 3 27 15 18 43 28 22 36 7 4 47 48 6 35 23 25 50 10 17 14 42 16 26 21 34 20 31 19 39 13 32 29 2 49 9 24 41 12 38 8 33 44 11 

Inst_Index:3255 	 City_Num:50 	 Concorde:0.060213 	 MCTS:6.021294 Improve:0.000000 	 Time:5.00 Seconds
Solution: 1 26 43 38 46 27 28 39 44 16 22 34 23 24 13 14 19 5 6 50 29 11 7 35 31 48 21 37 49 17 18 47 36 3 25 40 42 10 20 15 4 41 12 8 32 33 9 2 45 30 

Inst_Index:3256 	 City_Num:50 	 Concorde:0.056303 	 MCTS:5.630265 Improve:0.000000 	 Time:5.00 Seconds
Solution: 1 38 16 8 36 34 37 10 48 40 28 43 15 35 5 42 13 31 17 41 6 19 2 30 26 12 21 4 3 33 45 18 20 7 46 9 25 11 32 39 27 22 49 44 50 47 24 23 29 14 

Inst_Index:3257 	 City_Num:50 	 Concorde:0.054587 	 MCTS:5.458675 Improve:0.000000 	 Time:5.00 Seconds
Solution: 1 6 7 37 25 9 15 13 29 33 28 11 32 24 27 41 31 35 47 43 8 50 16 21 4 17 2 12 14 20 19 34 39 26 3 49 38 36 30 5 46 18 23 10 44 48 42 45 22 40 

Inst_Index:3258 	 City_Num:50 	 Concorde:0.059141 	 MCTS:5.914052 Improve:-0.000000 	 Time:5.00 Seconds
Solution: 1 41 15 12 4 34 20 8 40 31 21 30 27 42 3 7 24 22 29 17 2 14 47 16 44 19 48 39 13 23 32 45 49 9 37 43 26 36 28 10 50 18 38 6 5 35 25 46 33 11 

Inst_Index:3259 	 City_Num:50 	 Concorde:0.056921 	 MCTS:5.687862 Improve:0.004246 	 Time:5.00 Seconds
Solution: 1 43 29 6 3 30 46 17 44 5 48 41 7 23 36 40 37 16 18 42 35 2 10 47 14 38 39 28 21 31 4 32 49 20 13 50 19 24 15 12 8 9 27 11 33 22 45 25 34 26 

Inst_Index:3260 	 City_Num:50 	 Concorde:0.056056 	 MCTS:5.605119 Improve:0.000470 	 Time:5.00 Seconds
Solution: 1 10 38 47 14 24 5 18 35 50 8 12 21 36 45 16 29 33 41 17 25 40 27 15 28 44 49 31 37 30 23 39 46 11 48 43 3 20 42 4 7 26 6 19 34 9 22 2 32 13 

Inst_Index:3261 	 City_Num:50 	 Concorde:0.059703 	 MCTS:5.970274 Improve:0.000000 	 Time:5.01 Seconds
Solution: 1 27 41 30 33 24 28 38 36 4 46 25 2 12 50 34 40 42 16 17 6 10 35 31 32 37 13 18 15 19 11 48 14 21 22 5 23 9 3 47 45 39 44 43 49 26 29 7 20 8 

Inst_Index:3262 	 City_Num:50 	 Concorde:0.058376 	 MCTS:5.837581 Improve:-0.000000 	 Time:5.00 Seconds
Solution: 1 30 41 2 18 8 12 37 22 19 23 33 47 6 32 9 21 13 46 44 26 50 11 15 43 16 10 31 24 14 35 17 42 28 48 3 27 20 34 49 39 4 29 5 38 40 36 7 25 45 

Inst_Index:3263 	 City_Num:50 	 Concorde:0.056570 	 MCTS:5.657050 Improve:0.000000 	 Time:5.00 Seconds
Solution: 1 28 21 48 5 4 7 27 6 50 25 31 15 3 2 16 30 9 42 19 10 24 39 29 13 33 35 45 23 22 32 41 43 17 36 37 46 20 11 8 40 26 44 14 34 18 12 38 47 49 

Inst_Index:3264 	 City_Num:50 	 Concorde:0.057149 	 MCTS:5.714950 Improve:0.000000 	 Time:5.00 Seconds
Solution: 1 43 45 4 11 10 5 19 34 49 18 42 48 7 37 28 3 13 15 17 50 30 44 33 16 47 14 32 27 41 24 38 8 6 29 21 20 36 12 40 25 22 39 9 2 23 26 35 46 31 

Inst_Index:3265 	 City_Num:50 	 Concorde:0.059151 	 MCTS:5.925395 Improve:-0.010247 	 Time:5.01 Seconds
Solution: 1 29 25 3 43 34 8 37 15 28 9 33 30 13 14 42 2 35 32 5 40 26 44 38 16 49 21 36 41 47 46 48 19 23 6 10 11 12 17 45 24 27 18 31 50 7 20 39 4 22 

Inst_Index:3266 	 City_Num:50 	 Concorde:0.052959 	 MCTS:5.295914 Improve:-0.000000 	 Time:5.00 Seconds
Solution: 1 17 34 44 12 19 15 3 6 31 32 7 14 20 28 36 11 13 46 35 18 42 23 40 29 41 10 5 2 50 47 43 37 48 24 39 33 22 45 30 21 49 16 26 27 8 38 9 4 25 

Inst_Index:3267 	 City_Num:50 	 Concorde:0.057404 	 MCTS:5.739460 Improve:0.000988 	 Time:5.01 Seconds
Solution: 1 19 31 18 49 39 27 48 21 7 3 14 4 35 10 13 33 12 34 45 9 22 15 24 6 2 23 41 37 25 5 46 30 50 36 44 26 17 28 47 38 8 42 43 40 11 20 32 29 16 

Inst_Index:3268 	 City_Num:50 	 Concorde:0.051839 	 MCTS:5.183900 Improve:0.000000 	 Time:5.01 Seconds
Solution: 1 27 11 7 35 4 25 12 42 20 29 40 39 9 23 26 48 3 14 10 36 37 17 43 50 16 46 18 8 38 32 22 5 47 45 30 19 13 15 44 33 21 31 49 24 41 2 6 34 28 

Inst_Index:3269 	 City_Num:50 	 Concorde:0.052726 	 MCTS:5.272414 Improve:0.000171 	 Time:5.01 Seconds
Solution: 1 16 2 29 38 5 27 26 15 18 41 21 7 23 49 9 50 35 42 14 19 12 30 13 8 36 39 46 3 22 37 33 6 11 10 17 28 45 25 48 43 4 24 44 47 31 40 34 20 32 

Inst_Index:3270 	 City_Num:50 	 Concorde:0.059908 	 MCTS:5.990787 Improve:-0.000000 	 Time:5.00 Seconds
Solution: 1 47 49 16 17 13 28 36 45 32 11 15 2 30 23 9 37 22 31 18 7 48 44 34 41 20 43 24 19 38 35 5 29 14 3 12 6 40 4 10 46 50 33 39 8 42 21 25 26 27 

Inst_Index:3271 	 City_Num:50 	 Concorde:0.059555 	 MCTS:5.955442 Improve:0.000096 	 Time:5.00 Seconds
Solution: 1 5 41 24 48 40 29 39 33 45 32 21 43 3 7 12 44 37 35 9 6 27 17 28 2 42 30 11 16 23 14 46 18 49 25 38 22 47 31 19 8 15 26 4 13 36 34 50 20 10 

Inst_Index:3272 	 City_Num:50 	 Concorde:0.054199 	 MCTS:5.417516 Improve:0.002338 	 Time:5.01 Seconds
Solution: 1 11 21 48 25 19 5 3 10 17 45 7 32 35 13 29 28 34 18 43 33 36 44 14 20 50 42 46 15 4 47 22 16 31 26 9 30 39 37 24 6 2 38 23 27 8 41 12 40 49 

Inst_Index:3273 	 City_Num:50 	 Concorde:0.055798 	 MCTS:5.579821 Improve:-0.000000 	 Time:5.00 Seconds
Solution: 1 24 32 2 47 9 28 29 25 34 15 23 20 27 5 41 7 4 13 49 18 42 21 46 14 48 38 44 37 8 11 39 33 6 36 10 12 43 31 19 50 45 40 35 16 3 26 17 30 22 

Inst_Index:3274 	 City_Num:50 	 Concorde:0.056200 	 MCTS:5.619990 Improve:0.000000 	 Time:5.00 Seconds
Solution: 1 39 33 26 15 34 17 20 32 7 24 38 31 41 27 42 2 25 14 8 28 48 4 47 40 46 50 12 45 37 5 23 30 43 13 10 35 6 9 49 22 3 29 11 16 21 19 18 44 36 

Inst_Index:3275 	 City_Num:50 	 Concorde:0.059951 	 MCTS:5.990177 Improve:0.004893 	 Time:5.00 Seconds
Solution: 1 43 21 6 28 9 45 7 46 5 38 3 8 42 22 19 13 32 39 35 40 50 2 4 33 23 44 29 15 24 47 16 27 26 14 36 12 25 10 49 41 34 31 37 17 18 20 30 48 11 

Inst_Index:3276 	 City_Num:50 	 Concorde:0.059267 	 MCTS:5.926651 Improve:0.000000 	 Time:5.00 Seconds
Solution: 1 22 32 50 4 39 21 27 37 25 30 17 6 13 2 8 49 23 44 45 11 41 43 20 14 26 40 7 19 48 35 9 38 16 24 31 34 36 42 46 33 10 47 12 3 29 28 5 15 18 

Inst_Index:3277 	 City_Num:50 	 Concorde:0.054940 	 MCTS:5.493992 Improve:0.000013 	 Time:5.00 Seconds
Solution: 1 10 17 2 4 9 5 18 19 22 21 38 35 13 39 7 14 26 8 25 33 29 47 32 37 12 41 24 48 30 44 50 16 31 36 46 34 11 3 28 20 23 42 49 6 43 15 40 45 27 

Inst_Index:3278 	 City_Num:50 	 Concorde:0.054750 	 MCTS:5.475008 Improve:0.000000 	 Time:5.00 Seconds
Solution: 1 20 12 3 23 35 37 48 21 49 42 9 24 16 22 36 45 2 8 15 47 19 29 11 40 33 18 7 41 50 14 26 27 34 6 31 28 44 13 5 30 46 4 10 25 39 43 38 17 32 

Inst_Index:3279 	 City_Num:50 	 Concorde:0.058828 	 MCTS:5.877377 Improve:0.005433 	 Time:5.00 Seconds
Solution: 1 47 21 48 31 12 49 45 36 30 8 42 3 11 23 37 13 32 50 38 28 2 33 29 7 6 4 27 19 35 34 10 20 24 9 15 5 16 46 39 17 40 25 41 43 14 44 18 26 22 

Inst_Index:3280 	 City_Num:50 	 Concorde:0.054879 	 MCTS:5.482533 Improve:0.005414 	 Time:5.00 Seconds
Solution: 1 45 42 26 37 19 13 3 40 16 32 8 21 47 22 17 27 7 48 15 36 41 38 34 18 30 43 46 23 10 14 39 25 2 35 11 31 6 24 4 49 33 44 29 5 12 9 20 50 28 

Inst_Index:3281 	 City_Num:50 	 Concorde:0.055855 	 MCTS:5.583087 Improve:0.002392 	 Time:5.01 Seconds
Solution: 1 49 31 35 27 33 44 28 22 11 42 50 40 36 23 19 12 20 13 34 25 4 6 32 16 10 47 9 17 46 18 5 14 48 37 41 24 45 39 8 30 26 29 21 43 2 38 7 15 3 

Inst_Index:3282 	 City_Num:50 	 Concorde:0.054172 	 MCTS:5.414570 Improve:0.002667 	 Time:5.01 Seconds
Solution: 1 8 12 29 19 26 2 38 44 36 25 45 27 43 28 17 35 42 40 30 20 34 4 48 23 46 49 47 14 50 11 3 21 37 5 31 24 33 7 9 6 15 39 10 13 22 18 41 16 32 

Inst_Index:3283 	 City_Num:50 	 Concorde:0.058775 	 MCTS:5.877520 Improve:0.000000 	 Time:5.00 Seconds
Solution: 1 49 31 46 9 39 24 7 27 16 14 10 38 3 8 43 37 45 4 47 48 13 42 26 23 33 36 25 17 22 5 12 2 20 44 30 28 29 40 21 6 41 35 50 32 34 15 18 19 11 

Inst_Index:3284 	 City_Num:50 	 Concorde:0.056506 	 MCTS:5.649754 Improve:0.000884 	 Time:5.00 Seconds
Solution: 1 41 7 46 5 43 44 39 33 38 45 9 32 22 36 4 27 18 28 31 2 37 6 29 14 11 50 12 34 3 47 40 17 21 8 23 25 42 19 24 20 15 35 49 10 16 13 26 48 30 

Inst_Index:3285 	 City_Num:50 	 Concorde:0.055826 	 MCTS:5.582604 Improve:-0.000000 	 Time:5.00 Seconds
Solution: 1 46 11 13 4 5 32 35 30 49 21 8 45 47 22 14 15 39 34 26 50 31 2 24 28 37 25 40 16 18 38 10 33 9 7 19 17 43 12 48 3 6 27 23 41 44 42 29 20 36 

Inst_Index:3286 	 City_Num:50 	 Concorde:0.059985 	 MCTS:5.996153 Improve:0.002314 	 Time:5.00 Seconds
Solution: 1 25 15 41 5 17 24 38 9 35 20 26 16 7 29 13 50 46 21 4 48 30 14 34 28 39 42 37 47 3 43 12 10 32 22 49 6 44 2 33 19 18 40 27 8 31 11 45 23 36 

Inst_Index:3287 	 City_Num:50 	 Concorde:0.056982 	 MCTS:5.696761 Improve:0.001393 	 Time:5.00 Seconds
Solution: 1 26 29 46 41 37 22 6 45 2 5 40 14 7 44 13 36 47 21 27 10 12 17 42 35 9 19 38 15 49 32 34 16 43 3 11 28 33 8 4 30 20 23 31 25 18 50 24 48 39 

Inst_Index:3288 	 City_Num:50 	 Concorde:0.058652 	 MCTS:5.865168 Improve:0.000000 	 Time:5.00 Seconds
Solution: 1 29 46 16 48 26 37 44 7 39 45 22 17 12 15 21 42 49 32 18 47 28 8 38 11 2 30 23 36 33 6 35 9 41 10 13 5 4 34 27 14 20 50 24 25 3 40 43 19 31 

Inst_Index:3289 	 City_Num:50 	 Concorde:0.058848 	 MCTS:5.884799 Improve:-0.000000 	 Time:5.00 Seconds
Solution: 1 15 44 7 37 21 12 27 13 5 40 43 20 34 22 18 42 25 6 10 19 16 38 49 24 41 47 31 50 26 3 30 46 33 14 29 4 36 23 32 35 48 45 9 2 8 39 28 17 11 

Inst_Index:3290 	 City_Num:50 	 Concorde:0.057500 	 MCTS:5.749977 Improve:0.000000 	 Time:5.00 Seconds
Solution: 1 23 8 24 50 25 6 9 7 21 48 26 42 34 3 36 5 45 19 13 27 41 12 4 44 14 49 43 31 39 22 40 18 30 16 28 32 37 29 15 35 47 20 38 33 11 17 2 10 46 

Inst_Index:3291 	 City_Num:50 	 Concorde:0.054718 	 MCTS:5.471797 Improve:0.000000 	 Time:5.00 Seconds
Solution: 1 8 6 18 24 5 50 26 43 34 13 28 32 11 14 46 30 17 41 3 35 31 4 44 2 22 49 7 39 47 25 19 15 42 20 27 29 16 9 36 45 38 21 33 12 40 23 48 10 37 

Inst_Index:3292 	 City_Num:50 	 Concorde:0.053434 	 MCTS:5.343398 Improve:-0.000000 	 Time:5.00 Seconds
Solution: 1 28 14 23 40 2 36 34 46 18 8 48 37 13 7 27 49 5 26 4 20 33 21 25 29 47 19 35 44 9 30 16 22 10 38 50 32 31 24 43 39 12 45 42 11 41 17 6 15 3 

Inst_Index:3293 	 City_Num:50 	 Concorde:0.058093 	 MCTS:5.809258 Improve:0.000000 	 Time:5.00 Seconds
Solution: 1 23 40 11 3 28 38 45 32 5 12 31 17 37 46 35 47 6 24 50 10 43 34 8 42 41 44 14 7 25 29 30 33 15 20 19 4 2 21 13 36 9 27 48 16 22 26 39 18 49 

Inst_Index:3294 	 City_Num:50 	 Concorde:0.056919 	 MCTS:5.681000 Improve:0.010858 	 Time:5.01 Seconds
Solution: 1 46 32 43 28 42 11 40 35 31 48 29 5 37 3 20 22 7 14 6 8 19 17 50 2 41 10 24 23 38 27 13 44 33 4 30 18 26 39 16 9 36 34 49 12 25 21 15 45 47 

Inst_Index:3295 	 City_Num:50 	 Concorde:0.055470 	 MCTS:5.541899 Improve:0.005085 	 Time:5.00 Seconds
Solution: 1 41 46 45 42 39 37 10 27 30 18 40 11 23 12 8 49 16 35 21 29 38 32 26 14 15 13 22 43 9 24 4 5 33 2 48 34 6 36 28 17 7 47 50 25 19 20 3 44 31 

Inst_Index:3296 	 City_Num:50 	 Concorde:0.057345 	 MCTS:5.730490 Improve:0.003988 	 Time:5.00 Seconds
Solution: 1 12 28 36 45 2 34 19 39 46 4 42 49 47 41 5 11 17 33 40 7 31 25 13 6 43 9 10 20 38 44 18 14 16 29 8 35 48 15 30 50 37 3 23 24 21 27 32 22 26 

Inst_Index:3297 	 City_Num:50 	 Concorde:0.060362 	 MCTS:6.036195 Improve:0.000000 	 Time:5.00 Seconds
Solution: 1 48 45 37 7 12 26 25 38 31 13 10 17 2 49 24 40 28 33 5 19 43 44 3 36 32 8 29 30 18 4 15 16 50 47 46 9 23 6 35 14 34 39 41 20 27 42 21 22 11 

Inst_Index:3298 	 City_Num:50 	 Concorde:0.059582 	 MCTS:5.956922 Improve:0.001302 	 Time:5.02 Seconds
Solution: 1 29 18 4 13 31 12 23 46 11 9 50 14 39 6 2 10 38 8 26 37 7 27 49 41 22 40 47 35 34 5 44 48 15 20 24 42 43 17 19 30 3 28 33 32 36 16 21 45 25 

Inst_Index:3299 	 City_Num:50 	 Concorde:0.055149 	 MCTS:5.514922 Improve:0.000000 	 Time:5.00 Seconds
Solution: 1 33 32 20 44 17 3 25 22 19 37 27 10 38 39 11 42 21 35 46 15 50 45 28 30 9 31 36 40 8 16 24 23 49 12 6 48 26 47 34 2 5 13 29 7 18 41 4 14 43 

Inst_Index:3300 	 City_Num:50 	 Concorde:0.058168 	 MCTS:5.816815 Improve:0.000000 	 Time:5.01 Seconds
Solution: 1 7 16 25 32 41 13 49 3 21 8 50 27 28 19 5 37 44 43 22 42 10 4 12 30 33 31 26 38 40 39 23 34 20 15 11 29 24 9 6 2 18 35 48 47 36 46 17 45 14 

Inst_Index:3301 	 City_Num:50 	 Concorde:0.056600 	 MCTS:5.658122 Improve:0.001843 	 Time:5.01 Seconds
Solution: 1 11 31 13 42 50 26 23 38 33 35 25 46 24 34 5 36 22 17 2 4 7 15 9 10 48 8 45 16 19 27 20 29 28 41 39 21 30 47 37 32 40 43 18 44 49 3 6 12 14 

Inst_Index:3302 	 City_Num:50 	 Concorde:0.054052 	 MCTS:5.399085 Improve:0.006138 	 Time:5.00 Seconds
Solution: 1 36 41 11 31 28 16 4 40 18 21 27 19 17 47 45 23 25 49 5 44 43 32 7 8 2 14 12 34 10 48 35 9 50 6 22 26 37 15 20 24 13 30 39 29 42 38 33 3 46 

Inst_Index:3303 	 City_Num:50 	 Concorde:0.057070 	 MCTS:5.702661 Improve:0.004380 	 Time:5.00 Seconds
Solution: 1 40 7 12 34 39 10 11 43 49 6 15 37 44 32 50 25 24 48 45 2 18 35 14 19 29 23 13 16 36 21 17 9 30 41 5 20 4 38 8 33 27 31 42 26 22 3 47 28 46 

Inst_Index:3304 	 City_Num:50 	 Concorde:0.059202 	 MCTS:5.920227 Improve:-0.000000 	 Time:5.00 Seconds
Solution: 1 29 50 41 10 4 37 5 8 2 23 46 42 16 39 3 22 9 38 40 33 49 13 24 26 35 48 43 21 19 32 12 47 15 18 25 31 11 44 6 36 28 27 20 7 14 45 17 30 34 

Inst_Index:3305 	 City_Num:50 	 Concorde:0.051643 	 MCTS:5.164266 Improve:0.000000 	 Time:5.00 Seconds
Solution: 1 16 50 33 11 17 38 29 47 7 46 39 20 22 34 15 9 27 28 18 4 36 26 42 31 12 32 23 2 45 30 21 43 19 35 6 3 10 14 24 13 40 25 48 41 49 5 8 44 37 

Inst_Index:3306 	 City_Num:50 	 Concorde:0.055752 	 MCTS:5.575213 Improve:0.000000 	 Time:5.00 Seconds
Solution: 1 21 50 44 47 24 14 31 20 13 19 17 45 3 28 43 8 49 42 34 11 37 7 30 29 35 4 38 27 39 25 6 32 41 5 9 33 22 2 15 23 36 12 46 40 16 10 26 18 48 

Inst_Index:3307 	 City_Num:50 	 Concorde:0.052335 	 MCTS:5.233506 Improve:-0.000000 	 Time:5.00 Seconds
Solution: 1 3 28 49 47 22 11 48 39 50 33 7 45 44 43 10 26 42 30 8 6 21 23 35 2 4 41 15 38 36 12 20 13 32 18 17 16 24 31 14 19 37 9 5 34 25 46 29 27 40 

Inst_Index:3308 	 City_Num:50 	 Concorde:0.056173 	 MCTS:5.615764 Improve:0.001507 	 Time:5.00 Seconds
Solution: 1 6 46 16 19 26 32 49 31 17 48 27 11 36 22 25 38 47 28 50 23 42 29 15 4 3 35 41 45 2 30 7 24 20 10 40 12 9 13 34 21 33 39 43 5 44 37 8 14 18 

Inst_Index:3309 	 City_Num:50 	 Concorde:0.055647 	 MCTS:5.564665 Improve:-0.000000 	 Time:5.00 Seconds
Solution: 1 11 47 22 5 42 12 44 32 3 18 41 50 35 48 7 15 29 17 43 34 6 37 31 40 49 9 21 16 28 38 8 24 27 23 30 13 39 46 36 14 33 10 45 2 20 25 4 19 26 

Inst_Index:3310 	 City_Num:50 	 Concorde:0.059354 	 MCTS:5.935414 Improve:0.000000 	 Time:5.00 Seconds
Solution: 1 19 20 37 32 22 4 27 46 48 30 43 34 26 38 14 40 21 11 23 44 17 28 24 12 9 33 6 18 10 47 5 16 3 8 7 29 39 13 49 35 2 31 42 15 25 36 41 50 45 

Inst_Index:3311 	 City_Num:50 	 Concorde:0.056657 	 MCTS:5.665551 Improve:0.000153 	 Time:5.01 Seconds
Solution: 1 12 42 43 50 48 28 11 10 16 21 4 44 7 2 22 24 30 34 32 20 33 49 40 6 36 47 3 27 15 19 18 9 41 38 35 26 14 5 17 29 23 46 8 13 37 45 25 31 39 

Inst_Index:3312 	 City_Num:50 	 Concorde:0.057686 	 MCTS:5.768593 Improve:0.000000 	 Time:5.00 Seconds
Solution: 1 35 10 29 22 2 21 24 44 4 11 34 30 27 23 20 50 14 48 47 49 13 42 45 3 46 7 9 37 19 16 6 18 36 39 17 38 26 40 28 32 15 33 41 43 25 12 31 8 5 

Inst_Index:3313 	 City_Num:50 	 Concorde:0.058414 	 MCTS:5.841372 Improve:0.000000 	 Time:5.01 Seconds
Solution: 1 42 44 50 20 24 36 37 19 34 39 21 10 46 16 6 7 45 17 38 18 12 13 27 40 25 47 33 43 29 31 26 48 8 49 30 41 32 35 22 23 9 4 5 15 2 11 14 3 28 

Inst_Index:3314 	 City_Num:50 	 Concorde:0.051606 	 MCTS:5.156969 Improve:0.003601 	 Time:5.00 Seconds
Solution: 1 8 29 32 13 6 42 31 40 27 43 50 25 19 35 3 34 5 22 4 37 12 38 30 39 46 28 16 23 10 11 24 7 17 14 48 49 45 9 20 15 36 18 2 44 47 33 26 21 41 

Inst_Index:3315 	 City_Num:50 	 Concorde:0.055533 	 MCTS:5.553324 Improve:0.000000 	 Time:5.03 Seconds
Solution: 1 33 36 45 50 22 4 42 29 19 28 27 24 43 46 31 20 44 40 30 26 11 48 39 9 7 47 8 32 25 3 17 41 15 10 21 49 23 18 38 5 2 6 14 35 13 16 12 34 37 

Inst_Index:3316 	 City_Num:50 	 Concorde:0.058604 	 MCTS:5.856573 Improve:0.003816 	 Time:5.00 Seconds
Solution: 1 34 22 37 28 27 36 32 47 30 7 9 49 23 16 5 8 43 38 21 46 50 11 4 33 17 19 31 15 45 14 10 39 44 18 42 29 2 41 20 13 3 25 24 6 40 48 26 35 12 

Inst_Index:3317 	 City_Num:50 	 Concorde:0.052632 	 MCTS:5.263184 Improve:0.000000 	 Time:5.00 Seconds
Solution: 1 49 50 38 21 30 42 23 17 31 22 32 35 4 43 3 7 44 26 10 29 20 39 14 18 16 48 15 11 28 40 36 12 27 13 25 46 19 33 9 6 41 24 2 45 47 5 34 37 8 

Inst_Index:3318 	 City_Num:50 	 Concorde:0.055866 	 MCTS:5.586581 Improve:-0.000000 	 Time:5.00 Seconds
Solution: 1 11 50 49 33 5 12 7 13 16 14 31 2 21 43 40 3 19 38 44 48 18 28 6 41 22 17 9 15 8 25 30 27 37 26 47 46 32 36 39 4 35 20 34 42 10 23 24 45 29 

Inst_Index:3319 	 City_Num:50 	 Concorde:0.056412 	 MCTS:5.641199 Improve:0.000000 	 Time:5.00 Seconds
Solution: 1 24 25 29 36 6 28 21 19 39 16 32 33 49 17 13 46 10 12 34 20 18 3 31 45 43 2 8 38 15 4 42 22 44 30 26 35 47 11 48 37 14 7 41 50 9 40 5 23 27 

Inst_Index:3320 	 City_Num:50 	 Concorde:0.050892 	 MCTS:5.088014 Improve:0.001149 	 Time:5.00 Seconds
Solution: 1 22 5 41 40 3 35 13 19 45 25 16 47 20 11 15 23 6 30 34 42 2 31 39 10 33 12 8 43 36 37 32 9 14 24 46 18 50 48 27 28 29 26 7 4 17 44 49 38 21 

Inst_Index:3321 	 City_Num:50 	 Concorde:0.055944 	 MCTS:5.589505 Improve:0.004866 	 Time:5.01 Seconds
Solution: 1 50 19 14 31 37 42 17 24 15 21 32 45 13 6 34 12 30 29 25 16 48 18 28 8 40 5 47 43 4 39 46 27 35 41 11 44 2 38 33 20 9 23 26 49 3 7 22 10 36 

Inst_Index:3322 	 City_Num:50 	 Concorde:0.055743 	 MCTS:5.574320 Improve:0.000000 	 Time:5.00 Seconds
Solution: 1 22 38 29 16 11 41 32 9 27 26 23 2 49 25 6 42 35 43 48 37 20 10 12 34 31 13 19 4 36 28 18 15 47 3 39 21 44 7 14 8 46 33 24 50 45 40 17 30 5 

Inst_Index:3323 	 City_Num:50 	 Concorde:0.054790 	 MCTS:5.478394 Improve:0.000565 	 Time:5.00 Seconds
Solution: 1 16 25 47 12 43 23 18 32 10 37 34 13 39 5 21 7 45 49 35 46 29 19 22 27 38 26 24 2 20 15 44 50 31 4 36 33 9 40 11 42 6 8 3 17 28 48 41 14 30 

Inst_Index:3324 	 City_Num:50 	 Concorde:0.060254 	 MCTS:6.025406 Improve:0.000000 	 Time:5.00 Seconds
Solution: 1 29 5 16 9 45 22 12 3 30 21 47 44 7 14 13 48 27 11 35 50 28 17 31 8 4 24 23 10 39 40 19 41 34 46 20 25 43 32 36 15 6 37 26 42 33 38 49 18 2 

Inst_Index:3325 	 City_Num:50 	 Concorde:0.055411 	 MCTS:5.533063 Improve:0.008005 	 Time:5.00 Seconds
Solution: 1 44 46 11 27 22 5 40 2 15 28 7 25 17 47 3 26 30 16 20 12 29 39 8 37 43 48 41 21 32 31 18 19 42 10 13 34 38 24 35 49 9 45 14 50 23 33 4 36 6 

Inst_Index:3326 	 City_Num:50 	 Concorde:0.051478 	 MCTS:5.146078 Improve:0.001743 	 Time:5.00 Seconds
Solution: 1 40 2 50 46 25 13 31 7 20 21 3 37 44 11 18 47 35 38 39 26 48 5 4 42 15 22 8 12 30 28 32 45 17 27 6 49 9 16 24 19 36 14 23 34 29 43 33 10 41 

Inst_Index:3327 	 City_Num:50 	 Concorde:0.059764 	 MCTS:5.975819 Improve:0.000607 	 Time:5.01 Seconds
Solution: 1 27 39 6 10 46 11 31 20 40 9 28 8 38 30 45 21 25 19 43 41 24 34 15 13 48 36 47 29 35 50 14 37 7 2 22 3 5 18 49 17 4 33 12 23 44 16 26 32 42 

Inst_Index:3328 	 City_Num:50 	 Concorde:0.054330 	 MCTS:5.433009 Improve:0.000000 	 Time:5.00 Seconds
Solution: 1 37 36 50 8 49 18 45 22 40 17 42 28 32 44 27 39 3 16 43 38 10 11 6 30 29 21 46 4 9 2 35 14 7 5 34 25 41 13 20 48 23 15 26 19 31 12 24 33 47 

Inst_Index:3329 	 City_Num:50 	 Concorde:0.057227 	 MCTS:5.722665 Improve:0.000000 	 Time:5.00 Seconds
Solution: 1 31 49 50 46 11 20 16 27 28 25 12 39 10 6 29 45 9 42 43 15 44 5 23 14 48 34 3 4 7 41 8 37 18 38 13 36 24 19 22 17 47 2 26 21 40 35 32 30 33 

Inst_Index:3330 	 City_Num:50 	 Concorde:0.056323 	 MCTS:5.632317 Improve:0.000000 	 Time:5.00 Seconds
Solution: 1 15 30 22 31 43 5 20 42 28 19 40 7 38 36 29 12 44 46 25 41 2 39 37 6 35 27 33 21 10 50 47 17 13 3 34 9 11 45 16 4 14 49 8 48 32 23 26 18 24 

Inst_Index:3331 	 City_Num:50 	 Concorde:0.054864 	 MCTS:5.486410 Improve:-0.000000 	 Time:5.01 Seconds
Solution: 1 19 27 33 45 43 15 40 48 46 32 28 16 29 8 31 37 11 6 36 9 35 34 10 47 23 26 49 3 24 42 30 21 14 5 44 4 25 38 39 18 12 17 22 20 41 13 7 50 2 

Inst_Index:3332 	 City_Num:50 	 Concorde:0.054877 	 MCTS:5.487721 Improve:0.000000 	 Time:5.00 Seconds
Solution: 1 50 47 45 9 2 38 16 28 11 20 26 36 18 3 43 44 42 15 5 23 41 39 25 46 48 32 27 8 24 10 37 17 21 31 12 34 35 4 6 19 30 40 22 29 33 13 7 49 14 

Inst_Index:3333 	 City_Num:50 	 Concorde:0.054246 	 MCTS:5.424572 Improve:-0.000000 	 Time:5.00 Seconds
Solution: 1 14 35 28 44 4 16 22 15 5 33 45 46 43 38 29 41 18 34 48 25 8 50 36 13 2 21 31 12 27 40 37 30 19 49 32 20 39 24 7 23 47 26 6 10 17 9 11 42 3 

Inst_Index:3334 	 City_Num:50 	 Concorde:0.056761 	 MCTS:5.676077 Improve:0.000000 	 Time:5.00 Seconds
Solution: 1 29 17 12 32 49 47 10 41 46 44 45 26 24 9 14 11 27 28 21 35 43 13 18 39 38 2 37 7 42 5 19 15 20 6 50 4 31 25 33 23 48 36 16 3 34 30 40 8 22 

Inst_Index:3335 	 City_Num:50 	 Concorde:0.057767 	 MCTS:5.776749 Improve:0.000000 	 Time:5.00 Seconds
Solution: 1 11 28 42 26 12 41 29 30 13 10 23 19 32 33 44 48 7 17 24 43 8 25 49 38 45 15 20 16 50 40 35 39 5 14 18 34 46 2 3 9 37 27 4 6 47 31 22 36 21 

Inst_Index:3336 	 City_Num:50 	 Concorde:0.058642 	 MCTS:5.863146 Improve:0.001038 	 Time:5.00 Seconds
Solution: 1 48 18 5 31 22 9 21 4 26 28 14 8 19 46 7 10 23 12 6 16 41 11 44 30 49 47 36 17 45 39 34 40 15 42 43 38 37 29 2 13 25 24 20 33 50 27 3 32 35 

Inst_Index:3337 	 City_Num:50 	 Concorde:0.055294 	 MCTS:5.529353 Improve:0.000000 	 Time:5.00 Seconds
Solution: 1 29 32 4 44 39 20 36 15 16 35 27 37 3 5 22 18 11 25 41 23 43 12 19 2 17 48 30 46 10 50 31 42 40 26 6 38 13 14 24 47 28 49 8 9 45 21 7 33 34 

Inst_Index:3338 	 City_Num:50 	 Concorde:0.059546 	 MCTS:5.952462 Improve:0.002106 	 Time:5.01 Seconds
Solution: 1 8 43 24 34 16 40 27 25 4 15 35 32 22 10 46 42 41 18 30 29 11 31 45 47 28 23 26 37 13 38 3 50 6 20 14 48 5 7 49 17 21 44 39 19 2 33 36 12 9 

Inst_Index:3339 	 City_Num:50 	 Concorde:0.058453 	 MCTS:5.845265 Improve:0.000000 	 Time:5.00 Seconds
Solution: 1 46 17 26 7 8 37 22 16 28 19 15 42 35 31 12 9 25 4 43 47 3 45 6 24 32 11 36 13 41 40 20 29 39 14 33 5 27 50 18 34 49 21 30 23 38 10 44 2 48 

Inst_Index:3340 	 City_Num:50 	 Concorde:0.057486 	 MCTS:5.747656 Improve:0.000933 	 Time:5.01 Seconds
Solution: 1 12 45 39 44 4 10 14 23 3 6 49 28 38 26 37 16 29 30 25 35 18 15 32 36 9 43 21 27 48 11 22 50 42 40 31 33 20 41 5 34 46 13 8 47 2 17 7 24 19 

Inst_Index:3341 	 City_Num:50 	 Concorde:0.056046 	 MCTS:5.603156 Improve:0.001472 	 Time:5.00 Seconds
Solution: 1 41 23 31 38 50 25 17 7 10 11 15 5 42 14 28 29 44 27 24 47 22 12 40 45 39 8 9 26 30 4 20 33 43 36 32 19 2 18 21 35 49 48 16 6 3 37 34 13 46 

Inst_Index:3342 	 City_Num:50 	 Concorde:0.062414 	 MCTS:6.239157 Improve:0.002196 	 Time:5.01 Seconds
Solution: 1 31 9 5 22 41 17 48 16 34 37 25 4 21 46 26 40 6 33 47 42 20 23 14 30 2 39 11 18 8 24 43 19 29 10 36 44 38 12 49 7 50 28 32 13 15 3 27 35 45 

Inst_Index:3343 	 City_Num:50 	 Concorde:0.059115 	 MCTS:5.911482 Improve:0.000000 	 Time:5.00 Seconds
Solution: 1 50 47 8 34 32 45 16 26 46 27 19 11 21 4 2 37 6 23 20 24 41 35 28 44 49 22 14 15 3 40 25 33 39 42 18 17 48 13 7 29 5 30 43 36 38 9 31 10 12 

Inst_Index:3344 	 City_Num:50 	 Concorde:0.058891 	 MCTS:5.889118 Improve:-0.000000 	 Time:5.03 Seconds
Solution: 1 39 26 18 2 15 38 33 45 4 24 19 13 30 5 42 41 28 16 9 36 11 22 10 49 34 20 35 17 8 14 43 23 3 44 46 25 7 40 32 31 6 29 47 12 21 27 37 50 48 

Inst_Index:3345 	 City_Num:50 	 Concorde:0.060843 	 MCTS:6.084284 Improve:-0.000000 	 Time:5.01 Seconds
Solution: 1 24 8 26 37 12 41 43 10 34 17 13 14 38 9 20 22 49 19 50 36 5 42 4 46 6 21 11 33 23 39 29 2 30 18 25 15 7 31 32 48 45 28 44 40 27 3 35 16 47 

Inst_Index:3346 	 City_Num:50 	 Concorde:0.060122 	 MCTS:6.012197 Improve:-0.000000 	 Time:5.00 Seconds
Solution: 1 37 46 33 47 16 6 15 13 8 14 50 34 10 25 24 39 22 7 18 20 30 32 43 36 2 41 27 3 21 5 11 29 45 23 26 35 9 42 48 12 40 19 49 28 4 38 17 31 44 

Inst_Index:3347 	 City_Num:50 	 Concorde:0.056845 	 MCTS:5.680840 Improve:0.003700 	 Time:5.00 Seconds
Solution: 1 9 21 35 2 33 6 16 20 25 34 39 26 17 12 3 10 47 19 32 40 5 44 13 15 42 31 11 38 28 50 46 27 8 29 43 45 41 24 4 7 30 18 49 36 37 48 22 14 23 

Inst_Index:3348 	 City_Num:50 	 Concorde:0.059135 	 MCTS:5.912978 Improve:0.000488 	 Time:5.00 Seconds
Solution: 1 45 44 18 23 12 19 41 14 40 39 43 21 33 42 25 10 31 32 8 24 26 6 46 22 5 7 36 48 17 37 16 11 3 27 30 9 50 47 28 15 4 13 2 38 49 29 35 20 34 

Inst_Index:3349 	 City_Num:50 	 Concorde:0.060879 	 MCTS:6.087418 Improve:0.000526 	 Time:5.01 Seconds
Solution: 1 31 38 22 34 33 9 8 35 42 2 21 7 49 18 19 47 50 41 40 12 48 24 17 37 6 23 30 39 10 16 5 20 15 13 29 43 28 46 14 11 4 32 27 3 36 26 45 25 44 

Inst_Index:3350 	 City_Num:50 	 Concorde:0.054996 	 MCTS:5.498827 Improve:0.000781 	 Time:5.03 Seconds
Solution: 1 2 37 3 27 42 31 47 40 20 48 15 6 5 14 29 18 35 11 13 45 8 9 46 10 28 7 34 39 22 33 50 30 49 12 23 4 21 36 16 32 19 17 24 38 26 41 25 43 44 

Inst_Index:3351 	 City_Num:50 	 Concorde:0.058406 	 MCTS:5.840590 Improve:-0.000000 	 Time:5.00 Seconds
Solution: 1 24 27 38 45 39 5 3 40 18 20 4 42 50 36 13 43 29 14 2 41 11 22 49 28 48 21 12 15 32 8 34 16 6 37 26 17 10 23 44 47 33 19 7 9 30 35 25 46 31 

Inst_Index:3352 	 City_Num:50 	 Concorde:0.059563 	 MCTS:5.954402 Improve:0.001928 	 Time:5.00 Seconds
Solution: 1 3 43 31 39 33 14 28 32 44 24 49 13 17 36 25 20 2 15 21 40 42 22 4 6 47 9 23 27 16 12 10 46 45 41 50 30 7 48 37 18 11 19 34 38 29 26 35 8 5 

Inst_Index:3353 	 City_Num:50 	 Concorde:0.058546 	 MCTS:5.854079 Improve:0.000512 	 Time:5.01 Seconds
Solution: 1 5 21 43 29 6 48 28 11 2 34 42 10 3 30 14 24 27 26 9 33 25 22 39 12 47 20 16 38 19 46 7 17 50 44 31 23 49 45 41 18 40 36 37 4 35 15 13 8 32 

Inst_Index:3354 	 City_Num:50 	 Concorde:0.057188 	 MCTS:5.718809 Improve:0.000000 	 Time:5.00 Seconds
Solution: 1 8 13 22 20 21 45 18 39 30 34 48 27 4 25 16 44 38 11 15 2 19 42 17 49 23 41 3 33 46 7 10 26 28 43 14 9 36 37 47 6 32 31 50 29 12 40 35 24 5 

Inst_Index:3355 	 City_Num:50 	 Concorde:0.053928 	 MCTS:5.392847 Improve:0.000000 	 Time:5.01 Seconds
Solution: 1 29 33 24 3 34 6 21 8 18 42 25 12 40 26 41 27 46 32 39 48 43 36 45 47 5 31 2 44 20 7 28 14 30 13 17 4 11 10 35 9 49 38 22 37 15 50 19 16 23 

Inst_Index:3356 	 City_Num:50 	 Concorde:0.057662 	 MCTS:5.766205 Improve:-0.000000 	 Time:5.00 Seconds
Solution: 1 9 19 28 44 10 17 38 8 7 37 33 47 3 25 50 23 45 6 16 43 18 31 30 20 35 26 22 34 5 14 40 49 32 11 39 24 48 27 42 46 12 29 4 13 2 41 15 36 21 

Inst_Index:3357 	 City_Num:50 	 Concorde:0.053362 	 MCTS:5.336194 Improve:0.000000 	 Time:5.00 Seconds
Solution: 1 22 19 28 21 12 40 24 47 44 23 13 15 33 6 42 35 9 27 3 7 34 31 4 5 48 43 17 26 49 50 16 29 30 32 46 18 25 38 36 20 14 39 2 37 11 10 41 45 8 

Inst_Index:3358 	 City_Num:50 	 Concorde:0.059501 	 MCTS:5.945259 Improve:0.004866 	 Time:5.01 Seconds
Solution: 1 42 39 22 21 44 8 26 9 27 20 43 10 14 49 30 50 12 19 17 37 15 34 46 23 48 47 5 7 40 6 18 24 11 29 32 16 41 38 31 33 45 4 28 2 25 13 36 3 35 

Inst_Index:3359 	 City_Num:50 	 Concorde:0.057645 	 MCTS:5.764526 Improve:0.000000 	 Time:5.00 Seconds
Solution: 1 23 12 11 40 19 2 8 14 9 33 13 42 39 28 6 49 45 44 24 38 50 15 31 26 18 3 35 29 4 20 34 25 21 48 41 5 46 37 10 30 16 27 47 43 22 17 36 7 32 

Inst_Index:3360 	 City_Num:50 	 Concorde:0.056604 	 MCTS:5.658301 Improve:0.002138 	 Time:5.00 Seconds
Solution: 1 39 21 26 47 12 36 20 33 13 6 11 24 22 9 25 44 40 16 35 29 42 3 8 41 50 7 37 5 38 14 34 18 32 15 45 27 28 17 19 49 31 43 46 10 48 30 2 23 4 

Inst_Index:3361 	 City_Num:50 	 Concorde:0.056445 	 MCTS:5.644550 Improve:0.000000 	 Time:5.00 Seconds
Solution: 1 39 31 36 32 23 29 30 43 44 19 12 21 42 40 3 48 34 33 8 28 16 37 26 46 22 25 20 17 11 7 10 35 14 9 4 38 6 45 15 24 41 49 50 47 5 27 18 13 2 

Inst_Index:3362 	 City_Num:50 	 Concorde:0.058129 	 MCTS:5.812942 Improve:-0.000000 	 Time:5.01 Seconds
Solution: 1 15 2 26 48 49 28 30 25 17 14 3 32 13 20 33 18 35 4 8 46 39 19 42 16 27 50 6 37 22 21 44 40 9 11 38 36 10 34 7 23 43 12 29 45 47 31 41 24 5 

Inst_Index:3363 	 City_Num:50 	 Concorde:0.055940 	 MCTS:5.594031 Improve:-0.000000 	 Time:5.00 Seconds
Solution: 1 28 47 37 35 6 38 45 49 3 7 12 31 24 33 15 23 19 4 20 34 39 32 17 44 8 30 21 26 14 42 11 5 36 22 16 13 43 9 18 25 46 41 40 10 2 50 48 29 27 

Inst_Index:3364 	 City_Num:50 	 Concorde:0.057055 	 MCTS:5.705472 Improve:0.000000 	 Time:5.00 Seconds
Solution: 1 21 10 35 26 11 12 23 18 50 17 32 31 15 40 6 33 3 36 7 5 34 48 16 39 37 13 29 49 14 30 28 43 20 8 27 45 25 9 4 41 38 42 47 44 24 2 46 22 19 

Inst_Index:3365 	 City_Num:50 	 Concorde:0.056380 	 MCTS:5.634466 Improve:0.003562 	 Time:5.00 Seconds
Solution: 1 32 29 46 37 3 34 38 39 35 10 18 45 12 42 13 43 17 19 23 16 5 30 14 7 47 40 41 6 33 20 26 22 50 4 44 15 49 21 8 2 28 9 25 48 36 11 31 24 27 

Inst_Index:3366 	 City_Num:50 	 Concorde:0.056602 	 MCTS:5.660215 Improve:-0.000016 	 Time:5.00 Seconds
Solution: 1 28 16 7 37 44 42 43 12 15 36 49 32 29 25 26 13 34 31 22 8 6 20 30 27 5 4 19 33 40 39 3 18 23 9 14 10 45 47 24 11 17 21 50 48 35 46 41 2 38 

Inst_Index:3367 	 City_Num:50 	 Concorde:0.057012 	 MCTS:5.701190 Improve:0.000000 	 Time:5.00 Seconds
Solution: 1 17 19 34 25 28 27 8 45 46 2 44 37 5 3 32 41 23 14 49 7 26 11 16 33 30 50 18 24 35 10 20 36 4 39 29 48 47 43 15 6 12 40 42 38 21 13 22 9 31 

Inst_Index:3368 	 City_Num:50 	 Concorde:0.061260 	 MCTS:6.124735 Improve:0.001236 	 Time:5.00 Seconds
Solution: 1 42 34 16 12 8 44 2 32 20 7 14 41 17 50 11 19 23 39 29 35 4 46 30 15 36 49 3 10 37 43 22 24 21 6 9 38 45 26 40 13 28 31 48 33 47 5 27 18 25 

Inst_Index:3369 	 City_Num:50 	 Concorde:0.057305 	 MCTS:5.730544 Improve:-0.000000 	 Time:5.01 Seconds
Solution: 1 37 6 31 7 25 50 18 16 9 23 40 30 33 26 22 34 24 28 19 10 42 45 48 5 49 17 2 12 4 3 36 38 11 47 46 43 41 13 35 29 27 14 32 44 39 15 8 21 20 

Inst_Index:3370 	 City_Num:50 	 Concorde:0.051611 	 MCTS:5.156535 Improve:0.004550 	 Time:5.00 Seconds
Solution: 1 28 33 30 46 37 18 19 14 43 47 35 50 32 10 8 12 26 36 49 15 11 9 17 6 21 23 31 27 40 45 2 20 22 42 7 39 16 34 4 3 24 29 48 38 5 25 13 41 44 

Inst_Index:3371 	 City_Num:50 	 Concorde:0.055652 	 MCTS:5.562813 Improve:0.002358 	 Time:5.01 Seconds
Solution: 1 10 4 7 12 27 18 21 6 48 29 8 49 42 38 3 28 30 50 33 2 41 11 26 19 15 23 40 16 35 46 25 47 37 36 14 13 34 45 20 43 32 44 5 24 9 22 17 39 31 

Inst_Index:3372 	 City_Num:50 	 Concorde:0.058738 	 MCTS:5.869057 Improve:0.004782 	 Time:5.00 Seconds
Solution: 1 8 29 16 25 32 42 36 21 10 20 7 11 14 38 6 13 17 12 48 47 35 34 39 28 5 19 27 41 22 26 23 44 2 24 18 45 43 46 30 37 33 4 9 49 40 31 15 3 50 

Inst_Index:3373 	 City_Num:50 	 Concorde:0.058947 	 MCTS:5.894718 Improve:0.000000 	 Time:5.00 Seconds
Solution: 1 35 28 37 2 38 20 9 12 50 42 31 41 4 32 3 14 44 49 21 24 39 22 36 45 23 30 5 40 29 19 6 7 48 13 17 33 47 16 27 25 43 11 8 18 46 10 26 15 34 

Inst_Index:3374 	 City_Num:50 	 Concorde:0.055571 	 MCTS:5.554789 Improve:0.002298 	 Time:5.00 Seconds
Solution: 1 23 25 45 36 9 38 32 7 2 20 30 15 37 50 8 6 11 41 10 40 12 31 13 42 48 43 39 44 35 17 49 14 3 33 19 47 4 34 46 28 18 26 29 5 21 27 24 22 16 

Inst_Index:3375 	 City_Num:50 	 Concorde:0.057281 	 MCTS:5.723724 Improve:0.004406 	 Time:5.00 Seconds
Solution: 1 8 27 37 44 25 24 43 29 38 47 10 35 19 41 21 17 39 33 23 28 4 14 32 3 5 18 45 12 26 13 48 9 15 40 34 6 49 11 42 36 20 22 7 31 16 30 50 46 2 

Inst_Index:3376 	 City_Num:50 	 Concorde:0.050275 	 MCTS:5.026036 Improve:0.001463 	 Time:5.00 Seconds
Solution: 1 31 22 34 26 35 28 29 50 44 15 43 37 13 17 10 24 42 46 33 2 47 39 18 6 11 40 3 49 25 12 14 45 38 30 23 7 36 19 27 32 48 4 21 8 16 20 5 41 9 

Inst_Index:3377 	 City_Num:50 	 Concorde:0.057120 	 MCTS:5.709564 Improve:0.002483 	 Time:5.01 Seconds
Solution: 1 17 21 5 34 16 8 38 12 22 44 13 23 30 47 27 11 32 2 26 37 24 40 35 33 39 45 49 19 48 10 7 20 36 14 42 9 3 15 50 41 25 4 28 6 29 46 18 43 31 

Inst_Index:3378 	 City_Num:50 	 Concorde:0.061350 	 MCTS:6.142290 Improve:-0.007289 	 Time:5.00 Seconds
Solution: 1 22 26 25 29 41 47 31 43 21 17 40 3 6 2 13 5 9 14 10 24 20 50 11 12 38 35 7 37 27 36 33 46 4 42 39 23 49 28 16 48 44 32 18 8 19 34 15 30 45 

Inst_Index:3379 	 City_Num:50 	 Concorde:0.052200 	 MCTS:5.215492 Improve:0.004472 	 Time:5.00 Seconds
Solution: 1 39 3 37 17 29 6 35 43 31 36 15 28 23 30 34 41 21 46 45 9 16 12 5 22 4 13 24 40 27 38 49 25 7 44 33 2 26 20 8 50 32 18 42 47 10 14 19 11 48 

Inst_Index:3380 	 City_Num:50 	 Concorde:0.056671 	 MCTS:5.665620 Improve:0.001526 	 Time:5.00 Seconds
Solution: 1 41 14 42 12 38 6 35 8 13 3 39 11 49 47 23 30 18 4 45 26 17 31 50 9 44 16 25 15 2 33 36 28 34 27 40 5 22 48 7 20 29 10 37 43 32 46 21 19 24 

Inst_Index:3381 	 City_Num:50 	 Concorde:0.056051 	 MCTS:5.605127 Improve:-0.000000 	 Time:5.01 Seconds
Solution: 1 22 17 15 10 33 28 27 21 31 49 25 9 18 11 23 24 35 46 38 5 43 30 12 36 26 34 7 2 3 42 14 4 39 47 32 29 16 20 6 45 50 13 44 37 40 41 48 19 8 

Inst_Index:3382 	 City_Num:50 	 Concorde:0.057141 	 MCTS:5.712483 Improve:0.001634 	 Time:5.00 Seconds
Solution: 1 37 5 24 10 19 8 26 14 22 33 30 31 39 20 15 9 16 38 29 45 13 40 42 17 18 3 36 41 49 50 47 6 27 21 48 7 34 35 32 11 46 43 23 25 44 12 2 28 4 

Inst_Index:3383 	 City_Num:50 	 Concorde:0.058676 	 MCTS:5.867649 Improve:0.000000 	 Time:5.00 Seconds
Solution: 1 37 31 8 44 45 23 48 24 40 12 19 32 43 36 21 14 33 49 46 38 18 6 16 42 27 9 15 4 20 41 10 47 29 26 3 28 39 34 17 35 11 7 2 13 22 50 5 25 30 

Inst_Index:3384 	 City_Num:50 	 Concorde:0.051799 	 MCTS:5.174009 Improve:0.005923 	 Time:5.00 Seconds
Solution: 1 26 20 45 37 10 47 15 3 12 23 43 16 22 38 42 39 50 13 35 9 6 49 14 25 5 34 32 31 4 29 24 7 36 18 2 28 41 17 33 27 46 44 30 8 19 21 40 11 48 

Inst_Index:3385 	 City_Num:50 	 Concorde:0.057699 	 MCTS:5.769870 Improve:0.000000 	 Time:5.00 Seconds
Solution: 1 31 28 37 49 27 38 23 46 14 32 16 39 7 4 30 17 41 2 40 35 19 26 6 13 5 48 21 22 47 36 50 8 3 11 12 33 18 43 45 10 9 15 20 34 24 44 42 29 25 

Inst_Index:3386 	 City_Num:50 	 Concorde:0.059616 	 MCTS:5.961551 Improve:0.000000 	 Time:5.00 Seconds
Solution: 1 7 44 18 39 19 3 6 48 31 14 26 12 21 27 42 50 37 47 10 49 43 32 23 35 34 20 30 5 2 40 17 36 24 45 16 46 9 4 41 25 28 22 8 33 15 13 38 11 29 

Inst_Index:3387 	 City_Num:50 	 Concorde:0.056902 	 MCTS:5.690225 Improve:-0.000000 	 Time:5.00 Seconds
Solution: 1 28 43 11 49 8 44 21 3 33 24 39 42 32 26 4 23 12 17 35 37 47 27 16 6 40 2 34 38 5 7 46 29 25 30 18 9 31 13 10 41 45 50 48 14 15 22 20 19 36 

Inst_Index:3388 	 City_Num:50 	 Concorde:0.055673 	 MCTS:5.567285 Improve:0.000000 	 Time:5.00 Seconds
Solution: 1 25 41 27 2 26 19 22 37 6 4 29 35 47 50 32 38 24 11 33 20 45 39 43 30 10 18 46 28 36 21 13 34 17 48 44 14 8 16 3 9 12 7 42 40 31 23 5 49 15 

Inst_Index:3389 	 City_Num:50 	 Concorde:0.051311 	 MCTS:5.131121 Improve:0.000000 	 Time:5.00 Seconds
Solution: 1 6 2 21 27 38 13 32 25 44 47 16 20 43 42 45 46 30 41 35 5 17 18 8 23 49 11 48 36 15 50 31 39 34 14 28 12 7 29 3 22 10 19 24 37 33 40 26 4 9 

Inst_Index:3390 	 City_Num:50 	 Concorde:0.057159 	 MCTS:5.715889 Improve:0.000000 	 Time:5.00 Seconds
Solution: 1 37 11 4 19 15 33 18 43 8 50 24 7 17 10 29 27 36 39 20 3 13 23 32 28 22 12 31 49 2 42 6 9 40 25 14 35 26 46 5 47 44 16 45 38 41 30 34 21 48 

Inst_Index:3391 	 City_Num:50 	 Concorde:0.056109 	 MCTS:5.610041 Improve:0.000903 	 Time:5.00 Seconds
Solution: 1 50 37 18 45 5 48 39 38 46 6 21 40 2 27 16 25 49 17 26 29 3 9 36 4 24 23 42 12 11 15 7 30 47 22 43 44 41 32 10 19 13 31 20 8 28 35 33 34 14 

Inst_Index:3392 	 City_Num:50 	 Concorde:0.056295 	 MCTS:5.629539 Improve:0.000000 	 Time:5.00 Seconds
Solution: 1 31 42 8 16 35 32 3 37 4 5 2 9 15 38 22 21 34 50 49 23 27 7 6 30 24 48 10 26 19 25 11 20 45 28 40 43 33 41 44 39 17 18 46 12 47 14 29 36 13 

Inst_Index:3393 	 City_Num:50 	 Concorde:0.054228 	 MCTS:5.422786 Improve:0.000000 	 Time:5.00 Seconds
Solution: 1 20 44 25 32 15 3 35 6 37 7 29 48 50 34 22 42 2 27 33 40 14 45 46 28 18 8 24 11 31 19 21 43 49 26 47 13 17 41 39 36 30 4 23 38 16 10 9 5 12 

Inst_Index:3394 	 City_Num:50 	 Concorde:0.054569 	 MCTS:5.456883 Improve:-0.000000 	 Time:5.01 Seconds
Solution: 1 15 24 48 43 40 36 3 29 49 50 6 47 23 46 4 19 18 28 27 34 20 14 11 33 22 2 44 31 25 13 41 10 17 37 32 16 30 39 42 26 7 5 9 12 8 35 45 21 38 

Inst_Index:3395 	 City_Num:50 	 Concorde:0.058739 	 MCTS:5.873880 Improve:0.000000 	 Time:5.00 Seconds
Solution: 1 24 6 7 4 14 22 13 48 11 43 28 44 18 33 2 32 36 27 41 37 8 42 49 17 20 50 34 45 47 23 15 21 5 38 29 16 31 35 26 30 40 3 46 25 10 19 9 12 39 

Inst_Index:3396 	 City_Num:50 	 Concorde:0.053967 	 MCTS:5.391207 Improve:0.005527 	 Time:5.00 Seconds
Solution: 1 44 25 7 32 30 21 17 19 36 8 46 43 27 15 49 23 35 40 14 11 31 41 3 6 10 47 16 5 13 48 37 28 24 29 45 20 33 38 26 4 50 22 9 18 34 42 12 2 39 

Inst_Index:3397 	 City_Num:50 	 Concorde:0.063835 	 MCTS:6.380789 Improve:0.002685 	 Time:5.00 Seconds
Solution: 1 27 30 29 22 25 13 47 39 12 19 42 35 43 23 10 38 5 6 49 15 46 28 45 34 48 33 17 40 21 7 9 14 44 20 4 2 16 11 37 50 24 3 26 18 41 8 31 32 36 

Inst_Index:3398 	 City_Num:50 	 Concorde:0.056930 	 MCTS:5.693021 Improve:0.000000 	 Time:5.00 Seconds
Solution: 1 13 42 11 38 37 45 46 19 24 9 7 17 18 28 21 23 47 16 26 34 44 2 48 22 14 35 29 10 12 20 6 50 39 36 8 49 41 4 40 5 32 25 3 31 33 27 30 43 15 

Inst_Index:3399 	 City_Num:50 	 Concorde:0.061183 	 MCTS:6.117204 Improve:0.001113 	 Time:5.00 Seconds
Solution: 1 4 37 29 44 41 30 49 5 16 7 33 46 11 32 10 35 50 19 12 38 24 23 18 15 22 17 14 34 26 27 28 20 31 40 47 8 39 6 2 43 9 36 45 21 48 42 13 3 25 

Inst_Index:3400 	 City_Num:50 	 Concorde:0.055681 	 MCTS:5.568065 Improve:0.000000 	 Time:5.00 Seconds
Solution: 1 29 16 45 11 20 38 32 8 43 48 13 7 39 46 23 25 28 4 9 42 44 33 22 50 41 27 21 12 35 31 24 10 17 40 19 49 5 30 3 47 15 14 6 34 26 18 37 2 36 

Inst_Index:3401 	 City_Num:50 	 Concorde:0.057384 	 MCTS:5.736641 Improve:0.001769 	 Time:5.00 Seconds
Solution: 1 35 8 47 5 11 20 7 43 3 6 25 28 26 29 42 34 32 23 30 46 36 21 14 44 24 15 16 45 48 41 27 31 9 39 50 22 37 10 38 17 49 4 13 12 19 33 2 18 40 

Inst_Index:3402 	 City_Num:50 	 Concorde:0.058911 	 MCTS:5.888012 Improve:0.003099 	 Time:5.00 Seconds
Solution: 1 10 30 4 48 37 5 21 33 38 7 49 45 27 9 13 23 22 19 11 41 26 8 25 12 32 20 43 24 28 44 3 14 39 35 2 15 50 34 36 6 18 29 17 46 16 31 40 42 47 

Inst_Index:3403 	 City_Num:50 	 Concorde:0.059127 	 MCTS:5.912710 Improve:0.000000 	 Time:5.00 Seconds
Solution: 1 49 36 18 33 10 13 14 20 48 19 32 26 17 50 35 28 2 4 22 11 6 3 39 37 16 34 25 43 40 8 9 41 24 44 42 29 47 30 46 5 27 12 38 23 45 21 7 31 15 

Inst_Index:3404 	 City_Num:50 	 Concorde:0.053567 	 MCTS:5.344172 Improve:0.012526 	 Time:5.00 Seconds
Solution: 1 32 42 33 50 48 36 44 40 38 13 19 21 28 37 43 45 25 8 2 14 23 35 15 46 27 4 24 11 41 30 16 31 26 20 10 12 18 17 5 39 3 7 47 29 22 34 49 9 6 

Inst_Index:3405 	 City_Num:50 	 Concorde:0.054198 	 MCTS:5.419777 Improve:-0.000000 	 Time:5.00 Seconds
Solution: 1 9 29 48 24 12 40 16 6 27 23 10 3 18 39 43 35 36 37 50 5 21 49 13 22 7 4 38 34 19 33 8 32 26 46 41 45 25 31 44 30 15 28 42 20 11 2 17 14 47 

Inst_Index:3406 	 City_Num:50 	 Concorde:0.060402 	 MCTS:6.040220 Improve:0.000000 	 Time:5.00 Seconds
Solution: 1 50 40 21 23 41 47 38 45 43 20 16 31 6 32 9 39 2 46 19 15 27 49 35 48 28 26 25 7 29 8 14 12 3 24 5 17 33 11 10 44 18 42 37 4 34 22 36 13 30 

Inst_Index:3407 	 City_Num:50 	 Concorde:0.054215 	 MCTS:5.421479 Improve:0.000000 	 Time:5.00 Seconds
Solution: 1 45 29 7 27 23 22 18 47 31 5 11 25 4 28 2 17 13 16 21 43 41 50 35 24 34 30 44 3 6 48 10 38 15 36 39 8 42 14 32 46 33 40 49 12 37 26 19 9 20 

Inst_Index:3408 	 City_Num:50 	 Concorde:0.056419 	 MCTS:5.641945 Improve:0.000000 	 Time:5.00 Seconds
Solution: 1 15 22 14 10 32 9 20 11 41 43 27 21 7 6 50 13 49 47 25 29 45 24 5 4 30 34 44 37 16 18 31 12 40 33 38 36 17 28 35 3 42 23 39 2 26 19 8 48 46 

Inst_Index:3409 	 City_Num:50 	 Concorde:0.057337 	 MCTS:5.725649 Improve:0.008071 	 Time:5.00 Seconds
Solution: 1 20 32 48 41 26 19 15 11 24 40 36 44 28 31 42 3 8 10 45 12 13 37 7 39 18 17 25 47 9 33 43 4 23 21 16 29 38 50 6 2 46 35 5 34 27 14 49 30 22 

Inst_Index:3410 	 City_Num:50 	 Concorde:0.060896 	 MCTS:6.089607 Improve:-0.000000 	 Time:5.01 Seconds
Solution: 1 24 17 41 43 48 9 14 40 38 28 46 7 2 50 45 12 8 6 18 30 26 49 39 3 20 19 23 4 33 44 5 15 36 25 16 11 34 47 29 31 42 10 22 21 27 32 13 37 35 

Inst_Index:3411 	 City_Num:50 	 Concorde:0.058025 	 MCTS:5.802528 Improve:-0.000000 	 Time:5.00 Seconds
Solution: 1 16 15 25 24 4 13 48 36 12 33 34 3 42 38 49 30 46 41 23 32 39 43 44 8 6 17 11 21 9 14 2 18 22 47 31 10 27 19 7 45 29 5 20 28 26 50 35 37 40 

Inst_Index:3412 	 City_Num:50 	 Concorde:0.058022 	 MCTS:5.817614 Improve:-0.015418 	 Time:5.00 Seconds
Solution: 1 24 2 49 29 19 39 42 30 3 18 17 41 5 15 37 16 44 11 45 25 31 46 27 12 7 38 6 33 50 47 8 9 28 35 48 34 43 36 32 21 26 23 22 40 10 13 20 4 14 

Inst_Index:3413 	 City_Num:50 	 Concorde:0.058249 	 MCTS:5.824925 Improve:0.000000 	 Time:5.00 Seconds
Solution: 1 48 34 39 32 41 28 42 10 24 14 44 25 3 43 16 23 31 21 36 49 13 17 9 8 29 22 50 5 15 7 46 40 11 26 18 45 12 19 6 20 33 2 30 35 37 4 47 27 38 

Inst_Index:3414 	 City_Num:50 	 Concorde:0.054596 	 MCTS:5.457530 Improve:0.002101 	 Time:5.00 Seconds
Solution: 1 20 38 42 30 17 10 18 47 24 37 7 44 32 4 34 3 41 33 19 6 22 50 15 29 21 23 43 48 2 40 39 8 46 12 11 36 35 26 9 49 25 16 5 28 13 31 27 45 14 

Inst_Index:3415 	 City_Num:50 	 Concorde:0.057474 	 MCTS:5.747394 Improve:0.000000 	 Time:5.00 Seconds
Solution: 1 37 41 33 31 42 8 13 14 48 47 7 40 25 44 45 3 21 34 46 26 5 18 38 16 10 9 17 43 15 6 27 24 30 35 19 23 28 29 50 11 4 49 20 12 39 36 2 22 32 

Inst_Index:3416 	 City_Num:50 	 Concorde:0.056385 	 MCTS:5.638500 Improve:-0.000000 	 Time:5.01 Seconds
Solution: 1 6 34 27 13 30 46 10 19 43 18 35 3 41 21 47 25 32 29 12 9 15 37 11 17 14 49 44 16 5 28 24 22 20 4 38 39 7 48 2 36 42 45 40 33 26 50 23 8 31 

Inst_Index:3417 	 City_Num:50 	 Concorde:0.059476 	 MCTS:5.943760 Improve:0.003796 	 Time:5.00 Seconds
Solution: 1 16 5 37 42 46 48 39 17 23 8 15 38 41 47 33 7 21 50 30 32 45 35 19 25 3 2 26 28 9 24 10 22 13 6 20 11 34 43 14 12 29 31 18 27 49 44 4 36 40 

Inst_Index:3418 	 City_Num:50 	 Concorde:0.052999 	 MCTS:5.299923 Improve:-0.000000 	 Time:5.01 Seconds
Solution: 1 34 42 16 18 41 33 23 8 2 43 36 28 29 9 17 14 12 10 35 37 20 26 44 7 32 19 50 27 47 38 24 49 40 3 4 30 39 46 13 21 6 5 48 22 15 45 11 31 25 

Inst_Index:3419 	 City_Num:50 	 Concorde:0.059757 	 MCTS:5.971588 Improve:0.004128 	 Time:5.00 Seconds
Solution: 1 30 48 9 40 19 28 16 33 49 42 10 27 47 43 36 41 18 2 32 3 46 11 14 44 4 8 31 22 15 34 23 26 24 45 12 37 5 39 21 38 35 50 20 29 13 6 17 7 25 

Inst_Index:3420 	 City_Num:50 	 Concorde:0.059214 	 MCTS:5.921403 Improve:0.000000 	 Time:5.00 Seconds
Solution: 1 3 24 22 16 10 17 5 27 45 20 42 47 2 37 14 9 30 33 25 7 44 46 4 6 40 12 50 36 21 35 39 32 38 13 48 11 31 43 34 19 28 41 23 29 8 18 49 15 26 

Inst_Index:3421 	 City_Num:50 	 Concorde:0.057628 	 MCTS:5.762812 Improve:-0.000000 	 Time:5.00 Seconds
Solution: 1 8 48 30 20 5 40 18 4 41 35 11 42 38 31 45 13 32 14 47 15 36 34 23 6 44 27 29 2 22 37 16 21 49 26 19 9 50 10 24 7 12 25 3 28 46 33 39 17 43 

Inst_Index:3422 	 City_Num:50 	 Concorde:0.056461 	 MCTS:5.643859 Improve:0.002256 	 Time:5.00 Seconds
Solution: 1 39 50 21 40 28 49 7 46 2 18 19 9 48 34 41 14 22 17 45 33 5 20 38 16 42 23 43 4 32 29 44 47 37 31 36 25 3 6 24 35 27 11 15 26 13 30 12 10 8 

Inst_Index:3423 	 City_Num:50 	 Concorde:0.056620 	 MCTS:5.661981 Improve:0.000000 	 Time:5.00 Seconds
Solution: 1 50 10 16 43 38 32 22 3 14 7 12 11 27 18 33 34 2 8 42 13 28 40 46 31 37 49 36 45 30 35 48 21 29 25 6 39 44 5 17 26 20 9 4 19 15 24 47 23 41 

Inst_Index:3424 	 City_Num:50 	 Concorde:0.058902 	 MCTS:5.886791 Improve:0.003454 	 Time:5.00 Seconds
Solution: 1 34 6 16 2 45 27 38 4 17 12 48 24 49 33 15 47 13 23 14 5 21 18 28 32 36 31 9 44 30 3 41 11 22 43 37 29 25 35 20 42 40 39 50 19 26 8 7 10 46 

Inst_Index:3425 	 City_Num:50 	 Concorde:0.058115 	 MCTS:5.811519 Improve:0.000000 	 Time:5.01 Seconds
Solution: 1 48 27 26 22 17 4 23 25 47 37 7 24 49 28 33 34 16 43 32 31 38 9 18 44 46 40 50 36 19 10 42 45 21 35 5 11 29 20 15 13 6 39 41 8 2 14 3 12 30 

Inst_Index:3426 	 City_Num:50 	 Concorde:0.061028 	 MCTS:6.102847 Improve:0.000000 	 Time:5.01 Seconds
Solution: 1 19 2 12 14 42 16 28 21 24 20 47 50 40 36 48 9 22 25 5 39 34 26 27 18 29 41 43 15 30 10 3 6 45 7 23 17 31 44 13 33 37 11 49 35 32 8 46 38 4 

Inst_Index:3427 	 City_Num:50 	 Concorde:0.054932 	 MCTS:5.493219 Improve:0.000000 	 Time:5.00 Seconds
Solution: 1 22 43 49 21 41 19 14 6 44 2 35 46 18 3 20 9 7 45 11 26 42 30 39 24 34 12 48 5 10 28 40 25 4 16 47 17 15 13 31 27 37 50 33 29 32 8 23 38 36 

Inst_Index:3428 	 City_Num:50 	 Concorde:0.058830 	 MCTS:5.881308 Improve:0.001681 	 Time:5.00 Seconds
Solution: 1 28 42 39 34 4 7 3 10 18 31 11 40 50 48 15 19 32 16 33 44 38 29 13 47 2 24 17 21 12 5 22 30 41 8 46 45 20 26 37 23 6 9 35 49 43 14 27 25 36 

Inst_Index:3429 	 City_Num:50 	 Concorde:0.053947 	 MCTS:5.411695 Improve:-0.016984 	 Time:5.00 Seconds
Solution: 1 31 41 18 5 49 20 43 6 42 14 33 32 29 28 35 7 10 3 21 38 44 19 13 17 40 11 50 46 8 30 2 47 9 25 27 22 15 37 24 48 12 34 45 16 23 36 4 26 39 

Inst_Index:3430 	 City_Num:50 	 Concorde:0.060311 	 MCTS:6.031144 Improve:0.000000 	 Time:5.00 Seconds
Solution: 1 8 18 9 42 27 5 20 23 17 36 16 14 33 47 35 11 22 48 21 12 30 3 28 7 26 37 46 43 2 49 31 6 15 44 32 24 13 40 38 45 19 4 10 39 34 25 29 41 50 

Inst_Index:3431 	 City_Num:50 	 Concorde:0.057313 	 MCTS:5.731286 Improve:-0.000000 	 Time:5.00 Seconds
Solution: 1 19 37 27 49 24 5 44 14 20 39 22 32 7 47 8 11 13 18 4 2 10 41 31 45 33 23 36 12 15 28 43 48 21 50 3 30 38 46 25 40 34 42 35 17 9 16 29 6 26 

Inst_Index:3432 	 City_Num:50 	 Concorde:0.057167 	 MCTS:5.716664 Improve:-0.000000 	 Time:5.00 Seconds
Solution: 1 11 41 7 26 13 48 30 31 23 39 18 21 36 45 24 38 6 25 20 10 12 47 37 5 50 33 40 4 29 19 9 14 46 42 16 35 28 34 49 32 2 3 15 44 8 22 43 27 17 

Inst_Index:3433 	 City_Num:50 	 Concorde:0.057061 	 MCTS:5.706066 Improve:-0.000000 	 Time:5.00 Seconds
Solution: 1 23 12 42 47 22 39 32 24 2 16 30 45 14 33 46 13 38 37 20 26 3 35 10 25 44 49 40 18 9 34 29 50 4 17 21 36 11 28 31 48 6 8 41 19 27 7 5 43 15 

Inst_Index:3434 	 City_Num:50 	 Concorde:0.055820 	 MCTS:5.581333 Improve:0.000637 	 Time:5.00 Seconds
Solution: 1 15 23 38 24 20 11 39 13 45 36 29 21 25 18 43 50 34 41 46 40 2 48 8 27 28 31 19 47 6 5 7 22 9 30 3 44 32 4 16 12 37 26 14 17 10 42 35 33 49 

Inst_Index:3435 	 City_Num:50 	 Concorde:0.055944 	 MCTS:5.594412 Improve:-0.000000 	 Time:5.00 Seconds
Solution: 1 26 14 40 48 15 17 39 38 19 30 44 20 27 45 50 24 34 11 7 49 2 47 29 37 21 9 43 42 5 10 41 31 6 18 4 13 32 8 46 36 3 22 12 23 28 25 16 33 35 

Inst_Index:3436 	 City_Num:50 	 Concorde:0.053557 	 MCTS:5.347887 Improve:0.007831 	 Time:5.00 Seconds
Solution: 1 19 8 5 7 35 41 43 12 49 37 47 24 36 14 11 38 2 25 18 28 20 16 23 44 46 17 27 48 45 50 26 22 9 40 3 4 29 15 33 42 32 34 21 13 6 10 30 31 39 

Inst_Index:3437 	 City_Num:50 	 Concorde:0.057153 	 MCTS:5.715338 Improve:-0.000000 	 Time:5.00 Seconds
Solution: 1 18 30 14 5 16 50 12 35 7 34 17 29 28 26 10 24 38 43 20 15 32 41 2 8 19 42 33 44 37 39 46 45 36 21 13 47 23 27 22 4 40 6 48 9 49 25 11 3 31 

Inst_Index:3438 	 City_Num:50 	 Concorde:0.052898 	 MCTS:5.289818 Improve:-0.000000 	 Time:5.00 Seconds
Solution: 1 36 17 33 41 26 9 27 5 50 8 23 43 6 37 18 14 7 38 13 11 49 46 12 34 16 15 3 20 2 42 31 22 4 28 24 45 47 44 10 40 30 25 39 19 21 35 29 48 32 

Inst_Index:3439 	 City_Num:50 	 Concorde:0.054839 	 MCTS:5.481188 Improve:0.002701 	 Time:5.00 Seconds
Solution: 1 42 27 20 43 26 13 38 31 15 18 4 29 34 25 48 33 12 8 39 22 10 50 30 28 36 47 14 24 45 6 46 19 7 41 11 17 40 21 5 35 44 23 37 32 16 49 2 9 3 

Inst_Index:3440 	 City_Num:50 	 Concorde:0.055615 	 MCTS:5.561548 Improve:0.000000 	 Time:5.00 Seconds
Solution: 1 9 33 20 38 18 8 34 42 3 49 4 15 24 11 26 47 40 2 6 7 37 48 30 43 19 36 41 50 21 27 25 5 31 44 16 23 28 32 46 12 29 22 39 14 17 10 45 13 35 

Inst_Index:3441 	 City_Num:50 	 Concorde:0.055294 	 MCTS:5.524661 Improve:0.004698 	 Time:5.01 Seconds
Solution: 1 48 26 7 32 18 30 35 44 23 33 47 13 3 5 36 39 11 46 21 34 29 50 8 45 25 14 41 15 37 6 40 43 17 16 28 2 42 19 4 20 10 24 49 22 31 38 12 9 27 

Inst_Index:3442 	 City_Num:50 	 Concorde:0.059738 	 MCTS:5.973838 Improve:0.000000 	 Time:5.00 Seconds
Solution: 1 4 26 41 42 25 34 32 47 35 17 12 21 38 7 5 2 23 29 24 6 37 15 14 45 20 50 33 16 44 46 40 13 48 9 11 22 19 43 18 39 3 30 28 36 27 8 49 31 10 

Inst_Index:3443 	 City_Num:50 	 Concorde:0.059477 	 MCTS:5.947734 Improve:0.000000 	 Time:5.00 Seconds
Solution: 1 22 42 46 14 43 44 37 20 33 23 36 13 50 47 17 2 9 3 40 11 39 19 21 12 26 7 48 32 49 30 38 34 6 5 25 45 4 10 16 31 15 18 28 29 8 24 41 35 27 


Avg_Concorde_Distance: 5.697011 Avg_MCTS_Distance: 5.696016 Avg_Gap: -0.000177 Total_Time: 1566.51 Seconds 
 Beat_Best_Known_Times: 124 Match_Best_Known_Times: 181 Miss_Best_Known_Times: 8 
