Number_of_Instances_In_Current_Batch: 313

Inst_Index:9078 	 City_Num:50 	 Concorde:0.061351 	 MCTS:6.135112 Improve:0.000000 	 Time:5.00 Seconds
Solution: 1 24 40 8 38 45 6 30 22 5 29 14 18 21 33 27 46 2 50 26 23 41 47 3 17 19 37 35 12 7 39 34 13 11 31 16 43 9 28 49 42 4 44 15 48 32 20 36 10 25 

Inst_Index:9079 	 City_Num:50 	 Concorde:0.060122 	 MCTS:6.012224 Improve:0.000000 	 Time:5.00 Seconds
Solution: 1 39 45 18 33 16 20 6 24 15 48 34 40 11 21 50 35 23 32 19 36 47 14 5 4 25 2 46 7 27 28 31 37 44 49 26 10 9 30 3 22 38 8 17 13 43 42 41 29 12 

Inst_Index:9080 	 City_Num:50 	 Concorde:0.061138 	 MCTS:6.113782 Improve:0.000000 	 Time:5.00 Seconds
Solution: 1 36 24 50 35 8 19 16 44 29 5 40 42 10 6 18 2 37 31 41 39 14 46 12 4 3 27 47 30 26 45 33 43 9 22 38 48 34 21 32 23 25 20 28 49 11 15 17 13 7 

Inst_Index:9081 	 City_Num:50 	 Concorde:0.051843 	 MCTS:5.184264 Improve:0.000000 	 Time:5.00 Seconds
Solution: 1 13 7 40 28 39 30 11 12 25 33 42 20 16 47 45 17 8 49 19 14 22 18 24 31 38 43 4 35 46 26 6 48 32 29 34 50 5 3 2 23 37 21 41 15 10 44 9 27 36 

Inst_Index:9082 	 City_Num:50 	 Concorde:0.057984 	 MCTS:5.792685 Improve:0.005753 	 Time:5.00 Seconds
Solution: 1 25 31 41 5 46 20 28 12 50 14 23 35 37 10 11 19 49 16 36 9 40 29 3 22 48 17 6 26 39 45 44 7 43 42 15 21 2 33 47 18 38 13 24 8 30 34 4 27 32 

Inst_Index:9083 	 City_Num:50 	 Concorde:0.055939 	 MCTS:5.593867 Improve:0.000000 	 Time:5.00 Seconds
Solution: 1 31 39 26 50 7 4 48 27 29 21 15 12 2 42 14 22 37 49 28 32 17 20 9 3 38 43 6 46 41 45 36 16 34 44 19 18 8 24 40 23 30 25 33 10 47 5 13 35 11 

Inst_Index:9084 	 City_Num:50 	 Concorde:0.054303 	 MCTS:5.430342 Improve:0.000000 	 Time:5.00 Seconds
Solution: 1 14 30 5 38 32 18 4 46 48 11 31 24 27 15 39 2 49 29 3 40 20 25 47 50 37 34 21 23 28 6 7 12 35 43 8 10 45 44 42 19 26 41 13 17 9 16 22 36 33 

Inst_Index:9085 	 City_Num:50 	 Concorde:0.057158 	 MCTS:5.715761 Improve:-0.000000 	 Time:5.01 Seconds
Solution: 1 42 33 31 30 16 41 14 39 9 5 47 20 49 38 34 46 3 22 6 8 13 24 44 27 12 2 37 17 48 19 50 11 26 15 18 7 4 43 25 10 29 21 40 32 28 23 45 36 35 

Inst_Index:9086 	 City_Num:50 	 Concorde:0.057472 	 MCTS:5.735820 Improve:0.011413 	 Time:5.00 Seconds
Solution: 1 2 37 32 8 13 42 39 36 27 26 14 49 25 3 11 45 48 12 24 35 20 16 44 28 17 6 29 40 19 43 10 33 31 50 23 4 47 21 7 18 15 34 5 9 22 41 38 30 46 

Inst_Index:9087 	 City_Num:50 	 Concorde:0.056517 	 MCTS:5.651663 Improve:0.000000 	 Time:5.01 Seconds
Solution: 1 44 49 16 36 37 11 10 46 15 48 24 19 50 31 14 25 5 42 40 28 26 30 4 39 13 27 17 29 9 47 35 7 33 45 18 12 2 21 22 20 32 38 6 34 41 8 23 3 43 

Inst_Index:9088 	 City_Num:50 	 Concorde:0.056515 	 MCTS:5.647321 Improve:0.004174 	 Time:5.01 Seconds
Solution: 1 43 2 36 32 22 12 48 24 13 10 45 39 44 28 18 35 17 19 27 23 33 50 6 38 30 49 7 3 46 34 8 25 21 41 16 31 14 26 9 37 4 29 15 20 5 42 40 11 47 

Inst_Index:9089 	 City_Num:50 	 Concorde:0.057457 	 MCTS:5.744426 Improve:0.001254 	 Time:5.00 Seconds
Solution: 1 45 17 19 6 9 37 23 31 29 28 32 48 49 41 46 12 14 34 44 5 39 7 47 13 18 20 3 35 10 15 16 25 21 2 30 42 38 24 43 26 27 40 4 36 50 22 33 11 8 

Inst_Index:9090 	 City_Num:50 	 Concorde:0.057198 	 MCTS:5.712329 Improve:0.007483 	 Time:5.00 Seconds
Solution: 1 39 41 24 10 46 43 50 49 38 45 40 4 2 15 11 14 23 25 16 18 9 32 37 29 42 35 44 13 30 47 21 19 5 34 12 20 28 17 7 36 3 48 6 26 33 8 27 22 31 

Inst_Index:9091 	 City_Num:50 	 Concorde:0.058095 	 MCTS:5.807123 Improve:0.002396 	 Time:5.00 Seconds
Solution: 1 44 2 24 5 35 16 45 34 39 38 4 28 22 46 50 14 33 15 41 13 25 6 21 19 9 30 37 7 20 17 31 32 49 11 12 40 10 8 27 47 43 23 26 18 42 48 29 3 36 

Inst_Index:9092 	 City_Num:50 	 Concorde:0.056640 	 MCTS:5.663831 Improve:0.000205 	 Time:5.00 Seconds
Solution: 1 44 41 45 34 49 50 40 30 5 35 31 20 23 12 22 17 9 7 2 25 21 46 43 26 6 13 32 47 37 16 36 8 15 39 27 42 18 4 14 28 10 19 33 24 29 38 3 11 48 

Inst_Index:9093 	 City_Num:50 	 Concorde:0.058476 	 MCTS:5.844551 Improve:0.003099 	 Time:5.01 Seconds
Solution: 1 47 50 6 32 19 48 22 36 9 40 28 31 11 26 38 45 16 46 13 17 8 29 27 30 3 10 25 7 12 2 34 15 14 20 23 49 43 5 39 37 18 44 21 4 35 41 33 42 24 

Inst_Index:9094 	 City_Num:50 	 Concorde:0.061229 	 MCTS:6.122921 Improve:0.000000 	 Time:5.00 Seconds
Solution: 1 20 32 16 48 49 10 38 40 21 3 17 19 8 25 33 11 44 37 23 42 46 15 41 34 28 30 39 31 47 14 35 18 12 7 4 29 22 26 6 43 2 45 24 50 36 27 5 9 13 

Inst_Index:9095 	 City_Num:50 	 Concorde:0.055262 	 MCTS:5.533284 Improve:-0.007102 	 Time:5.00 Seconds
Solution: 1 3 25 21 2 12 36 11 9 26 22 45 14 35 19 34 37 5 48 39 28 27 8 50 41 17 23 24 49 38 33 42 10 30 15 20 29 31 40 13 18 7 43 4 44 47 32 46 6 16 

Inst_Index:9096 	 City_Num:50 	 Concorde:0.061426 	 MCTS:6.136225 Improve:0.006349 	 Time:5.01 Seconds
Solution: 1 8 50 32 34 30 48 28 14 38 16 39 7 20 45 22 26 13 12 2 40 6 37 33 17 15 43 49 24 11 41 3 44 4 10 46 35 47 36 18 23 31 5 21 9 27 42 29 25 19 

Inst_Index:9097 	 City_Num:50 	 Concorde:0.057815 	 MCTS:5.781485 Improve:-0.000000 	 Time:5.00 Seconds
Solution: 1 17 31 30 14 28 39 40 48 29 32 46 33 12 50 37 13 11 27 3 43 6 38 10 18 20 4 36 21 26 23 7 9 34 45 15 22 44 8 41 42 35 25 5 2 19 47 24 16 49 

Inst_Index:9098 	 City_Num:50 	 Concorde:0.055358 	 MCTS:5.535797 Improve:-0.000000 	 Time:5.00 Seconds
Solution: 1 5 11 3 18 14 9 36 34 49 41 7 16 10 23 50 37 48 19 33 29 39 42 30 25 26 32 22 38 4 12 13 21 31 40 27 35 17 46 8 2 47 15 43 20 6 24 45 44 28 

Inst_Index:9099 	 City_Num:50 	 Concorde:0.057321 	 MCTS:5.732060 Improve:0.000000 	 Time:5.00 Seconds
Solution: 1 36 30 33 46 49 25 12 14 42 5 8 38 4 15 27 32 39 6 26 28 35 17 45 34 44 50 2 10 19 43 21 16 22 29 48 37 40 3 7 31 18 13 24 47 11 23 41 20 9 

Inst_Index:9100 	 City_Num:50 	 Concorde:0.057625 	 MCTS:5.762514 Improve:0.000000 	 Time:5.01 Seconds
Solution: 1 32 41 34 35 31 20 25 14 45 22 26 39 4 46 44 7 28 38 21 19 36 29 2 40 8 27 15 18 9 30 42 6 43 12 3 5 37 13 17 10 16 23 24 47 33 11 50 49 48 

Inst_Index:9101 	 City_Num:50 	 Concorde:0.056890 	 MCTS:5.689042 Improve:0.000000 	 Time:5.01 Seconds
Solution: 1 6 22 38 11 42 45 15 2 36 24 18 31 37 13 35 3 17 10 44 49 34 4 5 47 40 48 21 20 33 25 29 30 26 9 50 19 23 39 43 28 12 32 14 16 7 8 27 41 46 

Inst_Index:9102 	 City_Num:50 	 Concorde:0.056364 	 MCTS:5.636379 Improve:-0.000000 	 Time:5.02 Seconds
Solution: 1 33 39 19 34 6 16 5 47 44 32 28 41 12 15 24 29 22 18 26 4 8 50 49 48 3 17 31 27 14 10 25 21 30 35 46 20 9 36 37 40 42 43 7 38 2 23 45 11 13 

Inst_Index:9103 	 City_Num:50 	 Concorde:0.055429 	 MCTS:5.540871 Improve:0.002054 	 Time:5.00 Seconds
Solution: 1 12 16 7 20 37 8 46 26 2 18 44 50 19 32 25 13 27 14 3 31 48 9 15 10 21 33 40 42 35 30 24 34 11 23 45 17 28 4 5 38 29 49 6 39 47 22 41 36 43 

Inst_Index:9104 	 City_Num:50 	 Concorde:0.057756 	 MCTS:5.774881 Improve:0.000716 	 Time:5.00 Seconds
Solution: 1 7 4 47 27 32 16 12 30 29 23 6 38 45 17 15 22 33 44 10 41 42 49 34 18 25 31 39 48 21 43 3 36 26 14 46 11 20 24 8 19 37 2 5 50 35 40 28 9 13 

Inst_Index:9105 	 City_Num:50 	 Concorde:0.058831 	 MCTS:5.883117 Improve:-0.000000 	 Time:5.00 Seconds
Solution: 1 41 42 44 35 50 47 22 38 10 24 16 40 20 29 23 46 12 26 2 6 30 37 49 18 5 28 34 33 7 4 25 15 43 48 19 13 32 11 3 17 21 45 36 27 14 39 31 9 8 

Inst_Index:9106 	 City_Num:50 	 Concorde:0.054112 	 MCTS:5.411246 Improve:-0.000000 	 Time:5.00 Seconds
Solution: 1 38 16 15 28 42 6 22 25 13 50 43 40 36 35 14 17 5 41 39 21 12 19 27 49 26 47 9 10 24 31 32 20 34 3 18 48 8 37 46 30 4 45 33 44 29 23 11 2 7 

Inst_Index:9107 	 City_Num:50 	 Concorde:0.059843 	 MCTS:5.984345 Improve:0.000000 	 Time:5.01 Seconds
Solution: 1 46 49 32 36 3 48 26 8 38 20 17 23 24 19 7 12 2 47 43 4 34 31 41 37 42 28 30 5 44 15 39 29 45 6 22 14 18 21 16 13 25 11 9 40 35 50 10 33 27 

Inst_Index:9108 	 City_Num:50 	 Concorde:0.060768 	 MCTS:6.076831 Improve:-0.000000 	 Time:5.00 Seconds
Solution: 1 9 27 35 41 46 13 15 33 29 3 18 5 26 34 50 32 14 17 39 2 21 24 10 11 22 45 7 42 40 37 30 38 19 23 31 36 4 28 48 16 8 47 25 43 12 6 49 44 20 

Inst_Index:9109 	 City_Num:50 	 Concorde:0.057677 	 MCTS:5.763314 Improve:0.004373 	 Time:5.01 Seconds
Solution: 1 42 44 43 37 13 10 22 11 33 40 27 47 6 26 38 7 19 17 25 34 12 9 30 18 5 45 16 24 20 32 46 48 4 14 39 31 2 50 3 41 8 15 23 35 49 28 21 36 29 

Inst_Index:9110 	 City_Num:50 	 Concorde:0.054447 	 MCTS:5.441122 Improve:0.003576 	 Time:5.00 Seconds
Solution: 1 29 14 28 5 40 37 25 7 46 18 31 44 50 35 20 39 3 26 4 19 23 45 6 17 12 41 33 16 13 15 43 22 38 10 49 42 11 47 27 24 30 8 32 21 48 36 34 2 9 

Inst_Index:9111 	 City_Num:50 	 Concorde:0.060200 	 MCTS:6.009688 Improve:0.010306 	 Time:5.00 Seconds
Solution: 1 5 45 35 46 31 13 42 24 11 28 8 49 26 33 14 15 17 7 43 44 9 29 19 22 36 38 25 3 10 4 40 37 21 39 34 48 12 32 50 20 16 30 23 2 47 6 41 27 18 

Inst_Index:9112 	 City_Num:50 	 Concorde:0.058397 	 MCTS:5.839715 Improve:0.000000 	 Time:5.00 Seconds
Solution: 1 30 28 23 40 11 2 3 29 44 9 26 31 49 21 10 14 18 42 37 8 12 34 39 6 16 45 47 5 4 15 46 25 22 20 27 24 48 41 17 33 13 35 43 19 50 38 32 36 7 

Inst_Index:9113 	 City_Num:50 	 Concorde:0.059841 	 MCTS:5.984073 Improve:-0.000000 	 Time:5.00 Seconds
Solution: 1 47 15 28 34 6 26 16 42 46 23 36 44 31 32 25 7 13 18 35 24 22 40 43 19 33 41 12 14 4 10 48 11 3 21 2 8 50 38 29 37 45 39 9 30 5 17 20 27 49 

Inst_Index:9114 	 City_Num:50 	 Concorde:0.055537 	 MCTS:5.553728 Improve:0.000000 	 Time:5.00 Seconds
Solution: 1 43 2 18 21 25 6 50 45 12 48 4 22 14 15 24 42 33 46 10 47 36 37 19 17 20 39 34 40 31 26 3 8 35 28 32 30 27 16 5 7 29 9 44 49 11 13 41 38 23 

Inst_Index:9115 	 City_Num:50 	 Concorde:0.058271 	 MCTS:5.827069 Improve:0.000000 	 Time:5.00 Seconds
Solution: 1 50 7 48 8 6 29 14 18 23 13 27 2 12 5 20 4 15 38 41 47 11 40 31 49 16 46 39 44 30 17 19 28 34 43 36 37 26 9 21 24 33 22 3 25 45 42 35 10 32 

Inst_Index:9116 	 City_Num:50 	 Concorde:0.057562 	 MCTS:5.756151 Improve:0.000000 	 Time:5.00 Seconds
Solution: 1 6 25 34 3 33 47 28 27 41 4 23 18 29 49 22 19 15 46 13 8 9 21 44 24 7 17 37 11 12 30 45 32 2 20 14 40 5 43 48 26 36 39 10 50 16 31 42 38 35 

Inst_Index:9117 	 City_Num:50 	 Concorde:0.055897 	 MCTS:5.586277 Improve:0.003374 	 Time:5.00 Seconds
Solution: 1 25 23 48 22 32 39 15 13 44 36 16 9 4 33 27 31 40 7 24 49 34 11 2 17 14 47 5 12 45 6 41 26 18 3 37 38 46 21 10 50 29 28 19 8 43 20 42 35 30 

Inst_Index:9118 	 City_Num:50 	 Concorde:0.057875 	 MCTS:5.787545 Improve:0.000000 	 Time:5.00 Seconds
Solution: 1 41 36 17 25 12 33 6 4 16 21 3 9 38 35 49 22 27 26 34 39 7 45 29 24 28 23 50 14 32 42 44 46 48 47 37 43 13 8 10 20 19 31 11 15 2 5 40 30 18 

Inst_Index:9119 	 City_Num:50 	 Concorde:0.050954 	 MCTS:5.095443 Improve:0.000000 	 Time:5.01 Seconds
Solution: 1 36 7 16 6 26 37 21 30 23 39 27 48 22 50 2 29 25 46 10 4 32 44 19 40 45 8 13 18 24 35 42 41 43 38 14 11 12 20 17 34 28 47 5 31 3 9 49 33 15 

Inst_Index:9120 	 City_Num:50 	 Concorde:0.060106 	 MCTS:6.010568 Improve:0.000000 	 Time:5.02 Seconds
Solution: 1 19 15 9 8 22 45 31 29 34 21 20 27 32 35 17 44 37 14 23 50 49 33 5 39 12 7 46 47 16 48 10 6 30 18 41 42 2 13 11 24 26 36 43 40 38 25 3 28 4 

Inst_Index:9121 	 City_Num:50 	 Concorde:0.055224 	 MCTS:5.521510 Improve:0.000862 	 Time:5.00 Seconds
Solution: 1 3 19 34 36 16 21 24 18 45 23 5 14 12 29 33 25 4 30 26 28 48 9 2 10 43 50 41 6 35 20 27 13 42 40 11 44 38 39 47 49 31 8 32 15 17 37 7 22 46 

Inst_Index:9122 	 City_Num:50 	 Concorde:0.054731 	 MCTS:5.467215 Improve:0.005873 	 Time:5.00 Seconds
Solution: 1 29 37 19 17 39 38 25 16 13 33 3 32 46 30 6 9 4 31 24 43 42 2 18 34 7 21 48 20 40 36 35 47 50 28 10 27 22 26 5 14 41 44 8 11 45 15 23 49 12 

Inst_Index:9123 	 City_Num:50 	 Concorde:0.058198 	 MCTS:5.819832 Improve:0.000000 	 Time:5.00 Seconds
Solution: 1 49 29 41 39 9 37 8 12 30 36 34 43 47 32 44 48 28 31 26 46 14 4 27 18 45 3 23 22 40 19 7 50 16 35 6 24 20 33 42 2 21 10 17 13 25 5 15 11 38 

Inst_Index:9124 	 City_Num:50 	 Concorde:0.061363 	 MCTS:6.136279 Improve:0.000000 	 Time:5.01 Seconds
Solution: 1 21 17 2 6 45 20 50 8 25 32 37 11 12 7 46 14 19 41 36 3 44 43 49 9 40 22 24 28 42 29 5 47 26 35 30 10 16 15 39 13 18 4 48 31 23 33 34 38 27 

Inst_Index:9125 	 City_Num:50 	 Concorde:0.050931 	 MCTS:5.093137 Improve:0.000000 	 Time:5.00 Seconds
Solution: 1 12 7 5 25 18 16 38 37 4 20 29 23 10 32 44 13 11 50 40 39 45 9 43 24 27 42 28 17 6 48 14 46 35 15 2 30 21 26 8 36 33 19 3 47 34 31 22 49 41 

Inst_Index:9126 	 City_Num:50 	 Concorde:0.055229 	 MCTS:5.520958 Improve:0.001914 	 Time:5.01 Seconds
Solution: 1 46 15 9 20 44 28 5 43 48 29 13 49 39 10 35 12 24 37 8 4 36 21 42 3 45 30 33 14 47 25 22 23 6 40 2 34 27 31 26 18 19 16 7 38 11 50 32 17 41 

Inst_Index:9127 	 City_Num:50 	 Concorde:0.055253 	 MCTS:5.525276 Improve:0.000000 	 Time:5.00 Seconds
Solution: 1 30 17 49 48 12 47 6 19 21 36 31 7 18 37 45 15 9 40 14 16 3 28 10 46 8 23 27 24 4 5 2 11 22 33 26 44 20 25 32 34 43 42 50 38 41 35 13 29 39 

Inst_Index:9128 	 City_Num:50 	 Concorde:0.052399 	 MCTS:5.239937 Improve:0.000000 	 Time:5.00 Seconds
Solution: 1 30 18 24 40 4 28 5 23 14 33 13 42 3 12 37 11 47 8 21 46 26 38 44 39 41 20 16 9 36 35 32 25 2 10 34 48 17 7 19 22 50 29 49 15 43 45 31 6 27 

Inst_Index:9129 	 City_Num:50 	 Concorde:0.057239 	 MCTS:5.723505 Improve:0.000350 	 Time:5.00 Seconds
Solution: 1 48 40 43 34 10 44 20 35 49 12 39 42 13 5 18 9 3 21 8 27 46 37 29 30 45 38 6 32 4 22 50 47 14 28 17 2 31 16 23 36 15 33 25 7 11 19 41 26 24 

Inst_Index:9130 	 City_Num:50 	 Concorde:0.058398 	 MCTS:5.839788 Improve:0.000000 	 Time:5.00 Seconds
Solution: 1 16 34 42 29 8 11 26 35 48 33 15 20 32 36 19 12 24 47 21 5 45 44 23 22 25 14 37 27 50 49 3 10 4 30 7 41 39 43 31 28 38 9 18 6 2 46 13 40 17 

Inst_Index:9131 	 City_Num:50 	 Concorde:0.058375 	 MCTS:5.833218 Improve:0.004317 	 Time:5.01 Seconds
Solution: 1 21 28 39 43 12 44 42 38 35 45 34 14 32 18 36 46 22 5 3 41 7 29 2 24 23 19 8 13 33 27 49 10 40 50 47 30 4 20 25 48 6 15 37 11 17 26 31 9 16 

Inst_Index:9132 	 City_Num:50 	 Concorde:0.052252 	 MCTS:5.225177 Improve:-0.000000 	 Time:5.00 Seconds
Solution: 1 10 47 48 49 21 19 38 36 7 2 41 37 11 24 28 29 32 25 44 26 4 13 40 50 27 5 14 16 18 34 17 42 22 3 33 45 6 39 8 35 15 12 30 20 23 31 43 9 46 

Inst_Index:9133 	 City_Num:50 	 Concorde:0.053663 	 MCTS:5.366309 Improve:0.000000 	 Time:5.01 Seconds
Solution: 1 39 14 17 46 34 2 32 21 3 29 42 35 26 13 47 43 41 36 38 16 40 31 49 28 10 9 44 50 5 6 7 11 45 23 33 27 15 37 20 18 24 19 12 25 22 8 30 4 48 

Inst_Index:9134 	 City_Num:50 	 Concorde:0.057268 	 MCTS:5.722108 Improve:0.004715 	 Time:5.01 Seconds
Solution: 1 19 29 43 2 14 34 18 13 5 25 6 35 4 50 17 49 40 41 44 24 16 42 39 11 27 10 3 46 28 23 30 22 38 15 47 36 31 9 7 37 8 12 48 45 20 33 32 21 26 

Inst_Index:9135 	 City_Num:50 	 Concorde:0.055368 	 MCTS:5.536758 Improve:-0.000000 	 Time:5.00 Seconds
Solution: 1 21 50 47 35 27 15 12 25 38 11 17 41 10 8 37 23 28 40 33 39 16 4 2 29 5 34 32 24 42 30 3 26 49 9 31 45 48 20 14 36 43 46 44 7 19 13 18 22 6 

Inst_Index:9136 	 City_Num:50 	 Concorde:0.056206 	 MCTS:5.620575 Improve:0.000000 	 Time:5.02 Seconds
Solution: 1 33 7 47 26 39 20 24 27 48 29 21 37 19 34 4 5 49 35 46 14 12 42 38 30 50 17 16 43 13 41 22 6 10 40 32 31 44 18 28 9 23 25 45 15 2 36 8 3 11 

Inst_Index:9137 	 City_Num:50 	 Concorde:0.058165 	 MCTS:5.805393 Improve:0.011058 	 Time:5.00 Seconds
Solution: 1 20 14 17 41 12 15 49 46 27 37 16 40 32 6 38 42 8 18 10 11 31 13 48 21 47 33 25 29 43 34 45 28 30 24 26 50 39 19 36 4 22 9 23 5 44 35 2 7 3 

Inst_Index:9138 	 City_Num:50 	 Concorde:0.057293 	 MCTS:5.729328 Improve:0.000000 	 Time:5.01 Seconds
Solution: 1 15 30 24 10 26 21 41 23 3 25 39 28 32 14 5 38 45 31 43 33 20 35 22 49 19 48 29 34 4 8 42 46 2 27 40 50 16 12 17 37 9 13 6 18 36 47 7 11 44 

Inst_Index:9139 	 City_Num:50 	 Concorde:0.061854 	 MCTS:6.181402 Improve:0.003994 	 Time:5.00 Seconds
Solution: 1 29 17 36 24 48 50 23 10 9 31 47 18 5 49 39 16 28 42 11 43 41 6 27 30 8 40 3 20 46 15 45 19 33 7 44 34 32 35 14 22 21 26 4 12 25 13 38 2 37 

Inst_Index:9140 	 City_Num:50 	 Concorde:0.052196 	 MCTS:5.209320 Improve:0.010321 	 Time:5.00 Seconds
Solution: 1 16 7 10 6 40 23 49 42 26 31 17 15 24 34 37 29 5 39 44 14 43 32 13 22 50 12 30 19 45 9 20 35 25 33 41 28 36 11 4 18 47 46 48 3 8 21 38 2 27 

Inst_Index:9141 	 City_Num:50 	 Concorde:0.056642 	 MCTS:5.664192 Improve:0.000000 	 Time:5.00 Seconds
Solution: 1 26 20 43 10 41 49 3 15 33 25 5 7 21 9 32 29 12 50 44 47 16 8 4 34 46 42 13 6 23 11 35 18 2 17 45 22 48 14 39 38 28 31 27 24 19 37 30 40 36 

Inst_Index:9142 	 City_Num:50 	 Concorde:0.053957 	 MCTS:5.395675 Improve:0.000000 	 Time:5.00 Seconds
Solution: 1 24 4 41 5 25 38 9 15 13 32 46 40 6 16 39 8 48 19 30 27 50 45 31 10 28 17 20 44 2 21 49 26 36 33 3 35 12 22 47 23 42 34 11 18 43 14 7 29 37 

Inst_Index:9143 	 City_Num:50 	 Concorde:0.054169 	 MCTS:5.416908 Improve:0.000000 	 Time:5.00 Seconds
Solution: 1 40 33 34 25 45 2 9 31 37 11 28 20 49 27 50 22 36 13 43 23 16 7 46 14 24 42 10 17 4 18 38 39 44 8 48 30 19 3 12 26 29 6 32 35 21 41 5 47 15 

Inst_Index:9144 	 City_Num:50 	 Concorde:0.058433 	 MCTS:5.843250 Improve:0.000066 	 Time:5.00 Seconds
Solution: 1 47 10 30 16 18 3 31 27 25 15 5 9 28 42 2 24 12 29 44 35 26 20 32 45 22 37 33 48 17 21 38 40 50 39 49 11 41 4 43 8 6 7 46 36 13 19 34 23 14 

Inst_Index:9145 	 City_Num:50 	 Concorde:0.055464 	 MCTS:5.546417 Improve:0.000000 	 Time:5.00 Seconds
Solution: 1 47 31 3 7 14 21 8 13 37 42 11 23 27 30 29 44 41 2 18 50 35 45 16 26 4 33 38 46 25 12 36 19 34 48 5 6 32 40 24 10 22 49 39 15 43 17 28 20 9 

Inst_Index:9146 	 City_Num:50 	 Concorde:0.056178 	 MCTS:5.617823 Improve:0.000000 	 Time:5.00 Seconds
Solution: 1 42 18 31 32 29 49 20 15 30 38 33 28 37 27 11 10 43 47 24 41 39 2 23 14 34 46 44 21 26 12 7 9 17 40 16 19 45 4 25 50 35 6 8 48 13 3 5 22 36 

Inst_Index:9147 	 City_Num:50 	 Concorde:0.059847 	 MCTS:5.982713 Improve:0.001971 	 Time:5.00 Seconds
Solution: 1 16 15 34 14 42 6 7 41 46 11 17 35 28 43 20 2 49 29 10 45 48 32 50 30 13 26 33 22 38 36 5 27 37 31 3 4 19 25 18 47 12 23 21 9 8 44 39 24 40 

Inst_Index:9148 	 City_Num:50 	 Concorde:0.058981 	 MCTS:5.888899 Improve:0.009225 	 Time:5.00 Seconds
Solution: 1 6 13 32 43 27 10 38 14 34 9 11 30 37 42 35 28 26 22 45 8 5 44 19 48 46 18 23 15 3 16 21 25 47 33 31 40 20 2 41 50 17 49 12 7 24 29 4 39 36 

Inst_Index:9149 	 City_Num:50 	 Concorde:0.057700 	 MCTS:5.769972 Improve:0.000000 	 Time:5.00 Seconds
Solution: 1 39 21 15 44 31 4 28 32 19 33 43 45 23 26 48 35 25 10 24 3 9 29 11 36 27 6 34 50 12 22 17 8 42 2 5 16 7 20 41 30 49 46 13 38 14 18 40 47 37 

Inst_Index:9150 	 City_Num:50 	 Concorde:0.061309 	 MCTS:6.130119 Improve:0.000829 	 Time:5.00 Seconds
Solution: 1 7 19 22 26 10 42 9 37 13 33 3 35 16 47 6 39 27 43 34 14 17 8 18 48 44 49 25 23 24 50 46 20 5 30 29 31 21 4 45 2 11 41 38 15 28 36 12 40 32 

Inst_Index:9151 	 City_Num:50 	 Concorde:0.060544 	 MCTS:6.054558 Improve:-0.000119 	 Time:5.02 Seconds
Solution: 1 13 22 27 20 24 8 6 19 11 47 42 7 39 30 18 32 25 33 36 46 40 5 37 23 28 26 29 14 21 45 31 2 43 34 48 44 41 49 3 10 35 17 15 9 50 4 16 12 38 

Inst_Index:9152 	 City_Num:50 	 Concorde:0.061391 	 MCTS:6.145321 Improve:-0.006271 	 Time:5.00 Seconds
Solution: 1 7 35 30 31 3 9 6 45 11 10 24 29 16 49 17 13 22 21 50 2 40 41 37 5 14 12 8 19 32 34 26 44 43 15 38 47 36 23 27 4 33 48 18 46 20 42 39 25 28 

Inst_Index:9153 	 City_Num:50 	 Concorde:0.055568 	 MCTS:5.556751 Improve:-0.000000 	 Time:5.00 Seconds
Solution: 1 47 44 37 31 39 36 33 8 23 17 43 18 2 38 48 40 5 50 25 19 46 12 26 45 42 34 27 20 15 24 29 6 3 21 35 28 16 13 4 41 7 9 14 22 30 32 10 49 11 

Inst_Index:9154 	 City_Num:50 	 Concorde:0.051231 	 MCTS:5.120353 Improve:0.002765 	 Time:5.01 Seconds
Solution: 1 9 50 16 35 31 47 44 36 18 34 26 17 45 10 39 38 27 33 3 7 15 48 21 37 22 40 23 6 20 8 14 32 25 29 13 49 12 42 43 28 41 4 19 46 30 5 11 2 24 

Inst_Index:9155 	 City_Num:50 	 Concorde:0.055779 	 MCTS:5.577913 Improve:-0.000000 	 Time:5.01 Seconds
Solution: 1 44 38 26 15 31 39 2 21 28 9 46 11 13 50 45 22 43 5 19 47 25 35 48 17 32 12 34 20 8 27 24 7 23 14 36 29 41 3 40 4 6 30 33 10 18 16 37 42 49 

Inst_Index:9156 	 City_Num:50 	 Concorde:0.057143 	 MCTS:5.707597 Improve:0.006727 	 Time:5.00 Seconds
Solution: 1 7 47 43 4 48 34 40 9 16 37 25 14 39 18 32 12 24 46 38 30 44 50 17 45 19 29 42 33 20 35 6 26 8 10 27 22 3 2 13 31 36 5 21 49 23 28 41 11 15 

Inst_Index:9157 	 City_Num:50 	 Concorde:0.058534 	 MCTS:5.853427 Improve:0.000000 	 Time:5.00 Seconds
Solution: 1 32 43 2 16 12 41 11 19 46 7 35 22 39 44 31 36 48 15 5 23 27 45 13 49 29 37 17 20 28 9 18 6 40 4 30 47 38 26 50 42 14 24 3 21 25 8 34 10 33 

Inst_Index:9158 	 City_Num:50 	 Concorde:0.057889 	 MCTS:5.788247 Improve:0.000689 	 Time:5.00 Seconds
Solution: 1 31 15 49 50 11 21 48 22 36 12 7 38 37 14 24 25 17 39 41 18 28 9 32 13 26 10 8 20 27 33 3 47 42 46 29 45 2 6 44 4 5 34 40 16 30 23 19 43 35 

Inst_Index:9159 	 City_Num:50 	 Concorde:0.054502 	 MCTS:5.444835 Improve:0.005410 	 Time:5.00 Seconds
Solution: 1 21 37 22 6 18 24 33 9 12 11 7 23 5 2 32 25 28 40 4 3 46 8 50 43 26 36 13 38 17 49 29 20 16 27 10 39 42 44 34 48 47 31 41 30 19 14 15 35 45 

Inst_Index:9160 	 City_Num:50 	 Concorde:0.058438 	 MCTS:5.843765 Improve:0.000000 	 Time:5.01 Seconds
Solution: 1 39 32 21 50 31 36 13 40 41 24 33 38 9 4 18 37 3 19 42 34 46 11 7 8 2 22 20 47 35 43 25 12 14 28 49 45 16 30 10 27 17 48 5 15 44 29 23 6 26 

Inst_Index:9161 	 City_Num:50 	 Concorde:0.055277 	 MCTS:5.524454 Improve:0.003282 	 Time:5.00 Seconds
Solution: 1 44 2 23 31 26 33 11 50 30 8 48 7 18 39 45 34 5 19 25 42 4 15 14 10 37 17 21 6 41 27 43 22 29 16 9 28 3 36 13 35 12 38 20 32 47 40 24 46 49 

Inst_Index:9162 	 City_Num:50 	 Concorde:0.059665 	 MCTS:5.966506 Improve:0.000000 	 Time:5.00 Seconds
Solution: 1 36 21 46 38 47 39 19 18 15 22 16 32 49 50 45 8 6 17 23 28 13 20 42 2 30 40 43 26 24 11 7 5 25 4 27 3 34 10 35 29 44 9 14 37 41 48 12 33 31 

Inst_Index:9163 	 City_Num:50 	 Concorde:0.060408 	 MCTS:6.040809 Improve:0.000000 	 Time:5.00 Seconds
Solution: 1 44 25 46 21 20 34 38 7 49 23 50 19 35 45 6 36 15 3 27 40 30 41 39 24 29 47 31 13 33 2 10 28 16 18 42 48 4 12 8 22 43 11 17 32 26 9 14 5 37 

Inst_Index:9164 	 City_Num:50 	 Concorde:0.058825 	 MCTS:5.882453 Improve:0.000000 	 Time:5.00 Seconds
Solution: 1 18 17 6 37 25 32 41 33 23 42 45 5 8 50 38 15 20 39 48 26 49 35 4 21 40 3 28 10 27 44 43 19 7 31 46 34 22 12 9 36 16 14 47 13 2 11 29 24 30 

Inst_Index:9165 	 City_Num:50 	 Concorde:0.054672 	 MCTS:5.466625 Improve:0.000570 	 Time:5.00 Seconds
Solution: 1 44 38 40 24 37 9 50 2 26 25 35 32 30 20 12 5 29 34 41 49 16 14 43 4 31 36 21 6 15 33 8 17 23 28 3 45 19 10 7 13 47 27 48 46 39 18 11 22 42 

Inst_Index:9166 	 City_Num:50 	 Concorde:0.056347 	 MCTS:5.634514 Improve:0.000200 	 Time:5.00 Seconds
Solution: 1 34 5 14 35 9 46 42 26 38 49 29 31 16 4 8 12 32 50 17 3 27 37 19 22 39 15 36 23 7 48 6 18 24 2 33 43 13 44 10 21 25 11 28 41 30 40 20 45 47 

Inst_Index:9167 	 City_Num:50 	 Concorde:0.059597 	 MCTS:5.959700 Improve:-0.000000 	 Time:5.00 Seconds
Solution: 1 22 25 42 8 7 29 28 33 4 38 26 27 5 17 48 23 24 16 6 44 19 11 50 36 43 37 47 45 12 40 14 30 35 31 18 2 46 32 34 20 15 39 41 49 10 21 3 13 9 

Inst_Index:9168 	 City_Num:50 	 Concorde:0.058336 	 MCTS:5.828590 Improve:0.005050 	 Time:5.00 Seconds
Solution: 1 21 11 49 8 45 44 34 47 48 46 18 27 35 30 42 19 24 16 23 17 28 6 2 5 37 15 26 29 36 4 32 12 3 31 40 43 20 7 50 22 9 10 39 25 14 13 33 38 41 

Inst_Index:9169 	 City_Num:50 	 Concorde:0.056053 	 MCTS:5.600952 Improve:0.004365 	 Time:5.00 Seconds
Solution: 1 20 33 30 40 23 32 22 28 36 37 14 10 26 41 44 24 3 4 8 16 46 29 5 45 48 31 2 11 13 21 34 38 18 43 7 49 19 15 17 25 12 50 6 27 35 9 42 39 47 

Inst_Index:9170 	 City_Num:50 	 Concorde:0.055366 	 MCTS:5.536620 Improve:-0.000000 	 Time:5.00 Seconds
Solution: 1 36 2 41 18 37 49 25 32 3 10 4 50 34 5 47 29 28 40 15 33 24 7 12 48 23 9 22 27 6 19 31 26 42 11 14 39 30 16 46 13 20 44 21 8 43 38 45 35 17 

Inst_Index:9171 	 City_Num:50 	 Concorde:0.061834 	 MCTS:6.183360 Improve:0.000000 	 Time:5.00 Seconds
Solution: 1 46 24 23 27 15 31 19 30 33 22 2 16 21 50 49 14 28 26 13 41 6 45 47 20 40 37 44 3 35 43 11 12 18 38 8 32 42 36 5 29 9 48 10 34 39 7 25 4 17 

Inst_Index:9172 	 City_Num:50 	 Concorde:0.056386 	 MCTS:5.638555 Improve:0.000000 	 Time:5.00 Seconds
Solution: 1 39 46 19 42 43 4 29 13 28 27 15 48 17 9 38 22 32 10 24 47 26 23 20 25 5 45 31 8 16 44 50 33 18 41 7 30 3 6 12 37 40 35 11 36 49 34 2 21 14 

Inst_Index:9173 	 City_Num:50 	 Concorde:0.053906 	 MCTS:5.381466 Improve:0.009158 	 Time:5.00 Seconds
Solution: 1 11 24 33 41 38 9 21 26 3 14 20 4 16 5 48 42 30 47 29 39 28 12 22 35 31 34 23 18 8 13 45 49 40 32 25 7 17 37 43 10 46 6 2 15 50 36 44 27 19 

Inst_Index:9174 	 City_Num:50 	 Concorde:0.057398 	 MCTS:5.736317 Improve:0.003496 	 Time:5.00 Seconds
Solution: 1 21 28 25 14 37 42 19 39 33 40 9 27 29 20 48 18 32 22 5 15 30 23 4 41 13 44 2 24 46 3 45 47 7 8 16 10 36 17 49 11 43 31 38 26 34 6 35 12 50 

Inst_Index:9175 	 City_Num:50 	 Concorde:0.054145 	 MCTS:5.414462 Improve:-0.000000 	 Time:5.00 Seconds
Solution: 1 3 8 20 48 26 29 6 21 15 10 38 28 36 42 22 47 18 31 45 23 7 49 19 43 17 5 11 13 44 4 2 46 12 33 24 35 27 50 32 34 25 9 30 41 37 16 39 40 14 

Inst_Index:9176 	 City_Num:50 	 Concorde:0.057793 	 MCTS:5.779264 Improve:-0.000000 	 Time:5.00 Seconds
Solution: 1 14 39 37 50 10 42 22 30 33 36 16 4 28 3 15 20 23 29 32 44 49 47 34 11 21 46 7 18 40 9 8 25 41 48 26 13 35 24 43 17 12 31 5 19 38 2 45 27 6 

Inst_Index:9177 	 City_Num:50 	 Concorde:0.051399 	 MCTS:5.139877 Improve:0.000000 	 Time:5.01 Seconds
Solution: 1 9 10 3 15 20 24 44 25 48 14 2 17 26 36 42 19 39 31 7 16 6 21 35 27 50 46 23 47 12 45 28 5 13 11 8 32 43 41 40 33 22 37 30 49 38 4 34 18 29 

Inst_Index:9178 	 City_Num:50 	 Concorde:0.053299 	 MCTS:5.329923 Improve:0.000000 	 Time:5.01 Seconds
Solution: 1 43 19 14 35 10 5 45 44 18 32 46 36 3 9 31 4 41 20 6 39 34 16 15 7 28 22 24 26 13 11 23 47 50 38 21 49 37 30 33 29 12 17 8 42 2 48 27 25 40 

Inst_Index:9179 	 City_Num:50 	 Concorde:0.058544 	 MCTS:5.849810 Improve:0.004571 	 Time:5.00 Seconds
Solution: 1 19 7 30 33 9 17 43 24 36 48 11 2 31 41 34 20 13 37 45 22 16 6 10 44 4 47 46 23 29 50 32 26 35 25 39 21 42 3 40 15 28 8 12 38 14 5 18 27 49 

Inst_Index:9180 	 City_Num:50 	 Concorde:0.055086 	 MCTS:5.508621 Improve:-0.000000 	 Time:5.00 Seconds
Solution: 1 24 20 22 18 30 10 23 29 12 26 19 31 11 43 27 37 38 8 36 6 41 46 28 9 2 21 16 13 3 44 33 14 15 45 40 32 49 50 35 5 34 25 48 47 7 42 39 17 4 

Inst_Index:9181 	 City_Num:50 	 Concorde:0.058577 	 MCTS:5.857724 Improve:-0.000000 	 Time:5.00 Seconds
Solution: 1 28 2 16 41 10 36 48 22 43 47 30 13 34 27 14 7 25 39 5 4 11 37 3 44 29 9 20 35 8 45 38 42 32 24 46 40 6 12 26 31 23 33 49 21 17 19 50 18 15 

Inst_Index:9182 	 City_Num:50 	 Concorde:0.060810 	 MCTS:6.081024 Improve:0.000000 	 Time:5.00 Seconds
Solution: 1 9 7 35 49 34 11 32 44 21 47 24 6 30 14 45 17 39 5 37 31 43 46 42 38 48 22 16 27 15 12 33 8 40 13 4 28 41 18 3 36 23 25 26 19 2 29 20 10 50 

Inst_Index:9183 	 City_Num:50 	 Concorde:0.056990 	 MCTS:5.693100 Improve:0.005925 	 Time:5.00 Seconds
Solution: 1 42 32 34 45 3 6 37 16 9 39 47 49 4 2 29 26 10 19 50 40 44 46 38 17 28 12 31 22 35 13 8 5 48 20 33 27 7 25 30 36 43 11 18 23 14 41 21 24 15 

Inst_Index:9184 	 City_Num:50 	 Concorde:0.052380 	 MCTS:5.237390 Improve:0.000593 	 Time:5.00 Seconds
Solution: 1 48 32 12 3 47 19 15 17 31 9 13 46 35 20 45 29 6 33 24 18 14 16 5 26 22 37 43 28 34 44 38 23 30 41 10 2 42 50 21 49 25 4 8 36 27 40 11 7 39 

Inst_Index:9185 	 City_Num:50 	 Concorde:0.052783 	 MCTS:5.266394 Improve:0.011916 	 Time:5.00 Seconds
Solution: 1 21 33 44 46 47 29 10 18 48 40 35 7 12 22 2 32 8 39 37 5 28 20 31 3 6 14 4 36 25 38 34 16 24 49 23 9 45 19 15 41 26 50 43 11 30 27 13 42 17 

Inst_Index:9186 	 City_Num:50 	 Concorde:0.052419 	 MCTS:5.241899 Improve:-0.000000 	 Time:5.00 Seconds
Solution: 1 45 7 36 23 22 35 17 4 14 19 5 12 42 30 16 18 43 47 38 39 26 27 11 46 40 31 41 25 24 15 49 2 44 37 32 50 29 6 8 9 28 10 3 33 13 20 48 21 34 

Inst_Index:9187 	 City_Num:50 	 Concorde:0.055845 	 MCTS:5.584515 Improve:0.000000 	 Time:5.00 Seconds
Solution: 1 38 10 20 46 50 41 26 22 39 24 47 21 36 18 35 14 44 23 49 31 25 48 5 34 45 6 9 43 3 12 33 37 11 40 4 30 8 13 42 15 32 19 17 7 16 2 28 27 29 

Inst_Index:9188 	 City_Num:50 	 Concorde:0.057845 	 MCTS:5.784542 Improve:0.000000 	 Time:5.00 Seconds
Solution: 1 18 5 14 8 24 11 44 21 42 9 41 23 2 36 46 48 50 49 15 27 37 30 26 12 35 13 28 25 29 39 10 7 43 32 6 4 16 20 3 45 40 38 22 34 17 47 33 19 31 

Inst_Index:9189 	 City_Num:50 	 Concorde:0.059275 	 MCTS:5.927470 Improve:0.000000 	 Time:5.00 Seconds
Solution: 1 4 36 19 42 14 26 46 35 50 28 11 10 18 24 30 8 48 49 45 40 20 6 5 34 17 32 29 43 12 27 25 9 13 47 7 39 2 21 22 41 37 16 3 23 15 44 31 38 33 

Inst_Index:9190 	 City_Num:50 	 Concorde:0.056502 	 MCTS:5.650180 Improve:0.000000 	 Time:5.00 Seconds
Solution: 1 22 36 17 40 46 13 19 25 27 24 47 45 3 18 42 10 2 44 16 21 39 20 29 41 7 35 32 43 30 50 9 8 28 26 6 34 12 14 48 33 31 37 15 38 23 5 11 49 4 

Inst_Index:9191 	 City_Num:50 	 Concorde:0.057313 	 MCTS:5.729794 Improve:0.001497 	 Time:5.00 Seconds
Solution: 1 36 8 28 13 30 46 25 35 27 32 33 12 49 3 10 40 26 19 29 37 48 50 6 42 20 31 43 23 15 39 11 45 24 5 44 38 18 47 21 22 16 41 9 2 4 7 14 17 34 

Inst_Index:9192 	 City_Num:50 	 Concorde:0.057903 	 MCTS:5.790319 Improve:-0.000000 	 Time:5.00 Seconds
Solution: 1 23 43 22 15 24 47 7 29 40 45 9 31 5 18 28 39 38 20 34 42 27 41 25 17 3 8 46 32 50 49 16 12 4 13 35 6 30 48 44 33 21 37 19 10 11 2 36 26 14 

Inst_Index:9193 	 City_Num:50 	 Concorde:0.054115 	 MCTS:5.411525 Improve:0.000000 	 Time:5.01 Seconds
Solution: 1 7 10 36 37 27 3 18 35 13 12 50 21 44 26 47 49 22 17 23 6 8 38 19 43 28 39 2 46 16 31 48 20 14 29 42 41 9 45 15 25 4 32 34 11 5 40 30 33 24 

Inst_Index:9194 	 City_Num:50 	 Concorde:0.053740 	 MCTS:5.373972 Improve:0.000000 	 Time:5.00 Seconds
Solution: 1 6 30 22 10 17 35 44 46 3 28 33 24 23 26 16 49 48 27 11 5 37 32 50 2 39 12 8 25 7 47 13 34 29 31 19 20 45 36 43 15 4 18 40 9 42 14 21 38 41 

Inst_Index:9195 	 City_Num:50 	 Concorde:0.060642 	 MCTS:6.062251 Improve:0.001907 	 Time:5.00 Seconds
Solution: 1 18 38 30 10 8 39 29 28 4 24 34 49 33 21 19 6 36 13 46 5 27 43 40 42 32 14 16 35 41 20 26 11 2 3 37 48 31 17 50 15 7 45 47 25 22 9 44 12 23 

Inst_Index:9196 	 City_Num:50 	 Concorde:0.057023 	 MCTS:5.702312 Improve:-0.000000 	 Time:5.00 Seconds
Solution: 1 7 33 5 30 47 43 26 44 13 36 27 8 22 42 25 19 45 37 46 32 24 38 6 28 17 4 40 11 20 12 41 23 15 31 16 3 14 39 35 34 49 48 10 2 21 50 29 18 9 

Inst_Index:9197 	 City_Num:50 	 Concorde:0.056527 	 MCTS:5.651313 Improve:0.001338 	 Time:5.00 Seconds
Solution: 1 35 38 22 21 24 13 3 6 15 19 47 8 17 14 32 27 12 36 44 5 25 4 11 50 16 31 49 48 23 20 9 34 46 2 33 39 10 29 18 37 45 41 43 7 40 28 30 42 26 

Inst_Index:9198 	 City_Num:50 	 Concorde:0.055133 	 MCTS:5.513260 Improve:0.000000 	 Time:5.00 Seconds
Solution: 1 11 33 41 2 12 29 18 35 9 48 22 30 24 27 32 49 39 14 23 10 26 46 45 19 6 25 37 50 36 5 4 28 7 8 15 42 43 47 38 40 17 16 21 13 20 3 31 44 34 

Inst_Index:9199 	 City_Num:50 	 Concorde:0.053124 	 MCTS:5.307629 Improve:0.004734 	 Time:5.01 Seconds
Solution: 1 4 47 12 43 27 46 32 6 48 30 37 23 9 22 35 21 41 5 14 20 25 3 8 11 49 29 19 18 13 2 17 10 24 42 40 33 36 31 15 39 45 26 38 7 50 44 16 28 34 

Inst_Index:9200 	 City_Num:50 	 Concorde:0.057353 	 MCTS:5.734999 Improve:0.000258 	 Time:5.00 Seconds
Solution: 1 23 33 46 34 18 14 19 6 50 45 16 21 29 40 26 47 37 49 2 38 25 17 32 5 35 44 22 41 30 8 7 39 31 13 11 10 20 36 42 24 9 48 27 4 15 3 12 28 43 

Inst_Index:9201 	 City_Num:50 	 Concorde:0.056844 	 MCTS:5.684411 Improve:0.000000 	 Time:5.00 Seconds
Solution: 1 30 27 36 37 16 40 38 12 41 14 44 47 46 22 18 9 6 49 32 33 35 39 17 23 43 48 10 11 31 15 24 25 20 7 5 45 50 13 19 8 29 21 4 26 34 2 42 3 28 

Inst_Index:9202 	 City_Num:50 	 Concorde:0.056737 	 MCTS:5.669800 Improve:0.003868 	 Time:5.00 Seconds
Solution: 1 28 2 13 19 49 36 24 16 31 29 44 35 8 3 38 12 41 10 40 21 25 14 34 22 46 23 20 9 30 27 26 18 33 47 5 48 15 39 7 43 37 4 45 42 50 6 11 32 17 

Inst_Index:9203 	 City_Num:50 	 Concorde:0.059060 	 MCTS:5.906001 Improve:0.000000 	 Time:5.00 Seconds
Solution: 1 2 42 17 37 45 43 35 7 19 50 46 48 4 49 30 11 34 27 5 26 36 3 18 32 15 44 38 22 39 14 23 40 20 8 12 41 21 24 31 16 6 29 28 10 13 9 47 25 33 

Inst_Index:9204 	 City_Num:50 	 Concorde:0.055136 	 MCTS:5.513642 Improve:-0.000000 	 Time:5.00 Seconds
Solution: 1 33 6 20 7 29 30 44 2 13 46 10 40 47 15 26 8 31 39 28 19 41 3 36 22 49 35 11 4 14 27 24 42 34 16 38 37 9 32 43 25 5 18 48 17 21 45 23 12 50 

Inst_Index:9205 	 City_Num:50 	 Concorde:0.051263 	 MCTS:5.126348 Improve:-0.000000 	 Time:5.00 Seconds
Solution: 1 22 50 46 49 6 31 12 32 29 33 34 38 44 30 13 18 24 2 28 19 3 35 10 37 39 27 43 41 7 20 26 4 15 11 9 45 42 40 8 25 36 16 5 14 48 23 47 21 17 

Inst_Index:9206 	 City_Num:50 	 Concorde:0.057608 	 MCTS:5.760759 Improve:-0.000000 	 Time:5.01 Seconds
Solution: 1 2 21 36 39 45 41 10 14 30 40 29 35 3 37 9 49 15 5 33 25 28 8 46 19 23 12 27 32 47 44 6 48 11 31 13 38 26 4 43 50 20 34 24 42 18 16 17 7 22 

Inst_Index:9207 	 City_Num:50 	 Concorde:0.057185 	 MCTS:5.715886 Improve:0.002652 	 Time:5.00 Seconds
Solution: 1 16 19 28 38 21 29 45 6 33 42 27 8 13 24 23 41 26 9 15 12 20 48 2 39 5 18 34 31 14 40 43 11 37 47 32 25 3 49 30 17 46 35 10 44 36 22 7 50 4 

Inst_Index:9208 	 City_Num:50 	 Concorde:0.055060 	 MCTS:5.505983 Improve:-0.000000 	 Time:5.00 Seconds
Solution: 1 19 34 6 21 13 46 10 29 39 8 48 27 28 45 24 14 7 30 37 4 43 25 20 32 33 23 12 17 5 26 38 9 36 41 11 50 35 15 2 18 16 44 3 31 22 40 47 42 49 

Inst_Index:9209 	 City_Num:50 	 Concorde:0.057251 	 MCTS:5.725051 Improve:0.000000 	 Time:5.00 Seconds
Solution: 1 12 29 11 45 17 28 38 10 33 14 8 25 32 21 31 7 34 9 44 16 4 18 48 35 41 19 46 15 43 20 24 30 36 6 3 47 37 50 49 26 42 5 27 40 22 23 39 2 13 

Inst_Index:9210 	 City_Num:50 	 Concorde:0.054288 	 MCTS:5.428827 Improve:0.000000 	 Time:5.01 Seconds
Solution: 1 47 32 31 17 25 7 4 2 24 16 33 41 11 15 49 23 19 36 44 48 9 35 3 12 14 29 45 21 39 50 10 40 38 46 37 27 28 30 34 42 20 5 8 13 18 43 6 26 22 

Inst_Index:9211 	 City_Num:50 	 Concorde:0.057159 	 MCTS:5.714534 Improve:0.001368 	 Time:5.00 Seconds
Solution: 1 36 5 21 35 27 31 45 26 11 22 37 10 30 9 48 28 13 41 39 8 43 15 40 4 44 38 49 2 42 14 29 47 6 34 18 7 12 23 19 50 33 17 3 20 46 32 24 25 16 

Inst_Index:9212 	 City_Num:50 	 Concorde:0.058052 	 MCTS:5.805174 Improve:0.000000 	 Time:5.00 Seconds
Solution: 1 18 29 42 19 36 21 9 3 14 44 17 39 27 16 20 30 13 37 34 24 40 2 10 6 4 43 8 15 47 41 35 49 5 33 31 50 25 32 28 46 22 38 45 48 26 7 23 12 11 

Inst_Index:9213 	 City_Num:50 	 Concorde:0.055235 	 MCTS:5.523490 Improve:-0.000000 	 Time:5.00 Seconds
Solution: 1 50 25 34 16 33 17 31 3 42 45 28 49 18 9 47 19 14 37 2 15 30 6 36 43 10 41 5 48 8 24 35 40 20 4 29 27 23 12 32 46 38 21 11 13 22 7 26 39 44 

Inst_Index:9214 	 City_Num:50 	 Concorde:0.054976 	 MCTS:5.497647 Improve:0.000000 	 Time:5.00 Seconds
Solution: 1 9 22 20 19 25 26 10 46 47 30 6 12 2 7 28 13 33 16 36 43 18 3 35 27 34 42 17 14 41 44 45 49 50 24 31 5 8 11 48 15 37 23 21 40 38 4 39 32 29 

Inst_Index:9215 	 City_Num:50 	 Concorde:0.056337 	 MCTS:5.633691 Improve:-0.000000 	 Time:5.00 Seconds
Solution: 1 13 11 47 14 41 49 36 3 39 16 43 50 19 48 18 25 45 33 32 17 12 23 8 9 10 34 35 24 2 44 4 31 28 22 46 37 20 7 26 30 6 27 5 29 15 40 21 38 42 

Inst_Index:9216 	 City_Num:50 	 Concorde:0.057355 	 MCTS:5.735472 Improve:0.000000 	 Time:5.00 Seconds
Solution: 1 19 20 49 40 50 37 24 47 45 12 10 23 14 36 4 38 33 43 2 15 35 16 6 34 48 44 7 32 29 39 27 46 22 9 42 26 25 11 8 30 28 31 3 5 18 13 17 41 21 

Inst_Index:9217 	 City_Num:50 	 Concorde:0.056264 	 MCTS:5.626286 Improve:0.000086 	 Time:5.00 Seconds
Solution: 1 11 13 2 4 3 6 44 33 47 8 16 22 20 38 21 7 27 12 49 30 43 14 28 18 45 37 23 48 41 31 25 34 17 35 15 26 29 5 46 19 32 40 50 24 42 39 36 9 10 

Inst_Index:9218 	 City_Num:50 	 Concorde:0.058269 	 MCTS:5.816196 Improve:0.010678 	 Time:5.00 Seconds
Solution: 1 28 44 22 43 33 5 45 8 16 30 40 20 37 2 15 4 27 12 38 32 21 23 29 34 48 24 25 42 49 36 18 39 31 13 14 47 35 3 17 19 41 11 26 7 6 50 10 46 9 

Inst_Index:9219 	 City_Num:50 	 Concorde:0.062015 	 MCTS:6.201479 Improve:0.000000 	 Time:5.00 Seconds
Solution: 1 28 15 7 45 49 36 38 18 43 20 19 41 33 50 46 4 48 5 29 32 16 3 24 42 12 26 14 10 22 13 8 17 6 39 37 2 11 21 25 44 40 27 30 9 34 35 31 47 23 

Inst_Index:9220 	 City_Num:50 	 Concorde:0.058737 	 MCTS:5.873681 Improve:0.000000 	 Time:5.00 Seconds
Solution: 1 40 31 5 37 46 16 7 45 13 38 48 34 12 50 29 8 49 18 33 20 42 10 3 23 39 44 15 17 21 4 9 36 11 25 32 47 24 35 43 26 41 14 27 19 2 28 30 6 22 

Inst_Index:9221 	 City_Num:50 	 Concorde:0.059073 	 MCTS:5.901820 Improve:0.005485 	 Time:5.00 Seconds
Solution: 1 23 50 7 35 37 18 41 12 48 25 4 10 2 27 19 24 42 17 45 36 9 33 21 43 16 5 28 34 32 31 6 44 47 11 8 15 49 22 14 3 40 26 29 46 38 30 39 20 13 

Inst_Index:9222 	 City_Num:50 	 Concorde:0.054297 	 MCTS:5.424668 Improve:0.005050 	 Time:5.00 Seconds
Solution: 1 19 45 21 47 31 40 37 36 41 48 18 23 10 39 5 11 7 9 17 24 26 49 3 42 13 6 29 43 35 22 12 25 8 44 34 20 38 15 33 28 27 32 16 50 46 4 14 2 30 

Inst_Index:9223 	 City_Num:50 	 Concorde:0.052414 	 MCTS:5.239941 Improve:0.001487 	 Time:5.00 Seconds
Solution: 1 22 37 5 34 27 32 46 24 50 25 23 33 35 31 28 30 43 17 29 45 21 10 48 39 13 8 26 19 44 2 14 7 12 18 3 42 4 16 41 49 6 40 47 15 11 9 20 38 36 

Inst_Index:9224 	 City_Num:50 	 Concorde:0.056871 	 MCTS:5.687092 Improve:-0.000000 	 Time:5.01 Seconds
Solution: 1 4 9 6 18 23 27 14 31 10 44 12 28 36 3 11 32 22 34 40 48 43 15 13 39 5 38 24 19 16 37 25 29 33 17 49 41 42 7 47 30 26 35 8 21 45 50 2 46 20 

Inst_Index:9225 	 City_Num:50 	 Concorde:0.055028 	 MCTS:5.501940 Improve:0.000906 	 Time:5.01 Seconds
Solution: 1 7 28 34 44 13 47 36 39 33 9 31 27 16 45 20 14 11 15 4 29 8 42 12 38 30 3 5 48 17 25 26 37 22 35 19 10 21 43 50 32 23 2 6 41 49 18 46 24 40 

Inst_Index:9226 	 City_Num:50 	 Concorde:0.055805 	 MCTS:5.572984 Improve:0.007510 	 Time:5.01 Seconds
Solution: 1 22 18 47 34 9 43 20 13 32 3 39 8 4 40 28 49 27 31 48 46 15 23 14 25 33 16 2 21 41 37 5 12 35 6 10 29 24 26 17 19 50 38 30 11 36 7 45 44 42 

Inst_Index:9227 	 City_Num:50 	 Concorde:0.052936 	 MCTS:5.293242 Improve:0.000359 	 Time:5.00 Seconds
Solution: 1 7 10 42 31 50 26 41 39 2 15 5 45 8 22 46 34 13 48 20 30 18 11 47 33 27 36 38 49 37 19 12 6 3 17 32 44 24 40 4 16 25 28 35 23 14 9 43 29 21 

Inst_Index:9228 	 City_Num:50 	 Concorde:0.055402 	 MCTS:5.540178 Improve:-0.000000 	 Time:5.01 Seconds
Solution: 1 32 14 35 27 49 11 38 31 42 23 10 28 12 7 18 33 50 5 41 13 36 2 15 47 29 6 8 43 48 30 26 45 44 34 9 46 25 20 19 24 17 40 39 21 22 3 16 4 37 

Inst_Index:9229 	 City_Num:50 	 Concorde:0.057802 	 MCTS:5.776303 Improve:0.003853 	 Time:5.01 Seconds
Solution: 1 20 35 8 29 37 27 43 13 23 10 21 24 46 2 44 12 9 48 49 16 42 22 28 4 26 11 45 36 31 41 15 17 34 5 32 14 3 33 25 6 47 18 19 50 7 38 39 30 40 

Inst_Index:9230 	 City_Num:50 	 Concorde:0.059268 	 MCTS:5.920678 Improve:0.006161 	 Time:5.00 Seconds
Solution: 1 26 28 23 36 50 14 15 17 3 4 5 44 9 20 27 46 48 30 13 29 41 31 37 43 6 16 19 10 35 2 39 18 49 21 33 38 34 47 25 12 8 45 22 24 42 32 11 7 40 

Inst_Index:9231 	 City_Num:50 	 Concorde:0.058392 	 MCTS:5.839232 Improve:0.000000 	 Time:5.00 Seconds
Solution: 1 23 21 15 47 4 13 7 8 44 9 40 31 37 34 42 48 5 26 2 25 20 29 6 30 49 43 33 35 41 14 46 11 3 38 36 10 32 19 27 24 12 28 17 22 16 50 45 39 18 

Inst_Index:9232 	 City_Num:50 	 Concorde:0.057305 	 MCTS:5.728710 Improve:0.001748 	 Time:5.00 Seconds
Solution: 1 49 5 34 45 26 3 20 15 42 18 33 36 41 50 25 28 43 4 7 39 2 38 44 22 21 16 29 30 32 46 24 37 31 10 17 9 13 11 8 14 40 19 6 47 12 48 27 35 23 

Inst_Index:9233 	 City_Num:50 	 Concorde:0.061061 	 MCTS:6.105736 Improve:0.000324 	 Time:5.00 Seconds
Solution: 1 4 47 20 30 27 28 2 42 21 16 44 10 19 11 5 31 3 43 39 22 48 25 8 17 29 13 50 49 34 6 41 40 45 9 24 46 14 12 26 23 18 37 36 32 7 15 38 33 35 

Inst_Index:9234 	 City_Num:50 	 Concorde:0.058088 	 MCTS:5.808549 Improve:0.000242 	 Time:5.01 Seconds
Solution: 1 3 13 9 45 29 41 4 5 30 11 47 12 21 10 33 15 6 42 43 16 23 36 39 28 35 25 26 48 49 44 46 19 14 18 7 40 20 38 22 24 2 27 31 32 8 50 37 34 17 

Inst_Index:9235 	 City_Num:50 	 Concorde:0.057083 	 MCTS:5.708264 Improve:0.000000 	 Time:5.00 Seconds
Solution: 1 50 39 28 42 32 36 14 9 10 35 7 25 6 2 13 16 17 37 15 48 19 3 47 27 40 44 24 38 26 41 34 31 43 49 11 12 18 22 21 4 20 33 45 5 30 23 29 46 8 

Inst_Index:9236 	 City_Num:50 	 Concorde:0.061353 	 MCTS:6.135313 Improve:0.000000 	 Time:5.00 Seconds
Solution: 1 32 9 21 34 35 37 5 14 10 8 23 40 19 20 45 4 16 38 15 44 12 2 49 48 27 24 3 47 42 6 13 22 41 43 28 33 39 25 46 30 50 29 31 26 17 11 36 18 7 

Inst_Index:9237 	 City_Num:50 	 Concorde:0.054073 	 MCTS:5.407126 Improve:0.000162 	 Time:5.00 Seconds
Solution: 1 22 20 21 48 9 39 41 43 35 6 33 10 14 7 42 50 36 38 29 16 13 26 18 31 23 32 40 17 15 24 46 19 12 4 8 34 45 37 5 25 3 47 30 11 27 49 28 44 2 

Inst_Index:9238 	 City_Num:50 	 Concorde:0.058376 	 MCTS:5.837564 Improve:0.000000 	 Time:5.00 Seconds
Solution: 1 35 26 10 49 47 43 38 20 42 28 21 11 19 24 30 14 36 7 8 2 18 45 15 44 39 5 48 4 25 37 46 13 40 33 16 31 3 6 34 17 50 23 27 32 22 29 41 9 12 

Inst_Index:9239 	 City_Num:50 	 Concorde:0.055461 	 MCTS:5.546108 Improve:0.000000 	 Time:5.00 Seconds
Solution: 1 41 4 29 19 48 27 28 34 2 50 44 14 42 35 45 6 16 31 23 17 40 30 8 25 9 11 12 7 46 47 32 13 21 43 22 3 39 37 26 36 10 5 15 49 20 38 33 18 24 

Inst_Index:9240 	 City_Num:50 	 Concorde:0.058949 	 MCTS:5.894937 Improve:0.000000 	 Time:5.01 Seconds
Solution: 1 42 5 37 7 14 50 12 8 24 29 23 43 4 22 26 46 25 38 15 2 13 27 34 44 49 32 30 40 19 41 11 6 16 18 17 9 39 36 28 47 20 21 31 3 35 48 45 33 10 

Inst_Index:9241 	 City_Num:50 	 Concorde:0.062896 	 MCTS:6.288086 Improve:0.001551 	 Time:5.00 Seconds
Solution: 1 13 20 44 29 37 46 17 14 38 21 43 16 10 5 45 36 23 34 42 2 7 25 15 40 33 12 49 18 39 24 31 6 9 8 32 41 47 26 50 11 22 28 19 35 27 3 48 30 4 

Inst_Index:9242 	 City_Num:50 	 Concorde:0.060325 	 MCTS:6.032471 Improve:0.000000 	 Time:5.00 Seconds
Solution: 1 3 9 28 10 25 45 39 8 27 11 17 36 29 5 48 26 49 33 47 23 34 37 41 20 4 42 22 12 18 30 16 14 50 21 31 38 35 24 46 7 13 40 6 15 19 43 32 44 2 

Inst_Index:9243 	 City_Num:50 	 Concorde:0.057501 	 MCTS:5.750056 Improve:0.000000 	 Time:5.00 Seconds
Solution: 1 46 17 30 2 13 21 22 31 48 35 43 36 39 34 37 5 14 19 27 20 44 8 26 24 11 4 33 15 42 25 38 32 10 6 41 18 40 45 49 29 9 3 23 12 7 16 50 47 28 

Inst_Index:9244 	 City_Num:50 	 Concorde:0.052744 	 MCTS:5.274085 Improve:0.000326 	 Time:5.00 Seconds
Solution: 1 4 40 13 17 33 42 20 15 34 44 22 48 25 5 16 11 19 46 36 47 24 2 32 41 35 18 50 28 29 7 26 6 37 9 14 49 45 8 39 12 38 23 43 10 3 30 31 27 21 

Inst_Index:9245 	 City_Num:50 	 Concorde:0.053178 	 MCTS:5.317476 Improve:0.000336 	 Time:5.00 Seconds
Solution: 1 44 13 22 14 29 50 36 8 11 31 26 10 5 19 12 46 2 21 34 35 18 37 20 25 3 24 28 32 23 42 48 43 27 7 4 41 33 6 49 45 17 47 16 39 30 9 38 40 15 

Inst_Index:9246 	 City_Num:50 	 Concorde:0.059282 	 MCTS:5.928241 Improve:0.000000 	 Time:5.00 Seconds
Solution: 1 25 24 50 40 35 46 37 22 17 43 21 39 28 5 20 15 27 8 31 29 10 2 16 13 6 30 12 14 34 47 38 18 9 23 36 26 3 32 7 41 19 33 49 4 42 48 44 11 45 

Inst_Index:9247 	 City_Num:50 	 Concorde:0.062020 	 MCTS:6.202030 Improve:0.000000 	 Time:5.00 Seconds
Solution: 1 23 38 40 28 24 33 26 22 8 46 42 14 5 45 20 10 30 7 27 39 16 4 34 2 3 29 44 12 13 31 48 25 15 21 41 49 43 19 36 35 6 18 11 50 17 47 37 32 9 

Inst_Index:9248 	 City_Num:50 	 Concorde:0.058630 	 MCTS:5.862454 Improve:0.000517 	 Time:5.01 Seconds
Solution: 1 41 44 6 50 4 19 20 45 11 42 2 36 15 7 31 46 43 40 49 8 37 26 27 23 24 16 3 48 18 30 28 34 13 5 17 38 33 39 47 10 21 32 22 35 29 14 9 12 25 

Inst_Index:9249 	 City_Num:50 	 Concorde:0.054087 	 MCTS:5.408729 Improve:-0.000000 	 Time:5.00 Seconds
Solution: 1 4 28 49 44 24 46 41 3 26 22 30 35 32 27 14 50 15 34 20 43 47 9 23 18 39 11 5 40 8 31 6 45 48 37 19 16 38 36 21 17 2 25 10 13 7 29 12 42 33 

Inst_Index:9250 	 City_Num:50 	 Concorde:0.054634 	 MCTS:5.455798 Improve:0.007612 	 Time:5.00 Seconds
Solution: 1 28 9 6 18 2 23 32 30 50 41 11 7 5 21 33 22 43 45 27 25 16 40 34 20 12 35 36 47 26 42 29 44 4 15 10 24 38 31 46 48 39 14 17 19 13 3 37 49 8 

Inst_Index:9251 	 City_Num:50 	 Concorde:0.057198 	 MCTS:5.717243 Improve:0.002516 	 Time:5.00 Seconds
Solution: 1 11 19 26 23 13 32 49 16 42 48 12 6 40 24 20 37 8 38 43 25 15 21 45 34 47 30 33 22 4 31 17 2 36 9 14 50 44 35 27 39 46 28 3 7 10 41 5 29 18 

Inst_Index:9252 	 City_Num:50 	 Concorde:0.057056 	 MCTS:5.705614 Improve:0.000000 	 Time:5.00 Seconds
Solution: 1 13 14 50 32 11 35 12 33 7 18 8 24 48 31 5 17 45 3 36 44 19 10 28 15 46 38 21 49 27 22 6 2 47 41 34 9 16 30 29 4 43 39 23 25 40 20 42 26 37 

Inst_Index:9253 	 City_Num:50 	 Concorde:0.059627 	 MCTS:5.961577 Improve:0.001165 	 Time:5.00 Seconds
Solution: 1 9 27 15 21 17 2 6 18 50 7 26 37 10 8 19 14 40 11 28 5 20 31 22 25 23 13 36 12 3 24 16 32 49 47 41 43 35 33 48 46 4 44 39 34 45 29 38 42 30 

Inst_Index:9254 	 City_Num:50 	 Concorde:0.055921 	 MCTS:5.586673 Improve:0.005418 	 Time:5.00 Seconds
Solution: 1 43 28 36 6 17 46 40 4 47 27 45 33 26 20 24 41 8 15 18 31 35 2 3 19 10 14 34 48 44 16 25 9 5 38 29 30 13 50 11 12 39 42 7 37 22 32 23 21 49 

Inst_Index:9255 	 City_Num:50 	 Concorde:0.056862 	 MCTS:5.685804 Improve:0.000361 	 Time:5.00 Seconds
Solution: 1 36 49 28 31 6 20 11 47 34 33 40 2 43 38 10 45 19 26 35 21 41 22 9 17 48 30 46 50 4 13 29 18 14 42 5 15 24 16 12 3 23 32 8 44 27 7 25 39 37 

Inst_Index:9256 	 City_Num:50 	 Concorde:0.060840 	 MCTS:6.081910 Improve:0.002062 	 Time:5.00 Seconds
Solution: 1 31 46 12 22 50 11 17 15 8 34 42 30 3 26 40 29 23 39 37 43 32 38 21 16 33 14 24 20 48 18 7 9 49 41 19 10 35 6 27 28 2 4 44 45 36 5 47 25 13 

Inst_Index:9257 	 City_Num:50 	 Concorde:0.052480 	 MCTS:5.247969 Improve:0.000000 	 Time:5.00 Seconds
Solution: 1 37 36 44 18 42 5 9 35 3 50 12 39 14 17 48 41 26 16 33 27 2 31 4 46 49 43 25 20 38 15 22 11 29 28 40 24 23 19 7 30 8 34 21 45 6 13 47 32 10 

Inst_Index:9258 	 City_Num:50 	 Concorde:0.056547 	 MCTS:5.654745 Improve:0.000000 	 Time:5.00 Seconds
Solution: 1 44 14 25 30 9 13 34 6 4 29 20 41 42 48 35 18 39 22 33 23 12 26 37 46 16 7 40 36 2 31 43 38 5 8 11 28 21 17 45 15 10 19 47 3 27 24 32 50 49 

Inst_Index:9259 	 City_Num:50 	 Concorde:0.056344 	 MCTS:5.634440 Improve:-0.000000 	 Time:5.00 Seconds
Solution: 1 13 30 48 43 31 18 6 3 19 38 29 15 14 45 27 41 49 4 22 42 5 46 7 23 20 25 35 11 33 44 34 26 8 32 24 37 21 36 2 39 16 40 12 9 50 47 10 17 28 

Inst_Index:9260 	 City_Num:50 	 Concorde:0.058847 	 MCTS:5.884690 Improve:0.000000 	 Time:5.00 Seconds
Solution: 1 5 7 11 23 6 47 19 24 36 27 37 49 14 46 29 10 18 26 43 22 35 17 48 33 44 13 20 28 4 39 32 15 45 8 3 38 16 25 42 41 31 2 30 9 50 40 34 12 21 

Inst_Index:9261 	 City_Num:50 	 Concorde:0.056356 	 MCTS:5.635616 Improve:0.000000 	 Time:5.00 Seconds
Solution: 1 35 25 27 33 30 38 48 18 26 37 41 13 43 24 11 16 15 29 9 7 44 10 47 36 8 50 23 22 28 3 17 46 49 14 39 31 5 6 45 4 20 42 32 21 19 34 40 2 12 

Inst_Index:9262 	 City_Num:50 	 Concorde:0.055425 	 MCTS:5.539147 Improve:0.003320 	 Time:5.00 Seconds
Solution: 1 46 49 15 41 48 13 47 40 18 3 23 9 32 42 14 24 43 8 34 31 36 45 17 27 2 38 6 16 7 37 50 39 26 5 19 12 11 10 44 22 29 30 33 28 21 35 25 20 4 

Inst_Index:9263 	 City_Num:50 	 Concorde:0.054863 	 MCTS:5.486254 Improve:0.000000 	 Time:5.00 Seconds
Solution: 1 40 32 36 7 29 26 12 50 21 11 23 9 6 13 39 43 38 46 28 31 41 15 14 45 17 34 25 27 19 5 16 8 33 10 24 35 44 37 2 3 22 30 20 42 49 48 47 4 18 

Inst_Index:9264 	 City_Num:50 	 Concorde:0.054088 	 MCTS:5.401705 Improve:0.007094 	 Time:5.00 Seconds
Solution: 1 12 30 48 15 13 45 29 16 17 23 25 7 20 37 5 42 27 36 24 44 22 4 11 47 46 8 9 33 28 31 39 14 26 38 40 2 19 6 21 34 32 43 3 50 49 35 41 10 18 

Inst_Index:9265 	 City_Num:50 	 Concorde:0.057733 	 MCTS:5.771086 Improve:0.002175 	 Time:5.00 Seconds
Solution: 1 4 17 37 44 6 29 7 45 47 16 10 49 21 24 20 38 41 25 42 39 11 50 23 15 22 2 12 5 36 27 8 18 14 33 40 9 26 13 19 48 31 28 35 32 43 34 30 46 3 

Inst_Index:9266 	 City_Num:50 	 Concorde:0.061457 	 MCTS:6.145705 Improve:-0.000000 	 Time:5.00 Seconds
Solution: 1 47 7 46 42 6 20 35 31 29 3 25 17 8 14 16 39 50 23 45 38 36 24 19 43 12 28 48 34 33 37 11 27 49 30 32 5 2 15 18 22 21 4 26 44 41 13 9 40 10 

Inst_Index:9267 	 City_Num:50 	 Concorde:0.058052 	 MCTS:5.805229 Improve:0.000000 	 Time:5.00 Seconds
Solution: 1 11 37 2 38 9 46 8 43 15 14 35 20 27 50 18 29 17 21 31 10 44 19 5 48 13 40 7 33 24 47 23 42 45 34 4 30 6 49 36 3 26 25 12 16 41 32 39 28 22 

Inst_Index:9268 	 City_Num:50 	 Concorde:0.060215 	 MCTS:6.019312 Improve:0.002161 	 Time:5.00 Seconds
Solution: 1 16 43 33 21 38 7 28 47 35 25 40 19 6 42 34 2 45 31 29 27 48 14 46 32 22 12 50 30 15 36 26 4 23 9 37 8 17 44 41 18 3 39 10 11 49 24 13 5 20 

Inst_Index:9269 	 City_Num:50 	 Concorde:0.059851 	 MCTS:5.985107 Improve:0.000000 	 Time:5.00 Seconds
Solution: 1 24 33 20 36 17 15 11 16 42 29 27 10 35 50 21 32 25 12 5 7 40 6 26 48 18 4 41 19 9 47 30 46 31 39 43 8 28 22 3 49 37 2 23 44 45 34 14 38 13 

Inst_Index:9270 	 City_Num:50 	 Concorde:0.054368 	 MCTS:5.436754 Improve:0.000000 	 Time:5.00 Seconds
Solution: 1 24 25 16 22 50 48 9 46 8 42 11 29 31 34 5 15 41 20 6 12 27 2 18 4 10 44 17 45 39 28 3 23 26 30 47 19 32 35 13 7 40 33 37 49 14 36 21 38 43 

Inst_Index:9271 	 City_Num:50 	 Concorde:0.053073 	 MCTS:5.307275 Improve:0.000000 	 Time:5.01 Seconds
Solution: 1 23 19 3 18 22 43 46 41 10 49 40 17 50 37 16 42 25 31 5 7 8 30 4 14 33 9 26 36 29 28 13 15 24 45 21 27 12 39 48 2 38 11 47 44 34 35 6 20 32 

Inst_Index:9272 	 City_Num:50 	 Concorde:0.056280 	 MCTS:5.628042 Improve:-0.000000 	 Time:5.00 Seconds
Solution: 1 9 21 36 5 24 3 12 48 37 33 4 30 28 23 10 18 17 14 29 8 15 31 38 22 45 46 7 32 6 34 41 35 19 43 2 16 20 26 44 47 50 27 25 11 39 13 49 40 42 

Inst_Index:9273 	 City_Num:50 	 Concorde:0.055768 	 MCTS:5.576802 Improve:-0.000000 	 Time:5.00 Seconds
Solution: 1 9 45 2 8 29 18 37 13 36 50 27 7 10 38 25 12 17 6 43 32 11 5 42 44 39 28 20 26 31 4 3 33 14 49 35 21 41 24 15 22 23 47 46 30 16 19 40 48 34 

Inst_Index:9274 	 City_Num:50 	 Concorde:0.055199 	 MCTS:5.518822 Improve:0.001028 	 Time:5.00 Seconds
Solution: 1 38 4 43 8 3 31 2 20 13 46 26 48 14 37 7 33 19 17 25 23 42 34 29 49 10 21 40 5 36 24 12 15 32 39 28 44 11 9 35 47 30 22 45 18 27 50 6 41 16 

Inst_Index:9275 	 City_Num:50 	 Concorde:0.061065 	 MCTS:6.106512 Improve:0.000000 	 Time:5.00 Seconds
Solution: 1 32 15 6 4 10 50 37 34 30 7 8 12 23 16 26 14 38 46 48 44 25 3 9 40 35 17 18 42 20 21 19 33 22 24 45 29 49 47 27 2 43 13 31 39 36 5 41 11 28 

Inst_Index:9276 	 City_Num:50 	 Concorde:0.058993 	 MCTS:5.898333 Improve:0.001011 	 Time:5.00 Seconds
Solution: 1 15 12 39 14 49 22 5 33 8 44 36 17 27 37 10 7 21 29 19 9 4 31 38 43 18 47 25 6 34 26 11 48 46 50 30 24 20 35 41 2 13 32 45 40 16 28 3 23 42 

Inst_Index:9277 	 City_Num:50 	 Concorde:0.060130 	 MCTS:6.012288 Improve:0.000684 	 Time:5.00 Seconds
Solution: 1 18 38 25 29 23 5 34 35 16 49 42 47 50 45 15 7 40 17 9 28 14 31 21 11 30 12 22 19 2 4 36 26 39 43 41 20 46 24 37 10 27 6 44 32 33 13 8 3 48 

Inst_Index:9278 	 City_Num:50 	 Concorde:0.059331 	 MCTS:5.933073 Improve:-0.000000 	 Time:5.00 Seconds
Solution: 1 22 2 26 5 13 48 4 47 46 32 20 25 19 41 9 29 3 10 50 33 27 37 31 36 23 44 49 15 43 28 21 45 34 12 38 6 11 8 40 30 17 16 42 35 7 18 24 14 39 

Inst_Index:9279 	 City_Num:50 	 Concorde:0.052280 	 MCTS:5.227953 Improve:0.000000 	 Time:5.00 Seconds
Solution: 1 39 17 12 42 30 16 5 33 35 29 10 27 8 28 18 48 24 9 38 21 31 40 25 41 47 3 50 15 32 14 43 7 19 34 36 46 22 26 37 2 6 45 49 11 20 4 23 44 13 

Inst_Index:9280 	 City_Num:50 	 Concorde:0.058705 	 MCTS:5.865279 Improve:0.005246 	 Time:5.00 Seconds
Solution: 1 14 20 16 11 49 37 12 5 29 32 7 21 34 31 9 19 39 22 4 3 2 28 30 13 47 36 17 6 38 45 10 18 48 44 35 50 27 8 41 46 42 23 40 15 26 33 43 24 25 

Inst_Index:9281 	 City_Num:50 	 Concorde:0.058025 	 MCTS:5.798753 Improve:0.003778 	 Time:5.01 Seconds
Solution: 1 40 47 43 31 15 29 12 23 27 21 19 14 42 6 38 7 45 44 39 50 46 2 4 18 49 13 24 9 35 17 8 22 36 30 41 37 34 3 5 10 11 48 32 20 26 25 16 33 28 

Inst_Index:9282 	 City_Num:50 	 Concorde:0.055110 	 MCTS:5.510985 Improve:0.000000 	 Time:5.00 Seconds
Solution: 1 6 5 48 31 21 38 37 15 36 25 43 40 8 27 9 45 11 33 28 20 34 16 14 35 42 7 18 17 41 49 4 19 24 50 13 26 2 30 10 29 39 3 44 22 47 32 12 23 46 

Inst_Index:9283 	 City_Num:50 	 Concorde:0.055541 	 MCTS:5.554056 Improve:0.000000 	 Time:5.00 Seconds
Solution: 1 19 35 37 5 49 29 12 48 28 7 27 10 13 46 23 3 24 38 40 43 39 11 4 17 8 25 9 32 14 6 33 16 31 36 30 18 47 21 26 50 34 15 41 45 22 42 2 20 44 

Inst_Index:9284 	 City_Num:50 	 Concorde:0.054388 	 MCTS:5.438840 Improve:0.000000 	 Time:5.01 Seconds
Solution: 1 22 29 2 9 28 3 26 25 36 24 11 12 14 44 23 37 47 48 46 21 17 15 45 7 35 13 19 16 33 43 31 5 38 39 40 41 27 32 20 18 50 42 4 6 8 49 30 10 34 

Inst_Index:9285 	 City_Num:50 	 Concorde:0.055385 	 MCTS:5.538490 Improve:-0.000000 	 Time:5.00 Seconds
Solution: 1 33 38 20 44 5 7 24 18 21 31 19 25 36 34 11 9 49 35 43 3 4 48 42 12 50 41 15 23 29 17 40 16 46 2 27 6 32 37 47 45 28 22 13 8 26 10 39 14 30 

Inst_Index:9286 	 City_Num:50 	 Concorde:0.057396 	 MCTS:5.739612 Improve:-0.000000 	 Time:5.00 Seconds
Solution: 1 30 7 48 34 50 37 44 35 41 2 4 3 22 12 42 17 29 28 23 38 15 36 11 24 31 6 9 40 32 5 33 16 39 13 27 20 10 46 43 8 19 18 45 25 49 14 47 26 21 

Inst_Index:9287 	 City_Num:50 	 Concorde:0.059428 	 MCTS:5.942781 Improve:0.000000 	 Time:5.00 Seconds
Solution: 1 13 48 24 5 26 36 7 8 4 38 30 3 29 49 45 41 2 46 50 12 42 6 11 18 31 39 22 28 34 27 21 37 35 44 40 9 10 32 23 47 19 17 15 43 20 16 14 25 33 

Inst_Index:9288 	 City_Num:50 	 Concorde:0.053544 	 MCTS:5.354449 Improve:0.000000 	 Time:5.00 Seconds
Solution: 1 35 40 10 43 19 22 39 29 16 27 34 28 25 3 44 4 20 32 12 21 37 48 8 13 23 38 30 11 50 31 17 24 47 7 14 15 5 18 49 36 9 2 46 41 26 33 45 42 6 

Inst_Index:9289 	 City_Num:50 	 Concorde:0.053972 	 MCTS:5.397213 Improve:0.000000 	 Time:5.00 Seconds
Solution: 1 29 20 19 22 41 13 33 4 45 34 36 15 46 21 2 35 12 43 47 14 23 10 8 25 38 27 24 17 16 31 3 7 5 40 49 39 18 37 26 32 30 42 28 48 11 50 9 44 6 

Inst_Index:9290 	 City_Num:50 	 Concorde:0.059303 	 MCTS:5.930337 Improve:0.000000 	 Time:5.00 Seconds
Solution: 1 4 18 35 50 25 40 21 43 11 46 8 13 38 20 48 22 31 12 42 37 33 30 27 3 39 19 36 47 26 34 29 45 10 32 5 24 28 44 2 15 7 14 16 41 6 23 17 49 9 

Inst_Index:9291 	 City_Num:50 	 Concorde:0.054802 	 MCTS:5.472822 Improve:0.007367 	 Time:5.00 Seconds
Solution: 1 47 2 22 17 30 18 24 40 36 26 37 13 23 6 21 15 38 19 27 50 46 14 9 16 32 20 39 11 5 35 44 49 25 4 45 42 43 41 7 28 31 34 8 12 48 29 33 3 10 

Inst_Index:9292 	 City_Num:50 	 Concorde:0.058899 	 MCTS:5.889936 Improve:0.000000 	 Time:5.00 Seconds
Solution: 1 21 27 39 9 50 12 6 44 31 22 25 7 42 11 4 5 45 20 8 23 48 41 37 49 33 10 32 38 28 19 17 34 40 3 26 35 29 2 24 16 46 47 15 18 13 14 43 36 30 

Inst_Index:9293 	 City_Num:50 	 Concorde:0.058445 	 MCTS:5.844468 Improve:0.000000 	 Time:5.00 Seconds
Solution: 1 28 11 9 22 12 4 7 37 10 40 8 39 20 30 14 43 49 33 35 2 45 31 18 6 46 23 32 15 27 26 17 5 29 16 41 50 42 19 3 21 34 24 44 48 13 47 25 36 38 

Inst_Index:9294 	 City_Num:50 	 Concorde:0.058024 	 MCTS:5.802411 Improve:-0.000000 	 Time:5.00 Seconds
Solution: 1 9 13 5 49 17 36 37 28 6 15 8 3 24 4 42 46 32 44 43 47 27 19 22 50 12 14 23 48 31 7 26 25 21 20 41 18 10 16 45 2 33 35 39 34 40 30 11 29 38 

Inst_Index:9295 	 City_Num:50 	 Concorde:0.054727 	 MCTS:5.470079 Improve:0.002608 	 Time:5.00 Seconds
Solution: 1 12 35 27 49 25 19 40 20 18 32 33 44 8 38 6 39 30 43 11 29 36 48 17 9 37 31 26 50 41 4 2 14 42 13 23 15 3 22 16 10 5 47 28 34 45 24 7 21 46 

Inst_Index:9296 	 City_Num:50 	 Concorde:0.059068 	 MCTS:5.906819 Improve:0.000000 	 Time:5.01 Seconds
Solution: 1 21 26 9 33 35 20 22 40 41 49 27 37 7 11 48 28 30 24 50 43 25 31 23 16 6 32 5 2 34 36 15 29 14 10 42 38 18 19 45 47 12 3 44 39 4 8 17 13 46 

Inst_Index:9297 	 City_Num:50 	 Concorde:0.058313 	 MCTS:5.831348 Improve:0.000000 	 Time:5.01 Seconds
Solution: 1 41 29 34 48 3 12 21 47 45 40 10 14 35 17 37 2 38 44 6 15 5 22 49 8 16 20 13 27 39 11 30 33 28 31 26 24 43 4 36 50 46 19 23 42 32 7 25 9 18 

Inst_Index:9298 	 City_Num:50 	 Concorde:0.060866 	 MCTS:6.079779 Improve:0.006772 	 Time:5.00 Seconds
Solution: 1 38 29 16 18 12 43 31 6 22 35 40 32 17 34 41 49 11 50 26 44 27 13 15 37 14 36 4 7 28 45 5 10 25 39 20 19 33 8 9 48 47 42 30 46 2 3 23 24 21 

Inst_Index:9299 	 City_Num:50 	 Concorde:0.055711 	 MCTS:5.566508 Improve:0.004558 	 Time:5.01 Seconds
Solution: 1 41 17 34 27 26 38 32 43 22 3 12 49 6 23 20 42 35 19 30 39 13 16 5 37 36 33 45 2 8 25 21 10 15 14 11 47 31 50 7 18 24 29 28 48 9 44 46 40 4 

Inst_Index:9300 	 City_Num:50 	 Concorde:0.051827 	 MCTS:5.182703 Improve:0.000000 	 Time:5.00 Seconds
Solution: 1 49 33 31 32 21 44 27 3 50 35 36 34 19 46 14 43 5 7 9 40 12 22 24 23 13 30 18 8 10 26 17 38 6 20 42 16 48 41 47 11 29 39 2 25 15 28 37 45 4 

Inst_Index:9301 	 City_Num:50 	 Concorde:0.057834 	 MCTS:5.783378 Improve:0.000000 	 Time:5.01 Seconds
Solution: 1 35 28 17 7 36 31 21 24 48 2 40 23 32 43 44 16 12 11 42 45 50 46 38 15 6 9 8 37 19 3 18 27 22 47 39 30 5 26 29 20 4 34 41 10 14 49 13 25 33 

Inst_Index:9302 	 City_Num:50 	 Concorde:0.058242 	 MCTS:5.824170 Improve:0.000000 	 Time:5.00 Seconds
Solution: 1 27 17 32 38 46 31 39 4 45 49 7 2 30 19 35 15 13 12 42 20 41 5 16 29 47 14 44 37 25 48 23 50 6 22 34 11 21 8 18 3 43 40 36 9 26 10 24 28 33 

Inst_Index:9303 	 City_Num:50 	 Concorde:0.055457 	 MCTS:5.545708 Improve:0.000000 	 Time:5.00 Seconds
Solution: 1 12 35 44 29 33 47 27 49 34 20 26 2 13 21 22 40 4 7 8 15 37 28 6 16 5 30 19 42 46 36 9 39 10 45 3 31 24 25 48 23 41 18 14 11 38 43 32 50 17 

Inst_Index:9304 	 City_Num:50 	 Concorde:0.058140 	 MCTS:5.814031 Improve:0.000000 	 Time:5.01 Seconds
Solution: 1 9 6 30 39 12 2 35 18 44 42 41 29 32 10 17 7 11 49 4 3 34 43 37 19 25 26 47 36 22 5 40 16 13 46 33 8 24 50 48 15 27 31 21 45 28 14 20 38 23 

Inst_Index:9305 	 City_Num:50 	 Concorde:0.057241 	 MCTS:5.723652 Improve:0.000423 	 Time:5.01 Seconds
Solution: 1 4 40 8 48 22 30 17 21 42 29 23 25 14 18 47 26 6 44 35 27 16 33 2 9 7 28 36 12 39 41 46 11 45 24 31 19 3 38 15 32 34 43 5 49 13 50 37 20 10 

Inst_Index:9306 	 City_Num:50 	 Concorde:0.055546 	 MCTS:5.554072 Improve:0.000569 	 Time:5.01 Seconds
Solution: 1 44 21 23 46 33 2 41 31 37 24 40 15 7 6 45 9 49 29 8 22 11 18 50 13 48 19 34 25 12 38 5 43 27 30 39 42 32 14 17 28 20 3 47 36 35 4 26 10 16 

Inst_Index:9307 	 City_Num:50 	 Concorde:0.056540 	 MCTS:5.653978 Improve:0.000000 	 Time:5.01 Seconds
Solution: 1 44 25 45 19 6 47 9 39 7 22 34 20 18 40 43 27 16 11 15 8 46 33 49 37 48 23 17 50 41 10 38 3 4 30 21 26 31 12 14 36 28 24 13 5 42 32 35 29 2 

Inst_Index:9308 	 City_Num:50 	 Concorde:0.055373 	 MCTS:5.536784 Improve:0.000562 	 Time:5.00 Seconds
Solution: 1 18 5 28 26 22 24 23 36 12 27 35 8 44 32 46 3 29 33 2 17 42 20 41 50 40 43 21 14 25 16 6 7 11 31 13 49 45 10 4 48 9 34 38 30 15 37 19 39 47 

Inst_Index:9309 	 City_Num:50 	 Concorde:0.057591 	 MCTS:5.759064 Improve:-0.000000 	 Time:5.00 Seconds
Solution: 1 36 46 16 31 44 39 13 29 10 5 8 4 14 40 24 9 25 17 35 30 12 37 7 11 45 18 6 20 34 48 21 50 23 22 3 32 47 33 43 27 2 19 38 15 42 26 49 28 41 

Inst_Index:9310 	 City_Num:50 	 Concorde:0.054091 	 MCTS:5.409138 Improve:-0.000000 	 Time:5.00 Seconds
Solution: 1 6 46 23 26 50 5 44 37 7 28 31 35 34 16 14 48 11 17 25 39 10 20 12 22 2 41 24 27 32 36 40 3 33 15 4 9 43 38 8 49 45 29 13 30 47 19 18 42 21 

Inst_Index:9311 	 City_Num:50 	 Concorde:0.055886 	 MCTS:5.588618 Improve:0.000000 	 Time:5.00 Seconds
Solution: 1 45 43 16 3 29 4 23 10 28 12 9 34 41 17 38 31 48 2 40 39 37 35 30 24 18 15 36 5 21 22 6 42 19 13 11 8 26 33 50 14 20 47 25 44 7 46 27 49 32 

Inst_Index:9312 	 City_Num:50 	 Concorde:0.055909 	 MCTS:5.583839 Improve:0.007048 	 Time:5.00 Seconds
Solution: 1 23 40 26 7 11 46 5 47 25 41 30 24 38 48 44 15 6 17 29 14 33 2 45 10 20 35 50 16 18 39 34 3 49 42 13 8 4 31 32 36 19 28 27 43 37 22 9 12 21 

Inst_Index:9313 	 City_Num:50 	 Concorde:0.058547 	 MCTS:5.850893 Improve:0.003768 	 Time:5.01 Seconds
Solution: 1 43 20 6 39 49 28 15 18 46 22 31 13 3 23 21 29 8 33 34 19 16 37 10 7 24 25 5 50 36 12 14 47 26 41 35 27 17 11 4 42 9 40 2 48 44 30 32 38 45 

Inst_Index:9314 	 City_Num:50 	 Concorde:0.052658 	 MCTS:5.265841 Improve:0.000000 	 Time:5.01 Seconds
Solution: 1 50 5 29 25 39 7 6 30 26 36 8 14 23 41 37 13 20 33 44 22 12 19 28 45 48 2 18 31 43 34 32 24 46 15 40 38 4 11 49 42 21 3 47 9 16 27 17 35 10 

Inst_Index:9315 	 City_Num:50 	 Concorde:0.059968 	 MCTS:5.993031 Improve:0.003762 	 Time:5.02 Seconds
Solution: 1 23 28 46 25 44 50 5 18 19 17 11 7 33 40 48 16 14 2 37 21 12 3 20 6 35 36 22 41 26 27 32 45 34 39 13 30 24 4 43 42 8 31 10 38 49 15 47 9 29 

Inst_Index:9316 	 City_Num:50 	 Concorde:0.053841 	 MCTS:5.384133 Improve:0.000000 	 Time:5.00 Seconds
Solution: 1 34 21 37 16 6 48 18 13 26 49 35 4 20 50 28 27 42 22 47 23 19 33 8 12 24 5 3 30 14 45 7 36 41 31 15 39 11 17 44 32 40 10 46 9 29 25 38 2 43 

Inst_Index:9317 	 City_Num:50 	 Concorde:0.058246 	 MCTS:5.821707 Improve:0.002858 	 Time:5.01 Seconds
Solution: 1 6 5 47 9 15 48 26 28 19 23 27 4 24 13 46 42 18 22 38 12 36 33 16 49 34 2 35 11 50 30 21 39 29 41 14 10 32 45 43 7 31 17 20 3 40 25 44 8 37 

Inst_Index:9318 	 City_Num:50 	 Concorde:0.055593 	 MCTS:5.559321 Improve:0.000000 	 Time:5.00 Seconds
Solution: 1 27 18 41 34 35 6 12 25 28 19 20 13 42 30 15 8 49 9 37 10 17 11 2 32 48 43 50 23 45 16 26 40 39 31 46 14 36 38 47 33 29 24 5 3 44 7 22 21 4 

Inst_Index:9319 	 City_Num:50 	 Concorde:0.057864 	 MCTS:5.784418 Improve:0.002004 	 Time:5.01 Seconds
Solution: 1 16 34 19 36 20 17 43 41 35 44 27 28 42 30 23 12 37 45 14 39 18 22 10 13 40 47 5 25 29 31 2 50 49 8 6 33 7 32 3 21 26 24 9 11 46 15 4 38 48 

Inst_Index:9320 	 City_Num:50 	 Concorde:0.061597 	 MCTS:6.159663 Improve:0.000000 	 Time:5.00 Seconds
Solution: 1 9 27 4 37 17 46 50 43 38 7 18 41 24 32 31 15 12 45 2 3 49 40 22 6 36 13 19 14 20 29 39 25 10 47 44 28 30 16 5 48 11 35 34 23 33 8 42 21 26 

Inst_Index:9321 	 City_Num:50 	 Concorde:0.054781 	 MCTS:5.478123 Improve:0.000000 	 Time:5.00 Seconds
Solution: 1 42 15 31 39 4 33 46 24 45 35 10 19 50 3 38 27 44 11 16 37 20 14 18 34 47 29 5 28 30 9 7 23 26 48 21 2 36 41 32 17 43 40 13 6 22 8 25 49 12 

Inst_Index:9322 	 City_Num:50 	 Concorde:0.056862 	 MCTS:5.665650 Improve:0.020554 	 Time:5.00 Seconds
Solution: 1 38 33 7 16 9 14 23 25 28 36 40 13 29 26 12 48 39 22 4 50 44 10 21 17 3 35 42 8 6 30 47 32 31 18 46 41 19 5 49 43 37 24 34 27 11 45 2 20 15 

Inst_Index:9323 	 City_Num:50 	 Concorde:0.061216 	 MCTS:6.121553 Improve:0.000000 	 Time:5.00 Seconds
Solution: 1 31 2 32 21 26 39 19 25 27 44 5 3 43 50 45 20 14 42 9 10 12 15 22 49 13 16 41 30 33 48 17 34 4 40 29 23 11 37 28 36 18 8 47 35 38 7 46 24 6 

Inst_Index:9324 	 City_Num:50 	 Concorde:0.054404 	 MCTS:5.440419 Improve:0.000000 	 Time:5.00 Seconds
Solution: 1 48 14 13 38 16 23 19 24 9 35 17 21 25 40 6 45 37 27 32 22 47 46 2 30 4 7 28 41 3 26 33 39 34 5 11 44 49 36 20 8 43 15 50 18 42 31 12 10 29 

Inst_Index:9325 	 City_Num:50 	 Concorde:0.051749 	 MCTS:5.174880 Improve:0.000000 	 Time:5.00 Seconds
Solution: 1 20 8 33 29 36 10 15 5 42 25 2 34 37 12 7 27 31 49 19 46 24 47 50 30 18 14 16 39 6 35 43 28 32 4 26 21 13 40 48 23 22 3 17 44 11 41 9 38 45 

Inst_Index:9326 	 City_Num:50 	 Concorde:0.058687 	 MCTS:5.866102 Improve:0.002633 	 Time:5.01 Seconds
Solution: 1 32 39 28 19 20 16 35 38 7 50 18 27 4 37 17 43 36 29 15 21 33 12 14 9 22 47 42 2 10 48 44 49 25 41 30 34 40 13 23 5 26 6 8 31 45 11 3 24 46 

Inst_Index:9327 	 City_Num:50 	 Concorde:0.055711 	 MCTS:5.571116 Improve:-0.000000 	 Time:5.00 Seconds
Solution: 1 11 18 40 10 20 48 14 37 12 16 42 6 13 46 44 32 23 8 9 38 5 2 50 39 21 47 22 41 33 45 35 49 31 19 25 4 17 27 36 30 15 24 43 34 7 3 26 28 29 

Inst_Index:9328 	 City_Num:50 	 Concorde:0.058925 	 MCTS:5.887887 Improve:0.004660 	 Time:5.01 Seconds
Solution: 1 12 50 5 36 43 27 2 31 19 25 32 11 41 38 8 45 4 21 28 6 18 22 35 29 14 26 48 23 34 17 7 20 40 46 9 42 44 49 39 16 33 37 47 10 24 13 3 30 15 

Inst_Index:9329 	 City_Num:50 	 Concorde:0.053716 	 MCTS:5.370307 Improve:0.001254 	 Time:5.00 Seconds
Solution: 1 39 34 16 11 5 45 4 6 14 21 30 20 40 31 9 19 46 41 22 37 26 48 43 49 24 3 7 38 8 10 28 32 18 2 13 17 35 50 29 25 42 36 33 44 12 23 15 47 27 

Inst_Index:9330 	 City_Num:50 	 Concorde:0.053286 	 MCTS:5.328568 Improve:-0.000000 	 Time:5.00 Seconds
Solution: 1 45 12 5 3 26 7 39 38 17 32 2 50 10 29 18 14 11 16 40 24 13 49 33 23 46 21 4 6 44 8 47 48 31 19 25 43 36 15 28 30 37 41 22 42 27 20 9 34 35 

Inst_Index:9331 	 City_Num:50 	 Concorde:0.057843 	 MCTS:5.784314 Improve:0.000000 	 Time:5.00 Seconds
Solution: 1 18 48 36 34 26 38 5 37 46 16 2 27 21 13 23 11 14 42 41 33 8 6 15 40 4 29 22 19 7 43 3 24 49 44 17 50 10 45 35 31 9 47 30 32 20 28 39 12 25 

Inst_Index:9332 	 City_Num:50 	 Concorde:0.059347 	 MCTS:5.934708 Improve:0.000000 	 Time:5.00 Seconds
Solution: 1 40 24 45 31 21 15 30 16 32 47 22 4 33 5 6 37 10 26 12 43 3 42 11 28 13 7 49 48 35 27 20 50 2 44 14 36 41 39 46 17 9 23 38 25 8 34 29 19 18 

Inst_Index:9333 	 City_Num:50 	 Concorde:0.054372 	 MCTS:5.437201 Improve:0.000000 	 Time:5.00 Seconds
Solution: 1 32 38 3 23 22 49 12 25 21 46 11 6 17 9 45 33 41 16 24 39 18 47 30 14 35 37 34 7 29 8 15 44 48 31 19 2 27 5 40 43 20 28 13 42 50 4 10 36 26 

Inst_Index:9334 	 City_Num:50 	 Concorde:0.056385 	 MCTS:5.633437 Improve:0.005062 	 Time:5.01 Seconds
Solution: 1 37 45 23 19 6 43 40 46 27 48 49 11 3 38 44 25 21 10 28 36 35 39 14 20 47 33 42 41 9 24 17 13 7 15 31 12 4 8 16 2 30 5 50 26 22 34 32 18 29 

Inst_Index:9335 	 City_Num:50 	 Concorde:0.055964 	 MCTS:5.596400 Improve:0.000000 	 Time:5.01 Seconds
Solution: 1 2 22 4 31 15 45 16 49 50 27 33 23 24 13 28 40 39 11 30 32 37 19 20 10 8 3 48 47 35 44 36 5 42 18 9 25 38 46 34 14 12 17 6 41 26 29 21 43 7 

Inst_Index:9336 	 City_Num:50 	 Concorde:0.057980 	 MCTS:5.798037 Improve:-0.000000 	 Time:5.01 Seconds
Solution: 1 3 27 28 32 49 10 30 6 17 36 38 34 50 20 35 5 16 8 29 39 7 46 24 33 25 41 47 13 37 42 44 40 2 12 18 15 21 43 45 31 22 9 48 14 19 26 11 23 4 

Inst_Index:9337 	 City_Num:50 	 Concorde:0.058513 	 MCTS:5.851320 Improve:0.000000 	 Time:5.00 Seconds
Solution: 1 14 29 45 41 48 5 7 27 40 6 44 32 25 47 18 3 8 28 33 21 16 38 13 2 24 15 31 19 22 50 17 36 12 20 49 4 30 39 26 9 37 11 46 10 34 23 42 35 43 

Inst_Index:9338 	 City_Num:50 	 Concorde:0.057392 	 MCTS:5.739231 Improve:0.000000 	 Time:5.01 Seconds
Solution: 1 45 26 11 36 23 40 9 8 22 20 24 29 31 44 6 12 4 42 47 15 33 49 18 50 32 48 10 43 7 3 41 37 2 34 16 5 25 19 13 27 30 46 17 28 38 21 35 39 14 

Inst_Index:9339 	 City_Num:50 	 Concorde:0.062074 	 MCTS:6.207434 Improve:-0.000000 	 Time:5.02 Seconds
Solution: 1 20 36 13 7 26 14 19 8 10 38 35 43 2 34 24 41 21 18 11 40 5 15 45 47 48 31 33 3 37 32 42 9 17 4 6 50 30 39 23 22 25 27 44 49 16 12 29 28 46 

Inst_Index:9340 	 City_Num:50 	 Concorde:0.056919 	 MCTS:5.689794 Improve:0.002147 	 Time:5.01 Seconds
Solution: 1 36 25 18 38 6 24 21 20 8 14 9 33 27 46 32 17 40 44 34 42 19 12 3 39 16 41 30 49 43 48 31 13 35 4 23 2 45 11 10 50 5 7 28 22 37 29 15 26 47 

Inst_Index:9341 	 City_Num:50 	 Concorde:0.057977 	 MCTS:5.797685 Improve:-0.000000 	 Time:5.00 Seconds
Solution: 1 6 42 27 13 19 22 28 16 33 15 8 32 45 41 23 47 25 14 38 48 4 21 37 31 10 2 11 7 24 49 12 35 30 3 5 18 40 20 17 9 46 34 44 26 29 50 43 36 39 

Inst_Index:9342 	 City_Num:50 	 Concorde:0.057005 	 MCTS:5.695989 Improve:0.004522 	 Time:5.01 Seconds
Solution: 1 12 29 6 46 19 50 39 20 36 2 14 10 40 24 27 13 22 4 17 7 43 32 25 15 42 34 44 30 47 18 5 3 33 26 23 49 48 31 45 16 8 35 38 37 21 41 28 9 11 

Inst_Index:9343 	 City_Num:50 	 Concorde:0.057097 	 MCTS:5.709675 Improve:-0.000000 	 Time:5.00 Seconds
Solution: 1 27 23 45 39 36 34 49 4 32 38 48 41 46 26 47 10 18 20 5 2 42 25 33 37 9 50 43 19 8 15 35 28 22 17 14 31 24 6 12 40 11 7 30 44 16 3 13 21 29 

Inst_Index:9344 	 City_Num:50 	 Concorde:0.058071 	 MCTS:5.807082 Improve:0.000000 	 Time:5.01 Seconds
Solution: 1 10 22 24 11 41 38 35 36 13 21 4 28 25 37 46 9 42 15 2 45 34 17 14 32 8 47 48 44 43 33 16 39 40 26 27 18 31 12 6 3 29 50 49 23 5 30 7 20 19 

Inst_Index:9345 	 City_Num:50 	 Concorde:0.054541 	 MCTS:5.452029 Improve:0.002067 	 Time:5.01 Seconds
Solution: 1 13 3 2 48 50 44 20 41 49 21 43 30 7 11 25 39 8 22 14 12 15 34 27 26 31 6 18 42 29 28 37 19 47 40 23 33 4 10 35 36 24 45 46 32 9 16 5 38 17 

Inst_Index:9346 	 City_Num:50 	 Concorde:0.054032 	 MCTS:5.403238 Improve:0.000000 	 Time:5.00 Seconds
Solution: 1 46 47 35 8 3 41 14 30 2 21 32 28 42 4 50 22 6 12 39 18 25 49 37 48 13 24 36 16 43 38 29 20 17 9 11 44 27 5 33 19 45 34 26 23 15 10 7 31 40 

Inst_Index:9347 	 City_Num:50 	 Concorde:0.056453 	 MCTS:5.634891 Improve:0.010416 	 Time:5.01 Seconds
Solution: 1 33 42 21 5 46 23 28 44 3 43 38 49 12 40 36 9 2 29 37 20 25 48 16 18 13 26 47 15 17 45 34 27 35 41 4 11 31 10 7 24 19 50 32 8 30 6 39 22 14 

Inst_Index:9348 	 City_Num:50 	 Concorde:0.055578 	 MCTS:5.557444 Improve:0.000389 	 Time:5.00 Seconds
Solution: 1 48 46 32 20 33 14 3 27 15 2 50 6 10 30 39 29 41 16 11 9 22 28 49 43 24 23 44 21 13 25 34 18 36 8 31 35 12 19 42 40 47 7 4 5 17 38 37 45 26 

Inst_Index:9349 	 City_Num:50 	 Concorde:0.060324 	 MCTS:6.029932 Improve:0.002446 	 Time:5.00 Seconds
Solution: 1 18 47 45 37 49 31 25 23 27 30 39 8 5 11 28 20 6 13 38 50 16 21 17 14 4 9 43 19 22 36 29 10 42 35 34 33 48 26 7 44 46 12 24 41 2 32 15 3 40 

Inst_Index:9350 	 City_Num:50 	 Concorde:0.057553 	 MCTS:5.755295 Improve:-0.000000 	 Time:5.01 Seconds
Solution: 1 49 26 5 34 27 15 21 20 46 29 43 36 45 11 13 24 35 42 12 22 30 47 41 8 9 19 7 3 14 16 48 40 44 6 18 2 23 28 39 25 38 32 10 37 50 17 33 4 31 

Inst_Index:9351 	 City_Num:50 	 Concorde:0.057591 	 MCTS:5.756589 Improve:0.002501 	 Time:5.00 Seconds
Solution: 1 50 15 23 44 25 13 22 40 48 14 24 34 17 20 11 35 31 12 27 39 10 42 4 36 7 26 29 33 43 18 8 16 5 45 32 46 21 47 9 2 49 30 37 3 41 38 6 19 28 

Inst_Index:9352 	 City_Num:50 	 Concorde:0.058210 	 MCTS:5.817372 Improve:0.003615 	 Time:5.00 Seconds
Solution: 1 47 23 26 24 31 42 8 4 48 6 25 7 11 28 16 36 18 41 35 5 15 44 39 17 40 43 19 14 46 12 10 38 37 21 33 3 30 45 9 20 49 50 29 32 13 22 34 27 2 

Inst_Index:9353 	 City_Num:50 	 Concorde:0.055503 	 MCTS:5.550318 Improve:-0.000000 	 Time:5.00 Seconds
Solution: 1 30 8 48 15 33 39 43 23 11 29 6 19 4 38 18 31 17 24 35 36 28 49 10 7 50 40 2 14 46 9 32 16 26 42 12 34 41 45 47 22 44 21 25 5 3 37 27 20 13 

Inst_Index:9354 	 City_Num:50 	 Concorde:0.053998 	 MCTS:5.399791 Improve:0.000000 	 Time:5.00 Seconds
Solution: 1 49 21 39 38 29 30 7 12 22 11 2 47 33 35 27 18 14 9 45 36 42 13 23 40 3 4 48 24 26 37 43 15 50 25 31 46 28 6 17 8 32 34 10 41 20 16 44 19 5 

Inst_Index:9355 	 City_Num:50 	 Concorde:0.055085 	 MCTS:5.508508 Improve:-0.000000 	 Time:5.02 Seconds
Solution: 1 3 22 45 34 46 32 15 14 29 44 39 42 37 28 38 27 25 23 6 47 17 26 21 20 30 8 50 10 12 40 5 31 9 49 4 18 16 36 41 2 35 43 11 19 33 7 24 13 48 

Inst_Index:9356 	 City_Num:50 	 Concorde:0.062871 	 MCTS:6.283679 Improve:0.003393 	 Time:5.01 Seconds
Solution: 1 40 2 41 35 32 30 5 31 42 46 7 44 10 19 33 37 17 13 16 49 21 22 3 39 26 50 29 48 9 6 47 4 28 36 11 15 14 20 18 23 43 27 12 25 38 24 45 8 34 

Inst_Index:9357 	 City_Num:50 	 Concorde:0.052373 	 MCTS:5.233985 Improve:0.003284 	 Time:5.01 Seconds
Solution: 1 23 14 26 33 41 19 20 40 29 27 37 18 25 35 3 43 22 9 36 12 28 2 31 15 47 7 49 21 17 16 46 6 38 5 32 10 13 50 30 8 48 42 34 11 44 24 45 39 4 

Inst_Index:9358 	 City_Num:50 	 Concorde:0.055563 	 MCTS:5.556319 Improve:-0.000000 	 Time:5.00 Seconds
Solution: 1 45 40 13 15 29 18 27 49 32 26 28 31 38 34 46 12 24 30 33 19 48 11 10 21 6 5 4 25 22 44 23 42 14 3 7 20 2 8 36 35 39 47 50 17 43 9 37 41 16 

Inst_Index:9359 	 City_Num:50 	 Concorde:0.055363 	 MCTS:5.536267 Improve:-0.000000 	 Time:5.00 Seconds
Solution: 1 42 26 15 2 20 48 11 47 4 9 3 43 35 22 32 30 10 46 6 19 18 16 41 44 24 17 45 13 37 31 25 14 34 39 28 27 36 40 21 38 29 12 23 49 7 33 8 50 5 

Inst_Index:9360 	 City_Num:50 	 Concorde:0.056291 	 MCTS:5.617272 Improve:0.011843 	 Time:5.01 Seconds
Solution: 1 42 34 6 26 20 14 3 32 8 7 9 44 22 49 43 21 46 33 36 38 12 30 31 4 27 35 48 11 28 47 25 15 19 23 18 39 29 16 24 5 2 13 17 37 50 41 45 40 10 

Inst_Index:9361 	 City_Num:50 	 Concorde:0.056974 	 MCTS:5.697394 Improve:-0.000000 	 Time:5.01 Seconds
Solution: 1 47 9 39 44 14 37 38 18 23 41 15 7 33 30 5 27 48 22 26 28 35 46 43 3 6 13 21 16 29 12 2 45 11 24 42 31 19 10 36 25 34 8 17 49 4 50 20 40 32 

Inst_Index:9362 	 City_Num:50 	 Concorde:0.057581 	 MCTS:5.758107 Improve:-0.000000 	 Time:5.00 Seconds
Solution: 1 33 30 34 26 32 20 13 16 41 2 19 29 27 4 35 12 46 44 45 7 24 25 22 9 36 11 40 8 18 50 49 28 3 38 37 14 43 39 47 48 42 23 21 10 31 5 15 17 6 

Inst_Index:9363 	 City_Num:50 	 Concorde:0.061528 	 MCTS:6.152772 Improve:0.000000 	 Time:5.00 Seconds
Solution: 1 15 20 24 4 29 42 8 27 6 19 32 36 31 46 3 50 18 47 35 22 12 41 30 26 2 21 49 23 13 39 33 14 38 5 48 43 16 7 44 9 37 40 34 28 11 17 25 45 10 

Inst_Index:9364 	 City_Num:50 	 Concorde:0.057019 	 MCTS:5.701056 Improve:0.000819 	 Time:5.00 Seconds
Solution: 1 3 5 34 2 46 33 40 30 25 18 27 31 28 36 4 19 21 35 44 13 24 43 22 39 20 45 29 15 38 42 26 32 49 23 47 50 9 37 7 10 16 41 17 14 11 12 6 8 48 

Inst_Index:9365 	 City_Num:50 	 Concorde:0.057121 	 MCTS:5.712116 Improve:-0.000000 	 Time:5.00 Seconds
Solution: 1 14 34 28 48 46 25 13 8 2 3 50 11 18 17 5 30 10 21 24 43 36 31 33 7 37 49 40 23 19 16 4 39 6 22 9 42 20 27 47 38 35 26 32 44 41 12 15 29 45 

Inst_Index:9366 	 City_Num:50 	 Concorde:0.058122 	 MCTS:5.811836 Improve:0.000315 	 Time:5.00 Seconds
Solution: 1 41 30 12 3 6 38 39 7 22 36 5 31 18 37 9 20 40 48 50 21 19 43 34 28 26 11 17 15 16 13 2 49 33 47 14 25 23 8 10 42 35 29 4 46 32 24 44 45 27 

Inst_Index:9367 	 City_Num:50 	 Concorde:0.054300 	 MCTS:5.427790 Improve:0.002236 	 Time:5.00 Seconds
Solution: 1 13 21 39 3 32 18 42 30 22 15 47 11 12 2 29 36 40 7 24 33 19 27 16 8 31 4 44 14 46 35 28 38 17 41 26 5 50 49 10 45 20 43 48 37 23 6 25 34 9 

Inst_Index:9368 	 City_Num:50 	 Concorde:0.056296 	 MCTS:5.629583 Improve:-0.000000 	 Time:5.01 Seconds
Solution: 1 4 32 38 33 30 23 2 20 34 16 48 35 5 50 17 22 9 31 36 39 14 7 12 11 3 26 25 19 27 29 40 37 24 13 28 43 46 15 18 41 44 8 47 42 45 21 6 10 49 

Inst_Index:9369 	 City_Num:50 	 Concorde:0.052418 	 MCTS:5.241847 Improve:0.000000 	 Time:5.01 Seconds
Solution: 1 23 50 9 32 34 11 45 42 43 16 22 5 33 14 26 44 10 35 38 2 46 25 8 7 18 15 39 40 47 24 20 6 17 30 37 21 31 49 48 13 19 27 36 12 29 41 28 4 3 

Inst_Index:9370 	 City_Num:50 	 Concorde:0.056427 	 MCTS:5.639810 Improve:0.002901 	 Time:5.01 Seconds
Solution: 1 9 19 12 39 4 28 5 49 47 25 7 2 6 32 17 29 46 24 18 37 16 36 3 8 11 27 33 48 15 26 20 13 30 38 44 22 45 10 35 34 43 21 14 50 23 31 41 42 40 

Inst_Index:9371 	 City_Num:50 	 Concorde:0.061527 	 MCTS:6.152661 Improve:0.000000 	 Time:5.00 Seconds
Solution: 1 49 34 23 24 13 37 26 29 33 35 31 5 44 47 15 27 19 4 45 7 16 43 3 28 22 48 41 32 36 40 38 14 17 11 39 46 8 25 42 2 10 50 9 18 12 30 6 21 20 

Inst_Index:9372 	 City_Num:50 	 Concorde:0.057566 	 MCTS:5.756579 Improve:0.000000 	 Time:5.00 Seconds
Solution: 1 36 4 14 18 27 26 24 20 22 33 39 13 34 32 38 45 8 25 42 46 40 28 43 12 47 23 19 21 29 35 9 16 6 7 17 48 50 3 31 44 5 37 15 41 30 10 2 49 11 

Inst_Index:9373 	 City_Num:50 	 Concorde:0.060464 	 MCTS:6.042355 Improve:0.004070 	 Time:5.00 Seconds
Solution: 1 13 7 28 35 38 17 41 4 44 40 39 8 19 32 27 37 21 50 15 25 6 9 42 34 31 33 22 10 23 3 45 14 24 16 36 49 46 5 47 43 11 12 18 29 30 26 2 48 20 

Inst_Index:9374 	 City_Num:50 	 Concorde:0.054122 	 MCTS:5.411100 Improve:0.001101 	 Time:5.00 Seconds
Solution: 1 35 2 9 7 17 25 29 32 4 31 30 14 16 42 6 21 36 47 48 20 12 23 41 19 38 33 24 28 5 40 27 44 46 26 49 10 43 15 34 22 18 37 11 13 8 50 39 3 45 

Inst_Index:9375 	 City_Num:50 	 Concorde:0.059553 	 MCTS:5.950853 Improve:0.004466 	 Time:5.00 Seconds
Solution: 1 11 20 12 31 29 28 49 7 44 5 13 39 10 2 17 50 41 14 36 30 38 47 21 46 23 27 26 43 19 48 8 37 34 42 18 9 45 22 4 24 35 33 25 3 40 16 32 6 15 

Inst_Index:9376 	 City_Num:50 	 Concorde:0.057925 	 MCTS:5.792455 Improve:0.000000 	 Time:5.00 Seconds
Solution: 1 40 18 3 27 6 4 35 50 20 22 48 32 5 23 43 26 13 12 7 36 25 9 19 44 15 49 14 2 8 47 38 45 29 11 30 28 37 31 10 42 39 17 34 46 41 33 16 21 24 

Inst_Index:9377 	 City_Num:50 	 Concorde:0.052755 	 MCTS:5.275482 Improve:0.000000 	 Time:5.00 Seconds
Solution: 1 45 9 43 11 15 25 31 37 26 28 32 4 36 8 34 14 6 29 17 10 12 7 44 18 27 38 40 19 47 39 16 20 21 30 22 49 33 5 2 50 46 23 41 35 24 13 3 48 42 

Inst_Index:9378 	 City_Num:50 	 Concorde:0.059535 	 MCTS:5.953530 Improve:0.000000 	 Time:5.02 Seconds
Solution: 1 48 22 16 39 41 33 17 12 25 13 30 49 31 9 43 4 46 28 29 35 20 3 15 42 18 8 32 36 27 23 5 10 19 14 37 44 26 50 38 11 34 40 6 24 7 47 21 45 2 

Inst_Index:9379 	 City_Num:50 	 Concorde:0.057308 	 MCTS:5.730771 Improve:-0.000000 	 Time:5.00 Seconds
Solution: 1 7 20 37 5 38 23 3 4 26 41 36 50 18 2 47 45 6 46 14 8 48 32 25 28 22 49 19 17 11 29 13 34 35 9 16 42 15 21 24 10 40 31 30 33 43 39 44 27 12 

Inst_Index:9380 	 City_Num:50 	 Concorde:0.056003 	 MCTS:5.600277 Improve:-0.000000 	 Time:5.00 Seconds
Solution: 1 4 6 47 43 3 18 33 2 28 17 13 27 14 10 26 44 8 39 46 41 48 7 12 45 42 24 30 20 49 37 35 38 15 23 25 11 29 16 19 9 22 31 21 5 36 50 40 32 34 

Inst_Index:9381 	 City_Num:50 	 Concorde:0.057186 	 MCTS:5.716399 Improve:0.002182 	 Time:5.01 Seconds
Solution: 1 15 16 41 22 26 5 33 37 39 49 6 8 47 34 29 36 45 20 28 27 23 30 10 25 14 21 19 31 9 50 24 7 46 2 4 12 44 40 38 48 11 42 3 17 32 43 13 18 35 

Inst_Index:9382 	 City_Num:50 	 Concorde:0.053943 	 MCTS:5.394267 Improve:0.000000 	 Time:5.00 Seconds
Solution: 1 46 22 27 9 48 47 36 38 13 8 12 3 33 15 17 30 6 16 14 50 40 43 49 11 41 25 5 37 21 39 4 42 19 29 45 34 28 2 32 20 24 7 18 26 10 23 31 44 35 

Inst_Index:9383 	 City_Num:50 	 Concorde:0.053428 	 MCTS:5.342755 Improve:-0.000000 	 Time:5.00 Seconds
Solution: 1 13 7 26 2 18 44 39 14 30 15 23 16 10 40 34 19 8 5 21 43 11 12 49 37 32 29 20 9 45 48 4 25 33 42 24 17 47 50 3 46 27 31 22 6 36 41 38 28 35 

Inst_Index:9384 	 City_Num:50 	 Concorde:0.055638 	 MCTS:5.563814 Improve:0.000000 	 Time:5.01 Seconds
Solution: 1 42 46 31 16 8 9 28 43 39 3 20 34 26 45 15 2 14 32 38 21 33 23 19 47 25 10 44 17 48 49 41 4 35 12 36 13 40 22 30 18 50 24 11 6 37 29 7 5 27 

Inst_Index:9385 	 City_Num:50 	 Concorde:0.064041 	 MCTS:6.404084 Improve:-0.000000 	 Time:5.01 Seconds
Solution: 1 43 46 26 41 14 23 50 40 29 4 42 27 10 3 38 15 30 49 47 19 5 48 20 37 7 13 22 45 17 12 35 28 34 31 9 11 33 32 24 8 39 21 36 25 6 18 44 16 2 

Inst_Index:9386 	 City_Num:50 	 Concorde:0.057215 	 MCTS:5.733788 Improve:-0.012251 	 Time:5.01 Seconds
Solution: 1 37 6 41 8 9 13 47 26 12 25 42 31 35 5 39 48 28 50 17 24 23 10 2 16 11 4 46 14 18 36 7 40 20 3 19 43 22 29 30 21 34 15 27 33 45 32 38 49 44 

Inst_Index:9387 	 City_Num:50 	 Concorde:0.058812 	 MCTS:5.881157 Improve:0.000000 	 Time:5.00 Seconds
Solution: 1 32 39 22 37 4 34 10 42 49 9 19 20 43 21 12 35 48 33 17 24 16 14 45 36 25 26 28 8 5 47 31 23 50 7 27 41 46 38 18 40 3 11 2 44 15 30 13 6 29 

Inst_Index:9388 	 City_Num:50 	 Concorde:0.057799 	 MCTS:5.779929 Improve:0.000000 	 Time:5.00 Seconds
Solution: 1 33 4 40 47 21 3 36 20 19 7 34 29 18 49 11 16 2 46 43 31 9 12 14 38 28 8 6 35 32 22 13 25 26 24 50 48 30 5 39 37 45 42 27 10 44 23 41 15 17 

Inst_Index:9389 	 City_Num:50 	 Concorde:0.059839 	 MCTS:5.981464 Improve:0.002428 	 Time:5.00 Seconds
Solution: 1 38 36 34 15 28 48 50 3 11 8 31 2 13 21 9 19 26 18 4 32 40 7 46 14 27 30 20 41 49 16 5 42 45 17 47 23 25 29 33 44 24 6 39 12 10 22 37 35 43 

Inst_Index:9390 	 City_Num:50 	 Concorde:0.061445 	 MCTS:6.144498 Improve:0.000000 	 Time:5.00 Seconds
Solution: 1 8 23 22 17 42 21 19 24 41 25 47 15 26 45 6 13 31 14 36 34 4 7 50 16 9 48 2 46 12 49 18 30 28 5 39 43 44 37 40 27 35 29 32 20 10 33 3 38 11 


Avg_Concorde_Distance: 5.693767 Avg_MCTS_Distance: 5.692442 Avg_Gap: -0.000233 Total_Time: 1566.91 Seconds 
 Beat_Best_Known_Times: 121 Match_Best_Known_Times: 188 Miss_Best_Known_Times: 4 
