Number_of_Instances_In_Current_Batch: 313

Inst_Index:314 	 City_Num:50 	 Concorde:0.059950 	 MCTS:5.994988 Improve:0.000000 	 Time:5.00 Seconds
Solution: 1 17 4 9 44 40 8 38 32 2 20 6 29 27 5 23 14 16 50 30 28 10 7 19 26 18 37 48 34 31 22 21 3 36 49 33 39 47 25 12 11 41 24 43 35 42 45 13 46 15 

Inst_Index:315 	 City_Num:50 	 Concorde:0.058061 	 MCTS:5.805413 Improve:0.000651 	 Time:5.00 Seconds
Solution: 1 30 48 49 12 44 42 34 3 27 26 16 22 6 19 43 11 4 18 40 36 20 35 37 13 29 50 8 25 39 14 9 45 46 15 10 38 23 21 5 41 32 7 24 17 33 31 47 2 28 

Inst_Index:316 	 City_Num:50 	 Concorde:0.060680 	 MCTS:6.062373 Improve:0.005634 	 Time:5.00 Seconds
Solution: 1 27 19 24 4 10 26 23 25 6 8 41 21 3 11 5 37 42 48 38 35 50 13 46 16 33 43 39 40 34 9 47 14 36 20 32 12 22 18 30 31 29 15 28 7 2 45 44 17 49 

Inst_Index:317 	 City_Num:50 	 Concorde:0.053613 	 MCTS:5.360145 Improve:0.001150 	 Time:5.00 Seconds
Solution: 1 12 42 37 16 43 44 29 21 24 34 19 30 7 22 45 40 3 20 26 6 27 36 31 33 46 48 14 5 9 2 15 17 38 25 11 28 35 10 39 13 32 50 49 41 4 23 8 18 47 

Inst_Index:318 	 City_Num:50 	 Concorde:0.060099 	 MCTS:6.007886 Improve:0.001972 	 Time:5.00 Seconds
Solution: 1 46 38 25 23 31 9 24 11 6 34 33 37 26 39 47 45 40 28 7 14 8 4 48 2 3 27 42 10 44 20 18 21 22 15 5 36 35 29 41 12 32 30 17 16 50 19 49 43 13 

Inst_Index:319 	 City_Num:50 	 Concorde:0.055419 	 MCTS:5.541072 Improve:0.000808 	 Time:5.00 Seconds
Solution: 1 45 39 9 28 27 12 11 7 25 18 32 35 2 16 3 24 17 44 30 20 8 42 26 22 37 49 19 50 48 47 36 4 10 34 15 40 31 29 21 5 43 6 13 38 14 23 33 46 41 

Inst_Index:320 	 City_Num:50 	 Concorde:0.051830 	 MCTS:5.183009 Improve:0.000000 	 Time:5.00 Seconds
Solution: 1 26 29 13 34 12 41 37 28 17 16 42 23 9 11 6 31 45 21 3 7 27 5 10 4 19 8 30 14 40 24 39 33 20 22 43 15 44 35 38 47 25 46 18 2 32 48 36 49 50 

Inst_Index:321 	 City_Num:50 	 Concorde:0.054335 	 MCTS:5.433466 Improve:0.000000 	 Time:5.00 Seconds
Solution: 1 8 23 38 28 6 41 11 21 22 3 13 24 48 33 30 36 44 19 29 2 20 45 16 4 47 40 43 50 42 34 39 35 5 25 12 9 18 17 32 31 46 15 26 49 27 37 7 10 14 

Inst_Index:322 	 City_Num:50 	 Concorde:0.057616 	 MCTS:5.760373 Improve:0.001265 	 Time:5.00 Seconds
Solution: 1 3 8 17 15 14 23 33 26 10 35 44 49 18 43 29 39 22 31 21 50 41 47 45 4 40 24 34 38 46 37 48 25 16 5 2 36 6 11 13 28 19 7 42 12 32 30 9 20 27 

Inst_Index:323 	 City_Num:50 	 Concorde:0.053650 	 MCTS:5.365016 Improve:0.000000 	 Time:5.00 Seconds
Solution: 1 40 10 2 42 31 16 46 38 19 28 25 29 43 21 45 48 47 11 8 13 32 44 24 5 17 9 15 12 27 37 50 26 4 49 6 33 22 18 30 34 41 23 14 35 39 20 3 36 7 

Inst_Index:324 	 City_Num:50 	 Concorde:0.054022 	 MCTS:5.402242 Improve:0.000000 	 Time:5.01 Seconds
Solution: 1 9 28 31 15 47 22 16 34 17 13 49 3 43 42 40 11 27 12 33 24 4 36 35 7 44 14 41 25 10 8 30 20 19 5 18 2 38 29 21 23 39 48 26 6 37 46 50 45 32 

Inst_Index:325 	 City_Num:50 	 Concorde:0.052720 	 MCTS:5.271772 Improve:0.000216 	 Time:5.00 Seconds
Solution: 1 13 14 16 25 23 47 48 18 26 3 29 22 28 38 11 41 17 34 37 5 20 21 33 35 4 2 12 19 49 44 46 8 43 42 36 7 50 27 32 9 31 24 45 30 15 10 6 39 40 

Inst_Index:326 	 City_Num:50 	 Concorde:0.055869 	 MCTS:5.583502 Improve:0.003429 	 Time:5.01 Seconds
Solution: 1 32 40 17 39 15 20 19 2 10 4 48 47 31 16 27 50 35 43 8 11 34 44 18 3 38 36 26 7 9 12 30 28 42 24 29 14 46 41 22 49 37 33 21 25 5 23 13 45 6 

Inst_Index:327 	 City_Num:50 	 Concorde:0.058954 	 MCTS:5.895377 Improve:-0.000000 	 Time:5.00 Seconds
Solution: 1 5 26 34 23 7 21 10 40 14 30 45 9 41 8 39 31 36 44 13 33 11 16 12 28 27 17 4 25 6 50 46 48 29 35 42 3 43 2 20 15 22 19 18 32 24 47 38 49 37 

Inst_Index:328 	 City_Num:50 	 Concorde:0.058221 	 MCTS:5.819815 Improve:0.002327 	 Time:5.00 Seconds
Solution: 1 43 13 37 32 44 25 22 34 10 23 2 31 27 16 4 14 3 5 35 33 8 11 48 29 47 30 21 24 15 12 50 42 26 40 9 18 38 6 7 20 49 39 36 45 19 46 41 17 28 

Inst_Index:329 	 City_Num:50 	 Concorde:0.056408 	 MCTS:5.640765 Improve:-0.000000 	 Time:5.01 Seconds
Solution: 1 10 44 8 20 12 25 22 11 40 43 19 13 26 24 29 16 35 4 14 18 32 46 39 3 7 2 6 34 21 28 17 47 41 45 15 49 23 31 48 5 42 9 50 37 33 27 38 36 30 

Inst_Index:330 	 City_Num:50 	 Concorde:0.058972 	 MCTS:5.897188 Improve:0.000000 	 Time:5.00 Seconds
Solution: 1 3 29 9 47 8 35 39 11 6 25 40 17 20 23 41 2 5 32 46 10 43 13 31 19 16 21 15 4 33 48 27 7 34 44 14 36 26 37 12 28 49 38 24 30 18 22 45 42 50 

Inst_Index:331 	 City_Num:50 	 Concorde:0.060367 	 MCTS:6.036704 Improve:-0.000000 	 Time:5.01 Seconds
Solution: 1 13 50 43 41 20 12 26 11 29 46 4 10 9 2 7 34 36 22 18 47 25 33 48 28 45 8 40 30 14 35 16 39 27 42 44 31 19 49 15 21 3 37 38 32 24 5 6 17 23 

Inst_Index:332 	 City_Num:50 	 Concorde:0.056221 	 MCTS:5.616268 Improve:0.005803 	 Time:5.00 Seconds
Solution: 1 17 33 47 14 23 13 40 25 3 20 45 21 19 16 43 42 32 15 37 9 46 10 27 28 50 38 29 30 12 5 34 39 41 18 2 11 8 31 35 44 36 22 48 26 49 6 24 4 7 

Inst_Index:333 	 City_Num:50 	 Concorde:0.055616 	 MCTS:5.557660 Improve:0.003944 	 Time:5.00 Seconds
Solution: 1 43 47 38 17 26 23 6 15 42 49 22 45 20 7 14 46 18 32 8 50 11 39 12 44 35 36 24 27 25 10 9 19 2 31 21 29 41 28 3 5 33 4 48 37 40 30 13 34 16 

Inst_Index:334 	 City_Num:50 	 Concorde:0.053297 	 MCTS:5.329669 Improve:0.000000 	 Time:5.00 Seconds
Solution: 1 42 40 48 36 38 16 35 49 15 20 32 39 12 21 47 34 46 27 41 17 45 24 50 2 22 28 4 44 19 29 7 25 11 33 43 13 30 26 31 3 23 14 10 5 9 37 8 18 6 

Inst_Index:335 	 City_Num:50 	 Concorde:0.053462 	 MCTS:5.346231 Improve:-0.000000 	 Time:5.00 Seconds
Solution: 1 37 7 14 12 47 2 20 32 3 30 19 48 29 16 8 39 50 24 9 43 33 6 49 46 44 40 10 34 23 27 28 11 4 26 15 13 25 35 31 42 18 17 21 36 45 41 38 5 22 

Inst_Index:336 	 City_Num:50 	 Concorde:0.051672 	 MCTS:5.167159 Improve:0.000000 	 Time:5.00 Seconds
Solution: 1 14 20 46 4 42 31 37 43 41 3 45 24 30 10 8 11 32 29 16 2 19 48 15 44 21 36 50 12 33 26 40 13 35 47 23 5 28 49 17 9 25 34 38 39 18 27 6 22 7 

Inst_Index:337 	 City_Num:50 	 Concorde:0.058842 	 MCTS:5.884210 Improve:0.000000 	 Time:5.00 Seconds
Solution: 1 46 10 33 36 4 13 14 49 30 40 28 17 8 48 16 11 34 27 39 44 18 29 47 38 6 19 21 3 25 26 12 42 37 5 43 2 35 15 9 23 24 22 45 50 41 20 31 32 7 

Inst_Index:338 	 City_Num:50 	 Concorde:0.062066 	 MCTS:6.206617 Improve:0.000000 	 Time:5.00 Seconds
Solution: 1 14 27 36 6 28 34 44 33 19 2 41 4 35 40 3 11 45 29 38 9 50 10 39 26 5 8 13 7 21 16 37 30 49 25 12 24 42 48 18 47 46 32 23 43 17 20 22 15 31 

Inst_Index:339 	 City_Num:50 	 Concorde:0.056665 	 MCTS:5.666525 Improve:-0.000000 	 Time:5.00 Seconds
Solution: 1 45 43 28 14 49 48 15 30 17 40 31 2 39 10 46 24 13 50 4 35 9 47 37 33 5 32 20 7 12 16 8 27 44 36 34 41 19 29 21 25 23 18 22 3 11 42 26 6 38 

Inst_Index:340 	 City_Num:50 	 Concorde:0.056735 	 MCTS:5.673525 Improve:-0.000000 	 Time:5.00 Seconds
Solution: 1 16 33 9 2 48 6 17 3 44 28 11 45 4 39 18 26 31 34 22 5 40 29 36 49 41 8 15 13 25 30 35 50 20 27 32 24 7 37 21 38 23 12 14 43 47 10 46 42 19 

Inst_Index:341 	 City_Num:50 	 Concorde:0.056585 	 MCTS:5.658513 Improve:0.000000 	 Time:5.00 Seconds
Solution: 1 21 38 32 14 6 22 26 10 18 17 31 29 47 50 23 13 3 48 5 20 2 41 25 7 43 40 19 37 34 36 46 39 49 4 8 15 42 30 12 11 9 27 35 16 28 33 24 45 44 

Inst_Index:342 	 City_Num:50 	 Concorde:0.052086 	 MCTS:5.207875 Improve:0.000712 	 Time:5.00 Seconds
Solution: 1 33 44 39 35 38 42 37 10 31 50 14 40 45 47 12 28 27 7 43 2 16 13 6 11 5 36 48 4 17 46 41 3 22 18 9 19 32 23 26 21 49 25 30 20 8 29 24 15 34 

Inst_Index:343 	 City_Num:50 	 Concorde:0.056405 	 MCTS:5.639604 Improve:0.000847 	 Time:5.00 Seconds
Solution: 1 43 7 2 42 3 28 49 46 11 4 24 12 33 41 15 26 40 9 47 50 35 30 14 38 21 17 20 44 45 48 34 31 39 25 16 22 27 10 37 5 13 23 19 8 29 32 6 36 18 

Inst_Index:344 	 City_Num:50 	 Concorde:0.057582 	 MCTS:5.758245 Improve:0.000000 	 Time:5.00 Seconds
Solution: 1 41 21 2 6 37 18 40 12 27 8 14 48 9 7 34 5 25 3 20 49 24 44 29 36 17 46 11 50 43 26 35 39 22 4 10 13 38 31 47 30 45 32 15 28 19 33 16 23 42 

Inst_Index:345 	 City_Num:50 	 Concorde:0.059688 	 MCTS:5.965681 Improve:0.003109 	 Time:5.01 Seconds
Solution: 1 3 19 25 32 21 10 23 9 42 16 45 27 50 37 6 26 14 39 34 36 22 48 17 46 43 13 29 35 44 4 5 30 2 28 40 33 31 12 15 41 49 18 38 8 47 11 7 24 20 

Inst_Index:346 	 City_Num:50 	 Concorde:0.062027 	 MCTS:6.202650 Improve:0.000000 	 Time:5.00 Seconds
Solution: 1 16 25 43 9 4 40 12 24 29 44 7 41 18 36 47 22 35 28 46 10 45 21 11 32 48 30 15 49 50 26 27 23 34 13 2 31 39 42 38 14 20 3 17 5 33 19 8 37 6 

Inst_Index:347 	 City_Num:50 	 Concorde:0.055451 	 MCTS:5.545055 Improve:-0.000000 	 Time:5.00 Seconds
Solution: 1 28 47 49 43 26 4 34 40 31 16 22 3 25 9 6 21 14 33 2 36 35 10 7 29 17 42 41 37 13 27 15 45 50 5 11 23 39 44 12 20 32 19 38 24 8 30 18 48 46 

Inst_Index:348 	 City_Num:50 	 Concorde:0.058480 	 MCTS:5.847977 Improve:0.000000 	 Time:5.00 Seconds
Solution: 1 29 43 19 20 46 36 35 12 27 30 13 32 11 21 41 38 14 42 24 50 6 33 23 16 28 45 40 2 7 22 4 25 31 10 15 17 47 39 26 5 34 3 8 44 18 48 37 9 49 

Inst_Index:349 	 City_Num:50 	 Concorde:0.059238 	 MCTS:5.923792 Improve:-0.000000 	 Time:5.00 Seconds
Solution: 1 11 37 35 8 24 26 31 23 38 6 25 47 46 9 10 42 41 4 43 48 49 20 17 39 16 40 36 15 18 29 22 34 12 45 30 5 3 27 28 7 13 44 14 50 19 32 33 2 21 

Inst_Index:350 	 City_Num:50 	 Concorde:0.059962 	 MCTS:5.996219 Improve:0.000000 	 Time:5.00 Seconds
Solution: 1 35 5 12 21 9 16 11 31 15 23 33 46 14 19 40 25 3 30 43 13 49 24 38 32 41 42 8 4 18 10 34 36 45 17 44 28 7 29 2 20 50 37 27 26 48 47 39 6 22 

Inst_Index:351 	 City_Num:50 	 Concorde:0.058112 	 MCTS:5.811246 Improve:0.000000 	 Time:5.00 Seconds
Solution: 1 2 19 20 38 15 17 36 18 39 14 24 46 47 43 21 44 31 6 22 27 13 40 8 41 16 42 30 25 35 28 5 50 33 37 7 3 29 10 48 26 32 45 23 34 12 11 9 4 49 

Inst_Index:352 	 City_Num:50 	 Concorde:0.062575 	 MCTS:6.257515 Improve:0.000000 	 Time:5.00 Seconds
Solution: 1 10 44 17 27 7 13 42 43 36 50 21 40 47 48 41 46 29 28 16 19 38 11 15 9 35 2 23 5 37 39 3 20 33 31 45 22 34 8 18 4 24 14 25 32 26 30 49 6 12 

Inst_Index:353 	 City_Num:50 	 Concorde:0.058039 	 MCTS:5.803230 Improve:0.000695 	 Time:5.00 Seconds
Solution: 1 11 40 39 4 37 32 43 21 38 7 9 20 33 16 42 36 44 31 46 34 22 18 41 13 49 29 45 48 24 23 47 8 10 3 6 5 35 2 28 17 26 15 30 19 12 50 27 14 25 

Inst_Index:354 	 City_Num:50 	 Concorde:0.059192 	 MCTS:5.919197 Improve:0.000000 	 Time:5.00 Seconds
Solution: 1 7 12 2 30 38 36 18 3 6 21 47 48 28 50 39 35 5 31 13 46 27 23 43 33 4 29 42 45 16 17 44 25 14 40 34 41 19 10 24 37 49 26 8 20 9 11 32 15 22 

Inst_Index:355 	 City_Num:50 	 Concorde:0.054750 	 MCTS:5.474503 Improve:0.000545 	 Time:5.00 Seconds
Solution: 1 32 47 29 16 15 39 19 36 30 17 38 49 23 12 34 9 24 7 6 4 20 13 10 40 11 37 26 50 14 27 22 45 44 8 41 48 25 42 18 21 5 43 28 33 35 2 3 46 31 

Inst_Index:356 	 City_Num:50 	 Concorde:0.059311 	 MCTS:5.931146 Improve:0.000000 	 Time:5.00 Seconds
Solution: 1 18 9 13 48 32 44 42 12 49 41 38 37 22 17 29 35 24 21 39 45 34 16 46 23 50 7 40 10 5 2 43 19 36 31 3 15 26 47 8 25 30 14 28 27 6 11 33 4 20 

Inst_Index:357 	 City_Num:50 	 Concorde:0.058006 	 MCTS:5.797515 Improve:0.003106 	 Time:5.00 Seconds
Solution: 1 46 22 15 26 25 41 42 32 12 37 21 50 11 14 40 20 34 10 4 23 16 5 17 36 49 8 35 24 18 7 47 48 9 43 45 6 2 33 38 39 3 29 27 44 30 13 19 31 28 

Inst_Index:358 	 City_Num:50 	 Concorde:0.059220 	 MCTS:5.919463 Improve:0.002521 	 Time:5.00 Seconds
Solution: 1 9 23 17 27 35 38 49 11 47 2 14 19 34 25 10 39 21 31 36 24 32 7 5 33 18 43 48 50 37 26 8 12 20 42 30 15 3 29 28 22 44 46 13 16 40 45 41 4 6 

Inst_Index:359 	 City_Num:50 	 Concorde:0.060385 	 MCTS:6.038523 Improve:0.000000 	 Time:5.00 Seconds
Solution: 1 12 36 16 19 10 6 11 35 41 27 48 21 49 37 24 25 26 9 18 8 39 14 20 30 15 44 23 40 4 45 38 47 17 31 50 5 2 28 7 13 32 22 43 42 29 34 3 33 46 

Inst_Index:360 	 City_Num:50 	 Concorde:0.055011 	 MCTS:5.501064 Improve:0.000041 	 Time:5.00 Seconds
Solution: 1 41 18 33 48 49 38 26 8 6 11 42 24 22 28 15 31 39 44 43 27 20 19 3 13 16 46 50 5 40 12 36 21 17 25 45 37 32 14 4 7 34 9 35 23 30 10 29 2 47 

Inst_Index:361 	 City_Num:50 	 Concorde:0.054824 	 MCTS:5.478047 Improve:0.004379 	 Time:5.00 Seconds
Solution: 1 39 17 13 47 5 50 4 3 8 24 36 16 43 37 26 40 14 35 22 34 42 12 48 41 23 28 29 27 6 32 25 46 49 2 7 31 33 30 20 9 11 44 18 10 45 15 19 21 38 

Inst_Index:362 	 City_Num:50 	 Concorde:0.059023 	 MCTS:5.901842 Improve:0.000447 	 Time:5.00 Seconds
Solution: 1 48 28 8 47 4 44 26 6 39 15 45 40 30 46 5 43 3 21 29 31 50 33 22 16 19 32 42 20 49 35 14 25 37 17 11 38 12 41 9 18 23 2 24 36 34 7 10 13 27 

Inst_Index:363 	 City_Num:50 	 Concorde:0.058396 	 MCTS:5.834350 Improve:0.005245 	 Time:5.00 Seconds
Solution: 1 30 11 18 39 34 12 17 19 15 3 46 27 20 10 29 21 14 35 42 2 47 7 48 40 4 9 36 33 23 32 28 50 13 25 16 26 31 49 43 44 38 22 37 41 45 24 5 6 8 

Inst_Index:364 	 City_Num:50 	 Concorde:0.056088 	 MCTS:5.600435 Improve:0.008354 	 Time:5.00 Seconds
Solution: 1 27 11 45 37 26 5 49 32 6 29 39 9 22 10 2 25 47 35 23 44 28 14 19 33 7 38 43 8 24 30 41 36 3 34 20 18 13 46 15 21 12 17 40 50 31 48 4 16 42 

Inst_Index:365 	 City_Num:50 	 Concorde:0.057141 	 MCTS:5.713737 Improve:0.000331 	 Time:5.00 Seconds
Solution: 1 46 47 25 8 24 50 18 34 36 27 39 28 14 20 10 31 29 30 40 37 21 22 2 33 19 35 32 41 49 15 26 11 5 44 12 45 23 17 43 6 42 7 16 3 4 38 48 9 13 

Inst_Index:366 	 City_Num:50 	 Concorde:0.057614 	 MCTS:5.760683 Improve:0.000723 	 Time:5.00 Seconds
Solution: 1 9 13 11 19 10 20 37 6 4 8 21 12 7 32 46 34 29 31 23 33 26 24 44 30 18 2 35 3 40 15 38 16 22 47 27 5 25 43 50 42 14 39 45 48 49 17 28 41 36 

Inst_Index:367 	 City_Num:50 	 Concorde:0.058147 	 MCTS:5.813078 Improve:0.001671 	 Time:5.00 Seconds
Solution: 1 44 50 3 30 39 33 28 4 26 6 47 16 9 42 41 27 37 43 34 38 5 12 32 46 2 31 21 22 19 36 13 7 48 17 49 18 23 29 8 20 10 14 45 25 24 11 15 35 40 

Inst_Index:368 	 City_Num:50 	 Concorde:0.059293 	 MCTS:5.929344 Improve:-0.000000 	 Time:5.00 Seconds
Solution: 1 36 34 5 46 23 31 48 44 21 47 8 14 49 13 35 20 15 30 43 27 24 18 25 41 45 38 9 16 10 29 12 32 17 7 42 28 33 4 2 11 50 37 40 26 6 3 19 22 39 

Inst_Index:369 	 City_Num:50 	 Concorde:0.061532 	 MCTS:6.149857 Improve:0.003373 	 Time:5.00 Seconds
Solution: 1 28 38 50 3 14 18 36 34 9 17 6 29 13 44 5 22 27 21 7 32 46 20 39 2 49 45 8 25 43 41 35 4 24 16 48 26 37 10 42 19 11 33 40 15 12 47 30 31 23 

Inst_Index:370 	 City_Num:50 	 Concorde:0.054980 	 MCTS:5.494844 Improve:0.003181 	 Time:5.00 Seconds
Solution: 1 9 3 35 50 12 14 43 23 25 30 20 19 27 44 6 18 37 38 47 40 46 15 29 4 36 48 22 26 33 7 41 39 2 11 10 24 49 34 13 8 5 45 31 21 16 32 28 42 17 

Inst_Index:371 	 City_Num:50 	 Concorde:0.061361 	 MCTS:6.136055 Improve:-0.000000 	 Time:5.00 Seconds
Solution: 1 18 2 12 30 40 32 3 36 11 34 7 10 29 9 44 41 27 14 13 8 46 50 19 33 38 20 42 37 43 45 24 15 48 17 31 6 47 21 25 5 4 28 22 35 16 26 49 23 39 

Inst_Index:372 	 City_Num:50 	 Concorde:0.047437 	 MCTS:4.743706 Improve:0.000000 	 Time:5.00 Seconds
Solution: 1 12 24 14 2 6 27 43 18 47 39 38 22 50 41 10 30 48 3 32 46 26 31 16 37 7 15 45 17 35 4 28 8 49 44 19 36 13 42 11 25 29 23 33 40 20 34 9 21 5 

Inst_Index:373 	 City_Num:50 	 Concorde:0.058827 	 MCTS:5.882741 Improve:-0.000000 	 Time:5.00 Seconds
Solution: 1 16 30 9 39 44 17 8 41 25 31 24 12 33 28 43 42 34 14 21 47 5 4 36 19 3 45 18 11 40 29 23 38 46 15 6 49 22 32 2 26 27 48 7 20 10 35 37 13 50 

Inst_Index:374 	 City_Num:50 	 Concorde:0.056748 	 MCTS:5.674791 Improve:0.000000 	 Time:5.02 Seconds
Solution: 1 25 35 9 47 10 16 46 33 32 41 29 49 40 3 38 42 17 26 50 13 20 11 22 31 48 15 7 39 27 28 37 36 4 6 2 5 45 24 43 18 34 30 12 8 44 19 14 21 23 

Inst_Index:375 	 City_Num:50 	 Concorde:0.056237 	 MCTS:5.620524 Improve:0.003182 	 Time:5.01 Seconds
Solution: 1 10 18 31 49 37 33 32 6 21 7 14 9 46 48 39 22 44 40 20 4 30 2 34 43 28 24 27 3 45 38 36 13 26 11 16 15 25 12 42 47 23 50 41 8 17 19 5 29 35 

Inst_Index:376 	 City_Num:50 	 Concorde:0.058786 	 MCTS:5.878599 Improve:-0.000000 	 Time:5.00 Seconds
Solution: 1 20 38 2 10 24 42 43 18 36 17 40 26 32 30 11 31 5 13 14 47 48 28 21 35 23 25 46 12 19 37 33 50 6 34 7 4 44 8 41 49 15 3 45 16 22 9 29 39 27 

Inst_Index:377 	 City_Num:50 	 Concorde:0.052664 	 MCTS:5.266441 Improve:0.000000 	 Time:5.01 Seconds
Solution: 1 7 6 11 23 35 27 19 39 20 32 36 22 44 24 10 9 41 29 49 21 46 4 5 43 8 47 14 2 25 13 15 12 30 48 18 33 34 38 28 40 3 50 31 26 42 16 37 45 17 

Inst_Index:378 	 City_Num:50 	 Concorde:0.058449 	 MCTS:5.844878 Improve:0.000000 	 Time:5.01 Seconds
Solution: 1 48 23 26 27 24 30 4 13 37 43 15 45 22 50 41 11 34 6 29 14 2 28 46 16 36 38 39 7 40 20 5 32 33 9 44 19 35 3 17 8 18 10 47 49 25 31 12 21 42 

Inst_Index:379 	 City_Num:50 	 Concorde:0.059681 	 MCTS:5.965923 Improve:0.002193 	 Time:5.01 Seconds
Solution: 1 48 25 4 31 3 16 9 20 38 37 41 5 14 10 12 21 17 26 46 45 6 42 47 44 2 22 36 50 32 8 40 39 13 19 27 34 35 33 7 49 15 23 18 11 29 24 28 43 30 

Inst_Index:380 	 City_Num:50 	 Concorde:0.055915 	 MCTS:5.591482 Improve:0.000000 	 Time:5.00 Seconds
Solution: 1 13 31 45 2 50 44 15 40 46 27 17 37 6 22 23 49 7 47 24 10 11 5 39 26 21 41 34 18 38 36 43 32 42 30 25 14 35 20 16 9 12 29 4 48 33 28 3 8 19 

Inst_Index:381 	 City_Num:50 	 Concorde:0.063179 	 MCTS:6.317881 Improve:-0.000000 	 Time:5.00 Seconds
Solution: 1 29 42 31 18 17 3 48 30 35 19 8 28 2 14 47 44 41 50 45 38 33 25 34 26 21 37 20 4 39 16 49 9 11 32 15 46 13 27 23 24 12 10 43 22 36 6 5 7 40 

Inst_Index:382 	 City_Num:50 	 Concorde:0.058303 	 MCTS:5.829083 Improve:0.001259 	 Time:5.01 Seconds
Solution: 1 4 50 49 27 30 23 16 25 26 15 28 46 47 32 31 12 41 36 38 8 11 9 29 2 44 17 40 19 7 34 3 5 42 20 14 10 21 13 33 39 37 18 24 45 22 6 43 35 48 

Inst_Index:383 	 City_Num:50 	 Concorde:0.052409 	 MCTS:5.240896 Improve:0.000000 	 Time:5.00 Seconds
Solution: 1 3 16 34 8 28 35 7 9 37 30 21 39 36 32 40 11 25 2 31 4 38 15 18 5 26 29 33 41 42 43 49 23 46 17 12 44 19 22 13 10 48 45 27 20 50 6 47 14 24 

Inst_Index:384 	 City_Num:50 	 Concorde:0.054035 	 MCTS:5.403450 Improve:-0.000000 	 Time:5.00 Seconds
Solution: 1 18 11 14 2 8 34 6 49 9 33 20 40 45 15 37 47 43 24 4 27 31 13 21 17 50 12 48 35 28 44 10 36 41 22 25 26 46 5 42 39 29 38 7 3 16 30 32 23 19 

Inst_Index:385 	 City_Num:50 	 Concorde:0.057485 	 MCTS:5.746673 Improve:0.001786 	 Time:5.00 Seconds
Solution: 1 12 14 46 19 18 49 23 7 39 31 5 22 35 32 47 24 16 2 42 38 40 37 15 48 21 29 10 9 4 45 28 30 41 36 25 8 50 43 13 34 33 20 26 11 6 17 27 3 44 

Inst_Index:386 	 City_Num:50 	 Concorde:0.057605 	 MCTS:5.748960 Improve:0.011550 	 Time:5.00 Seconds
Solution: 1 20 10 27 7 17 11 6 40 15 47 46 28 18 49 24 42 23 12 35 34 9 43 14 19 37 30 22 41 16 26 36 5 39 31 44 33 50 13 2 32 4 48 29 3 21 38 25 8 45 

Inst_Index:387 	 City_Num:50 	 Concorde:0.059211 	 MCTS:5.921131 Improve:-0.000000 	 Time:5.00 Seconds
Solution: 1 46 6 14 8 28 36 3 16 21 23 15 30 18 48 43 47 22 17 2 33 39 12 32 13 49 4 5 44 40 38 42 37 19 26 27 35 10 50 11 29 31 20 34 7 45 9 25 24 41 

Inst_Index:388 	 City_Num:50 	 Concorde:0.053579 	 MCTS:5.381170 Improve:-0.023313 	 Time:5.00 Seconds
Solution: 1 39 3 5 6 45 13 47 19 38 46 36 22 2 26 35 18 30 21 40 24 16 31 34 37 8 49 41 29 44 20 7 10 23 43 33 48 42 27 9 17 28 15 4 12 25 50 14 32 11 

Inst_Index:389 	 City_Num:50 	 Concorde:0.057910 	 MCTS:5.790970 Improve:0.000000 	 Time:5.00 Seconds
Solution: 1 7 14 23 37 43 5 13 34 19 42 21 2 30 6 27 49 17 8 29 45 44 35 25 10 39 31 47 26 48 11 40 33 46 18 4 28 50 9 41 22 36 24 3 16 20 12 32 38 15 

Inst_Index:390 	 City_Num:50 	 Concorde:0.060700 	 MCTS:6.069959 Improve:0.000000 	 Time:5.00 Seconds
Solution: 1 20 22 14 34 40 38 30 18 33 8 16 43 35 44 42 41 19 4 6 5 48 10 39 17 27 12 3 25 15 37 13 24 50 23 46 7 21 45 49 26 47 29 32 36 2 28 11 9 31 

Inst_Index:391 	 City_Num:50 	 Concorde:0.057781 	 MCTS:5.773569 Improve:0.004540 	 Time:5.00 Seconds
Solution: 1 12 38 7 30 42 44 3 5 15 35 11 39 33 23 43 41 25 34 16 9 37 10 18 31 27 40 28 49 45 21 47 17 48 50 14 24 4 32 29 26 22 46 19 2 13 20 36 6 8 

Inst_Index:392 	 City_Num:50 	 Concorde:0.055350 	 MCTS:5.535035 Improve:0.000000 	 Time:5.00 Seconds
Solution: 1 22 44 43 45 18 13 5 2 36 11 33 47 32 46 39 23 7 15 8 30 20 28 29 34 49 38 42 3 12 14 26 6 10 41 16 24 17 48 19 35 25 40 9 21 27 4 37 31 50 

Inst_Index:393 	 City_Num:50 	 Concorde:0.056292 	 MCTS:5.623871 Improve:0.005333 	 Time:5.00 Seconds
Solution: 1 39 48 43 27 5 22 13 3 2 17 31 16 6 50 23 32 30 24 4 15 12 14 20 11 9 46 28 18 47 37 40 33 8 41 38 7 10 29 26 34 19 44 36 25 49 42 45 21 35 

Inst_Index:394 	 City_Num:50 	 Concorde:0.057900 	 MCTS:5.788927 Improve:0.001028 	 Time:5.00 Seconds
Solution: 1 25 21 18 24 31 43 49 9 7 15 41 23 28 6 32 39 38 34 3 16 40 8 2 46 26 11 17 36 13 27 19 10 22 30 42 14 47 4 44 37 33 5 35 45 48 50 12 29 20 

Inst_Index:395 	 City_Num:50 	 Concorde:0.054202 	 MCTS:5.420177 Improve:0.000000 	 Time:5.00 Seconds
Solution: 1 48 37 32 16 23 9 31 2 42 20 47 6 35 34 11 5 33 17 30 3 21 24 40 38 50 12 45 25 4 28 27 8 49 22 36 13 14 29 46 44 15 43 18 41 26 39 7 19 10 

Inst_Index:396 	 City_Num:50 	 Concorde:0.055543 	 MCTS:5.550791 Improve:0.003487 	 Time:5.00 Seconds
Solution: 1 24 9 18 23 12 30 22 35 14 15 50 29 2 40 49 19 3 48 36 37 31 33 17 41 46 45 13 4 11 42 38 28 10 27 6 32 16 44 8 20 21 25 5 39 34 26 7 47 43 

Inst_Index:397 	 City_Num:50 	 Concorde:0.055614 	 MCTS:5.561367 Improve:-0.000000 	 Time:5.00 Seconds
Solution: 1 16 26 41 29 43 9 31 47 21 46 28 38 30 44 25 24 48 49 35 40 2 19 22 4 37 42 33 36 14 50 10 23 8 45 39 32 12 20 27 17 34 7 13 18 3 11 6 5 15 

Inst_Index:398 	 City_Num:50 	 Concorde:0.053415 	 MCTS:5.341519 Improve:0.000000 	 Time:5.00 Seconds
Solution: 1 6 39 11 34 45 26 24 48 30 37 47 5 31 50 28 43 35 46 2 29 19 3 25 14 13 38 32 23 15 49 42 17 7 9 33 21 40 20 10 44 4 18 16 22 36 27 41 12 8 

Inst_Index:399 	 City_Num:50 	 Concorde:0.058606 	 MCTS:5.858509 Improve:0.002128 	 Time:5.00 Seconds
Solution: 1 46 34 47 5 14 48 40 49 4 30 23 12 21 2 45 13 28 50 16 27 35 8 38 31 18 44 3 33 29 43 39 17 32 25 37 6 24 41 42 22 36 10 15 11 9 19 7 26 20 

Inst_Index:400 	 City_Num:50 	 Concorde:0.057596 	 MCTS:5.757514 Improve:0.002080 	 Time:5.01 Seconds
Solution: 1 50 21 6 36 17 16 34 42 15 40 49 4 8 47 31 39 35 24 30 44 29 9 46 26 5 7 11 43 13 10 19 28 27 37 25 38 20 22 14 18 2 33 45 3 12 23 41 48 32 

Inst_Index:401 	 City_Num:50 	 Concorde:0.059173 	 MCTS:5.917284 Improve:-0.000000 	 Time:5.00 Seconds
Solution: 1 9 42 23 19 18 33 21 13 43 20 39 16 31 28 34 2 5 11 32 26 14 35 46 22 3 12 4 48 8 40 37 44 24 17 49 29 6 10 36 27 41 38 25 50 7 30 15 45 47 

Inst_Index:402 	 City_Num:50 	 Concorde:0.056216 	 MCTS:5.621647 Improve:0.000000 	 Time:5.01 Seconds
Solution: 1 49 13 24 16 19 6 41 27 12 15 35 33 9 29 25 2 50 4 39 14 28 40 46 48 7 26 30 44 45 34 32 11 21 38 18 3 5 10 31 22 17 42 43 20 36 23 8 37 47 

Inst_Index:403 	 City_Num:50 	 Concorde:0.060013 	 MCTS:6.001272 Improve:0.000000 	 Time:5.00 Seconds
Solution: 1 32 47 2 9 36 18 26 43 8 40 29 37 22 50 3 25 38 14 16 17 31 12 10 49 5 11 41 23 46 42 7 19 35 39 15 27 21 4 44 45 48 30 33 24 13 34 20 6 28 

Inst_Index:404 	 City_Num:50 	 Concorde:0.057899 	 MCTS:5.782665 Improve:0.007251 	 Time:5.01 Seconds
Solution: 1 21 25 6 29 31 13 37 15 46 30 3 17 34 42 7 22 14 9 35 43 26 48 36 23 28 49 5 19 41 40 47 16 44 4 38 18 2 12 33 32 11 24 39 8 45 50 27 20 10 

Inst_Index:405 	 City_Num:50 	 Concorde:0.051344 	 MCTS:5.124359 Improve:0.010078 	 Time:5.00 Seconds
Solution: 1 41 45 11 4 19 32 2 50 12 44 38 7 18 47 42 14 49 34 23 21 24 29 26 20 28 22 3 15 30 31 43 37 25 35 10 48 36 8 6 46 13 39 33 40 17 16 5 27 9 

Inst_Index:406 	 City_Num:50 	 Concorde:0.057528 	 MCTS:5.763652 Improve:-0.010860 	 Time:5.00 Seconds
Solution: 1 37 28 14 39 45 5 47 35 30 44 34 26 20 36 29 12 21 4 33 16 27 25 22 23 9 24 41 38 11 15 46 7 40 6 48 13 32 3 42 19 50 8 17 43 31 2 10 49 18 

Inst_Index:407 	 City_Num:50 	 Concorde:0.058003 	 MCTS:5.800331 Improve:0.000000 	 Time:5.01 Seconds
Solution: 1 19 23 30 35 47 4 36 26 18 3 29 14 7 49 42 32 28 48 43 6 2 46 11 22 39 21 13 16 44 34 31 41 38 25 50 15 24 27 9 20 5 8 33 12 40 10 37 45 17 

Inst_Index:408 	 City_Num:50 	 Concorde:0.057948 	 MCTS:5.794760 Improve:-0.000000 	 Time:5.00 Seconds
Solution: 1 10 31 45 7 6 46 11 37 41 30 17 47 40 44 50 22 29 3 26 2 33 19 25 12 34 21 24 38 20 13 39 18 15 35 5 36 27 42 28 8 14 9 43 49 16 48 4 23 32 

Inst_Index:409 	 City_Num:50 	 Concorde:0.058669 	 MCTS:5.866945 Improve:-0.000000 	 Time:5.01 Seconds
Solution: 1 42 25 34 10 46 31 20 37 29 21 18 5 27 41 12 16 36 44 39 3 15 8 7 11 43 4 47 19 33 24 9 50 32 30 45 6 48 23 2 22 28 17 13 49 38 14 40 35 26 

Inst_Index:410 	 City_Num:50 	 Concorde:0.054448 	 MCTS:5.444831 Improve:0.000000 	 Time:5.00 Seconds
Solution: 1 41 22 28 48 33 34 38 25 23 46 44 49 7 15 9 30 13 47 10 35 24 37 50 43 17 29 39 8 21 20 27 14 4 19 11 6 2 18 32 16 26 12 42 31 3 36 5 40 45 

Inst_Index:411 	 City_Num:50 	 Concorde:0.055701 	 MCTS:5.570095 Improve:0.000039 	 Time:5.00 Seconds
Solution: 1 38 11 18 13 10 40 4 37 21 44 17 27 28 34 36 48 46 8 2 25 23 29 33 49 35 50 20 15 42 22 16 12 41 26 19 31 5 39 3 32 14 45 7 43 9 6 30 47 24 

Inst_Index:412 	 City_Num:50 	 Concorde:0.060198 	 MCTS:6.019815 Improve:0.000000 	 Time:5.00 Seconds
Solution: 1 42 35 4 19 32 22 38 7 43 34 6 8 36 25 13 46 47 18 5 39 37 10 9 41 28 31 11 45 15 29 27 26 49 24 48 40 50 2 33 44 30 20 21 12 17 3 23 16 14 

Inst_Index:413 	 City_Num:50 	 Concorde:0.059412 	 MCTS:5.951181 Improve:-0.009981 	 Time:5.00 Seconds
Solution: 1 45 38 3 30 40 46 36 35 16 12 27 33 50 21 47 28 19 14 42 2 4 15 34 13 7 43 31 8 5 22 6 44 37 11 26 48 10 39 20 32 25 23 18 41 49 29 24 9 17 

Inst_Index:414 	 City_Num:50 	 Concorde:0.058695 	 MCTS:5.869534 Improve:0.000000 	 Time:5.00 Seconds
Solution: 1 40 38 10 3 35 50 27 42 28 12 24 30 47 2 39 36 21 43 48 6 26 14 49 4 31 7 16 37 44 34 19 17 13 5 15 22 32 41 46 11 18 23 8 33 20 25 45 9 29 

Inst_Index:415 	 City_Num:50 	 Concorde:0.062992 	 MCTS:6.299185 Improve:0.000000 	 Time:5.01 Seconds
Solution: 1 37 21 15 31 29 35 48 25 24 32 13 42 43 38 9 23 50 8 44 47 49 33 2 39 7 46 16 18 11 6 4 5 40 17 28 41 26 45 30 22 20 12 14 36 10 19 27 34 3 

Inst_Index:416 	 City_Num:50 	 Concorde:0.051565 	 MCTS:5.156521 Improve:0.000000 	 Time:5.00 Seconds
Solution: 1 43 7 46 9 24 31 44 19 47 16 29 25 39 4 32 37 23 34 2 18 26 12 8 14 3 40 27 35 5 17 36 38 11 33 21 22 20 49 45 50 41 15 42 48 30 28 6 13 10 

Inst_Index:417 	 City_Num:50 	 Concorde:0.058815 	 MCTS:5.881518 Improve:0.000000 	 Time:5.00 Seconds
Solution: 1 32 35 49 41 14 27 6 17 33 31 34 18 50 43 15 37 12 8 4 44 23 3 28 2 11 20 9 40 19 47 42 21 38 24 16 13 30 46 39 25 22 26 36 48 7 5 45 29 10 

Inst_Index:418 	 City_Num:50 	 Concorde:0.056668 	 MCTS:5.666818 Improve:-0.000000 	 Time:5.00 Seconds
Solution: 1 26 24 50 45 4 43 41 27 42 32 46 47 6 37 11 3 40 9 12 29 5 34 35 30 48 25 15 20 33 36 49 44 2 31 22 28 7 8 21 18 16 17 38 10 14 39 13 19 23 

Inst_Index:419 	 City_Num:50 	 Concorde:0.057724 	 MCTS:5.772439 Improve:-0.000000 	 Time:5.00 Seconds
Solution: 1 11 48 33 45 32 9 50 42 31 28 24 25 30 19 6 15 5 40 13 34 20 22 27 14 26 4 37 18 8 38 35 2 12 47 36 46 49 44 21 10 43 17 29 41 3 23 7 39 16 

Inst_Index:420 	 City_Num:50 	 Concorde:0.054655 	 MCTS:5.465492 Improve:0.000000 	 Time:5.00 Seconds
Solution: 1 4 48 39 35 50 30 2 5 44 37 33 19 47 13 8 29 10 26 14 9 42 20 43 3 38 31 7 49 22 25 46 12 24 34 36 23 40 41 17 27 28 11 16 6 15 21 18 45 32 

Inst_Index:421 	 City_Num:50 	 Concorde:0.052478 	 MCTS:5.244744 Improve:0.003106 	 Time:5.00 Seconds
Solution: 1 10 46 36 3 31 17 37 23 41 48 21 33 32 24 28 43 11 13 4 40 12 30 47 34 18 22 6 16 14 44 27 26 15 39 9 8 35 42 45 25 29 20 7 49 5 50 19 2 38 

Inst_Index:422 	 City_Num:50 	 Concorde:0.058291 	 MCTS:5.826507 Improve:0.002557 	 Time:5.00 Seconds
Solution: 1 25 24 45 22 6 37 8 30 39 21 44 27 43 47 18 29 2 14 13 12 11 23 20 40 42 7 34 4 5 9 26 33 41 50 3 16 38 32 17 31 15 35 28 46 48 10 49 19 36 

Inst_Index:423 	 City_Num:50 	 Concorde:0.061048 	 MCTS:6.101015 Improve:0.003763 	 Time:5.00 Seconds
Solution: 1 10 9 23 48 35 39 40 41 37 7 26 28 17 43 16 49 34 38 5 31 27 30 44 22 11 13 45 36 21 32 8 14 2 42 4 33 50 24 20 18 29 19 47 25 6 3 46 12 15 

Inst_Index:424 	 City_Num:50 	 Concorde:0.058680 	 MCTS:5.857320 Improve:0.010646 	 Time:5.00 Seconds
Solution: 1 14 39 21 45 43 36 38 22 24 27 5 20 2 17 26 11 6 7 41 19 40 16 42 9 3 50 8 33 34 28 35 18 46 30 12 49 25 31 32 37 4 15 48 10 44 23 29 13 47 

Inst_Index:425 	 City_Num:50 	 Concorde:0.055346 	 MCTS:5.532373 Improve:0.002248 	 Time:5.00 Seconds
Solution: 1 9 35 34 42 48 4 36 27 44 38 6 2 17 11 30 20 26 22 13 5 29 18 39 45 8 15 49 10 7 24 50 14 46 12 33 21 25 37 28 19 16 23 40 47 32 31 43 3 41 

Inst_Index:426 	 City_Num:50 	 Concorde:0.058777 	 MCTS:5.867872 Improve:0.009875 	 Time:5.00 Seconds
Solution: 1 20 22 31 36 33 38 29 45 28 46 21 2 3 43 18 19 25 9 26 39 7 6 35 16 49 12 27 11 17 50 5 37 42 10 23 14 30 32 47 13 41 44 15 34 4 8 40 24 48 

Inst_Index:427 	 City_Num:50 	 Concorde:0.059863 	 MCTS:5.986286 Improve:0.000000 	 Time:5.00 Seconds
Solution: 1 6 41 38 14 5 20 7 8 23 4 30 31 49 11 29 9 25 50 16 32 10 17 19 47 36 45 33 40 28 24 2 26 22 43 46 44 13 34 15 35 12 3 27 37 42 18 21 48 39 

Inst_Index:428 	 City_Num:50 	 Concorde:0.057124 	 MCTS:5.716355 Improve:-0.003947 	 Time:5.00 Seconds
Solution: 1 21 37 3 49 41 5 45 26 17 10 27 40 24 38 43 30 31 25 23 22 39 36 9 4 6 48 12 42 8 2 15 11 33 19 32 44 35 14 7 47 13 28 18 20 46 34 29 16 50 

Inst_Index:429 	 City_Num:50 	 Concorde:0.056328 	 MCTS:5.630060 Improve:0.002728 	 Time:5.00 Seconds
Solution: 1 4 29 23 50 31 17 20 48 11 15 6 13 26 9 27 12 45 18 16 39 32 21 10 35 36 28 42 40 38 22 41 44 37 43 7 49 30 46 8 34 14 33 24 47 25 3 5 2 19 

Inst_Index:430 	 City_Num:50 	 Concorde:0.054995 	 MCTS:5.498382 Improve:0.001151 	 Time:5.00 Seconds
Solution: 1 2 14 28 44 3 45 8 47 50 31 29 39 24 43 6 20 42 12 21 22 10 5 16 9 38 41 17 13 15 4 34 7 33 27 46 35 11 19 30 49 25 26 18 48 23 36 37 40 32 

Inst_Index:431 	 City_Num:50 	 Concorde:0.056408 	 MCTS:5.640780 Improve:-0.000000 	 Time:5.00 Seconds
Solution: 1 39 7 3 37 22 38 46 19 9 25 40 27 48 28 24 11 32 36 34 8 6 47 13 4 33 43 12 29 44 16 26 31 18 35 10 41 23 30 42 2 20 49 50 21 17 15 14 45 5 

Inst_Index:432 	 City_Num:50 	 Concorde:0.059306 	 MCTS:5.930608 Improve:-0.000000 	 Time:5.00 Seconds
Solution: 1 49 28 21 27 12 38 2 26 3 32 7 16 30 46 29 9 50 33 22 40 24 10 11 13 34 15 47 5 35 41 36 6 4 19 39 43 8 14 37 17 42 44 25 18 20 45 31 23 48 

Inst_Index:433 	 City_Num:50 	 Concorde:0.057691 	 MCTS:5.769055 Improve:-0.000000 	 Time:5.00 Seconds
Solution: 1 22 26 41 8 9 49 44 31 10 18 38 27 43 42 11 3 23 2 25 48 30 46 7 40 15 50 16 14 6 24 37 4 32 45 21 5 36 39 12 20 47 35 34 19 13 17 33 29 28 

Inst_Index:434 	 City_Num:50 	 Concorde:0.056003 	 MCTS:5.600330 Improve:0.000000 	 Time:5.00 Seconds
Solution: 1 37 38 5 35 21 10 12 29 41 28 32 18 16 36 13 31 43 20 33 17 2 7 22 14 46 40 6 3 15 25 11 27 8 30 45 48 39 44 4 42 23 49 24 50 34 26 47 9 19 

Inst_Index:435 	 City_Num:50 	 Concorde:0.057563 	 MCTS:5.747833 Improve:0.008434 	 Time:5.00 Seconds
Solution: 1 25 42 33 38 5 30 48 34 20 45 39 35 9 46 50 23 16 2 28 49 41 37 17 14 13 11 36 22 32 24 21 27 6 19 10 12 7 18 15 4 47 3 8 43 31 40 26 44 29 

Inst_Index:436 	 City_Num:50 	 Concorde:0.056373 	 MCTS:5.635341 Improve:0.002000 	 Time:5.01 Seconds
Solution: 1 22 33 7 45 21 49 16 26 12 3 44 20 14 30 17 46 50 9 36 24 11 42 47 5 38 48 37 34 2 10 8 41 27 15 13 29 19 25 43 35 18 23 40 39 28 6 4 31 32 

Inst_Index:437 	 City_Num:50 	 Concorde:0.058956 	 MCTS:5.895590 Improve:0.000000 	 Time:5.00 Seconds
Solution: 1 28 23 20 35 25 6 34 5 18 14 19 50 13 44 41 37 33 7 16 40 8 31 4 17 49 11 27 26 38 32 43 47 21 2 29 39 36 30 42 9 48 24 12 22 15 10 46 45 3 

Inst_Index:438 	 City_Num:50 	 Concorde:0.055994 	 MCTS:5.593741 Improve:0.005622 	 Time:5.00 Seconds
Solution: 1 24 46 42 9 10 27 45 14 19 21 7 23 49 5 32 4 8 2 47 34 12 18 26 11 20 36 22 50 37 31 15 29 38 13 17 3 25 43 41 6 39 16 33 30 44 35 48 28 40 

Inst_Index:439 	 City_Num:50 	 Concorde:0.056441 	 MCTS:5.644134 Improve:-0.000000 	 Time:5.00 Seconds
Solution: 1 29 3 23 35 20 42 27 21 8 15 48 11 4 14 49 40 28 5 22 18 47 26 39 16 7 31 13 2 25 34 33 44 19 37 10 6 41 17 38 46 50 36 9 43 32 30 45 24 12 

Inst_Index:440 	 City_Num:50 	 Concorde:0.058195 	 MCTS:5.819456 Improve:0.000000 	 Time:5.00 Seconds
Solution: 1 30 49 26 14 7 42 39 22 16 9 27 32 4 24 34 23 6 36 11 29 46 43 45 50 5 13 41 10 40 19 2 28 17 20 48 12 33 8 47 38 25 18 31 37 21 44 15 35 3 

Inst_Index:441 	 City_Num:50 	 Concorde:0.056333 	 MCTS:5.630291 Improve:0.003035 	 Time:5.00 Seconds
Solution: 1 31 49 35 23 47 16 40 21 30 12 36 20 19 5 15 7 27 39 29 26 10 13 2 37 38 24 25 46 9 32 28 11 18 22 50 45 14 42 33 8 3 34 48 43 44 41 17 6 4 

Inst_Index:442 	 City_Num:50 	 Concorde:0.059818 	 MCTS:5.978937 Improve:0.002814 	 Time:5.00 Seconds
Solution: 1 45 39 27 41 50 22 36 30 25 48 20 10 23 6 37 43 44 11 9 16 38 47 7 33 24 17 13 2 32 26 8 21 5 14 35 31 18 12 15 4 40 29 46 19 42 49 3 28 34 

Inst_Index:443 	 City_Num:50 	 Concorde:0.052336 	 MCTS:5.227109 Improve:0.006493 	 Time:5.00 Seconds
Solution: 1 21 27 3 12 39 32 20 34 6 47 24 49 13 14 25 4 48 37 19 28 5 7 8 43 31 11 15 35 2 38 16 30 29 23 18 36 41 46 22 26 50 42 45 17 10 9 33 40 44 

Inst_Index:444 	 City_Num:50 	 Concorde:0.057890 	 MCTS:5.786219 Improve:0.002786 	 Time:5.00 Seconds
Solution: 1 28 33 38 39 22 10 36 32 20 11 25 41 35 27 50 46 4 16 42 19 5 9 43 8 23 13 34 40 14 48 29 47 15 49 37 17 44 45 7 30 2 26 3 18 21 12 24 31 6 

Inst_Index:445 	 City_Num:50 	 Concorde:0.059265 	 MCTS:5.926451 Improve:0.000000 	 Time:5.00 Seconds
Solution: 1 46 27 16 47 10 38 39 19 37 5 36 17 31 20 13 9 33 30 28 43 25 18 8 29 32 35 45 26 14 23 24 50 6 4 42 41 7 44 15 22 49 48 34 40 12 3 21 11 2 

Inst_Index:446 	 City_Num:50 	 Concorde:0.061244 	 MCTS:6.117825 Improve:0.006589 	 Time:5.00 Seconds
Solution: 1 38 40 44 2 14 27 39 37 46 18 49 16 20 33 34 28 6 4 47 3 9 5 35 43 22 15 23 25 42 12 32 50 13 11 8 10 7 29 41 17 24 48 19 21 36 26 30 45 31 

Inst_Index:447 	 City_Num:50 	 Concorde:0.054710 	 MCTS:5.470893 Improve:0.000092 	 Time:5.00 Seconds
Solution: 1 17 7 29 13 38 49 16 5 6 21 18 3 10 28 46 50 47 20 34 40 41 30 14 12 24 25 35 26 23 36 33 15 39 42 2 4 8 48 27 44 45 11 37 22 32 31 9 43 19 

Inst_Index:448 	 City_Num:50 	 Concorde:0.055794 	 MCTS:5.576635 Improve:0.002720 	 Time:5.00 Seconds
Solution: 1 12 14 29 37 45 33 36 50 22 49 11 24 31 40 3 7 19 8 4 35 18 13 46 15 21 6 17 30 9 20 34 48 44 38 5 25 39 16 41 10 28 23 32 2 27 43 26 42 47 

Inst_Index:449 	 City_Num:50 	 Concorde:0.051615 	 MCTS:5.160103 Improve:0.001422 	 Time:5.00 Seconds
Solution: 1 4 49 38 2 28 35 15 6 5 26 27 48 21 30 33 7 23 22 20 16 46 42 17 29 14 13 10 32 3 50 18 19 44 39 11 45 40 24 37 25 8 34 12 43 41 9 47 31 36 

Inst_Index:450 	 City_Num:50 	 Concorde:0.055424 	 MCTS:5.542444 Improve:0.000000 	 Time:5.00 Seconds
Solution: 1 33 34 30 44 16 6 11 15 20 31 35 40 10 27 19 17 37 29 25 21 48 28 23 5 32 8 14 22 49 41 4 3 43 45 13 9 39 47 26 42 50 24 2 46 7 38 18 12 36 

Inst_Index:451 	 City_Num:50 	 Concorde:0.060373 	 MCTS:6.037256 Improve:0.000000 	 Time:5.00 Seconds
Solution: 1 11 34 22 38 43 8 37 10 2 32 21 27 26 36 3 48 44 35 5 9 50 45 30 23 41 18 16 15 29 4 7 46 47 12 40 25 19 6 33 42 24 14 20 31 17 49 39 13 28 

Inst_Index:452 	 City_Num:50 	 Concorde:0.055894 	 MCTS:5.589438 Improve:-0.000000 	 Time:5.00 Seconds
Solution: 1 20 25 35 43 28 32 47 41 33 46 38 50 37 12 10 13 22 34 4 9 27 31 21 36 17 18 29 42 44 16 23 11 19 8 7 39 26 5 6 40 24 2 14 49 30 3 48 15 45 

Inst_Index:453 	 City_Num:50 	 Concorde:0.055819 	 MCTS:5.581868 Improve:0.000000 	 Time:5.00 Seconds
Solution: 1 45 7 2 36 40 50 5 12 28 10 41 20 31 47 18 26 25 42 23 35 24 34 4 21 49 33 29 46 22 27 44 17 38 43 14 48 8 32 9 6 19 13 30 39 11 3 37 15 16 

Inst_Index:454 	 City_Num:50 	 Concorde:0.059335 	 MCTS:5.933465 Improve:-0.000000 	 Time:5.01 Seconds
Solution: 1 21 48 42 43 4 25 30 32 47 13 24 23 11 27 17 44 41 14 20 40 45 46 16 35 29 2 26 38 31 15 49 28 36 8 37 33 10 9 34 3 50 39 7 12 22 5 19 18 6 

Inst_Index:455 	 City_Num:50 	 Concorde:0.052705 	 MCTS:5.270451 Improve:0.000000 	 Time:5.00 Seconds
Solution: 1 7 21 32 37 17 25 36 12 49 41 3 40 48 22 18 4 45 35 26 38 6 14 16 5 34 42 10 13 2 47 11 28 9 29 8 50 27 44 30 24 43 20 23 31 46 33 39 15 19 

Inst_Index:456 	 City_Num:50 	 Concorde:0.060426 	 MCTS:6.042584 Improve:-0.000000 	 Time:5.00 Seconds
Solution: 1 37 11 25 10 46 48 12 31 47 50 5 28 18 40 38 20 14 29 32 36 45 23 42 4 15 44 8 3 17 9 49 24 33 26 16 7 43 13 6 22 19 41 27 35 21 2 34 39 30 

Inst_Index:457 	 City_Num:50 	 Concorde:0.058886 	 MCTS:5.886982 Improve:0.001589 	 Time:5.01 Seconds
Solution: 1 38 40 49 32 29 50 16 34 39 42 36 43 48 28 24 45 47 30 31 21 12 7 15 8 19 18 5 6 35 20 4 44 14 17 2 41 46 33 11 10 3 26 9 25 27 13 37 23 22 

Inst_Index:458 	 City_Num:50 	 Concorde:0.059868 	 MCTS:5.982928 Improve:0.003875 	 Time:5.00 Seconds
Solution: 1 21 3 30 4 25 26 35 19 42 9 50 22 8 29 14 11 24 41 46 37 34 12 47 6 15 18 2 23 45 32 20 16 49 7 27 13 17 39 40 10 5 31 43 36 48 38 44 33 28 

Inst_Index:459 	 City_Num:50 	 Concorde:0.061226 	 MCTS:6.122611 Improve:0.000000 	 Time:5.00 Seconds
Solution: 1 2 42 35 39 8 48 33 41 46 3 29 20 9 49 6 15 28 26 18 27 44 5 37 13 36 14 17 50 16 45 19 21 34 40 23 7 4 11 47 30 22 31 10 25 12 43 24 32 38 

Inst_Index:460 	 City_Num:50 	 Concorde:0.053140 	 MCTS:5.314023 Improve:0.000000 	 Time:5.00 Seconds
Solution: 1 29 50 15 30 9 14 8 27 41 13 17 3 6 32 31 21 38 24 39 4 10 28 11 19 36 42 34 46 43 40 5 12 48 33 35 47 37 16 25 18 2 26 7 45 49 22 23 20 44 

Inst_Index:461 	 City_Num:50 	 Concorde:0.054008 	 MCTS:5.400155 Improve:0.000607 	 Time:5.00 Seconds
Solution: 1 18 32 21 38 24 34 9 11 4 44 46 49 15 42 29 5 35 27 41 48 19 2 47 7 36 40 17 22 26 33 39 25 37 10 14 30 20 50 3 31 45 12 23 8 43 16 28 6 13 

Inst_Index:462 	 City_Num:50 	 Concorde:0.052230 	 MCTS:5.223018 Improve:0.000000 	 Time:5.00 Seconds
Solution: 1 14 5 45 50 15 43 8 33 20 30 32 44 6 40 25 23 24 22 36 16 42 3 19 38 46 41 10 21 35 13 7 26 48 31 37 4 12 29 9 39 2 17 27 11 47 18 49 34 28 

Inst_Index:463 	 City_Num:50 	 Concorde:0.055209 	 MCTS:5.520928 Improve:0.000000 	 Time:5.00 Seconds
Solution: 1 7 34 38 27 36 47 6 39 10 17 37 31 42 48 9 44 16 43 33 30 2 41 24 40 28 18 13 11 23 32 35 20 14 19 29 22 4 46 49 45 25 3 21 50 8 12 26 15 5 

Inst_Index:464 	 City_Num:50 	 Concorde:0.059790 	 MCTS:5.979048 Improve:-0.000000 	 Time:5.00 Seconds
Solution: 1 2 17 47 21 41 45 34 10 7 49 30 32 22 35 28 29 31 36 5 11 38 43 50 20 39 44 18 27 24 13 6 37 46 26 23 8 16 25 19 3 9 40 15 48 42 14 12 4 33 

Inst_Index:465 	 City_Num:50 	 Concorde:0.058439 	 MCTS:5.842348 Improve:0.001565 	 Time:5.00 Seconds
Solution: 1 24 37 34 12 40 47 27 32 31 33 4 50 9 43 49 10 36 16 23 14 19 26 8 44 11 17 46 2 3 42 35 29 25 28 38 7 21 18 41 39 20 30 5 6 48 45 13 22 15 

Inst_Index:466 	 City_Num:50 	 Concorde:0.049461 	 MCTS:4.946068 Improve:0.000000 	 Time:5.00 Seconds
Solution: 1 30 40 5 2 49 26 18 46 3 31 21 43 6 25 11 28 13 4 41 48 38 39 19 16 50 8 15 12 45 47 36 35 17 24 7 37 32 9 33 27 34 29 22 14 42 44 23 20 10 

Inst_Index:467 	 City_Num:50 	 Concorde:0.058072 	 MCTS:5.807159 Improve:-0.000000 	 Time:5.00 Seconds
Solution: 1 37 39 33 22 26 42 29 12 48 13 32 14 31 20 47 50 38 43 23 46 24 11 40 5 28 30 4 25 45 41 27 21 8 44 15 6 19 35 2 49 17 34 7 10 16 36 9 3 18 

Inst_Index:468 	 City_Num:50 	 Concorde:0.061793 	 MCTS:6.179298 Improve:-0.000000 	 Time:5.00 Seconds
Solution: 1 12 23 33 9 50 48 30 10 27 31 44 18 39 21 24 41 6 26 38 11 42 20 35 13 19 4 17 25 47 43 28 2 7 3 36 49 46 32 40 37 15 16 29 14 45 34 22 8 5 

Inst_Index:469 	 City_Num:50 	 Concorde:0.056770 	 MCTS:5.676954 Improve:-0.000000 	 Time:5.00 Seconds
Solution: 1 36 20 49 26 21 44 13 48 27 33 32 14 47 2 40 8 39 10 41 25 43 5 50 7 35 38 11 29 22 31 24 18 23 16 4 45 12 19 34 46 17 9 3 15 42 37 6 28 30 

Inst_Index:470 	 City_Num:50 	 Concorde:0.059266 	 MCTS:5.926578 Improve:0.000000 	 Time:5.00 Seconds
Solution: 1 37 5 16 8 30 38 9 10 32 31 43 24 28 39 21 48 47 7 4 20 46 27 44 41 45 26 25 23 11 33 42 13 49 22 29 6 34 18 3 50 2 15 35 19 40 17 14 12 36 

Inst_Index:471 	 City_Num:50 	 Concorde:0.057906 	 MCTS:5.790620 Improve:0.000000 	 Time:5.00 Seconds
Solution: 1 5 17 37 3 49 32 18 12 33 21 47 8 19 41 16 42 30 39 13 27 34 2 29 14 38 26 45 4 35 11 48 25 31 40 15 50 9 23 46 28 7 10 44 24 36 22 43 6 20 

Inst_Index:472 	 City_Num:50 	 Concorde:0.058518 	 MCTS:5.849563 Improve:0.002210 	 Time:5.00 Seconds
Solution: 1 33 6 27 22 49 5 13 18 47 28 2 34 31 11 24 48 35 44 21 16 19 20 23 46 40 25 38 15 43 36 50 29 10 3 14 4 41 32 12 42 37 9 26 7 30 45 17 8 39 

Inst_Index:473 	 City_Num:50 	 Concorde:0.062866 	 MCTS:6.286588 Improve:0.000000 	 Time:5.00 Seconds
Solution: 1 20 8 44 12 5 29 49 11 3 21 45 2 48 33 30 39 10 27 35 6 47 37 50 41 24 32 4 19 31 16 43 23 13 28 9 46 34 18 7 42 25 14 26 38 36 17 15 40 22 

Inst_Index:474 	 City_Num:50 	 Concorde:0.056993 	 MCTS:5.692475 Improve:0.006776 	 Time:5.00 Seconds
Solution: 1 28 46 20 18 41 29 48 9 8 34 21 7 12 23 37 22 31 44 38 24 25 10 26 45 47 27 19 2 15 5 17 33 43 14 16 49 13 32 4 11 3 50 42 40 36 35 39 30 6 

Inst_Index:475 	 City_Num:50 	 Concorde:0.057820 	 MCTS:5.782029 Improve:-0.000000 	 Time:5.00 Seconds
Solution: 1 41 28 21 44 2 33 16 45 25 4 37 12 6 31 30 39 22 47 10 40 35 15 19 24 18 3 50 26 29 46 9 23 42 38 13 36 48 43 17 8 32 14 5 7 11 20 49 27 34 

Inst_Index:476 	 City_Num:50 	 Concorde:0.057155 	 MCTS:5.715466 Improve:0.000000 	 Time:5.00 Seconds
Solution: 1 5 25 8 26 35 14 17 28 44 3 13 45 12 39 38 43 34 4 40 20 24 37 6 33 29 9 22 32 15 50 23 11 2 16 48 46 21 19 18 10 49 31 27 36 41 42 30 7 47 

Inst_Index:477 	 City_Num:50 	 Concorde:0.058970 	 MCTS:5.894537 Improve:0.002427 	 Time:5.01 Seconds
Solution: 1 20 38 41 11 23 44 34 29 18 8 33 32 49 27 19 21 39 45 28 2 35 47 42 17 16 25 31 12 40 10 15 14 46 26 13 24 36 6 43 7 5 37 9 3 50 22 48 30 4 

Inst_Index:478 	 City_Num:50 	 Concorde:0.056254 	 MCTS:5.625375 Improve:0.000000 	 Time:5.00 Seconds
Solution: 1 37 3 38 33 7 4 30 32 16 8 26 29 13 34 9 43 6 22 44 31 5 49 19 2 45 14 25 50 15 46 11 20 23 48 41 28 21 36 24 35 39 40 18 47 10 27 17 12 42 

Inst_Index:479 	 City_Num:50 	 Concorde:0.054732 	 MCTS:5.473228 Improve:-0.000000 	 Time:5.00 Seconds
Solution: 1 11 18 15 4 25 30 27 8 38 37 14 22 45 50 49 46 42 39 17 32 26 28 24 41 23 2 19 44 3 43 5 29 40 48 35 21 20 34 31 36 13 6 9 10 7 12 33 47 16 

Inst_Index:480 	 City_Num:50 	 Concorde:0.062184 	 MCTS:6.211296 Improve:0.007133 	 Time:5.00 Seconds
Solution: 1 5 6 16 25 23 33 17 4 22 46 24 40 29 21 41 27 34 35 32 31 18 38 36 50 20 43 19 2 9 8 15 42 7 45 49 11 47 3 37 30 48 13 26 10 39 44 12 14 28 

Inst_Index:481 	 City_Num:50 	 Concorde:0.056415 	 MCTS:5.641544 Improve:0.000000 	 Time:5.00 Seconds
Solution: 1 49 30 10 46 40 32 7 38 24 44 18 12 29 43 50 39 19 9 28 26 4 11 13 25 42 33 35 41 6 17 45 22 16 5 20 36 15 48 2 3 8 47 34 14 21 23 27 37 31 

Inst_Index:482 	 City_Num:50 	 Concorde:0.061028 	 MCTS:6.102310 Improve:0.000452 	 Time:5.00 Seconds
Solution: 1 21 5 49 15 14 50 44 34 33 43 45 35 3 12 29 16 48 30 47 8 25 11 40 13 42 36 26 9 31 20 27 32 39 7 28 24 6 19 4 10 2 17 41 38 37 23 22 18 46 

Inst_Index:483 	 City_Num:50 	 Concorde:0.058037 	 MCTS:5.803658 Improve:-0.000000 	 Time:5.00 Seconds
Solution: 1 17 35 36 34 12 37 8 30 43 41 28 45 24 49 48 47 20 11 27 26 10 19 6 40 23 22 13 18 39 16 15 44 9 31 42 21 50 14 5 32 7 3 38 2 46 33 25 4 29 

Inst_Index:484 	 City_Num:50 	 Concorde:0.055719 	 MCTS:5.571878 Improve:0.000000 	 Time:5.00 Seconds
Solution: 1 34 12 8 28 44 14 32 48 11 24 9 31 21 7 22 50 16 10 40 26 17 13 30 4 36 15 35 33 23 3 43 49 27 38 29 5 41 18 20 47 2 39 25 45 37 46 6 42 19 

Inst_Index:485 	 City_Num:50 	 Concorde:0.058812 	 MCTS:5.881226 Improve:-0.000000 	 Time:5.00 Seconds
Solution: 1 15 23 38 33 13 45 46 14 18 19 7 6 29 21 25 50 41 47 39 2 28 42 31 30 16 24 43 35 48 26 11 34 10 3 17 5 36 27 40 37 20 32 44 22 9 49 4 8 12 

Inst_Index:486 	 City_Num:50 	 Concorde:0.058225 	 MCTS:5.822548 Improve:0.000000 	 Time:5.00 Seconds
Solution: 1 3 37 4 22 20 15 13 11 36 17 7 18 2 34 38 25 43 28 39 45 42 49 35 30 21 31 23 44 9 8 27 50 5 40 32 41 46 10 12 26 24 19 16 47 33 48 29 6 14 

Inst_Index:487 	 City_Num:50 	 Concorde:0.056758 	 MCTS:5.673263 Improve:0.002557 	 Time:5.00 Seconds
Solution: 1 27 31 12 20 8 26 40 34 6 39 13 38 18 17 23 42 41 22 14 49 7 25 46 4 3 9 15 21 11 37 28 32 19 50 16 44 36 45 30 48 10 24 33 2 47 35 5 43 29 

Inst_Index:488 	 City_Num:50 	 Concorde:0.050653 	 MCTS:5.065311 Improve:0.000000 	 Time:5.00 Seconds
Solution: 1 19 34 7 40 11 33 47 23 38 39 49 8 2 27 26 29 50 36 41 13 32 37 9 35 5 31 14 4 6 21 15 30 17 18 16 48 46 43 12 44 22 10 42 25 28 20 24 3 45 

Inst_Index:489 	 City_Num:50 	 Concorde:0.052645 	 MCTS:5.263840 Improve:0.000648 	 Time:5.00 Seconds
Solution: 1 25 43 23 48 22 17 6 40 29 31 12 27 30 2 15 39 36 18 37 49 47 46 13 35 24 50 41 32 8 45 38 20 21 26 42 34 10 4 28 11 14 19 33 7 16 5 3 44 9 

Inst_Index:490 	 City_Num:50 	 Concorde:0.053048 	 MCTS:5.304799 Improve:0.000000 	 Time:5.00 Seconds
Solution: 1 14 35 6 33 13 26 42 41 23 7 15 50 48 21 8 25 17 38 47 29 18 2 44 31 43 11 37 20 40 34 16 5 19 46 39 24 27 32 28 4 9 22 49 45 3 10 12 36 30 

Inst_Index:491 	 City_Num:50 	 Concorde:0.056098 	 MCTS:5.605658 Improve:0.004092 	 Time:5.00 Seconds
Solution: 1 20 32 22 2 3 14 7 28 4 5 48 45 27 34 21 49 30 44 10 15 39 42 47 19 29 46 8 40 18 36 6 33 12 24 26 31 38 17 9 25 43 16 23 41 37 13 11 35 50 

Inst_Index:492 	 City_Num:50 	 Concorde:0.057611 	 MCTS:5.761056 Improve:0.000000 	 Time:5.00 Seconds
Solution: 1 34 39 15 28 35 9 7 24 31 40 48 2 42 13 44 37 3 6 26 21 27 32 43 30 41 36 20 12 10 50 16 46 11 47 14 45 38 19 17 8 29 49 4 33 23 5 18 25 22 

Inst_Index:493 	 City_Num:50 	 Concorde:0.053897 	 MCTS:5.389745 Improve:0.000000 	 Time:5.00 Seconds
Solution: 1 6 17 13 45 15 14 43 39 36 20 3 40 42 23 34 33 46 44 30 2 7 22 25 16 47 31 24 50 4 5 12 21 48 37 28 29 8 19 18 10 9 35 26 49 38 41 11 27 32 

Inst_Index:494 	 City_Num:50 	 Concorde:0.058213 	 MCTS:5.817511 Improve:0.003779 	 Time:5.00 Seconds
Solution: 1 7 20 42 27 33 3 25 11 12 4 50 19 45 48 40 17 36 44 14 6 46 16 28 32 49 22 13 9 37 38 15 2 43 26 47 23 24 30 29 31 41 21 39 10 5 35 18 8 34 

Inst_Index:495 	 City_Num:50 	 Concorde:0.059744 	 MCTS:5.969326 Improve:0.005073 	 Time:5.00 Seconds
Solution: 1 32 30 15 20 2 44 9 3 22 12 47 41 35 13 42 29 33 31 4 17 21 5 16 24 26 37 46 27 45 34 7 40 18 11 19 23 28 14 43 25 10 48 39 50 36 38 49 8 6 

Inst_Index:496 	 City_Num:50 	 Concorde:0.055520 	 MCTS:5.552019 Improve:0.000000 	 Time:5.00 Seconds
Solution: 1 8 45 38 5 28 24 30 11 3 13 10 7 32 21 31 46 49 50 19 48 4 39 23 33 2 42 47 16 37 35 43 29 6 27 22 26 25 18 14 44 20 17 41 15 12 34 36 40 9 

Inst_Index:497 	 City_Num:50 	 Concorde:0.058797 	 MCTS:5.878839 Improve:0.000836 	 Time:5.00 Seconds
Solution: 1 6 26 49 3 11 38 25 45 12 5 14 34 28 23 36 17 48 21 22 30 2 10 27 19 40 37 35 47 32 42 7 31 8 46 50 39 4 9 16 13 20 18 24 33 29 41 44 43 15 

Inst_Index:498 	 City_Num:50 	 Concorde:0.060773 	 MCTS:6.077274 Improve:0.000000 	 Time:5.00 Seconds
Solution: 1 25 37 3 32 29 19 24 34 26 15 21 28 4 41 38 50 23 31 49 2 20 30 27 44 18 42 36 9 14 35 5 8 40 7 13 45 11 10 33 17 22 6 12 16 39 46 43 47 48 

Inst_Index:499 	 City_Num:50 	 Concorde:0.059109 	 MCTS:5.910554 Improve:0.000348 	 Time:5.00 Seconds
Solution: 1 11 44 26 15 6 9 13 24 31 42 38 39 17 49 40 29 14 22 18 37 46 10 41 47 27 33 30 2 16 25 43 34 20 23 8 5 12 45 36 50 48 35 19 7 4 21 32 3 28 

Inst_Index:500 	 City_Num:50 	 Concorde:0.056358 	 MCTS:5.634839 Improve:0.000952 	 Time:5.00 Seconds
Solution: 1 37 17 4 29 15 27 39 35 16 47 6 36 50 31 33 14 40 22 42 25 38 46 34 5 7 45 43 21 24 8 12 11 41 18 19 2 49 32 30 9 26 48 20 13 28 44 10 3 23 

Inst_Index:501 	 City_Num:50 	 Concorde:0.061858 	 MCTS:6.178185 Improve:0.007583 	 Time:5.00 Seconds
Solution: 1 36 19 30 10 6 16 24 29 14 27 26 45 22 20 28 38 13 47 46 40 4 2 17 48 32 18 8 49 7 42 41 3 31 37 33 39 50 15 11 34 44 12 5 9 21 23 43 25 35 

Inst_Index:502 	 City_Num:50 	 Concorde:0.059208 	 MCTS:5.920831 Improve:-0.000000 	 Time:5.00 Seconds
Solution: 1 2 22 45 30 23 35 16 8 49 6 29 31 3 18 12 19 48 39 5 50 41 40 34 11 4 44 9 20 47 46 10 43 15 37 26 38 27 13 36 17 24 32 28 7 33 21 42 25 14 

Inst_Index:503 	 City_Num:50 	 Concorde:0.060761 	 MCTS:6.076109 Improve:-0.000000 	 Time:5.00 Seconds
Solution: 1 14 5 37 39 17 42 46 9 50 47 7 40 31 34 2 44 32 4 11 45 33 12 28 48 26 21 35 22 6 25 10 20 18 38 24 30 29 16 49 36 19 23 3 27 13 15 41 43 8 

Inst_Index:504 	 City_Num:50 	 Concorde:0.057945 	 MCTS:5.794544 Improve:0.000000 	 Time:5.00 Seconds
Solution: 1 45 6 11 16 32 21 50 34 49 37 14 24 13 35 44 3 22 19 17 8 31 36 23 38 5 42 46 39 28 18 20 2 40 10 27 26 30 48 25 4 33 29 9 15 12 43 41 7 47 

Inst_Index:505 	 City_Num:50 	 Concorde:0.056927 	 MCTS:5.766797 Improve:-0.074087 	 Time:5.01 Seconds
Solution: 1 31 37 15 42 11 17 6 5 28 50 7 13 14 10 41 8 25 33 22 43 45 48 29 12 4 3 35 26 27 20 32 2 21 44 19 23 34 49 40 9 18 36 47 30 39 46 16 24 38 

Inst_Index:506 	 City_Num:50 	 Concorde:0.053981 	 MCTS:5.394727 Improve:0.003337 	 Time:5.00 Seconds
Solution: 1 25 42 27 47 21 43 35 46 34 48 4 39 44 2 5 30 20 8 12 7 29 13 36 19 49 22 6 40 24 16 26 18 28 45 50 3 33 9 38 15 10 31 11 17 41 32 23 14 37 

Inst_Index:507 	 City_Num:50 	 Concorde:0.056974 	 MCTS:5.697421 Improve:0.000000 	 Time:5.00 Seconds
Solution: 1 2 50 11 7 15 31 44 19 25 22 9 10 24 41 29 14 20 8 35 33 42 43 46 4 47 48 45 28 18 26 40 3 36 27 39 30 38 34 21 13 17 49 5 6 37 23 32 16 12 

Inst_Index:508 	 City_Num:50 	 Concorde:0.058247 	 MCTS:5.821455 Improve:0.003267 	 Time:5.00 Seconds
Solution: 1 40 22 8 20 45 29 34 32 47 11 10 14 35 28 23 36 46 41 16 9 44 24 33 37 30 13 27 3 50 7 48 2 38 17 21 42 39 31 18 12 43 26 49 15 6 4 25 5 19 

Inst_Index:509 	 City_Num:50 	 Concorde:0.055823 	 MCTS:5.578267 Improve:0.004077 	 Time:5.00 Seconds
Solution: 1 32 28 36 7 6 17 5 26 40 38 39 49 21 31 45 33 19 22 43 48 10 13 20 18 44 35 11 15 2 42 50 9 46 23 34 16 27 4 47 25 41 29 30 3 37 12 8 14 24 

Inst_Index:510 	 City_Num:50 	 Concorde:0.055386 	 MCTS:5.538634 Improve:-0.000000 	 Time:5.00 Seconds
Solution: 1 23 13 10 43 19 40 4 17 26 48 32 30 3 47 38 41 36 33 45 27 22 50 7 12 49 28 25 46 34 37 14 35 9 44 29 20 11 15 42 24 21 39 6 16 2 31 5 18 8 

Inst_Index:511 	 City_Num:50 	 Concorde:0.053796 	 MCTS:5.375574 Improve:0.003978 	 Time:5.00 Seconds
Solution: 1 22 49 18 41 3 15 35 4 29 34 23 45 47 26 17 43 38 24 40 33 8 21 14 48 9 27 28 5 2 20 13 50 39 36 12 6 37 46 10 25 7 30 19 16 31 11 32 44 42 

Inst_Index:512 	 City_Num:50 	 Concorde:0.053331 	 MCTS:5.333095 Improve:0.000000 	 Time:5.00 Seconds
Solution: 1 14 13 41 23 26 28 3 42 6 44 15 24 32 5 50 12 2 36 34 16 27 33 43 45 39 7 40 18 8 30 48 11 10 20 49 4 38 21 37 9 29 22 17 31 47 46 25 19 35 

Inst_Index:513 	 City_Num:50 	 Concorde:0.058210 	 MCTS:5.821043 Improve:0.000000 	 Time:5.00 Seconds
Solution: 1 26 6 18 16 28 46 2 31 5 36 50 13 35 42 19 22 41 21 11 24 44 27 12 38 9 25 30 14 48 33 47 37 40 39 10 29 15 34 3 8 32 4 20 7 23 45 49 17 43 

Inst_Index:514 	 City_Num:50 	 Concorde:0.055874 	 MCTS:5.587426 Improve:0.000000 	 Time:5.00 Seconds
Solution: 1 26 39 9 36 28 48 35 45 31 8 12 19 7 20 37 47 38 43 18 46 2 15 40 21 30 6 14 11 13 34 5 49 10 50 32 42 33 29 25 16 41 44 3 23 24 4 27 17 22 

Inst_Index:515 	 City_Num:50 	 Concorde:0.052727 	 MCTS:5.269755 Improve:0.002942 	 Time:5.00 Seconds
Solution: 1 30 21 44 13 32 9 4 25 39 37 23 48 33 45 19 28 42 20 22 5 2 40 46 49 24 26 15 43 12 7 8 36 18 3 29 47 38 27 35 31 17 34 11 14 41 16 50 10 6 

Inst_Index:516 	 City_Num:50 	 Concorde:0.059620 	 MCTS:5.960223 Improve:0.001740 	 Time:5.01 Seconds
Solution: 1 6 24 42 37 7 34 36 26 14 25 22 13 4 27 45 9 15 35 32 11 19 33 23 8 39 17 47 29 30 5 3 46 48 41 38 10 40 49 12 18 31 21 50 2 20 16 43 44 28 

Inst_Index:517 	 City_Num:50 	 Concorde:0.059034 	 MCTS:5.899441 Improve:0.004004 	 Time:5.00 Seconds
Solution: 1 17 42 30 25 33 50 11 31 39 3 36 45 13 32 16 12 37 24 43 14 21 7 41 44 20 29 5 26 6 18 40 23 9 19 8 27 48 35 15 22 49 2 10 28 46 47 38 4 34 

Inst_Index:518 	 City_Num:50 	 Concorde:0.050656 	 MCTS:5.062908 Improve:0.002677 	 Time:5.00 Seconds
Solution: 1 13 12 37 28 15 14 17 27 9 33 10 35 38 2 43 29 36 3 6 32 50 40 45 16 22 18 48 41 39 30 5 31 19 34 46 4 24 23 44 11 26 49 8 21 42 7 20 25 47 

Inst_Index:519 	 City_Num:50 	 Concorde:0.053903 	 MCTS:5.385200 Improve:0.005072 	 Time:5.00 Seconds
Solution: 1 3 49 15 16 48 8 37 4 22 19 41 27 11 17 50 20 44 35 7 43 42 21 26 5 14 38 13 10 25 39 29 47 28 33 32 36 34 2 40 46 12 18 30 45 31 23 6 24 9 

Inst_Index:520 	 City_Num:50 	 Concorde:0.059663 	 MCTS:5.961046 Improve:0.005226 	 Time:5.00 Seconds
Solution: 1 11 37 12 46 40 7 19 6 45 4 47 33 29 17 5 49 10 39 14 44 30 25 9 28 43 18 16 50 24 26 23 35 34 13 32 41 42 8 22 2 36 27 48 3 15 38 20 21 31 

Inst_Index:521 	 City_Num:50 	 Concorde:0.057960 	 MCTS:5.789863 Improve:0.006147 	 Time:5.00 Seconds
Solution: 1 41 29 28 42 34 17 36 50 12 24 6 20 23 43 48 3 15 2 19 27 14 21 31 47 33 45 32 22 35 25 7 16 10 37 18 8 40 44 13 46 26 4 39 5 38 49 30 11 9 

Inst_Index:522 	 City_Num:50 	 Concorde:0.058891 	 MCTS:5.883260 Improve:0.005824 	 Time:5.00 Seconds
Solution: 1 42 26 9 39 13 23 47 11 8 20 6 10 21 3 2 34 41 17 29 22 49 35 28 14 46 33 4 43 37 36 16 32 12 40 30 18 7 24 50 25 31 45 5 38 27 15 19 48 44 

Inst_Index:523 	 City_Num:50 	 Concorde:0.055264 	 MCTS:5.526409 Improve:0.000000 	 Time:5.00 Seconds
Solution: 1 14 21 13 50 24 45 38 27 10 36 11 15 9 4 34 22 16 7 37 49 12 20 43 41 33 6 48 46 31 29 40 3 26 35 18 44 39 47 25 32 5 8 30 23 19 42 2 28 17 

Inst_Index:524 	 City_Num:50 	 Concorde:0.060953 	 MCTS:6.095256 Improve:0.000000 	 Time:5.01 Seconds
Solution: 1 23 11 28 38 17 34 26 20 32 21 35 44 42 29 24 43 4 7 8 19 39 18 31 10 15 36 41 13 27 3 46 16 45 30 12 14 22 6 2 49 47 9 50 40 5 37 48 25 33 

Inst_Index:525 	 City_Num:50 	 Concorde:0.061449 	 MCTS:6.144922 Improve:0.000000 	 Time:5.00 Seconds
Solution: 1 3 15 29 17 46 6 13 2 34 41 49 5 32 28 42 50 45 9 47 21 4 20 16 30 8 36 35 23 38 39 18 12 37 25 22 11 14 43 10 24 48 44 19 26 40 7 27 33 31 

Inst_Index:526 	 City_Num:50 	 Concorde:0.053910 	 MCTS:5.390982 Improve:0.000000 	 Time:5.00 Seconds
Solution: 1 29 20 7 24 17 28 40 10 38 23 22 6 8 39 34 41 33 21 15 4 45 49 48 42 13 50 11 36 5 46 19 27 16 37 12 30 32 47 26 14 44 9 3 35 18 2 43 31 25 

Inst_Index:527 	 City_Num:50 	 Concorde:0.056758 	 MCTS:5.675819 Improve:0.000000 	 Time:5.00 Seconds
Solution: 1 21 4 2 49 9 29 32 24 35 11 17 50 36 6 19 25 8 31 37 16 26 10 20 12 23 42 22 45 33 27 47 15 13 7 14 34 18 44 5 3 28 30 41 48 40 46 39 38 43 

Inst_Index:528 	 City_Num:50 	 Concorde:0.056154 	 MCTS:5.615439 Improve:-0.000000 	 Time:5.01 Seconds
Solution: 1 13 11 45 16 31 4 3 42 12 30 32 44 47 10 20 36 8 14 34 50 46 9 48 19 18 39 2 41 40 27 5 26 7 15 17 24 28 35 49 37 23 6 25 29 22 43 38 33 21 

Inst_Index:529 	 City_Num:50 	 Concorde:0.054150 	 MCTS:5.415010 Improve:0.000000 	 Time:5.00 Seconds
Solution: 1 32 16 29 15 36 46 24 37 11 17 49 50 3 12 27 7 38 6 2 39 22 48 4 13 5 34 47 23 20 25 14 8 42 26 31 18 30 41 21 10 19 28 45 35 44 40 33 43 9 

Inst_Index:530 	 City_Num:50 	 Concorde:0.053732 	 MCTS:5.373225 Improve:0.000000 	 Time:5.00 Seconds
Solution: 1 24 34 10 17 43 8 16 22 29 33 23 15 40 28 7 42 27 46 12 30 14 3 38 6 41 50 31 35 49 36 11 13 18 4 45 37 19 26 5 44 2 9 25 39 47 48 32 21 20 

Inst_Index:531 	 City_Num:50 	 Concorde:0.055259 	 MCTS:5.525424 Improve:0.000465 	 Time:5.01 Seconds
Solution: 1 16 6 30 4 42 41 27 17 26 35 22 3 12 10 28 18 19 21 24 11 20 47 43 33 25 13 49 5 50 37 32 39 36 23 31 40 45 14 8 9 15 44 29 7 46 48 34 38 2 

Inst_Index:532 	 City_Num:50 	 Concorde:0.057360 	 MCTS:5.735993 Improve:-0.000000 	 Time:5.01 Seconds
Solution: 1 33 12 29 2 39 47 11 16 28 17 8 22 23 18 14 46 35 24 31 44 26 19 36 41 5 49 50 42 3 20 15 43 30 21 48 34 37 45 27 40 13 38 9 7 6 10 32 25 4 

Inst_Index:533 	 City_Num:50 	 Concorde:0.056103 	 MCTS:5.634751 Improve:-0.024472 	 Time:5.00 Seconds
Solution: 1 7 33 15 9 6 3 10 2 20 19 27 32 25 4 11 43 48 31 26 46 8 42 5 44 39 18 21 13 23 30 17 49 24 45 29 38 34 22 35 40 36 50 41 37 12 14 47 16 28 

Inst_Index:534 	 City_Num:50 	 Concorde:0.055554 	 MCTS:5.555023 Improve:0.000351 	 Time:5.01 Seconds
Solution: 1 26 7 27 36 22 18 45 31 43 46 34 16 42 37 4 25 39 32 6 19 48 8 41 10 20 15 29 23 24 14 2 30 49 40 38 21 35 17 3 28 9 47 5 50 12 44 13 11 33 

Inst_Index:535 	 City_Num:50 	 Concorde:0.058505 	 MCTS:5.848175 Improve:0.002289 	 Time:5.01 Seconds
Solution: 1 40 46 15 4 23 48 7 6 30 3 11 8 19 44 35 9 14 17 16 37 24 36 32 5 18 33 31 45 2 42 25 20 34 38 22 29 39 28 49 10 50 43 21 47 26 12 41 27 13 

Inst_Index:536 	 City_Num:50 	 Concorde:0.059501 	 MCTS:5.955450 Improve:-0.005344 	 Time:5.00 Seconds
Solution: 1 11 32 29 6 17 5 19 13 33 9 41 15 8 10 23 18 46 39 27 7 28 4 43 44 26 16 50 45 12 34 31 36 22 14 2 20 21 40 3 47 42 25 24 37 49 35 38 30 48 

Inst_Index:537 	 City_Num:50 	 Concorde:0.058995 	 MCTS:5.899521 Improve:0.000000 	 Time:5.00 Seconds
Solution: 1 40 49 45 44 20 35 7 11 4 43 19 29 10 14 26 28 30 21 41 5 3 15 48 6 22 39 23 37 13 18 36 24 12 27 8 2 50 31 32 42 46 16 25 38 47 17 33 9 34 

Inst_Index:538 	 City_Num:50 	 Concorde:0.058948 	 MCTS:5.892142 Improve:0.002621 	 Time:5.00 Seconds
Solution: 1 19 34 24 21 16 33 13 10 49 48 30 46 35 47 11 37 25 22 31 15 3 8 29 7 41 17 45 20 44 28 14 32 36 23 5 2 9 26 18 12 43 38 40 6 27 50 4 42 39 

Inst_Index:539 	 City_Num:50 	 Concorde:0.056890 	 MCTS:5.684721 Improve:0.004304 	 Time:5.00 Seconds
Solution: 1 37 8 20 31 23 7 38 42 46 21 47 32 48 35 30 36 27 26 4 25 41 43 34 13 2 24 28 15 33 29 19 17 6 39 40 49 18 44 14 9 10 50 45 22 12 16 3 5 11 

Inst_Index:540 	 City_Num:50 	 Concorde:0.060065 	 MCTS:6.005108 Improve:0.001395 	 Time:5.00 Seconds
Solution: 1 46 40 37 47 5 28 18 50 30 27 36 15 3 34 12 44 9 17 39 32 35 25 31 13 45 10 42 14 41 38 7 21 43 23 8 26 48 49 19 4 22 33 29 11 2 16 20 24 6 

Inst_Index:541 	 City_Num:50 	 Concorde:0.060303 	 MCTS:6.029724 Improve:0.000593 	 Time:5.00 Seconds
Solution: 1 18 11 25 4 24 27 49 8 20 35 6 43 36 45 50 10 30 16 33 5 37 46 2 9 40 3 29 15 12 19 41 26 28 21 14 34 48 44 22 42 38 13 31 23 17 39 32 7 47 

Inst_Index:542 	 City_Num:50 	 Concorde:0.052278 	 MCTS:5.227780 Improve:0.000000 	 Time:5.00 Seconds
Solution: 1 3 41 50 42 38 34 43 13 19 35 10 16 15 20 28 5 8 46 6 14 33 21 49 37 30 17 24 47 4 26 18 23 22 45 44 11 31 25 32 2 36 48 7 39 40 12 9 27 29 

Inst_Index:543 	 City_Num:50 	 Concorde:0.059616 	 MCTS:5.961580 Improve:0.000000 	 Time:5.00 Seconds
Solution: 1 28 40 42 4 17 9 35 6 18 11 23 29 20 45 14 37 5 8 16 12 46 22 31 13 7 39 27 48 47 26 50 49 34 33 15 19 21 36 43 10 38 24 32 44 2 30 25 41 3 

Inst_Index:544 	 City_Num:50 	 Concorde:0.058393 	 MCTS:5.839283 Improve:0.000000 	 Time:5.00 Seconds
Solution: 1 35 8 29 30 21 27 14 47 33 23 3 45 12 41 19 4 31 28 18 38 36 5 22 44 46 49 25 11 15 39 17 6 16 9 42 37 50 24 7 34 13 26 43 20 32 48 40 10 2 

Inst_Index:545 	 City_Num:50 	 Concorde:0.059022 	 MCTS:5.902156 Improve:-0.000000 	 Time:5.00 Seconds
Solution: 1 40 21 2 32 27 45 7 31 30 8 39 41 37 15 13 46 19 3 36 29 24 18 4 17 6 11 10 23 33 25 28 26 38 5 43 12 42 14 16 34 20 50 22 48 44 35 49 47 9 

Inst_Index:546 	 City_Num:50 	 Concorde:0.059937 	 MCTS:5.985596 Improve:0.008128 	 Time:5.00 Seconds
Solution: 1 18 44 34 7 16 5 36 24 48 9 19 39 50 29 2 45 6 25 35 21 42 49 23 37 17 11 8 47 4 43 10 33 30 26 38 31 13 3 22 40 41 14 28 32 20 27 46 15 12 

Inst_Index:547 	 City_Num:50 	 Concorde:0.063629 	 MCTS:6.362897 Improve:-0.000000 	 Time:5.00 Seconds
Solution: 1 47 29 8 27 4 21 45 22 18 23 41 7 2 32 37 34 16 36 31 46 43 3 40 26 5 38 50 14 35 30 13 39 12 28 17 20 15 48 33 25 9 10 49 44 6 11 24 19 42 

Inst_Index:548 	 City_Num:50 	 Concorde:0.055885 	 MCTS:5.588452 Improve:0.000000 	 Time:5.00 Seconds
Solution: 1 29 39 28 48 26 41 22 7 34 2 37 21 3 27 36 10 30 32 38 11 43 45 6 15 19 47 24 13 18 14 5 33 49 20 50 42 4 9 40 44 16 35 23 46 12 31 25 8 17 

Inst_Index:549 	 City_Num:50 	 Concorde:0.056273 	 MCTS:5.625651 Improve:0.001614 	 Time:5.00 Seconds
Solution: 1 47 11 21 42 19 16 29 31 46 13 34 18 25 26 40 12 14 5 4 22 48 23 17 7 10 20 6 8 27 44 32 35 3 28 9 49 41 45 36 50 33 38 39 15 24 2 43 37 30 

Inst_Index:550 	 City_Num:50 	 Concorde:0.057277 	 MCTS:5.727713 Improve:0.000000 	 Time:5.00 Seconds
Solution: 1 14 27 7 33 24 28 3 43 41 31 29 46 48 49 47 44 11 2 19 34 5 35 25 50 37 12 30 38 9 4 42 18 32 20 23 10 21 8 13 45 40 39 15 22 36 26 6 16 17 

Inst_Index:551 	 City_Num:50 	 Concorde:0.059444 	 MCTS:5.944432 Improve:0.000000 	 Time:5.00 Seconds
Solution: 1 5 4 8 19 31 11 41 49 29 23 6 12 45 17 36 16 7 40 42 38 43 39 20 2 47 18 37 15 33 10 3 13 22 27 46 28 26 30 44 21 50 34 14 48 9 32 24 35 25 

Inst_Index:552 	 City_Num:50 	 Concorde:0.058812 	 MCTS:5.881170 Improve:-0.000000 	 Time:5.01 Seconds
Solution: 1 35 46 33 12 31 40 8 16 28 14 3 38 29 19 30 47 7 10 4 34 42 43 20 18 2 36 32 5 6 13 48 22 11 45 39 24 37 27 26 50 23 49 25 9 41 21 17 15 44 

Inst_Index:553 	 City_Num:50 	 Concorde:0.052515 	 MCTS:5.250226 Improve:0.001252 	 Time:5.00 Seconds
Solution: 1 14 6 28 50 49 11 47 3 41 43 45 22 25 34 7 37 19 24 20 30 33 15 31 2 5 23 21 36 27 46 38 9 40 18 26 12 32 42 44 29 13 4 16 35 10 8 17 39 48 

Inst_Index:554 	 City_Num:50 	 Concorde:0.056715 	 MCTS:5.667469 Improve:0.004078 	 Time:5.01 Seconds
Solution: 1 49 8 24 9 41 43 19 11 28 14 38 15 27 47 45 40 18 20 34 6 22 4 46 29 37 23 31 3 32 35 10 16 5 26 25 2 50 33 36 39 7 13 30 42 44 48 21 12 17 

Inst_Index:555 	 City_Num:50 	 Concorde:0.049226 	 MCTS:4.922622 Improve:0.000000 	 Time:5.00 Seconds
Solution: 1 15 45 16 20 21 19 47 46 14 43 5 17 42 27 30 40 25 44 48 49 4 18 11 34 12 38 28 24 22 3 13 29 26 33 35 32 6 39 36 23 9 37 10 41 7 50 8 2 31 

Inst_Index:556 	 City_Num:50 	 Concorde:0.060189 	 MCTS:6.017935 Improve:0.000986 	 Time:5.00 Seconds
Solution: 1 19 38 41 34 31 30 36 48 25 20 11 43 14 15 6 35 9 22 13 4 5 18 40 29 24 28 3 2 39 21 17 7 12 45 16 33 23 44 50 42 27 26 10 49 32 37 47 8 46 

Inst_Index:557 	 City_Num:50 	 Concorde:0.062316 	 MCTS:6.228879 Improve:0.002689 	 Time:5.01 Seconds
Solution: 1 42 24 28 4 23 34 18 12 45 31 21 19 50 7 36 30 14 40 5 9 22 10 35 44 8 2 39 49 41 6 43 13 48 17 15 25 3 32 37 26 33 38 20 47 27 11 29 16 46 

Inst_Index:558 	 City_Num:50 	 Concorde:0.054374 	 MCTS:5.437368 Improve:-0.000000 	 Time:5.00 Seconds
Solution: 1 41 18 3 42 10 14 35 50 6 17 33 5 22 43 26 24 46 13 15 28 25 11 44 12 49 2 16 30 29 7 47 21 20 23 4 34 8 38 45 27 40 37 32 9 19 36 39 31 48 

Inst_Index:559 	 City_Num:50 	 Concorde:0.055193 	 MCTS:5.519053 Improve:0.000209 	 Time:5.01 Seconds
Solution: 1 4 8 47 48 41 15 44 36 40 25 2 31 6 3 5 46 21 14 27 26 37 13 23 24 34 10 20 11 16 50 32 17 43 45 9 33 38 49 28 12 18 19 7 30 29 39 22 42 35 

Inst_Index:560 	 City_Num:50 	 Concorde:0.059167 	 MCTS:5.916709 Improve:0.000000 	 Time:5.00 Seconds
Solution: 1 20 32 37 11 8 9 34 49 42 36 24 31 21 10 16 46 30 2 22 28 14 38 3 29 48 23 27 47 4 7 15 50 19 39 5 35 12 40 6 33 44 41 13 17 26 25 18 43 45 

Inst_Index:561 	 City_Num:50 	 Concorde:0.055744 	 MCTS:5.572940 Improve:0.001479 	 Time:5.00 Seconds
Solution: 1 10 33 24 28 5 7 20 9 22 12 16 21 6 13 38 43 39 18 17 45 40 42 34 26 37 11 3 15 32 2 31 8 25 30 23 27 4 49 50 47 48 29 19 46 36 14 35 44 41 

Inst_Index:562 	 City_Num:50 	 Concorde:0.052516 	 MCTS:5.251644 Improve:0.000000 	 Time:5.00 Seconds
Solution: 1 38 50 19 18 45 26 14 28 2 29 31 24 27 34 11 12 10 23 48 7 17 25 15 40 8 44 22 39 42 30 41 21 13 47 16 43 46 49 4 33 5 6 9 3 32 35 37 20 36 

Inst_Index:563 	 City_Num:50 	 Concorde:0.053159 	 MCTS:5.315878 Improve:-0.000000 	 Time:5.00 Seconds
Solution: 1 6 48 18 32 33 4 34 3 47 49 10 7 13 17 24 11 2 42 35 29 14 5 25 31 8 38 23 39 21 40 9 46 50 16 43 37 30 19 45 22 44 26 36 27 12 15 20 28 41 

Inst_Index:564 	 City_Num:50 	 Concorde:0.054203 	 MCTS:5.420251 Improve:0.000000 	 Time:5.00 Seconds
Solution: 1 19 16 44 47 21 14 10 26 39 12 9 31 27 42 43 24 49 46 29 11 48 5 30 17 4 23 3 38 37 32 25 20 45 50 36 34 28 41 8 22 15 33 40 13 7 18 2 35 6 

Inst_Index:565 	 City_Num:50 	 Concorde:0.059011 	 MCTS:5.901074 Improve:0.000000 	 Time:5.00 Seconds
Solution: 1 12 22 19 50 40 43 14 10 44 8 28 46 35 4 31 29 26 23 33 18 13 15 27 45 17 41 3 30 11 34 36 9 47 48 42 24 21 7 32 25 49 37 16 39 6 20 5 2 38 

Inst_Index:566 	 City_Num:50 	 Concorde:0.057635 	 MCTS:5.763540 Improve:0.000000 	 Time:5.01 Seconds
Solution: 1 4 32 16 11 44 45 3 14 48 33 20 22 23 17 41 5 13 21 9 40 37 28 30 49 12 8 7 10 50 15 35 18 38 29 42 2 43 36 46 31 27 26 25 6 24 19 39 47 34 

Inst_Index:567 	 City_Num:50 	 Concorde:0.053239 	 MCTS:5.321448 Improve:0.002452 	 Time:5.00 Seconds
Solution: 1 40 9 36 23 34 20 41 25 10 38 3 30 2 47 12 28 48 15 18 31 22 11 43 29 49 50 5 44 13 33 14 39 16 45 35 42 37 8 4 17 19 26 32 24 21 7 46 27 6 

Inst_Index:568 	 City_Num:50 	 Concorde:0.059744 	 MCTS:5.974422 Improve:-0.000000 	 Time:5.00 Seconds
Solution: 1 28 39 5 15 10 38 14 21 17 45 44 24 11 33 30 34 41 2 29 50 42 3 4 18 46 26 40 20 7 6 27 13 49 16 32 12 48 43 9 37 25 22 19 31 8 23 36 47 35 

Inst_Index:569 	 City_Num:50 	 Concorde:0.054763 	 MCTS:5.476326 Improve:0.000000 	 Time:5.00 Seconds
Solution: 1 18 11 16 15 8 20 46 41 27 23 17 33 14 36 13 28 19 22 34 25 50 49 2 5 21 9 48 10 47 39 31 45 35 32 29 43 7 40 44 3 4 6 26 37 30 38 12 24 42 

Inst_Index:570 	 City_Num:50 	 Concorde:0.053901 	 MCTS:5.389163 Improve:0.000941 	 Time:5.00 Seconds
Solution: 1 35 21 13 7 34 31 16 32 29 38 24 15 10 6 19 48 49 50 23 41 22 12 5 36 4 45 47 33 30 42 17 37 40 14 28 39 2 46 26 27 43 9 20 8 3 44 25 18 11 

Inst_Index:571 	 City_Num:50 	 Concorde:0.057717 	 MCTS:5.771741 Improve:-0.000000 	 Time:5.00 Seconds
Solution: 1 40 24 11 2 21 9 10 3 25 22 44 6 45 31 50 39 16 12 19 36 28 15 4 13 37 26 48 32 17 23 35 42 34 27 30 38 47 29 18 7 8 41 43 20 33 49 14 5 46 

Inst_Index:572 	 City_Num:50 	 Concorde:0.058600 	 MCTS:5.859965 Improve:0.000000 	 Time:5.00 Seconds
Solution: 1 25 40 19 49 16 32 23 42 31 29 15 28 30 43 18 2 46 26 14 33 3 8 44 47 50 12 5 11 38 17 4 34 22 35 41 13 21 24 10 20 39 36 27 7 37 6 9 45 48 

Inst_Index:573 	 City_Num:50 	 Concorde:0.058500 	 MCTS:5.850050 Improve:0.000000 	 Time:5.00 Seconds
Solution: 1 9 8 14 23 18 42 31 10 11 16 49 21 6 2 39 27 24 26 7 40 29 15 50 3 47 45 33 35 32 28 38 34 46 22 13 37 19 17 36 5 12 25 43 20 4 48 41 30 44 

Inst_Index:574 	 City_Num:50 	 Concorde:0.059880 	 MCTS:5.988015 Improve:0.000000 	 Time:5.00 Seconds
Solution: 1 44 42 9 24 22 26 18 10 8 43 36 40 6 7 41 31 5 14 19 34 29 45 23 37 48 47 39 46 35 3 20 13 30 32 15 27 21 49 28 17 4 38 33 50 2 25 11 12 16 

Inst_Index:575 	 City_Num:50 	 Concorde:0.059397 	 MCTS:5.936079 Improve:0.003592 	 Time:5.00 Seconds
Solution: 1 5 19 22 16 23 7 27 50 36 10 3 45 30 43 25 8 28 21 17 40 29 9 15 14 37 24 26 35 33 46 13 6 31 48 2 12 41 44 20 34 47 39 4 32 38 11 49 42 18 

Inst_Index:576 	 City_Num:50 	 Concorde:0.055346 	 MCTS:5.534553 Improve:-0.000000 	 Time:5.01 Seconds
Solution: 1 50 10 12 45 48 36 49 19 21 14 32 41 18 11 27 26 42 17 35 16 47 25 31 28 43 15 33 7 4 37 8 20 24 3 29 22 40 34 30 2 38 13 39 44 9 23 6 5 46 

Inst_Index:577 	 City_Num:50 	 Concorde:0.059158 	 MCTS:5.915755 Improve:-0.000000 	 Time:5.00 Seconds
Solution: 1 33 46 11 48 39 13 7 4 45 50 8 9 47 16 6 28 40 32 24 41 18 44 2 31 3 27 19 15 20 34 12 38 35 42 36 10 17 49 25 43 29 26 21 14 23 30 5 37 22 

Inst_Index:578 	 City_Num:50 	 Concorde:0.051976 	 MCTS:5.197565 Improve:-0.000000 	 Time:5.00 Seconds
Solution: 1 44 36 20 10 16 34 6 21 32 13 47 3 29 40 4 15 2 49 31 23 14 17 42 12 50 30 22 11 5 35 38 24 9 33 37 7 28 25 39 26 19 18 27 8 45 46 43 48 41 

Inst_Index:579 	 City_Num:50 	 Concorde:0.055749 	 MCTS:5.574885 Improve:0.000000 	 Time:5.00 Seconds
Solution: 1 38 14 35 11 31 9 29 30 6 12 39 19 50 25 7 33 23 13 15 18 10 17 42 40 37 22 45 5 34 49 24 36 47 41 21 16 46 3 2 48 4 27 28 26 32 8 43 44 20 

Inst_Index:580 	 City_Num:50 	 Concorde:0.057888 	 MCTS:5.788823 Improve:0.000000 	 Time:5.01 Seconds
Solution: 1 23 34 17 39 41 9 12 25 26 4 2 19 22 32 7 31 48 14 42 15 38 28 13 44 10 29 37 6 36 33 35 24 50 18 30 27 11 5 49 43 45 8 16 21 46 47 40 3 20 

Inst_Index:581 	 City_Num:50 	 Concorde:0.060462 	 MCTS:6.046220 Improve:0.000000 	 Time:5.00 Seconds
Solution: 1 11 28 20 38 8 9 21 7 33 31 14 44 25 42 47 4 32 13 43 45 3 18 34 41 23 35 16 40 46 50 27 12 29 24 6 36 30 5 37 17 10 49 2 19 39 26 22 48 15 

Inst_Index:582 	 City_Num:50 	 Concorde:0.059191 	 MCTS:5.919146 Improve:0.000000 	 Time:5.00 Seconds
Solution: 1 32 38 31 20 12 4 2 44 50 47 6 25 15 23 7 45 36 11 3 16 43 19 26 22 29 18 8 9 17 27 30 34 35 41 13 37 33 5 39 24 10 21 28 48 46 42 40 49 14 

Inst_Index:583 	 City_Num:50 	 Concorde:0.049754 	 MCTS:4.973512 Improve:0.001915 	 Time:5.00 Seconds
Solution: 1 41 32 3 18 11 38 14 30 44 40 24 48 17 6 21 43 31 20 39 26 23 47 9 34 7 27 29 22 8 33 10 49 46 36 37 5 35 45 25 42 13 4 50 28 15 12 2 19 16 

Inst_Index:584 	 City_Num:50 	 Concorde:0.052556 	 MCTS:5.254712 Improve:0.000892 	 Time:5.00 Seconds
Solution: 1 7 5 29 21 8 36 4 6 18 25 28 22 42 2 12 50 32 35 3 17 26 34 33 49 10 11 39 19 38 37 14 13 15 27 24 31 9 48 45 40 41 43 44 20 16 47 46 23 30 

Inst_Index:585 	 City_Num:50 	 Concorde:0.060175 	 MCTS:6.017499 Improve:-0.000000 	 Time:5.00 Seconds
Solution: 1 29 4 9 34 35 26 18 10 11 16 50 40 46 36 27 32 21 8 13 17 45 31 15 41 23 37 12 39 7 48 5 44 49 14 24 2 3 25 20 47 6 28 33 22 30 42 19 43 38 

Inst_Index:586 	 City_Num:50 	 Concorde:0.053336 	 MCTS:5.333603 Improve:0.000000 	 Time:5.00 Seconds
Solution: 1 41 43 47 17 27 23 28 49 31 25 34 46 38 14 29 36 10 12 22 39 40 20 3 18 9 13 32 4 26 6 50 48 19 35 7 45 44 33 5 16 11 2 42 37 24 30 8 21 15 

Inst_Index:587 	 City_Num:50 	 Concorde:0.055544 	 MCTS:5.554423 Improve:-0.000000 	 Time:5.00 Seconds
Solution: 1 47 11 16 15 35 39 33 48 30 41 13 34 10 38 31 17 32 21 2 43 27 12 19 42 44 7 8 50 45 14 46 3 24 20 23 18 4 36 28 37 25 40 5 22 6 9 26 49 29 

Inst_Index:588 	 City_Num:50 	 Concorde:0.056444 	 MCTS:5.644368 Improve:-0.000000 	 Time:5.01 Seconds
Solution: 1 38 36 23 3 32 27 21 20 4 48 29 47 42 34 19 44 5 9 16 22 24 8 25 31 17 45 15 43 41 35 39 49 13 28 7 26 40 14 12 2 10 30 37 50 6 33 18 46 11 

Inst_Index:589 	 City_Num:50 	 Concorde:0.058472 	 MCTS:5.843234 Improve:0.004002 	 Time:5.00 Seconds
Solution: 1 46 14 27 22 8 38 42 33 7 6 47 12 45 26 35 16 40 10 36 43 50 3 31 4 17 41 15 30 28 34 29 5 39 37 44 2 11 32 24 20 21 9 49 48 18 25 13 19 23 

Inst_Index:590 	 City_Num:50 	 Concorde:0.057190 	 MCTS:5.718996 Improve:-0.000000 	 Time:5.00 Seconds
Solution: 1 46 35 33 18 32 2 29 22 17 50 16 49 19 26 34 8 47 12 36 44 9 37 20 24 10 23 3 48 40 13 27 28 30 6 41 31 7 25 21 5 14 45 42 15 4 38 11 43 39 

Inst_Index:591 	 City_Num:50 	 Concorde:0.057591 	 MCTS:5.759105 Improve:0.000000 	 Time:5.00 Seconds
Solution: 1 19 15 40 46 24 36 47 45 3 12 25 16 14 32 33 44 42 10 8 35 34 38 37 23 9 48 29 28 41 26 27 22 13 20 21 18 30 5 31 43 6 2 4 11 17 50 7 39 49 

Inst_Index:592 	 City_Num:50 	 Concorde:0.059779 	 MCTS:5.977877 Improve:0.000000 	 Time:5.00 Seconds
Solution: 1 40 39 5 13 27 26 6 50 46 17 21 49 38 23 19 33 14 31 29 20 11 15 4 12 37 18 35 48 16 32 8 30 7 45 25 28 3 24 41 22 34 9 47 2 36 10 44 42 43 

Inst_Index:593 	 City_Num:50 	 Concorde:0.057290 	 MCTS:5.729034 Improve:-0.000003 	 Time:5.00 Seconds
Solution: 1 26 14 43 7 30 11 34 24 38 8 33 9 15 19 27 31 50 20 36 4 6 29 41 28 23 12 2 48 42 49 17 45 25 32 40 22 37 21 44 3 5 35 46 39 47 13 10 18 16 

Inst_Index:594 	 City_Num:50 	 Concorde:0.059373 	 MCTS:5.937267 Improve:-0.000000 	 Time:5.00 Seconds
Solution: 1 50 24 36 15 16 13 29 4 12 26 32 28 41 22 14 25 20 43 42 18 6 17 27 7 5 10 48 31 46 8 44 40 2 45 47 38 3 19 33 34 35 21 30 11 37 39 49 9 23 

Inst_Index:595 	 City_Num:50 	 Concorde:0.055017 	 MCTS:5.500573 Improve:0.001141 	 Time:5.00 Seconds
Solution: 1 31 15 11 47 35 12 10 5 3 44 20 40 22 8 28 48 37 18 29 23 21 14 4 38 32 39 24 16 2 7 27 45 50 46 13 49 42 17 36 19 26 34 25 9 41 30 33 43 6 

Inst_Index:596 	 City_Num:50 	 Concorde:0.058441 	 MCTS:5.841631 Improve:0.002493 	 Time:5.00 Seconds
Solution: 1 12 17 47 5 7 45 11 50 33 10 40 29 42 36 23 37 14 38 16 46 20 22 18 13 49 30 15 6 39 41 4 43 9 28 26 8 3 27 21 35 19 48 25 31 24 44 2 34 32 

Inst_Index:597 	 City_Num:50 	 Concorde:0.056609 	 MCTS:5.660864 Improve:0.000000 	 Time:5.00 Seconds
Solution: 1 30 31 2 37 28 41 9 21 34 6 44 38 35 29 11 42 40 39 18 47 49 3 27 48 45 33 25 12 19 22 4 43 13 7 10 46 24 32 20 8 14 23 50 5 36 17 26 16 15 

Inst_Index:598 	 City_Num:50 	 Concorde:0.057776 	 MCTS:5.777607 Improve:-0.000000 	 Time:5.00 Seconds
Solution: 1 22 50 39 11 24 36 26 41 3 47 28 30 45 5 2 13 40 42 14 18 48 27 6 44 19 20 46 17 38 34 23 25 21 12 29 49 4 7 16 31 9 8 43 32 37 15 35 10 33 

Inst_Index:599 	 City_Num:50 	 Concorde:0.054725 	 MCTS:5.472411 Improve:0.000102 	 Time:5.00 Seconds
Solution: 1 44 27 42 50 47 24 2 45 3 36 28 6 49 37 22 11 16 23 39 20 19 35 46 29 30 26 15 31 8 21 7 14 48 32 38 17 43 41 25 9 4 10 13 40 34 5 18 12 33 

Inst_Index:600 	 City_Num:50 	 Concorde:0.057763 	 MCTS:5.776309 Improve:0.000000 	 Time:5.00 Seconds
Solution: 1 42 50 4 22 27 44 3 28 18 49 23 39 43 14 41 19 11 30 29 6 16 37 17 35 36 46 2 12 7 13 10 48 20 8 9 33 24 31 26 34 47 40 25 32 38 45 15 21 5 

Inst_Index:601 	 City_Num:50 	 Concorde:0.059623 	 MCTS:5.962289 Improve:-0.000000 	 Time:5.00 Seconds
Solution: 1 16 50 38 41 19 20 30 13 46 9 33 43 48 29 24 21 27 31 49 10 12 5 8 42 39 15 22 23 34 14 32 35 28 25 18 37 7 26 3 2 17 44 40 4 45 6 11 47 36 

Inst_Index:602 	 City_Num:50 	 Concorde:0.059057 	 MCTS:5.905519 Improve:0.000223 	 Time:5.00 Seconds
Solution: 1 37 30 8 2 29 42 47 45 7 44 46 22 11 12 31 6 25 26 17 14 10 41 34 13 20 21 23 50 35 38 18 24 48 43 3 27 40 9 49 39 5 15 16 36 19 32 4 28 33 

Inst_Index:603 	 City_Num:50 	 Concorde:0.055848 	 MCTS:5.584786 Improve:0.000000 	 Time:5.01 Seconds
Solution: 1 8 31 32 48 6 18 29 13 5 21 36 34 50 30 39 40 26 28 44 14 42 41 17 33 9 22 7 16 35 25 46 49 3 37 10 11 24 4 20 45 12 43 19 47 27 23 15 2 38 

Inst_Index:604 	 City_Num:50 	 Concorde:0.055020 	 MCTS:5.500152 Improve:0.001885 	 Time:5.00 Seconds
Solution: 1 5 23 9 12 33 26 39 43 36 16 37 30 13 22 3 15 20 34 35 44 29 48 19 49 11 42 47 8 27 25 28 46 2 14 45 4 38 18 31 32 40 50 7 41 21 10 17 24 6 

Inst_Index:605 	 City_Num:50 	 Concorde:0.052923 	 MCTS:5.278930 Improve:0.013362 	 Time:5.01 Seconds
Solution: 1 35 21 12 7 13 3 40 43 47 33 11 39 41 42 36 2 20 16 25 28 4 24 22 32 31 30 34 19 5 45 49 29 23 14 46 37 10 50 8 9 15 6 44 48 17 38 18 27 26 

Inst_Index:606 	 City_Num:50 	 Concorde:0.058515 	 MCTS:5.851519 Improve:0.000000 	 Time:5.01 Seconds
Solution: 1 20 17 36 31 45 18 5 41 46 16 12 11 32 49 13 40 43 15 4 47 23 39 29 37 38 7 22 2 26 48 3 8 21 9 35 30 28 50 44 42 10 24 6 19 27 34 25 33 14 

Inst_Index:607 	 City_Num:50 	 Concorde:0.058756 	 MCTS:5.875565 Improve:0.000000 	 Time:5.00 Seconds
Solution: 1 48 28 49 15 10 13 18 27 29 8 39 45 46 31 34 25 50 19 33 12 42 5 20 41 37 11 43 35 14 24 17 32 36 26 3 9 47 30 4 23 22 16 21 44 2 40 38 6 7 

Inst_Index:608 	 City_Num:50 	 Concorde:0.055368 	 MCTS:5.536847 Improve:0.000000 	 Time:5.00 Seconds
Solution: 1 3 12 29 10 38 17 26 15 11 22 33 32 50 44 6 2 36 27 41 5 42 7 28 30 19 45 4 18 13 9 35 46 49 43 37 40 47 23 16 31 14 48 25 20 39 21 34 8 24 

Inst_Index:609 	 City_Num:50 	 Concorde:0.056479 	 MCTS:5.647918 Improve:-0.000000 	 Time:5.00 Seconds
Solution: 1 50 9 27 6 49 10 38 20 2 16 45 48 14 34 25 39 43 46 13 29 28 47 41 18 35 26 22 23 37 8 12 21 15 7 36 30 11 4 40 42 19 33 17 31 5 24 32 3 44 

Inst_Index:610 	 City_Num:50 	 Concorde:0.052651 	 MCTS:5.262859 Improve:0.002217 	 Time:5.01 Seconds
Solution: 1 18 15 45 17 2 21 47 14 36 3 29 37 12 16 22 31 23 48 50 32 11 46 5 35 19 38 9 4 27 28 13 30 44 42 43 24 34 25 41 20 49 39 8 7 6 33 26 40 10 

Inst_Index:611 	 City_Num:50 	 Concorde:0.056922 	 MCTS:5.692100 Improve:0.000115 	 Time:5.00 Seconds
Solution: 1 22 27 24 49 16 41 40 23 48 46 32 20 12 6 21 31 11 18 39 9 35 8 50 17 30 33 45 25 37 2 10 36 13 4 15 28 43 38 44 7 14 47 3 29 34 19 5 42 26 

Inst_Index:612 	 City_Num:50 	 Concorde:0.054841 	 MCTS:5.484139 Improve:0.000000 	 Time:5.00 Seconds
Solution: 1 23 17 30 6 39 40 12 9 27 42 29 37 49 7 15 43 2 33 45 10 47 8 3 11 16 31 35 21 19 14 32 24 13 4 38 46 26 44 25 22 48 36 18 34 5 28 41 50 20 

Inst_Index:613 	 City_Num:50 	 Concorde:0.055015 	 MCTS:5.501517 Improve:0.000000 	 Time:5.00 Seconds
Solution: 1 22 4 41 47 38 11 43 5 45 24 10 2 48 7 9 34 50 16 46 36 40 17 33 28 12 26 32 8 14 3 27 31 23 42 13 49 21 29 15 35 30 20 6 25 39 18 19 37 44 

Inst_Index:614 	 City_Num:50 	 Concorde:0.058347 	 MCTS:5.834659 Improve:0.000000 	 Time:5.00 Seconds
Solution: 1 35 14 5 15 43 33 48 25 7 16 49 47 41 19 38 40 18 29 23 31 10 42 17 30 26 13 22 28 27 45 39 44 46 11 9 20 6 8 37 34 12 36 50 21 2 3 24 32 4 

Inst_Index:615 	 City_Num:50 	 Concorde:0.055690 	 MCTS:5.568957 Improve:0.000000 	 Time:5.01 Seconds
Solution: 1 39 43 34 28 36 29 8 40 41 7 13 12 37 47 22 48 9 27 15 26 44 38 18 46 10 24 19 45 33 2 25 20 4 11 17 14 30 32 35 49 16 6 3 31 50 23 5 42 21 

Inst_Index:616 	 City_Num:50 	 Concorde:0.052276 	 MCTS:5.219742 Improve:0.007875 	 Time:5.00 Seconds
Solution: 1 35 20 8 16 26 49 21 45 47 39 38 48 44 24 2 18 34 37 9 32 43 25 5 13 7 28 27 31 41 3 22 42 46 19 36 33 30 10 14 6 15 50 29 23 17 11 4 40 12 

Inst_Index:617 	 City_Num:50 	 Concorde:0.055073 	 MCTS:5.504141 Improve:0.003137 	 Time:5.00 Seconds
Solution: 1 10 2 38 22 39 35 11 15 21 33 14 29 6 18 17 5 20 25 37 27 19 42 28 13 26 43 7 45 36 41 4 34 24 12 8 3 30 9 46 31 40 23 16 50 44 48 49 32 47 

Inst_Index:618 	 City_Num:50 	 Concorde:0.057668 	 MCTS:5.771568 Improve:-0.004734 	 Time:5.00 Seconds
Solution: 1 41 44 23 15 35 17 13 21 11 43 30 20 6 16 33 49 50 46 47 9 3 31 45 25 42 12 39 2 29 8 10 24 22 36 5 7 19 4 28 26 14 48 18 37 40 34 38 27 32 

Inst_Index:619 	 City_Num:50 	 Concorde:0.058912 	 MCTS:5.886292 Improve:0.004934 	 Time:5.00 Seconds
Solution: 1 16 36 3 25 30 17 20 8 2 15 42 26 50 38 5 13 11 10 47 9 32 4 7 6 12 28 37 48 27 41 14 18 39 31 45 33 19 29 46 34 43 24 21 49 44 23 22 35 40 

Inst_Index:620 	 City_Num:50 	 Concorde:0.060758 	 MCTS:6.075767 Improve:0.000000 	 Time:5.01 Seconds
Solution: 1 10 6 40 8 44 14 2 31 16 43 21 49 39 36 19 29 41 18 17 30 42 50 48 27 3 11 47 38 7 37 46 25 13 12 33 32 5 9 26 22 28 20 34 24 23 35 15 4 45 

Inst_Index:621 	 City_Num:50 	 Concorde:0.055229 	 MCTS:5.522937 Improve:0.000000 	 Time:5.00 Seconds
Solution: 1 11 37 46 30 14 27 2 40 20 38 25 29 33 12 34 18 22 49 32 45 8 43 41 19 44 24 4 39 6 36 5 17 7 9 48 50 15 21 31 10 35 47 16 23 26 3 28 42 13 

Inst_Index:622 	 City_Num:50 	 Concorde:0.052896 	 MCTS:5.289565 Improve:0.000000 	 Time:5.00 Seconds
Solution: 1 6 36 21 37 38 11 13 23 8 46 31 26 4 49 22 44 30 25 50 35 7 12 10 41 29 19 5 17 15 33 43 20 2 18 16 45 9 40 34 14 24 28 47 48 32 42 39 27 3 

Inst_Index:623 	 City_Num:50 	 Concorde:0.050225 	 MCTS:5.022521 Improve:0.000000 	 Time:5.01 Seconds
Solution: 1 4 30 37 48 31 46 13 35 20 17 34 44 21 3 11 18 27 14 6 39 8 28 19 24 26 10 47 50 25 5 43 49 15 23 9 36 42 12 7 40 29 41 33 38 45 16 22 32 2 

Inst_Index:624 	 City_Num:50 	 Concorde:0.056183 	 MCTS:5.705794 Improve:-0.087531 	 Time:5.00 Seconds
Solution: 1 13 16 21 6 39 41 26 34 32 11 4 47 15 45 9 12 14 50 10 23 29 42 31 35 37 25 19 5 49 40 28 36 7 43 33 3 24 2 46 27 22 8 17 38 30 20 18 48 44 

Inst_Index:625 	 City_Num:50 	 Concorde:0.058001 	 MCTS:5.795886 Improve:0.004177 	 Time:5.00 Seconds
Solution: 1 19 23 40 21 41 15 18 28 33 45 11 42 30 43 8 35 4 34 44 22 7 48 47 49 3 14 9 50 46 10 17 13 39 12 6 37 29 36 24 31 25 2 16 27 32 20 5 26 38 

Inst_Index:626 	 City_Num:50 	 Concorde:0.055032 	 MCTS:5.503201 Improve:0.000000 	 Time:5.00 Seconds
Solution: 1 35 17 25 39 37 27 13 43 26 30 36 44 22 24 28 14 21 32 2 5 11 4 20 41 42 45 19 16 12 38 18 10 46 48 47 40 9 31 34 33 7 6 50 3 23 29 49 8 15 


Avg_Concorde_Distance: 5.700530 Avg_MCTS_Distance: 5.700067 Avg_Gap: -0.000080 Total_Time: 1566.03 Seconds 
 Beat_Best_Known_Times: 124 Match_Best_Known_Times: 179 Miss_Best_Known_Times: 10 
