Number_of_Instances_In_Current_Batch: 313

Inst_Index:7513 	 City_Num:50 	 Concorde:0.059625 	 MCTS:5.962517 Improve:0.000000 	 Time:5.01 Seconds
Solution: 1 16 4 24 20 43 37 35 47 15 27 12 7 11 22 3 9 50 23 48 2 33 45 19 14 39 8 18 17 44 31 25 32 40 21 13 34 38 5 49 46 10 42 6 41 26 28 30 29 36 

Inst_Index:7514 	 City_Num:50 	 Concorde:0.056788 	 MCTS:5.678759 Improve:0.000000 	 Time:5.01 Seconds
Solution: 1 9 14 8 41 27 17 4 43 46 22 24 15 35 29 28 5 21 36 39 38 16 48 31 19 18 40 50 42 44 11 20 25 3 47 13 45 12 34 49 30 10 2 26 37 33 32 6 7 23 

Inst_Index:7515 	 City_Num:50 	 Concorde:0.060244 	 MCTS:6.024393 Improve:0.000000 	 Time:5.00 Seconds
Solution: 1 15 11 46 25 49 42 23 44 36 8 43 24 33 22 18 28 31 30 10 4 48 5 16 32 21 9 50 14 26 45 37 3 7 27 17 6 39 38 34 20 2 13 41 35 47 40 19 12 29 

Inst_Index:7516 	 City_Num:50 	 Concorde:0.052144 	 MCTS:5.289575 Improve:-0.075202 	 Time:5.00 Seconds
Solution: 1 50 7 38 42 18 33 36 39 49 44 25 30 4 10 32 40 11 20 34 26 8 48 13 46 35 41 14 21 43 16 29 15 23 6 27 3 9 24 17 2 19 45 12 22 31 28 5 37 47 

Inst_Index:7517 	 City_Num:50 	 Concorde:0.058289 	 MCTS:5.828858 Improve:0.000000 	 Time:5.01 Seconds
Solution: 1 37 30 49 27 6 19 43 34 10 3 42 15 22 45 12 4 44 18 47 38 17 9 36 20 13 25 7 14 48 5 11 26 23 46 28 8 16 2 29 33 35 41 40 24 31 21 39 50 32 

Inst_Index:7518 	 City_Num:50 	 Concorde:0.058086 	 MCTS:5.808638 Improve:0.000000 	 Time:5.01 Seconds
Solution: 1 21 46 13 22 40 43 44 20 33 2 8 5 7 45 4 15 18 31 32 16 3 39 11 6 38 26 28 19 9 27 12 36 42 14 35 48 29 49 47 30 25 50 23 41 34 10 37 17 24 

Inst_Index:7519 	 City_Num:50 	 Concorde:0.060559 	 MCTS:6.055856 Improve:0.000000 	 Time:5.00 Seconds
Solution: 1 24 46 45 8 49 10 11 25 26 15 33 31 20 50 35 47 41 32 42 6 14 44 17 7 34 16 18 29 5 30 3 38 4 27 39 19 22 23 37 36 21 2 40 43 9 28 13 48 12 

Inst_Index:7520 	 City_Num:50 	 Concorde:0.058741 	 MCTS:5.874057 Improve:0.000000 	 Time:5.00 Seconds
Solution: 1 14 20 38 4 36 26 39 11 45 18 9 15 50 2 40 46 41 23 49 21 17 30 29 42 31 10 47 32 13 7 19 24 33 35 37 5 48 6 43 12 27 22 25 16 3 8 28 44 34 

Inst_Index:7521 	 City_Num:50 	 Concorde:0.057899 	 MCTS:5.788028 Improve:0.001832 	 Time:5.01 Seconds
Solution: 1 45 20 42 3 24 30 25 40 37 39 22 48 33 17 7 16 32 43 4 21 19 23 44 46 41 10 8 18 26 36 27 6 11 13 5 50 35 2 38 49 29 15 34 9 31 12 28 14 47 

Inst_Index:7522 	 City_Num:50 	 Concorde:0.059442 	 MCTS:5.944155 Improve:0.000000 	 Time:5.02 Seconds
Solution: 1 26 49 24 20 28 22 33 11 44 46 36 25 43 31 7 15 23 29 19 10 42 34 45 48 40 18 5 21 27 3 14 35 9 47 41 2 8 4 38 39 13 12 30 32 6 16 37 50 17 

Inst_Index:7523 	 City_Num:50 	 Concorde:0.054642 	 MCTS:5.462937 Improve:0.001270 	 Time:5.00 Seconds
Solution: 1 6 42 49 24 4 40 3 33 38 29 39 34 35 11 37 28 32 18 47 25 44 15 36 19 23 5 17 22 21 27 48 12 46 2 30 45 13 31 50 8 26 10 41 20 43 7 9 14 16 

Inst_Index:7524 	 City_Num:50 	 Concorde:0.056928 	 MCTS:5.692771 Improve:0.000000 	 Time:5.02 Seconds
Solution: 1 36 43 12 48 2 32 29 23 42 3 6 34 7 28 44 30 10 39 16 40 46 37 18 41 15 25 17 4 27 5 35 11 24 50 33 22 9 47 14 13 21 20 38 49 8 19 31 26 45 

Inst_Index:7525 	 City_Num:50 	 Concorde:0.059124 	 MCTS:5.912409 Improve:0.000000 	 Time:5.00 Seconds
Solution: 1 16 30 19 22 7 26 23 33 12 35 6 45 34 31 8 39 9 5 40 17 41 38 14 21 18 15 11 4 32 29 10 47 36 27 42 43 13 2 20 28 46 24 44 3 25 50 49 37 48 

Inst_Index:7526 	 City_Num:50 	 Concorde:0.055201 	 MCTS:5.520146 Improve:0.000000 	 Time:5.00 Seconds
Solution: 1 32 50 48 8 42 20 11 18 2 6 35 9 17 10 40 47 31 7 24 28 45 21 33 16 49 15 44 25 37 39 29 3 36 4 46 19 23 5 22 38 43 41 26 34 14 12 27 13 30 

Inst_Index:7527 	 City_Num:50 	 Concorde:0.062455 	 MCTS:6.245510 Improve:-0.000000 	 Time:5.00 Seconds
Solution: 1 32 28 8 19 29 37 21 3 50 48 16 44 23 39 40 43 11 42 10 33 22 25 18 49 35 45 4 34 36 30 13 6 14 27 24 12 17 7 15 47 46 2 38 41 31 5 20 26 9 

Inst_Index:7528 	 City_Num:50 	 Concorde:0.054602 	 MCTS:5.460173 Improve:0.000000 	 Time:5.01 Seconds
Solution: 1 17 41 12 32 44 27 45 8 48 19 23 2 7 29 33 11 25 38 37 10 50 28 9 22 5 35 21 14 46 24 31 43 4 36 18 3 47 30 40 39 13 34 20 26 42 15 6 49 16 

Inst_Index:7529 	 City_Num:50 	 Concorde:0.059323 	 MCTS:5.929349 Improve:0.002965 	 Time:5.01 Seconds
Solution: 1 23 46 15 16 45 9 3 47 8 38 44 33 37 29 25 6 35 12 32 43 13 31 21 30 40 50 22 11 7 10 27 2 49 24 19 36 5 26 18 39 28 42 34 41 20 48 17 4 14 

Inst_Index:7530 	 City_Num:50 	 Concorde:0.058619 	 MCTS:5.861899 Improve:-0.000000 	 Time:5.00 Seconds
Solution: 1 48 2 20 30 17 10 32 39 33 19 21 47 22 42 38 27 35 11 6 50 40 45 29 12 46 16 3 9 8 24 13 7 34 4 43 18 25 31 36 23 15 26 41 5 14 49 28 37 44 

Inst_Index:7531 	 City_Num:50 	 Concorde:0.053242 	 MCTS:5.324193 Improve:0.000000 	 Time:5.00 Seconds
Solution: 1 49 33 6 46 8 42 35 18 12 7 29 9 39 19 22 27 10 40 13 26 23 45 4 5 41 31 37 3 34 11 38 44 48 47 30 43 21 32 50 20 17 36 14 28 24 16 25 15 2 

Inst_Index:7532 	 City_Num:50 	 Concorde:0.058597 	 MCTS:5.859660 Improve:0.000000 	 Time:5.01 Seconds
Solution: 1 50 32 14 24 20 26 47 40 30 7 18 37 2 36 46 44 27 15 42 4 10 45 35 41 39 29 9 11 13 49 5 43 6 12 8 22 3 48 16 23 34 17 33 38 21 28 31 19 25 

Inst_Index:7533 	 City_Num:50 	 Concorde:0.057152 	 MCTS:5.711778 Improve:0.003388 	 Time:5.00 Seconds
Solution: 1 22 12 41 14 36 50 34 28 24 27 20 49 35 19 39 23 43 30 29 13 3 9 5 47 2 18 10 11 46 8 38 26 32 48 31 44 25 40 16 42 33 15 4 6 37 45 21 17 7 

Inst_Index:7534 	 City_Num:50 	 Concorde:0.060132 	 MCTS:6.013212 Improve:0.000000 	 Time:5.01 Seconds
Solution: 1 18 21 34 27 35 32 44 40 10 36 49 50 15 14 11 23 20 8 41 28 5 2 13 25 17 7 6 4 3 48 22 38 43 29 9 33 31 46 16 12 39 42 24 19 30 45 47 37 26 

Inst_Index:7535 	 City_Num:50 	 Concorde:0.057782 	 MCTS:5.778221 Improve:-0.000000 	 Time:5.00 Seconds
Solution: 1 29 26 24 42 18 49 19 20 46 28 2 13 12 37 8 4 47 15 23 16 33 17 41 50 45 7 32 22 3 6 44 35 39 10 36 25 5 38 43 14 30 48 11 9 34 27 31 21 40 

Inst_Index:7536 	 City_Num:50 	 Concorde:0.060930 	 MCTS:6.092958 Improve:0.000000 	 Time:5.01 Seconds
Solution: 1 31 19 34 30 6 38 32 39 40 14 20 47 25 9 23 50 26 48 22 12 28 33 21 29 18 35 16 11 2 27 5 15 44 49 43 17 10 13 7 24 46 36 42 8 4 3 45 37 41 

Inst_Index:7537 	 City_Num:50 	 Concorde:0.059546 	 MCTS:5.954598 Improve:0.000000 	 Time:5.00 Seconds
Solution: 1 31 27 11 22 10 46 29 17 7 6 44 45 50 19 39 30 48 33 43 2 26 32 40 38 13 4 35 42 28 18 25 8 9 15 34 16 49 3 36 12 24 5 37 14 47 21 23 20 41 

Inst_Index:7538 	 City_Num:50 	 Concorde:0.060448 	 MCTS:6.044753 Improve:0.000000 	 Time:5.01 Seconds
Solution: 1 41 27 49 37 16 46 15 31 17 20 40 9 28 6 25 11 48 14 39 35 8 26 36 50 23 7 44 29 42 10 47 18 43 13 32 3 33 38 30 34 2 4 21 5 45 19 12 22 24 

Inst_Index:7539 	 City_Num:50 	 Concorde:0.056716 	 MCTS:5.671624 Improve:0.000000 	 Time:5.00 Seconds
Solution: 1 25 8 34 22 48 5 7 50 43 28 30 17 18 13 4 33 32 23 35 14 39 19 3 12 46 49 42 6 21 40 15 10 38 41 36 16 47 2 11 24 26 9 37 27 44 31 45 20 29 

Inst_Index:7540 	 City_Num:50 	 Concorde:0.058070 	 MCTS:5.806969 Improve:-0.000000 	 Time:5.00 Seconds
Solution: 1 16 42 31 19 33 24 41 25 48 28 40 23 46 12 44 10 35 39 5 29 8 2 32 11 34 18 47 13 37 14 17 4 15 50 30 20 6 7 36 49 22 43 9 26 45 38 27 3 21 

Inst_Index:7541 	 City_Num:50 	 Concorde:0.054284 	 MCTS:5.428357 Improve:0.000000 	 Time:5.01 Seconds
Solution: 1 12 45 37 8 34 33 9 16 47 13 10 41 39 42 15 21 38 6 29 17 22 24 20 46 40 4 50 28 27 5 43 31 2 3 48 35 23 19 14 36 25 7 44 18 49 32 26 11 30 

Inst_Index:7542 	 City_Num:50 	 Concorde:0.059097 	 MCTS:5.933782 Improve:-0.024088 	 Time:5.00 Seconds
Solution: 1 25 10 38 13 21 20 44 16 31 24 19 9 2 46 30 42 33 22 3 23 12 4 26 29 7 27 50 8 43 17 47 5 39 49 36 45 32 28 15 18 11 48 6 37 34 40 14 35 41 

Inst_Index:7543 	 City_Num:50 	 Concorde:0.058576 	 MCTS:5.857376 Improve:0.000243 	 Time:5.00 Seconds
Solution: 1 34 31 29 11 5 12 23 17 25 9 7 49 30 13 15 14 45 3 20 35 27 21 10 6 33 46 16 38 28 36 43 42 39 4 48 32 8 40 19 22 50 18 41 47 26 44 24 2 37 

Inst_Index:7544 	 City_Num:50 	 Concorde:0.055446 	 MCTS:5.542051 Improve:0.002598 	 Time:5.01 Seconds
Solution: 1 15 13 10 17 3 25 44 36 41 35 49 48 42 14 24 2 22 40 9 5 38 16 21 29 45 6 33 7 47 12 37 46 39 28 27 8 34 23 20 31 50 11 4 30 43 26 32 18 19 

Inst_Index:7545 	 City_Num:50 	 Concorde:0.059318 	 MCTS:5.931757 Improve:-0.000000 	 Time:5.00 Seconds
Solution: 1 24 22 30 39 21 2 20 43 49 17 14 34 19 28 13 42 33 11 15 29 16 46 18 35 44 45 50 23 25 37 4 6 8 41 40 32 10 26 5 12 31 38 3 7 48 27 47 9 36 

Inst_Index:7546 	 City_Num:50 	 Concorde:0.054946 	 MCTS:5.494592 Improve:0.000000 	 Time:5.01 Seconds
Solution: 1 40 9 7 22 16 3 31 14 25 41 12 46 15 49 33 18 36 10 4 30 24 37 48 26 11 47 39 27 45 34 19 35 23 29 43 32 2 13 6 8 28 38 5 42 50 17 44 20 21 

Inst_Index:7547 	 City_Num:50 	 Concorde:0.055291 	 MCTS:5.528703 Improve:0.000433 	 Time:5.00 Seconds
Solution: 1 47 39 41 27 6 16 28 36 15 33 19 48 20 32 10 12 30 9 34 25 50 3 18 22 5 29 17 24 46 45 31 13 44 21 37 8 35 7 4 23 42 26 2 49 40 38 43 11 14 

Inst_Index:7548 	 City_Num:50 	 Concorde:0.058598 	 MCTS:5.859811 Improve:0.000000 	 Time:5.00 Seconds
Solution: 1 15 11 21 38 43 48 24 35 9 40 26 37 39 13 29 27 47 6 10 28 32 34 20 46 49 36 41 7 31 22 3 2 19 14 50 16 17 18 25 8 5 42 4 12 23 44 45 30 33 

Inst_Index:7549 	 City_Num:50 	 Concorde:0.059851 	 MCTS:5.985090 Improve:-0.000000 	 Time:5.00 Seconds
Solution: 1 2 8 17 34 30 21 43 3 18 42 40 16 6 25 9 44 22 23 26 14 12 32 45 10 37 36 38 7 11 28 31 4 49 13 19 46 39 41 48 24 47 20 35 27 5 15 33 50 29 

Inst_Index:7550 	 City_Num:50 	 Concorde:0.061871 	 MCTS:6.186521 Improve:0.000605 	 Time:5.01 Seconds
Solution: 1 13 49 30 31 44 4 9 25 11 50 26 37 14 2 29 17 15 38 34 35 3 32 20 7 46 39 18 8 41 21 40 47 16 43 6 36 33 23 12 48 5 27 19 22 10 45 24 28 42 

Inst_Index:7551 	 City_Num:50 	 Concorde:0.056532 	 MCTS:5.661336 Improve:-0.008164 	 Time:5.00 Seconds
Solution: 1 4 9 33 6 36 35 48 44 39 23 3 19 22 42 24 37 21 20 12 29 18 47 38 14 31 26 45 30 49 34 32 41 10 7 27 43 28 46 25 40 5 2 8 11 50 17 15 13 16 

Inst_Index:7552 	 City_Num:50 	 Concorde:0.055885 	 MCTS:5.586776 Improve:0.001731 	 Time:5.01 Seconds
Solution: 1 24 32 2 8 41 46 33 7 3 21 5 29 6 45 4 43 30 14 15 36 23 47 12 25 37 39 17 18 19 28 40 10 50 38 13 42 26 44 20 16 49 9 31 48 27 11 35 34 22 

Inst_Index:7553 	 City_Num:50 	 Concorde:0.061240 	 MCTS:6.124034 Improve:-0.000000 	 Time:5.01 Seconds
Solution: 1 33 45 19 30 32 11 21 41 38 37 17 4 3 20 44 26 23 7 10 14 25 16 43 48 22 6 31 28 12 9 50 36 27 29 40 8 24 42 15 35 18 49 34 47 46 2 39 13 5 

Inst_Index:7554 	 City_Num:50 	 Concorde:0.058068 	 MCTS:5.802246 Improve:0.004561 	 Time:5.00 Seconds
Solution: 1 5 8 6 3 34 15 23 44 45 30 7 48 42 43 2 12 35 19 11 20 16 41 50 10 22 38 24 37 36 4 14 40 32 13 27 33 31 39 29 49 26 47 46 18 21 9 17 25 28 

Inst_Index:7555 	 City_Num:50 	 Concorde:0.057462 	 MCTS:5.746155 Improve:-0.000000 	 Time:5.00 Seconds
Solution: 1 37 35 10 24 42 11 27 34 47 14 30 29 20 8 44 17 25 40 15 23 49 3 2 28 33 36 31 4 21 9 18 50 32 46 12 16 7 5 6 39 22 45 26 41 48 38 19 43 13 

Inst_Index:7556 	 City_Num:50 	 Concorde:0.055845 	 MCTS:5.584497 Improve:-0.000036 	 Time:5.00 Seconds
Solution: 1 2 42 31 15 10 32 12 39 17 28 11 30 27 23 36 5 24 20 3 48 26 18 25 33 34 40 43 4 35 46 22 38 14 19 45 29 44 47 7 49 16 13 8 21 9 50 41 37 6 

Inst_Index:7557 	 City_Num:50 	 Concorde:0.054229 	 MCTS:5.422937 Improve:0.000000 	 Time:5.00 Seconds
Solution: 1 49 48 21 7 23 6 30 38 22 27 13 11 28 46 26 39 40 18 8 44 15 20 29 45 35 2 47 31 12 5 10 17 25 37 16 24 32 3 34 42 50 33 14 43 9 36 4 19 41 

Inst_Index:7558 	 City_Num:50 	 Concorde:0.056268 	 MCTS:5.626801 Improve:0.000000 	 Time:5.01 Seconds
Solution: 1 48 16 50 21 35 8 25 38 31 45 28 43 19 49 7 4 46 6 15 18 10 27 11 5 44 12 17 26 33 22 13 37 39 23 40 47 3 20 9 42 29 41 32 34 30 2 24 36 14 

Inst_Index:7559 	 City_Num:50 	 Concorde:0.054308 	 MCTS:5.430756 Improve:0.000000 	 Time:5.00 Seconds
Solution: 1 40 38 50 37 17 48 8 15 21 43 19 6 36 42 9 39 23 44 28 29 26 5 30 31 32 20 4 35 33 24 7 12 22 16 41 11 14 34 18 2 10 45 46 3 25 13 47 49 27 

Inst_Index:7560 	 City_Num:50 	 Concorde:0.057541 	 MCTS:5.747092 Improve:0.007005 	 Time:5.00 Seconds
Solution: 1 26 42 9 33 2 45 4 13 40 5 49 29 43 31 19 36 22 39 50 38 28 41 44 7 30 17 11 6 47 48 32 34 18 8 14 10 46 15 27 23 3 12 37 24 35 25 16 21 20 

Inst_Index:7561 	 City_Num:50 	 Concorde:0.055173 	 MCTS:5.515258 Improve:0.002040 	 Time:5.00 Seconds
Solution: 1 37 39 43 9 3 2 11 4 10 26 42 21 36 19 12 47 30 27 48 31 16 13 18 22 23 17 44 28 50 25 15 29 38 7 33 5 6 40 34 32 45 49 8 41 35 46 20 14 24 

Inst_Index:7562 	 City_Num:50 	 Concorde:0.059849 	 MCTS:5.984895 Improve:0.000000 	 Time:5.00 Seconds
Solution: 1 30 34 47 9 35 20 12 13 24 28 22 23 8 19 38 33 41 3 44 45 42 4 15 29 39 11 5 31 18 40 49 50 37 32 21 2 27 36 17 46 48 10 25 26 6 14 43 7 16 

Inst_Index:7563 	 City_Num:50 	 Concorde:0.057433 	 MCTS:5.739679 Improve:0.003635 	 Time:5.00 Seconds
Solution: 1 25 3 28 47 19 29 11 18 14 38 36 2 7 16 45 48 46 23 9 41 12 30 10 5 24 6 17 32 37 15 22 39 27 26 35 8 31 20 49 21 34 43 13 33 50 40 4 42 44 

Inst_Index:7564 	 City_Num:50 	 Concorde:0.055889 	 MCTS:5.584784 Improve:0.004120 	 Time:5.00 Seconds
Solution: 1 48 26 14 16 11 23 38 9 47 13 5 31 37 50 15 39 25 42 36 43 40 27 49 18 8 7 32 17 21 12 29 44 46 30 6 10 28 45 4 33 34 24 20 19 2 3 41 35 22 

Inst_Index:7565 	 City_Num:50 	 Concorde:0.057688 	 MCTS:5.768831 Improve:0.000000 	 Time:5.01 Seconds
Solution: 1 38 28 11 10 41 32 34 14 43 24 26 23 47 8 17 45 36 22 13 30 6 44 49 25 2 31 40 29 19 21 37 18 7 20 46 27 39 15 50 42 5 33 35 16 12 48 4 9 3 

Inst_Index:7566 	 City_Num:50 	 Concorde:0.054541 	 MCTS:5.452831 Improve:0.001308 	 Time:5.00 Seconds
Solution: 1 13 50 33 7 28 39 2 41 40 48 3 25 23 16 47 9 21 31 38 24 22 10 20 35 34 30 37 45 17 44 6 36 29 14 4 27 12 11 5 19 32 49 26 43 46 15 18 42 8 

Inst_Index:7567 	 City_Num:50 	 Concorde:0.057044 	 MCTS:5.704384 Improve:-0.000000 	 Time:5.00 Seconds
Solution: 1 42 4 2 13 46 30 15 32 18 27 45 21 35 12 6 26 49 41 37 33 8 28 20 14 38 48 44 7 5 40 50 23 19 22 16 31 24 43 39 36 34 17 3 25 29 10 11 9 47 

Inst_Index:7568 	 City_Num:50 	 Concorde:0.056993 	 MCTS:5.699324 Improve:0.000000 	 Time:5.00 Seconds
Solution: 1 14 29 16 37 46 27 7 49 4 47 19 11 36 48 6 15 34 31 42 30 39 40 2 50 18 20 33 26 28 25 10 9 5 17 43 22 41 12 24 44 3 35 8 13 21 32 45 23 38 

Inst_Index:7569 	 City_Num:50 	 Concorde:0.057481 	 MCTS:5.743864 Improve:0.004198 	 Time:5.00 Seconds
Solution: 1 5 43 23 16 29 11 22 49 39 3 13 32 14 40 8 48 10 41 4 12 42 30 47 2 17 20 44 33 45 34 21 37 28 9 27 46 31 35 26 6 7 15 18 24 36 38 25 50 19 

Inst_Index:7570 	 City_Num:50 	 Concorde:0.060350 	 MCTS:6.034985 Improve:-0.000000 	 Time:5.01 Seconds
Solution: 1 46 6 11 18 21 36 29 12 31 17 49 30 37 44 34 2 4 43 33 28 25 16 9 15 8 13 48 47 35 7 14 45 38 50 20 24 41 5 42 10 19 40 32 27 22 39 3 23 26 

Inst_Index:7571 	 City_Num:50 	 Concorde:0.052980 	 MCTS:5.298034 Improve:0.000000 	 Time:5.00 Seconds
Solution: 1 5 50 43 20 23 15 26 38 31 36 47 27 39 33 18 8 7 28 40 45 42 16 17 25 24 48 2 34 12 4 22 44 19 49 14 21 32 9 6 13 37 11 3 41 10 29 30 35 46 

Inst_Index:7572 	 City_Num:50 	 Concorde:0.054698 	 MCTS:5.469758 Improve:0.000000 	 Time:5.00 Seconds
Solution: 1 49 25 48 45 37 12 24 18 10 46 17 7 34 23 50 13 8 4 40 38 3 20 39 43 35 47 16 27 36 31 44 22 21 30 2 6 42 33 41 19 14 32 29 11 9 28 26 5 15 

Inst_Index:7573 	 City_Num:50 	 Concorde:0.060573 	 MCTS:6.057320 Improve:-0.000000 	 Time:5.00 Seconds
Solution: 1 43 31 15 8 35 3 45 49 33 28 19 14 16 10 25 7 50 34 39 18 30 48 4 21 22 6 36 40 17 47 20 44 26 42 24 29 11 23 46 32 9 2 38 13 5 27 12 41 37 

Inst_Index:7574 	 City_Num:50 	 Concorde:0.054210 	 MCTS:5.411946 Improve:0.009099 	 Time:5.00 Seconds
Solution: 1 39 18 35 17 29 9 44 43 5 49 46 12 20 30 2 33 45 38 24 50 42 36 14 16 47 28 40 41 37 34 48 3 25 22 21 11 10 19 32 26 27 7 6 15 4 8 13 31 23 

Inst_Index:7575 	 City_Num:50 	 Concorde:0.055532 	 MCTS:5.547676 Improve:0.005510 	 Time:5.01 Seconds
Solution: 1 44 11 18 17 43 33 48 12 3 6 29 35 39 4 15 24 21 36 7 47 22 14 27 20 41 5 45 30 25 50 26 13 37 32 34 19 31 23 8 9 10 40 49 28 38 2 16 46 42 

Inst_Index:7576 	 City_Num:50 	 Concorde:0.055580 	 MCTS:5.558003 Improve:-0.000013 	 Time:5.01 Seconds
Solution: 1 37 6 44 23 24 50 10 47 46 7 20 48 43 27 21 17 39 40 15 38 11 45 25 8 36 31 16 32 28 14 29 13 33 41 3 34 12 9 22 5 4 2 18 49 26 30 35 19 42 

Inst_Index:7577 	 City_Num:50 	 Concorde:0.054152 	 MCTS:5.415200 Improve:0.000000 	 Time:5.00 Seconds
Solution: 1 24 13 17 33 20 12 8 32 47 23 21 45 11 31 42 14 28 35 40 43 48 16 15 22 46 9 4 34 44 29 10 6 30 18 49 19 39 27 38 41 5 50 2 37 3 26 7 25 36 

Inst_Index:7578 	 City_Num:50 	 Concorde:0.054839 	 MCTS:5.483904 Improve:0.000000 	 Time:5.01 Seconds
Solution: 1 27 33 13 6 37 43 40 10 14 7 8 45 38 25 2 12 29 16 18 19 15 20 39 11 23 47 30 24 21 31 26 9 44 34 50 35 49 46 48 42 36 17 32 28 4 5 3 41 22 

Inst_Index:7579 	 City_Num:50 	 Concorde:0.056949 	 MCTS:5.694915 Improve:0.000000 	 Time:5.01 Seconds
Solution: 1 33 11 29 38 2 6 14 36 26 10 9 50 21 37 5 28 7 48 39 41 17 8 16 42 43 12 49 13 45 40 3 22 25 34 4 46 32 24 18 31 20 19 23 35 44 47 15 30 27 

Inst_Index:7580 	 City_Num:50 	 Concorde:0.050306 	 MCTS:5.030592 Improve:0.000000 	 Time:5.00 Seconds
Solution: 1 16 11 8 47 24 34 26 31 22 15 13 35 38 25 33 4 28 7 23 48 46 9 30 39 21 18 17 5 6 10 41 50 12 37 45 49 14 42 2 44 29 20 32 3 40 43 19 36 27 

Inst_Index:7581 	 City_Num:50 	 Concorde:0.049703 	 MCTS:4.965366 Improve:0.004893 	 Time:5.01 Seconds
Solution: 1 34 19 16 11 24 2 10 48 31 49 30 38 12 9 22 44 6 43 50 45 21 41 18 27 3 46 47 32 17 25 42 37 36 26 29 28 4 15 33 13 40 5 39 23 35 14 7 8 20 

Inst_Index:7582 	 City_Num:50 	 Concorde:0.058701 	 MCTS:5.869788 Improve:0.000360 	 Time:5.00 Seconds
Solution: 1 50 41 7 18 23 24 25 19 42 15 40 37 43 14 22 33 17 16 44 46 11 32 12 10 49 20 13 4 9 8 29 3 2 39 47 48 38 45 35 36 26 34 6 27 28 31 30 5 21 

Inst_Index:7583 	 City_Num:50 	 Concorde:0.054349 	 MCTS:5.431715 Improve:0.003154 	 Time:5.00 Seconds
Solution: 1 27 46 3 5 18 15 24 23 21 2 14 11 6 41 37 45 47 12 49 28 50 8 4 40 10 38 19 33 39 13 31 43 20 16 17 36 44 29 7 35 42 22 34 32 25 26 9 48 30 

Inst_Index:7584 	 City_Num:50 	 Concorde:0.060123 	 MCTS:6.012289 Improve:0.000000 	 Time:5.01 Seconds
Solution: 1 18 6 5 12 29 32 10 41 27 49 2 9 28 39 31 46 37 11 33 22 19 17 15 42 16 14 36 4 13 44 25 50 30 38 23 35 26 24 45 21 20 48 3 7 40 34 8 43 47 

Inst_Index:7585 	 City_Num:50 	 Concorde:0.051702 	 MCTS:5.170243 Improve:0.000000 	 Time:5.00 Seconds
Solution: 1 31 15 40 12 16 20 22 46 5 30 36 6 17 3 10 2 21 28 38 33 34 7 41 49 47 24 11 9 25 48 23 35 19 37 27 26 39 18 44 13 43 45 29 42 4 32 50 8 14 

Inst_Index:7586 	 City_Num:50 	 Concorde:0.053760 	 MCTS:5.375961 Improve:0.000000 	 Time:5.00 Seconds
Solution: 1 25 19 40 34 30 48 29 5 8 4 31 18 26 6 36 17 24 46 50 9 39 43 27 44 21 37 2 28 10 20 11 13 45 22 35 23 16 47 33 41 49 38 32 15 12 14 7 42 3 

Inst_Index:7587 	 City_Num:50 	 Concorde:0.057715 	 MCTS:5.769378 Improve:0.002142 	 Time:5.00 Seconds
Solution: 1 29 42 6 10 21 15 38 7 27 37 46 11 50 48 43 39 20 2 40 41 47 44 26 34 45 4 9 36 18 16 35 22 23 32 28 30 25 3 19 24 17 5 49 14 12 31 33 8 13 

Inst_Index:7588 	 City_Num:50 	 Concorde:0.060513 	 MCTS:6.046184 Improve:0.005139 	 Time:5.00 Seconds
Solution: 1 9 43 23 21 35 4 31 20 24 16 2 7 8 48 33 28 15 13 49 22 3 39 14 29 44 25 50 26 42 6 32 34 41 37 40 30 38 46 45 36 12 47 5 18 11 19 17 27 10 

Inst_Index:7589 	 City_Num:50 	 Concorde:0.061141 	 MCTS:6.110389 Improve:0.003750 	 Time:5.00 Seconds
Solution: 1 44 31 42 9 40 18 48 5 23 2 22 25 33 14 27 24 15 28 49 47 45 41 7 6 34 35 19 3 12 4 10 17 36 8 43 39 38 16 30 20 50 13 21 29 26 11 37 46 32 

Inst_Index:7590 	 City_Num:50 	 Concorde:0.050563 	 MCTS:5.056305 Improve:0.000000 	 Time:5.00 Seconds
Solution: 1 33 7 43 42 31 18 23 4 27 32 49 17 34 13 10 6 12 30 14 38 20 39 29 45 25 36 22 5 41 3 50 15 2 44 19 21 40 47 37 35 16 24 28 8 11 26 48 46 9 

Inst_Index:7591 	 City_Num:50 	 Concorde:0.057864 	 MCTS:5.786428 Improve:0.000000 	 Time:5.00 Seconds
Solution: 1 27 47 9 23 49 21 39 8 31 11 32 25 6 40 33 3 4 44 29 19 12 48 16 17 35 41 34 22 45 20 24 5 38 10 14 26 28 7 30 13 36 15 43 2 37 50 18 46 42 

Inst_Index:7592 	 City_Num:50 	 Concorde:0.058667 	 MCTS:5.866699 Improve:0.000000 	 Time:5.00 Seconds
Solution: 1 30 29 26 27 15 2 8 47 13 16 9 18 6 33 21 39 5 46 23 38 17 32 43 45 4 50 25 19 42 20 10 12 31 11 40 49 3 44 48 36 41 37 28 24 34 14 35 7 22 

Inst_Index:7593 	 City_Num:50 	 Concorde:0.059362 	 MCTS:5.936177 Improve:-0.000000 	 Time:5.00 Seconds
Solution: 1 26 40 13 31 4 43 33 16 32 28 41 10 15 29 34 44 9 21 18 46 6 19 3 20 39 22 27 25 17 36 47 8 12 50 2 37 48 42 23 24 30 45 38 5 49 11 35 14 7 

Inst_Index:7594 	 City_Num:50 	 Concorde:0.058269 	 MCTS:5.824589 Improve:0.002297 	 Time:5.01 Seconds
Solution: 1 11 15 21 30 48 20 41 2 17 37 50 24 42 13 7 31 44 18 22 34 46 33 10 45 5 4 35 32 27 43 19 23 28 29 9 25 26 47 39 8 40 38 6 49 36 14 3 16 12 

Inst_Index:7595 	 City_Num:50 	 Concorde:0.057056 	 MCTS:5.705624 Improve:0.000000 	 Time:5.01 Seconds
Solution: 1 48 14 12 43 17 18 40 10 4 25 28 30 45 26 21 15 20 27 32 36 3 2 31 33 42 37 50 23 46 41 24 19 22 9 6 16 29 13 39 49 5 44 38 7 47 8 11 35 34 

Inst_Index:7596 	 City_Num:50 	 Concorde:0.057084 	 MCTS:5.708439 Improve:0.000000 	 Time:5.00 Seconds
Solution: 1 9 49 16 50 48 28 46 7 8 20 21 13 41 14 44 40 25 5 24 37 17 4 30 39 35 11 34 33 32 29 2 43 45 36 31 23 15 10 6 19 22 42 12 18 3 38 26 47 27 

Inst_Index:7597 	 City_Num:50 	 Concorde:0.053411 	 MCTS:5.336042 Improve:0.005045 	 Time:5.00 Seconds
Solution: 1 28 22 17 19 10 26 36 48 31 47 37 6 4 43 3 39 33 40 16 2 23 49 41 9 24 34 11 29 50 42 38 35 8 46 18 14 20 5 21 13 45 7 15 12 44 32 25 30 27 

Inst_Index:7598 	 City_Num:50 	 Concorde:0.060285 	 MCTS:6.028509 Improve:0.000000 	 Time:5.00 Seconds
Solution: 1 44 40 50 32 11 49 41 27 17 22 33 24 21 2 19 9 37 6 3 31 8 18 25 42 23 30 47 35 39 48 36 14 7 16 46 26 38 10 4 5 20 34 28 43 12 13 45 29 15 

Inst_Index:7599 	 City_Num:50 	 Concorde:0.063333 	 MCTS:6.333289 Improve:0.000000 	 Time:5.02 Seconds
Solution: 1 43 32 7 24 30 21 26 15 10 25 49 45 41 20 3 13 17 44 35 42 22 5 27 2 9 16 19 36 6 39 18 12 31 4 37 46 48 11 23 50 29 38 33 14 34 8 47 40 28 

Inst_Index:7600 	 City_Num:50 	 Concorde:0.055853 	 MCTS:5.585250 Improve:0.000000 	 Time:5.02 Seconds
Solution: 1 15 48 34 14 8 38 2 16 3 28 12 13 5 23 7 31 20 33 30 46 44 27 11 18 47 37 40 36 17 6 22 25 32 4 43 35 41 19 42 49 10 9 21 45 24 39 50 26 29 

Inst_Index:7601 	 City_Num:50 	 Concorde:0.059398 	 MCTS:5.939091 Improve:0.000714 	 Time:5.00 Seconds
Solution: 1 47 42 19 43 49 15 34 32 48 50 25 46 31 14 10 41 23 16 28 8 37 9 3 35 29 5 6 17 27 18 21 13 12 11 45 40 24 38 26 2 20 22 44 39 33 7 36 4 30 

Inst_Index:7602 	 City_Num:50 	 Concorde:0.054675 	 MCTS:5.467488 Improve:-0.000000 	 Time:5.00 Seconds
Solution: 1 33 50 3 18 11 30 44 36 17 22 31 24 34 8 4 35 9 25 20 43 23 21 45 10 29 2 41 5 15 38 27 42 16 13 39 7 46 19 14 26 12 40 48 28 6 32 37 49 47 

Inst_Index:7603 	 City_Num:50 	 Concorde:0.052215 	 MCTS:5.221508 Improve:0.000000 	 Time:5.01 Seconds
Solution: 1 2 26 44 47 43 12 32 31 50 4 45 42 36 10 11 28 25 48 22 24 16 49 27 9 19 17 6 15 39 38 14 33 40 18 5 34 13 21 20 30 46 3 41 35 37 29 23 8 7 

Inst_Index:7604 	 City_Num:50 	 Concorde:0.059492 	 MCTS:5.949244 Improve:0.000000 	 Time:5.00 Seconds
Solution: 1 13 27 30 21 48 12 34 43 50 19 11 39 15 10 46 14 22 2 16 18 44 35 29 42 36 7 9 24 20 37 40 47 41 45 49 6 23 4 31 25 32 33 3 38 17 8 28 26 5 

Inst_Index:7605 	 City_Num:50 	 Concorde:0.061116 	 MCTS:6.111617 Improve:-0.000000 	 Time:5.00 Seconds
Solution: 1 29 26 14 7 3 4 43 34 36 5 30 31 45 41 25 48 18 37 23 6 22 19 49 28 12 15 42 21 44 40 16 47 13 9 35 11 46 33 10 27 38 8 50 24 17 2 32 39 20 

Inst_Index:7606 	 City_Num:50 	 Concorde:0.053845 	 MCTS:5.384502 Improve:0.000000 	 Time:5.00 Seconds
Solution: 1 29 31 47 41 19 43 8 7 46 15 5 9 27 20 2 33 48 11 23 14 40 22 35 37 10 6 26 18 50 44 3 13 28 12 49 25 39 17 4 21 36 32 24 30 45 42 16 34 38 

Inst_Index:7607 	 City_Num:50 	 Concorde:0.059240 	 MCTS:5.923961 Improve:0.000000 	 Time:5.00 Seconds
Solution: 1 15 9 7 37 5 31 29 20 10 14 39 23 16 35 50 22 49 26 27 32 6 30 21 19 34 24 18 17 2 25 33 13 4 12 48 41 44 11 28 36 43 3 38 8 42 40 47 45 46 

Inst_Index:7608 	 City_Num:50 	 Concorde:0.055339 	 MCTS:5.531776 Improve:0.002141 	 Time:5.00 Seconds
Solution: 1 49 31 20 18 8 29 9 39 43 3 23 42 37 4 32 17 40 36 10 25 6 7 5 11 34 15 50 16 26 19 24 28 30 33 14 45 22 35 38 21 12 44 48 46 27 47 13 2 41 

Inst_Index:7609 	 City_Num:50 	 Concorde:0.054242 	 MCTS:5.424237 Improve:0.000000 	 Time:5.00 Seconds
Solution: 1 19 5 43 44 20 16 40 4 6 11 42 23 30 13 34 47 9 26 27 36 32 35 31 38 48 50 17 15 25 7 41 3 10 18 28 12 33 14 49 37 22 46 2 29 45 21 8 24 39 

Inst_Index:7610 	 City_Num:50 	 Concorde:0.058100 	 MCTS:5.809997 Improve:0.000000 	 Time:5.00 Seconds
Solution: 1 23 29 26 39 25 13 36 44 12 42 46 10 8 49 2 32 22 19 37 28 33 18 9 6 34 48 47 43 27 50 3 4 17 40 45 5 38 20 15 24 14 31 7 11 16 30 41 21 35 

Inst_Index:7611 	 City_Num:50 	 Concorde:0.058729 	 MCTS:5.872852 Improve:-0.000000 	 Time:5.00 Seconds
Solution: 1 10 48 9 32 8 12 50 35 21 18 4 28 31 36 41 7 14 33 26 27 37 22 38 6 24 29 34 16 40 43 13 2 15 46 49 30 25 5 44 11 3 47 20 23 19 39 42 45 17 

Inst_Index:7612 	 City_Num:50 	 Concorde:0.056369 	 MCTS:5.636854 Improve:0.000000 	 Time:5.00 Seconds
Solution: 1 50 42 18 48 14 4 44 34 3 27 32 39 46 37 43 15 9 23 20 11 47 19 13 35 6 10 30 2 17 41 16 5 45 25 31 8 38 21 36 26 49 29 12 33 40 28 7 24 22 

Inst_Index:7613 	 City_Num:50 	 Concorde:0.055924 	 MCTS:5.592374 Improve:0.000000 	 Time:5.00 Seconds
Solution: 1 5 9 46 11 29 24 40 3 33 38 50 43 42 23 19 30 12 28 2 44 31 48 35 15 20 32 16 47 4 41 49 25 7 18 34 39 45 27 37 22 8 13 6 36 10 21 17 14 26 

Inst_Index:7614 	 City_Num:50 	 Concorde:0.058340 	 MCTS:5.831404 Improve:0.002614 	 Time:5.01 Seconds
Solution: 1 34 20 38 44 19 26 36 23 41 5 11 2 21 24 17 43 32 42 14 49 25 27 33 35 37 46 4 31 40 30 6 29 48 28 3 22 7 8 47 50 18 45 13 39 9 16 15 12 10 

Inst_Index:7615 	 City_Num:50 	 Concorde:0.059786 	 MCTS:5.977538 Improve:0.001029 	 Time:5.00 Seconds
Solution: 1 12 31 36 42 24 48 44 14 6 13 34 47 8 37 23 33 28 17 39 45 41 49 18 21 46 3 32 2 16 38 5 27 4 19 10 11 50 35 20 22 9 29 7 25 15 40 26 43 30 

Inst_Index:7616 	 City_Num:50 	 Concorde:0.054743 	 MCTS:5.473038 Improve:0.001267 	 Time:5.00 Seconds
Solution: 1 20 8 49 40 25 18 17 6 30 26 7 9 39 48 15 13 5 29 45 47 28 44 50 16 11 14 43 27 34 4 46 23 12 41 38 32 37 36 3 21 42 24 19 33 22 2 35 31 10 

Inst_Index:7617 	 City_Num:50 	 Concorde:0.056673 	 MCTS:5.664229 Improve:0.003060 	 Time:5.00 Seconds
Solution: 1 42 5 27 35 45 3 16 20 21 29 24 49 25 43 34 36 8 32 33 11 14 41 30 38 9 28 22 19 4 37 48 15 12 50 44 39 31 26 13 47 6 10 2 46 23 18 40 7 17 

Inst_Index:7618 	 City_Num:50 	 Concorde:0.055293 	 MCTS:5.529293 Improve:0.000000 	 Time:5.00 Seconds
Solution: 1 10 47 30 3 21 50 16 9 29 43 11 4 41 7 15 46 49 14 36 17 26 37 19 22 28 12 6 33 24 34 45 42 5 31 35 20 38 13 48 39 8 18 44 23 27 32 25 40 2 

Inst_Index:7619 	 City_Num:50 	 Concorde:0.056423 	 MCTS:5.642306 Improve:-0.000000 	 Time:5.00 Seconds
Solution: 1 34 35 17 43 9 37 24 39 11 6 30 28 45 12 5 26 40 50 47 22 38 8 41 13 44 42 7 25 3 29 23 48 14 20 49 27 33 2 10 4 15 32 36 46 31 19 16 18 21 

Inst_Index:7620 	 City_Num:50 	 Concorde:0.055122 	 MCTS:5.512234 Improve:0.000000 	 Time:5.00 Seconds
Solution: 1 22 44 37 15 33 16 28 39 13 18 34 27 26 17 36 30 25 2 3 47 31 46 11 24 8 12 5 20 4 42 48 50 29 6 38 10 35 45 23 19 14 7 49 40 32 9 21 43 41 

Inst_Index:7621 	 City_Num:50 	 Concorde:0.059416 	 MCTS:5.941572 Improve:0.000000 	 Time:5.00 Seconds
Solution: 1 21 36 39 18 3 17 27 24 32 9 26 11 38 33 6 20 8 10 35 29 42 47 44 37 43 19 23 5 13 45 49 15 28 46 31 14 7 41 4 30 50 2 22 40 25 48 34 12 16 

Inst_Index:7622 	 City_Num:50 	 Concorde:0.057627 	 MCTS:5.762653 Improve:0.000026 	 Time:5.00 Seconds
Solution: 1 23 20 16 40 10 8 29 31 45 42 46 47 5 4 49 41 18 3 48 21 15 25 24 17 44 28 39 43 34 38 26 22 37 11 32 9 6 19 7 2 36 14 13 27 33 12 50 30 35 

Inst_Index:7623 	 City_Num:50 	 Concorde:0.060544 	 MCTS:6.054384 Improve:-0.000000 	 Time:5.00 Seconds
Solution: 1 37 25 35 26 20 45 40 14 50 46 43 41 47 12 16 15 5 3 39 48 44 7 19 2 33 22 24 17 34 32 38 28 23 9 27 11 42 4 30 18 10 31 6 49 36 13 21 8 29 

Inst_Index:7624 	 City_Num:50 	 Concorde:0.052545 	 MCTS:5.254298 Improve:0.000221 	 Time:5.00 Seconds
Solution: 1 45 46 9 34 40 25 43 26 18 4 19 14 36 28 37 42 21 38 7 44 47 50 20 35 17 2 30 48 29 5 11 3 15 6 49 31 23 39 22 10 12 33 8 27 16 13 41 32 24 

Inst_Index:7625 	 City_Num:50 	 Concorde:0.052357 	 MCTS:5.235681 Improve:-0.000000 	 Time:5.00 Seconds
Solution: 1 45 21 27 31 48 6 24 11 2 46 30 12 9 20 19 50 39 34 43 33 35 41 17 47 49 40 3 15 22 25 37 4 13 14 42 29 23 32 18 36 28 8 26 16 10 5 38 44 7 

Inst_Index:7626 	 City_Num:50 	 Concorde:0.055973 	 MCTS:5.597260 Improve:0.000000 	 Time:5.00 Seconds
Solution: 1 22 31 36 43 50 14 41 15 13 12 6 28 48 20 35 25 33 42 27 19 49 8 5 47 30 38 3 17 16 2 37 32 4 29 24 40 10 26 39 44 23 45 46 34 9 7 18 21 11 

Inst_Index:7627 	 City_Num:50 	 Concorde:0.050565 	 MCTS:5.056465 Improve:0.000000 	 Time:5.00 Seconds
Solution: 1 33 6 31 7 26 27 29 2 45 17 32 34 22 43 14 16 4 30 40 5 36 28 44 47 3 41 12 38 10 37 11 46 19 9 42 24 48 25 50 23 35 15 49 39 13 8 21 18 20 

Inst_Index:7628 	 City_Num:50 	 Concorde:0.053397 	 MCTS:5.339701 Improve:0.000000 	 Time:5.00 Seconds
Solution: 1 35 39 20 34 49 28 4 37 10 26 23 15 47 6 42 32 44 3 11 16 46 27 2 30 7 45 8 36 25 24 41 29 17 14 31 43 38 21 9 22 13 12 33 5 48 19 18 50 40 

Inst_Index:7629 	 City_Num:50 	 Concorde:0.063318 	 MCTS:6.331822 Improve:-0.000000 	 Time:5.00 Seconds
Solution: 1 42 34 3 16 44 50 35 14 2 33 49 36 17 32 48 43 45 9 13 11 26 19 6 25 47 18 24 39 4 21 28 30 38 23 27 29 15 31 10 5 41 40 12 7 20 22 46 37 8 

Inst_Index:7630 	 City_Num:50 	 Concorde:0.057542 	 MCTS:5.752131 Improve:0.002060 	 Time:5.01 Seconds
Solution: 1 13 44 27 29 43 7 48 22 12 20 34 38 4 8 14 33 15 24 42 16 49 6 17 39 45 23 30 18 36 37 50 41 5 11 9 35 28 21 3 19 32 46 47 26 31 10 25 2 40 

Inst_Index:7631 	 City_Num:50 	 Concorde:0.059278 	 MCTS:5.925492 Improve:0.002288 	 Time:5.00 Seconds
Solution: 1 7 39 42 45 12 25 46 49 31 18 4 32 33 44 20 8 37 36 2 34 28 15 16 48 47 24 38 13 17 29 23 21 35 9 43 3 27 14 11 40 19 26 30 6 22 41 50 5 10 

Inst_Index:7632 	 City_Num:50 	 Concorde:0.053249 	 MCTS:5.324915 Improve:-0.000000 	 Time:5.00 Seconds
Solution: 1 42 10 5 37 31 15 3 25 34 33 6 36 23 11 43 32 8 35 38 27 26 4 24 44 21 17 50 39 20 41 7 30 12 47 49 19 28 46 40 18 9 22 48 14 13 2 45 29 16 

Inst_Index:7633 	 City_Num:50 	 Concorde:0.061102 	 MCTS:6.131883 Improve:-0.021655 	 Time:5.00 Seconds
Solution: 1 14 10 15 24 2 5 29 28 34 4 16 48 50 41 25 26 49 37 46 23 36 30 31 6 47 3 8 45 42 33 7 12 11 35 39 38 40 32 19 22 17 27 13 18 9 43 20 21 44 

Inst_Index:7634 	 City_Num:50 	 Concorde:0.060198 	 MCTS:6.014778 Improve:0.005033 	 Time:5.00 Seconds
Solution: 1 5 21 23 9 17 25 19 38 36 44 35 12 15 27 45 32 22 33 49 26 48 13 16 6 24 31 18 2 42 50 28 3 4 37 14 29 47 8 40 30 7 39 41 10 34 11 43 20 46 

Inst_Index:7635 	 City_Num:50 	 Concorde:0.055245 	 MCTS:5.522401 Improve:0.002057 	 Time:5.00 Seconds
Solution: 1 34 17 36 41 4 28 10 33 21 19 16 7 45 9 42 40 50 39 24 27 22 30 14 20 5 8 48 43 29 3 47 44 6 35 26 12 23 49 11 32 13 37 46 18 38 31 2 25 15 

Inst_Index:7636 	 City_Num:50 	 Concorde:0.054941 	 MCTS:5.494139 Improve:-0.000000 	 Time:5.00 Seconds
Solution: 1 49 36 17 48 13 10 39 37 40 23 45 35 47 3 6 30 29 18 22 28 15 27 25 38 31 44 2 20 50 32 12 43 46 14 7 5 24 4 11 26 21 34 33 19 42 9 16 41 8 

Inst_Index:7637 	 City_Num:50 	 Concorde:0.056282 	 MCTS:5.628240 Improve:-0.000000 	 Time:5.00 Seconds
Solution: 1 50 27 17 47 15 5 35 7 37 4 38 24 20 44 18 43 28 22 45 46 31 29 2 16 21 6 11 48 9 19 12 23 36 42 40 13 3 26 41 32 34 49 10 14 39 8 25 33 30 

Inst_Index:7638 	 City_Num:50 	 Concorde:0.054887 	 MCTS:5.488676 Improve:0.000000 	 Time:5.00 Seconds
Solution: 1 13 2 17 42 24 40 32 6 29 41 22 28 49 21 48 34 8 3 45 19 16 27 33 7 10 47 11 35 23 15 36 46 31 37 14 20 39 38 12 9 26 4 44 30 5 50 18 43 25 

Inst_Index:7639 	 City_Num:50 	 Concorde:0.057388 	 MCTS:5.738801 Improve:-0.000000 	 Time:5.00 Seconds
Solution: 1 5 11 41 10 4 14 3 40 50 13 31 49 42 47 27 26 46 35 29 45 44 15 38 30 18 22 28 20 43 23 33 9 39 48 17 8 34 36 21 37 7 16 12 19 6 24 2 25 32 

Inst_Index:7640 	 City_Num:50 	 Concorde:0.059276 	 MCTS:5.927552 Improve:0.000000 	 Time:5.01 Seconds
Solution: 1 45 34 19 27 18 44 13 10 26 16 39 22 41 9 2 8 7 15 28 17 32 4 24 46 21 31 35 33 20 5 36 11 29 49 25 47 38 50 42 23 48 43 6 40 3 30 12 37 14 

Inst_Index:7641 	 City_Num:50 	 Concorde:0.059148 	 MCTS:5.914841 Improve:0.000000 	 Time:5.00 Seconds
Solution: 1 48 50 29 20 6 37 42 5 22 38 40 49 10 41 11 28 8 2 47 16 15 26 34 23 33 13 7 44 43 17 45 39 12 31 21 35 4 25 46 18 3 32 14 9 30 24 36 27 19 

Inst_Index:7642 	 City_Num:50 	 Concorde:0.052839 	 MCTS:5.280803 Improve:0.003066 	 Time:5.00 Seconds
Solution: 1 48 28 22 14 31 15 41 40 37 45 29 35 11 8 12 4 34 3 39 18 17 24 26 43 30 33 10 6 16 23 25 46 44 42 21 13 19 50 2 5 9 20 47 36 32 27 7 49 38 

Inst_Index:7643 	 City_Num:50 	 Concorde:0.059810 	 MCTS:5.980997 Improve:0.000000 	 Time:5.00 Seconds
Solution: 1 32 50 3 29 38 26 37 46 5 47 20 41 27 42 34 48 14 2 28 21 7 30 45 4 25 12 18 16 8 24 11 33 6 17 19 44 36 10 9 35 23 31 13 15 22 49 43 40 39 

Inst_Index:7644 	 City_Num:50 	 Concorde:0.058962 	 MCTS:5.902836 Improve:-0.006613 	 Time:5.00 Seconds
Solution: 1 29 35 37 33 41 12 16 44 4 9 6 47 13 10 38 11 36 31 39 28 15 18 27 7 22 30 24 42 45 17 50 8 3 2 34 21 40 32 49 43 19 26 23 5 46 48 25 20 14 

Inst_Index:7645 	 City_Num:50 	 Concorde:0.056745 	 MCTS:5.673365 Improve:0.001106 	 Time:5.00 Seconds
Solution: 1 14 32 34 23 22 44 39 50 40 19 4 46 42 7 17 13 6 36 9 49 43 27 5 30 18 48 2 20 3 28 11 25 33 15 26 47 37 21 45 24 29 41 38 31 35 16 12 8 10 

Inst_Index:7646 	 City_Num:50 	 Concorde:0.051968 	 MCTS:5.196777 Improve:0.000000 	 Time:5.00 Seconds
Solution: 1 39 36 27 3 26 42 20 46 43 8 2 24 6 31 47 50 9 49 17 16 12 29 41 32 7 40 44 19 38 18 30 25 33 10 15 34 4 13 5 37 48 21 35 28 45 14 23 11 22 

Inst_Index:7647 	 City_Num:50 	 Concorde:0.059562 	 MCTS:5.951531 Improve:0.004692 	 Time:5.00 Seconds
Solution: 1 47 14 6 37 46 34 48 21 22 42 33 29 50 8 38 3 32 13 16 5 7 35 27 45 15 9 31 36 11 43 4 17 28 10 18 2 25 40 24 12 20 49 39 19 30 26 41 23 44 

Inst_Index:7648 	 City_Num:50 	 Concorde:0.057899 	 MCTS:5.789886 Improve:0.000000 	 Time:5.00 Seconds
Solution: 1 4 38 2 26 19 27 48 16 44 28 13 15 17 43 49 5 39 46 31 7 25 24 45 30 35 36 18 12 37 14 42 20 23 8 29 22 41 47 10 3 50 6 32 11 33 40 21 34 9 

Inst_Index:7649 	 City_Num:50 	 Concorde:0.058210 	 MCTS:5.823459 Improve:-0.002464 	 Time:5.00 Seconds
Solution: 1 8 31 18 12 7 23 4 26 17 42 22 2 37 15 46 19 27 48 44 43 32 50 28 29 25 24 14 10 35 33 38 45 13 34 20 11 40 30 39 6 36 16 3 5 9 47 41 21 49 

Inst_Index:7650 	 City_Num:50 	 Concorde:0.060864 	 MCTS:6.086119 Improve:0.000314 	 Time:5.00 Seconds
Solution: 1 48 14 50 15 13 9 42 45 7 10 26 16 24 6 8 23 41 12 3 4 30 20 11 38 40 18 5 19 43 39 25 22 35 33 28 37 44 27 49 32 34 47 29 36 46 21 2 31 17 

Inst_Index:7651 	 City_Num:50 	 Concorde:0.054567 	 MCTS:5.453950 Improve:0.002798 	 Time:5.00 Seconds
Solution: 1 47 19 40 8 36 35 49 24 5 29 44 41 13 27 33 39 12 11 50 42 38 34 46 2 26 15 48 25 21 20 10 17 37 28 3 16 7 31 18 14 32 30 6 45 43 4 23 22 9 

Inst_Index:7652 	 City_Num:50 	 Concorde:0.057300 	 MCTS:5.730037 Improve:-0.000000 	 Time:5.00 Seconds
Solution: 1 16 33 5 34 12 31 37 36 45 25 43 39 44 20 46 19 21 3 26 7 9 22 2 42 14 23 10 40 30 28 41 4 35 49 24 27 38 15 32 11 18 8 48 6 29 13 17 47 50 

Inst_Index:7653 	 City_Num:50 	 Concorde:0.056928 	 MCTS:5.692782 Improve:-0.000000 	 Time:5.00 Seconds
Solution: 1 42 19 11 8 23 48 50 41 33 3 27 15 2 34 45 28 47 25 30 31 10 38 49 46 35 18 43 5 36 44 24 14 40 29 6 16 20 9 4 21 22 17 13 12 39 32 26 37 7 

Inst_Index:7654 	 City_Num:50 	 Concorde:0.056844 	 MCTS:5.684392 Improve:0.000000 	 Time:5.00 Seconds
Solution: 1 45 46 40 5 17 25 21 16 22 42 32 6 43 4 8 12 50 24 37 18 13 19 44 35 29 9 31 27 20 26 23 47 10 2 48 7 14 33 3 38 36 49 41 28 30 15 39 11 34 

Inst_Index:7655 	 City_Num:50 	 Concorde:0.057284 	 MCTS:5.728396 Improve:0.000000 	 Time:5.00 Seconds
Solution: 1 28 26 33 24 39 29 48 8 9 17 5 27 50 23 14 22 4 19 13 30 41 45 49 47 34 37 6 35 3 11 7 18 40 16 12 44 20 25 38 36 31 43 10 32 46 42 21 2 15 

Inst_Index:7656 	 City_Num:50 	 Concorde:0.056587 	 MCTS:5.658733 Improve:0.000000 	 Time:5.00 Seconds
Solution: 1 15 4 3 47 18 16 19 6 30 48 38 17 41 45 34 50 28 5 40 27 23 35 20 46 2 25 9 37 26 11 43 8 12 33 22 24 13 36 42 29 31 7 39 14 21 49 32 44 10 

Inst_Index:7657 	 City_Num:50 	 Concorde:0.062756 	 MCTS:6.275566 Improve:-0.000000 	 Time:5.00 Seconds
Solution: 1 18 24 43 48 4 10 21 28 38 50 32 31 44 7 35 19 6 33 41 49 36 11 8 9 3 27 37 34 20 2 39 26 30 13 14 45 46 40 22 16 23 42 25 47 29 5 17 15 12 

Inst_Index:7658 	 City_Num:50 	 Concorde:0.060320 	 MCTS:6.032030 Improve:0.000000 	 Time:5.00 Seconds
Solution: 1 50 42 4 32 44 12 35 24 16 28 13 7 3 25 33 5 9 27 14 6 45 38 21 15 20 2 8 41 17 46 49 34 10 18 40 39 30 47 29 36 26 11 22 48 19 43 23 37 31 

Inst_Index:7659 	 City_Num:50 	 Concorde:0.055946 	 MCTS:5.594551 Improve:0.000000 	 Time:5.00 Seconds
Solution: 1 17 13 8 22 50 4 34 30 28 49 3 11 37 44 18 15 21 47 5 7 45 38 27 9 14 16 26 41 46 36 40 33 35 25 6 23 39 12 43 42 19 29 48 32 24 10 20 2 31 

Inst_Index:7660 	 City_Num:50 	 Concorde:0.056351 	 MCTS:5.631956 Improve:0.003111 	 Time:5.00 Seconds
Solution: 1 43 15 20 32 29 31 46 41 47 3 14 5 21 6 49 24 25 26 27 30 38 8 13 34 4 2 40 50 7 39 48 11 42 45 23 37 28 18 10 44 9 33 17 36 12 22 16 19 35 

Inst_Index:7661 	 City_Num:50 	 Concorde:0.051625 	 MCTS:5.162493 Improve:0.000000 	 Time:5.00 Seconds
Solution: 1 3 25 48 37 23 43 40 19 46 45 35 11 34 18 13 27 20 24 29 49 36 2 38 14 39 26 30 10 22 6 44 21 7 41 50 5 15 42 9 12 16 28 4 32 33 31 17 8 47 

Inst_Index:7662 	 City_Num:50 	 Concorde:0.054564 	 MCTS:5.456399 Improve:0.000000 	 Time:5.00 Seconds
Solution: 1 5 21 35 42 27 19 30 45 10 48 15 29 40 2 7 18 11 16 25 37 36 8 50 39 34 13 17 20 33 14 47 4 41 49 43 38 9 32 46 26 31 12 28 22 6 44 24 23 3 

Inst_Index:7663 	 City_Num:50 	 Concorde:0.056785 	 MCTS:5.678527 Improve:0.000000 	 Time:5.01 Seconds
Solution: 1 16 11 34 4 39 8 10 38 35 29 19 47 32 42 27 40 36 2 9 45 46 50 43 31 13 21 3 33 28 6 26 7 14 30 23 22 18 24 12 17 41 37 15 5 49 25 48 44 20 

Inst_Index:7664 	 City_Num:50 	 Concorde:0.053596 	 MCTS:5.359562 Improve:0.000000 	 Time:5.01 Seconds
Solution: 1 8 47 40 9 5 42 48 35 39 21 24 11 20 37 16 4 28 26 41 46 45 30 32 7 3 49 15 22 29 12 27 31 17 50 44 14 33 36 34 10 38 43 6 13 2 23 18 25 19 

Inst_Index:7665 	 City_Num:50 	 Concorde:0.059805 	 MCTS:5.980512 Improve:0.000000 	 Time:5.00 Seconds
Solution: 1 2 5 16 12 45 20 10 34 18 43 19 29 33 30 8 50 37 7 39 41 28 23 36 13 6 49 24 32 48 46 38 42 35 47 27 4 9 25 31 22 44 11 40 3 17 14 26 21 15 

Inst_Index:7666 	 City_Num:50 	 Concorde:0.061507 	 MCTS:6.150686 Improve:-0.000000 	 Time:5.00 Seconds
Solution: 1 31 43 3 9 38 48 49 42 36 25 6 10 7 47 27 16 33 39 19 26 46 2 21 29 40 30 23 5 12 14 24 4 45 15 34 11 37 35 50 28 20 18 32 41 44 8 17 13 22 

Inst_Index:7667 	 City_Num:50 	 Concorde:0.057720 	 MCTS:5.767832 Improve:0.004195 	 Time:5.01 Seconds
Solution: 1 28 32 30 46 27 10 50 8 47 29 3 36 33 35 49 44 23 25 26 34 7 13 31 9 43 18 39 17 20 2 42 15 5 19 6 11 41 48 38 22 12 45 21 16 40 14 37 24 4 

Inst_Index:7668 	 City_Num:50 	 Concorde:0.059303 	 MCTS:5.943727 Improve:-0.013435 	 Time:5.00 Seconds
Solution: 1 15 29 12 38 45 19 41 32 7 8 6 14 22 43 47 35 3 36 16 11 34 50 28 27 9 13 42 30 25 44 17 5 18 20 26 24 10 40 39 21 46 31 2 49 37 33 4 23 48 

Inst_Index:7669 	 City_Num:50 	 Concorde:0.056808 	 MCTS:5.680775 Improve:0.000000 	 Time:5.00 Seconds
Solution: 1 39 26 16 17 47 44 12 46 22 25 2 14 31 37 18 36 34 7 6 40 20 13 15 43 4 38 29 50 3 30 32 45 24 8 10 5 28 35 41 9 42 48 49 23 21 33 27 11 19 

Inst_Index:7670 	 City_Num:50 	 Concorde:0.056606 	 MCTS:5.660619 Improve:0.000000 	 Time:5.00 Seconds
Solution: 1 46 6 42 5 23 9 11 24 14 19 22 17 45 37 49 26 18 32 16 29 35 44 50 40 33 41 34 12 4 2 7 39 20 43 36 10 25 21 48 15 27 38 8 13 3 47 30 31 28 

Inst_Index:7671 	 City_Num:50 	 Concorde:0.057730 	 MCTS:5.773002 Improve:-0.000000 	 Time:5.00 Seconds
Solution: 1 48 20 6 15 44 12 25 40 49 33 8 45 24 42 21 39 17 7 50 10 30 4 13 32 31 3 35 9 16 47 22 37 29 23 19 14 28 18 26 5 27 2 38 11 46 34 36 43 41 

Inst_Index:7672 	 City_Num:50 	 Concorde:0.058106 	 MCTS:5.810617 Improve:-0.000000 	 Time:5.00 Seconds
Solution: 1 46 22 23 40 37 8 27 36 38 33 7 39 42 21 6 47 44 19 45 24 48 13 35 15 10 16 2 50 4 26 3 31 17 14 43 9 32 12 30 18 49 29 34 11 25 41 28 5 20 

Inst_Index:7673 	 City_Num:50 	 Concorde:0.055426 	 MCTS:5.542620 Improve:0.000000 	 Time:5.02 Seconds
Solution: 1 26 43 35 28 18 19 37 7 23 33 6 25 31 22 30 44 24 45 2 8 50 21 4 32 36 16 5 3 48 42 29 11 34 9 14 15 49 40 12 38 20 10 27 13 41 39 17 46 47 

Inst_Index:7674 	 City_Num:50 	 Concorde:0.050012 	 MCTS:5.001204 Improve:-0.000000 	 Time:5.00 Seconds
Solution: 1 29 46 28 5 12 11 4 50 2 37 41 43 18 9 45 13 26 44 36 34 47 3 22 40 25 35 30 14 39 20 10 31 15 42 6 27 17 49 8 21 16 33 24 23 19 7 32 48 38 

Inst_Index:7675 	 City_Num:50 	 Concorde:0.056968 	 MCTS:5.690422 Improve:0.006422 	 Time:5.00 Seconds
Solution: 1 27 11 34 42 40 7 14 41 30 43 13 21 47 29 9 38 28 17 18 6 24 15 23 8 32 48 33 50 25 26 31 45 36 22 12 44 5 2 39 20 49 46 19 4 10 16 3 35 37 

Inst_Index:7676 	 City_Num:50 	 Concorde:0.061191 	 MCTS:6.119052 Improve:0.000000 	 Time:5.00 Seconds
Solution: 1 34 9 20 47 40 3 41 33 17 10 22 43 45 8 13 44 30 46 24 26 31 27 23 14 49 19 11 5 29 12 28 39 37 6 2 36 15 32 4 48 7 18 50 42 38 21 25 16 35 

Inst_Index:7677 	 City_Num:50 	 Concorde:0.056668 	 MCTS:5.666813 Improve:0.000000 	 Time:5.00 Seconds
Solution: 1 3 26 14 24 12 35 49 48 44 37 6 20 16 46 22 10 31 39 13 43 15 42 19 2 45 5 36 50 17 29 11 30 21 33 41 9 7 25 47 32 38 23 27 4 40 34 18 28 8 

Inst_Index:7678 	 City_Num:50 	 Concorde:0.057207 	 MCTS:5.720661 Improve:-0.000000 	 Time:5.00 Seconds
Solution: 1 7 27 44 15 26 20 12 19 10 21 31 13 36 14 38 3 46 16 45 32 24 18 30 47 43 33 39 4 50 35 25 22 34 41 9 40 48 11 6 28 8 37 42 5 49 17 23 2 29 

Inst_Index:7679 	 City_Num:50 	 Concorde:0.056046 	 MCTS:5.604612 Improve:0.000000 	 Time:5.01 Seconds
Solution: 1 49 42 25 40 39 46 17 26 19 23 4 48 31 24 11 45 37 22 29 15 13 41 27 18 44 8 10 7 2 32 43 33 47 30 36 12 6 14 35 3 20 16 38 5 21 50 9 34 28 

Inst_Index:7680 	 City_Num:50 	 Concorde:0.055572 	 MCTS:5.557159 Improve:0.000000 	 Time:5.01 Seconds
Solution: 1 31 15 14 27 48 28 5 50 20 38 40 26 8 42 7 30 36 22 44 3 13 32 12 18 17 41 6 39 11 16 23 46 2 37 35 4 25 19 49 10 33 47 34 21 45 24 29 9 43 

Inst_Index:7681 	 City_Num:50 	 Concorde:0.057463 	 MCTS:5.764989 Improve:-0.018650 	 Time:5.00 Seconds
Solution: 1 12 46 24 32 29 8 33 38 50 15 23 39 49 17 7 9 30 19 27 37 20 26 43 6 35 25 47 34 22 31 18 14 16 40 42 10 5 4 28 48 41 3 45 13 11 36 44 2 21 

Inst_Index:7682 	 City_Num:50 	 Concorde:0.055682 	 MCTS:5.568206 Improve:0.000000 	 Time:5.01 Seconds
Solution: 1 9 22 43 27 8 42 14 49 13 36 32 41 5 45 28 19 29 16 24 7 40 10 6 47 33 15 46 25 31 34 35 39 3 17 21 20 12 2 50 18 48 11 38 44 30 26 23 37 4 

Inst_Index:7683 	 City_Num:50 	 Concorde:0.057676 	 MCTS:5.762665 Improve:0.004912 	 Time:5.00 Seconds
Solution: 1 13 25 7 44 45 47 16 6 26 31 17 10 3 37 50 28 48 36 19 15 46 30 42 27 33 24 8 35 5 18 40 9 41 12 34 38 39 49 20 21 22 2 32 43 14 11 29 4 23 

Inst_Index:7684 	 City_Num:50 	 Concorde:0.057238 	 MCTS:5.719601 Improve:0.004188 	 Time:5.00 Seconds
Solution: 1 24 5 22 18 20 38 12 14 27 16 48 13 45 42 11 2 44 47 23 15 26 19 40 17 6 7 21 29 41 49 34 9 32 33 50 37 28 25 46 10 30 3 31 39 4 35 36 43 8 

Inst_Index:7685 	 City_Num:50 	 Concorde:0.054256 	 MCTS:5.425612 Improve:-0.000000 	 Time:5.00 Seconds
Solution: 1 7 28 29 27 21 41 14 22 18 34 6 43 40 32 35 17 11 2 5 50 15 13 25 16 20 49 31 26 47 37 39 3 44 45 9 48 23 30 4 8 19 10 12 42 46 38 36 33 24 

Inst_Index:7686 	 City_Num:50 	 Concorde:0.063013 	 MCTS:6.301261 Improve:-0.000000 	 Time:5.01 Seconds
Solution: 1 39 32 14 12 37 29 28 38 45 49 27 2 24 8 17 22 6 25 16 19 4 18 20 35 26 36 33 48 34 50 43 40 42 10 13 31 41 46 11 47 44 9 23 21 15 5 7 30 3 

Inst_Index:7687 	 City_Num:50 	 Concorde:0.056837 	 MCTS:5.682321 Improve:0.001373 	 Time:5.00 Seconds
Solution: 1 33 22 45 5 18 28 39 23 31 34 10 50 44 11 19 29 26 9 16 21 13 3 48 14 15 35 24 42 38 32 30 41 4 47 7 2 43 12 6 25 20 27 49 8 17 46 36 40 37 

Inst_Index:7688 	 City_Num:50 	 Concorde:0.056833 	 MCTS:5.683274 Improve:-0.000000 	 Time:5.00 Seconds
Solution: 1 14 23 44 36 22 38 33 37 35 27 17 30 13 21 25 6 28 5 41 43 4 16 46 50 15 31 47 11 10 8 9 2 26 48 39 20 29 7 3 24 45 42 18 12 34 19 49 32 40 

Inst_Index:7689 	 City_Num:50 	 Concorde:0.055311 	 MCTS:5.531140 Improve:0.000000 	 Time:5.00 Seconds
Solution: 1 6 43 9 50 37 44 48 35 38 5 18 31 21 7 23 28 4 40 36 2 12 39 32 26 29 25 41 45 30 34 3 10 27 22 17 24 47 11 42 13 15 8 14 16 46 33 19 49 20 

Inst_Index:7690 	 City_Num:50 	 Concorde:0.056611 	 MCTS:5.661103 Improve:-0.000000 	 Time:5.00 Seconds
Solution: 1 23 26 2 19 49 13 11 21 28 9 6 44 32 50 25 10 29 30 43 45 4 46 27 12 35 3 31 5 40 36 16 22 34 48 18 39 41 33 24 8 15 7 47 14 38 37 17 42 20 

Inst_Index:7691 	 City_Num:50 	 Concorde:0.053005 	 MCTS:5.300538 Improve:-0.000074 	 Time:5.01 Seconds
Solution: 1 11 7 43 24 28 4 31 14 20 38 5 32 48 13 44 16 35 41 42 6 26 45 2 37 50 22 19 15 27 18 36 12 25 8 39 33 9 21 23 47 17 30 46 3 34 10 40 29 49 

Inst_Index:7692 	 City_Num:50 	 Concorde:0.057339 	 MCTS:5.733864 Improve:0.000000 	 Time:5.00 Seconds
Solution: 1 27 18 20 15 10 46 19 40 32 30 31 36 25 28 6 3 7 39 5 50 47 9 42 23 22 17 24 29 45 48 16 38 4 2 26 11 35 8 41 49 37 14 21 44 43 13 34 33 12 

Inst_Index:7693 	 City_Num:50 	 Concorde:0.058497 	 MCTS:5.846812 Improve:0.002908 	 Time:5.00 Seconds
Solution: 1 38 9 36 42 28 32 3 47 31 45 40 37 4 30 46 24 33 50 13 16 7 15 27 23 22 19 10 5 48 8 26 6 49 35 41 2 43 34 17 25 44 29 39 12 20 11 18 21 14 

Inst_Index:7694 	 City_Num:50 	 Concorde:0.055428 	 MCTS:5.542778 Improve:0.000000 	 Time:5.01 Seconds
Solution: 1 4 10 9 38 50 13 7 47 17 36 42 34 24 3 35 14 26 25 40 32 16 12 19 31 28 27 15 37 46 21 23 11 39 29 44 43 5 2 45 30 20 22 18 49 41 8 48 33 6 

Inst_Index:7695 	 City_Num:50 	 Concorde:0.053939 	 MCTS:5.390380 Improve:0.003532 	 Time:5.01 Seconds
Solution: 1 32 17 48 6 12 25 37 24 4 2 47 21 7 5 28 20 19 46 43 35 10 50 38 29 3 30 36 14 41 22 45 11 23 34 40 26 16 9 42 31 44 13 33 8 18 39 15 49 27 

Inst_Index:7696 	 City_Num:50 	 Concorde:0.054471 	 MCTS:5.446784 Improve:0.000298 	 Time:5.00 Seconds
Solution: 1 3 34 7 19 20 10 41 23 46 15 18 11 39 36 27 35 6 13 38 44 21 49 24 25 50 45 43 32 42 30 33 5 28 22 48 47 8 9 14 37 17 40 4 31 2 16 29 26 12 

Inst_Index:7697 	 City_Num:50 	 Concorde:0.053191 	 MCTS:5.318937 Improve:0.000152 	 Time:5.00 Seconds
Solution: 1 49 32 9 15 33 37 26 2 18 39 24 8 19 38 36 5 43 50 25 35 13 16 40 14 7 30 17 34 27 29 44 3 22 21 41 28 20 4 10 12 31 45 11 47 6 46 42 23 48 

Inst_Index:7698 	 City_Num:50 	 Concorde:0.057426 	 MCTS:5.742589 Improve:0.000000 	 Time:5.00 Seconds
Solution: 1 41 6 19 11 23 39 30 45 36 29 42 40 20 25 15 9 49 13 48 47 26 22 31 27 43 10 33 46 24 50 44 21 3 7 5 17 34 4 12 32 37 28 8 2 14 35 38 18 16 

Inst_Index:7699 	 City_Num:50 	 Concorde:0.058705 	 MCTS:5.869048 Improve:0.001407 	 Time:5.00 Seconds
Solution: 1 29 40 20 31 32 11 39 14 18 13 6 7 49 44 48 36 4 23 47 3 42 10 8 45 16 35 15 33 28 22 21 34 50 46 9 37 19 17 25 38 26 12 24 5 30 43 27 41 2 

Inst_Index:7700 	 City_Num:50 	 Concorde:0.062043 	 MCTS:6.193706 Improve:0.010596 	 Time:5.00 Seconds
Solution: 1 18 24 32 40 47 39 3 19 43 36 7 16 6 46 48 10 50 38 2 15 35 22 41 42 33 31 27 29 30 12 14 45 8 26 23 44 13 49 4 28 5 20 37 9 17 21 34 25 11 

Inst_Index:7701 	 City_Num:50 	 Concorde:0.052020 	 MCTS:5.201987 Improve:0.000000 	 Time:5.00 Seconds
Solution: 1 16 32 5 6 45 2 43 37 25 28 21 38 26 50 13 49 22 46 36 41 30 10 23 35 20 24 29 44 27 42 11 7 47 39 3 4 33 15 14 17 19 40 8 9 12 48 31 34 18 

Inst_Index:7702 	 City_Num:50 	 Concorde:0.054301 	 MCTS:5.428363 Improve:0.001738 	 Time:5.01 Seconds
Solution: 1 2 22 16 11 49 40 32 3 15 9 44 20 28 42 43 18 37 33 26 38 17 25 6 23 24 36 19 7 8 10 13 21 14 27 39 4 5 48 46 47 41 31 34 29 30 50 12 35 45 

Inst_Index:7703 	 City_Num:50 	 Concorde:0.052912 	 MCTS:5.291159 Improve:0.000000 	 Time:5.01 Seconds
Solution: 1 43 8 45 38 39 9 12 49 3 2 31 20 17 36 46 16 24 50 33 25 37 14 41 32 4 13 6 29 15 48 5 30 44 11 47 40 22 7 35 18 10 23 28 19 21 27 34 26 42 

Inst_Index:7704 	 City_Num:50 	 Concorde:0.058232 	 MCTS:5.823229 Improve:-0.000000 	 Time:5.00 Seconds
Solution: 1 49 3 5 29 39 18 13 38 6 31 12 9 2 46 32 34 33 36 47 19 26 22 41 25 20 50 7 14 21 27 4 48 28 42 43 24 37 17 11 16 44 15 40 45 10 30 8 23 35 

Inst_Index:7705 	 City_Num:50 	 Concorde:0.059663 	 MCTS:5.966292 Improve:0.000000 	 Time:5.00 Seconds
Solution: 1 33 3 32 27 35 41 49 50 17 8 47 26 46 38 11 45 5 48 25 16 24 37 44 6 40 9 23 19 29 13 15 34 21 14 36 18 28 31 7 12 2 43 30 42 10 39 22 20 4 

Inst_Index:7706 	 City_Num:50 	 Concorde:0.057993 	 MCTS:5.799300 Improve:-0.000000 	 Time:5.00 Seconds
Solution: 1 28 29 10 23 8 16 25 4 50 22 34 7 2 43 26 11 19 45 46 21 31 9 37 41 6 13 30 39 32 35 36 27 44 24 14 17 20 12 42 47 3 5 33 49 40 48 38 15 18 

Inst_Index:7707 	 City_Num:50 	 Concorde:0.051301 	 MCTS:5.130098 Improve:0.000000 	 Time:5.00 Seconds
Solution: 1 28 22 37 34 23 45 29 17 3 36 20 49 50 8 7 9 38 19 10 26 43 15 2 12 46 21 13 35 47 40 33 42 41 31 18 44 5 48 14 6 11 32 30 25 16 27 24 4 39 

Inst_Index:7708 	 City_Num:50 	 Concorde:0.057331 	 MCTS:5.733124 Improve:-0.000000 	 Time:5.00 Seconds
Solution: 1 33 23 32 2 47 17 24 21 44 18 31 3 26 25 45 30 39 16 27 46 14 22 20 19 38 37 8 10 29 6 43 15 28 42 7 5 13 49 41 35 9 50 4 12 48 34 11 40 36 

Inst_Index:7709 	 City_Num:50 	 Concorde:0.062629 	 MCTS:6.262907 Improve:-0.000000 	 Time:5.01 Seconds
Solution: 1 22 40 21 7 10 24 3 38 26 43 27 29 23 48 30 34 44 4 13 42 5 14 19 45 25 8 37 49 6 28 2 16 20 9 47 32 33 35 50 15 39 36 12 41 31 11 46 18 17 

Inst_Index:7710 	 City_Num:50 	 Concorde:0.055810 	 MCTS:5.576760 Improve:0.004256 	 Time:5.02 Seconds
Solution: 1 29 44 2 27 10 13 26 41 25 40 49 42 5 15 38 39 3 24 37 33 18 12 35 6 43 45 47 48 8 20 16 11 9 50 22 46 19 14 34 36 30 7 31 32 4 23 17 28 21 

Inst_Index:7711 	 City_Num:50 	 Concorde:0.057169 	 MCTS:5.716850 Improve:0.000026 	 Time:5.01 Seconds
Solution: 1 34 21 10 18 50 40 27 39 20 8 28 35 6 31 25 22 48 41 4 30 38 47 42 37 49 3 5 17 44 7 45 46 9 43 13 32 15 23 33 16 14 2 19 12 36 24 26 11 29 

Inst_Index:7712 	 City_Num:50 	 Concorde:0.052545 	 MCTS:5.254502 Improve:0.000000 	 Time:5.00 Seconds
Solution: 1 40 38 25 22 7 2 13 10 27 42 50 26 35 14 3 39 30 49 4 34 9 15 44 19 46 32 45 20 43 31 24 18 21 23 28 12 48 5 8 29 41 47 11 33 36 16 6 17 37 

Inst_Index:7713 	 City_Num:50 	 Concorde:0.058035 	 MCTS:5.796460 Improve:0.007032 	 Time:5.00 Seconds
Solution: 1 5 10 19 47 36 12 42 2 38 27 16 14 15 49 46 33 35 26 22 34 30 4 7 6 45 31 28 32 29 24 41 20 39 44 13 11 8 21 25 37 23 3 40 50 18 17 9 48 43 

Inst_Index:7714 	 City_Num:50 	 Concorde:0.057210 	 MCTS:5.718057 Improve:0.002911 	 Time:5.01 Seconds
Solution: 1 47 26 3 45 5 29 27 10 8 14 40 33 25 23 35 37 50 34 22 9 13 2 24 36 6 46 31 44 11 38 42 32 18 49 15 41 19 48 21 28 7 39 43 17 20 16 12 4 30 

Inst_Index:7715 	 City_Num:50 	 Concorde:0.057070 	 MCTS:5.706957 Improve:-0.000000 	 Time:5.01 Seconds
Solution: 1 26 47 28 12 49 25 45 33 10 7 50 38 4 29 16 19 21 9 44 8 3 24 34 22 27 20 11 14 6 32 2 30 13 43 18 31 5 37 17 48 41 40 46 35 15 39 42 23 36 

Inst_Index:7716 	 City_Num:50 	 Concorde:0.052997 	 MCTS:5.299716 Improve:0.000000 	 Time:5.00 Seconds
Solution: 1 19 24 26 14 35 5 4 12 22 9 3 2 16 28 36 27 47 18 38 20 40 39 7 48 33 41 15 37 29 31 50 11 30 10 23 45 49 8 34 25 17 44 32 21 13 6 43 46 42 

Inst_Index:7717 	 City_Num:50 	 Concorde:0.059576 	 MCTS:5.951367 Improve:0.006250 	 Time:5.00 Seconds
Solution: 1 43 40 25 24 19 48 50 31 15 2 28 36 12 18 42 33 3 20 4 30 38 44 5 39 37 49 45 46 8 11 27 22 47 23 14 21 9 10 26 17 7 13 6 41 32 35 29 34 16 

Inst_Index:7718 	 City_Num:50 	 Concorde:0.058616 	 MCTS:5.858996 Improve:0.002589 	 Time:5.00 Seconds
Solution: 1 38 5 48 23 41 9 33 25 47 22 14 45 24 49 37 4 6 10 32 11 35 50 15 46 17 13 3 31 39 18 8 30 26 20 7 43 21 19 40 28 36 12 29 42 27 16 34 2 44 

Inst_Index:7719 	 City_Num:50 	 Concorde:0.058334 	 MCTS:5.833355 Improve:-0.000000 	 Time:5.00 Seconds
Solution: 1 29 20 9 16 31 42 22 17 19 10 38 7 24 3 28 36 48 37 12 41 21 6 34 50 47 5 2 49 30 25 44 13 40 14 8 4 43 27 39 32 46 15 33 45 18 23 35 11 26 

Inst_Index:7720 	 City_Num:50 	 Concorde:0.054002 	 MCTS:5.399495 Improve:0.000671 	 Time:5.00 Seconds
Solution: 1 49 43 15 35 20 27 46 41 45 19 16 48 29 11 44 6 8 33 24 23 21 42 32 2 40 30 47 50 39 36 5 14 37 34 26 3 10 31 4 7 22 9 38 12 28 25 13 17 18 

Inst_Index:7721 	 City_Num:50 	 Concorde:0.056931 	 MCTS:5.693133 Improve:0.000000 	 Time:5.00 Seconds
Solution: 1 11 47 9 5 26 38 43 19 25 8 10 48 24 37 35 22 30 4 45 18 33 6 42 27 21 14 46 34 40 20 17 49 36 15 7 23 28 3 13 12 16 50 29 32 31 41 39 2 44 

Inst_Index:7722 	 City_Num:50 	 Concorde:0.060184 	 MCTS:6.018424 Improve:0.000000 	 Time:5.00 Seconds
Solution: 1 3 15 26 29 39 22 27 2 44 12 46 49 32 16 6 8 34 33 23 14 20 42 4 31 30 25 41 9 28 5 45 24 35 38 40 21 43 13 7 10 48 36 47 18 19 17 11 37 50 

Inst_Index:7723 	 City_Num:50 	 Concorde:0.054376 	 MCTS:5.437557 Improve:0.000000 	 Time:5.00 Seconds
Solution: 1 27 33 3 45 15 37 32 36 48 12 24 46 9 39 6 21 4 31 17 44 35 50 42 11 23 14 16 7 18 43 19 38 40 10 2 26 29 13 20 8 47 5 34 30 22 49 28 41 25 

Inst_Index:7724 	 City_Num:50 	 Concorde:0.057438 	 MCTS:5.743791 Improve:-0.000000 	 Time:5.00 Seconds
Solution: 1 36 26 4 30 41 13 9 15 23 8 18 5 17 27 2 28 7 46 35 24 32 16 22 33 34 50 37 42 45 39 19 25 38 10 11 20 49 14 47 44 29 6 21 43 3 12 40 31 48 

Inst_Index:7725 	 City_Num:50 	 Concorde:0.053241 	 MCTS:5.324056 Improve:0.000000 	 Time:5.00 Seconds
Solution: 1 48 2 37 43 19 49 7 9 41 46 14 3 20 6 10 22 36 11 42 8 17 21 13 33 18 27 24 23 31 12 29 28 45 25 34 32 30 38 4 44 47 26 50 15 40 5 39 35 16 

Inst_Index:7726 	 City_Num:50 	 Concorde:0.055567 	 MCTS:5.556731 Improve:0.000000 	 Time:5.00 Seconds
Solution: 1 42 17 31 6 4 9 32 41 45 33 13 38 21 48 20 49 18 47 30 7 11 23 34 24 22 16 29 35 50 2 5 15 28 14 43 25 36 3 40 37 39 27 8 12 10 44 26 46 19 

Inst_Index:7727 	 City_Num:50 	 Concorde:0.057273 	 MCTS:5.727272 Improve:-0.000000 	 Time:5.00 Seconds
Solution: 1 30 37 27 32 4 10 7 34 43 5 42 50 35 23 13 21 17 8 24 40 31 29 11 44 47 38 16 45 48 41 3 9 25 36 46 6 19 22 18 20 33 15 49 39 2 28 12 14 26 

Inst_Index:7728 	 City_Num:50 	 Concorde:0.055060 	 MCTS:5.506007 Improve:-0.000000 	 Time:5.01 Seconds
Solution: 1 31 29 8 5 30 27 16 32 22 25 43 26 21 24 12 46 39 20 10 41 19 18 23 14 34 37 15 38 42 13 6 7 47 49 11 50 4 35 33 44 17 36 9 28 2 3 45 40 48 

Inst_Index:7729 	 City_Num:50 	 Concorde:0.055607 	 MCTS:5.560668 Improve:0.000000 	 Time:5.00 Seconds
Solution: 1 48 23 6 28 21 24 39 46 49 2 14 11 34 37 19 15 33 8 17 42 40 35 18 47 32 30 29 16 38 25 12 20 10 41 31 50 36 5 43 9 4 27 45 44 3 13 26 7 22 

Inst_Index:7730 	 City_Num:50 	 Concorde:0.056297 	 MCTS:5.629679 Improve:0.000000 	 Time:5.00 Seconds
Solution: 1 10 35 3 4 7 26 5 43 36 48 45 6 19 28 42 39 29 23 15 31 41 50 17 18 9 49 33 14 22 8 34 46 27 12 16 25 21 44 37 47 11 30 38 32 40 24 2 13 20 

Inst_Index:7731 	 City_Num:50 	 Concorde:0.058698 	 MCTS:5.865450 Improve:0.004352 	 Time:5.00 Seconds
Solution: 1 17 28 27 37 19 26 30 39 7 47 9 3 33 12 46 15 41 38 48 31 21 22 13 5 50 42 10 11 4 2 32 40 25 8 44 43 45 24 14 23 20 35 49 36 6 18 16 29 34 

Inst_Index:7732 	 City_Num:50 	 Concorde:0.053822 	 MCTS:5.377711 Improve:0.004516 	 Time:5.01 Seconds
Solution: 1 22 18 37 20 31 46 42 38 30 29 44 32 23 36 35 14 2 49 17 8 34 7 21 47 6 45 48 3 16 39 25 27 28 50 15 24 41 5 9 10 26 19 4 11 12 33 13 43 40 

Inst_Index:7733 	 City_Num:50 	 Concorde:0.056078 	 MCTS:5.607752 Improve:0.000000 	 Time:5.00 Seconds
Solution: 1 16 45 37 30 44 29 47 6 3 19 24 50 7 26 2 41 46 27 31 12 8 14 48 15 34 11 42 35 13 36 25 40 49 39 18 5 10 21 9 22 28 4 23 20 17 38 33 32 43 

Inst_Index:7734 	 City_Num:50 	 Concorde:0.057967 	 MCTS:5.796134 Improve:0.000579 	 Time:5.00 Seconds
Solution: 1 2 50 40 31 9 22 33 46 41 37 39 15 23 49 29 17 35 12 21 8 44 16 30 3 32 43 11 26 18 5 13 20 34 6 14 19 42 25 24 48 45 36 47 28 10 27 7 38 4 

Inst_Index:7735 	 City_Num:50 	 Concorde:0.056093 	 MCTS:5.609288 Improve:0.000000 	 Time:5.00 Seconds
Solution: 1 19 33 8 42 3 13 18 39 37 6 14 40 27 36 12 45 34 17 49 41 10 20 43 11 26 47 46 24 38 9 32 28 4 7 25 5 15 31 23 29 30 16 44 35 22 48 2 21 50 

Inst_Index:7736 	 City_Num:50 	 Concorde:0.058086 	 MCTS:5.808631 Improve:0.000000 	 Time:5.00 Seconds
Solution: 1 39 46 8 16 24 43 26 7 28 36 35 20 5 13 17 37 14 44 34 30 4 48 15 11 47 21 23 42 2 19 9 32 12 3 22 25 41 29 10 45 27 38 6 40 33 31 18 50 49 

Inst_Index:7737 	 City_Num:50 	 Concorde:0.056441 	 MCTS:5.644147 Improve:0.000000 	 Time:5.00 Seconds
Solution: 1 48 5 6 25 19 7 49 10 24 15 41 31 43 17 3 38 20 16 12 34 42 9 46 14 40 18 22 50 45 37 44 23 26 21 13 27 2 11 30 4 36 39 33 32 29 28 8 47 35 

Inst_Index:7738 	 City_Num:50 	 Concorde:0.059750 	 MCTS:5.975016 Improve:0.000000 	 Time:5.00 Seconds
Solution: 1 13 37 14 15 48 8 38 16 19 28 27 6 33 11 10 7 46 4 22 9 45 29 17 43 30 39 25 50 31 20 35 49 3 44 23 26 42 12 36 41 2 47 18 40 32 34 24 21 5 

Inst_Index:7739 	 City_Num:50 	 Concorde:0.056269 	 MCTS:5.620149 Improve:0.006747 	 Time:5.01 Seconds
Solution: 1 4 34 50 7 41 17 27 35 13 25 31 40 2 47 46 29 49 16 12 43 28 39 9 26 32 21 19 24 37 15 30 22 18 45 23 33 11 6 42 3 38 5 8 20 44 10 48 14 36 

Inst_Index:7740 	 City_Num:50 	 Concorde:0.056319 	 MCTS:5.630532 Improve:0.001408 	 Time:5.00 Seconds
Solution: 1 48 24 2 31 26 29 34 5 4 45 43 10 18 21 3 47 50 13 19 28 30 16 42 37 7 8 35 20 9 14 36 46 38 6 49 32 44 22 12 39 15 40 25 27 41 11 33 17 23 

Inst_Index:7741 	 City_Num:50 	 Concorde:0.056542 	 MCTS:5.650992 Improve:0.003170 	 Time:5.00 Seconds
Solution: 1 10 22 50 39 37 3 38 27 30 13 45 40 19 4 16 44 23 43 29 9 2 36 15 21 32 31 48 28 24 42 41 14 33 11 5 25 46 47 12 7 34 17 8 35 6 18 20 49 26 

Inst_Index:7742 	 City_Num:50 	 Concorde:0.062565 	 MCTS:6.254270 Improve:0.002216 	 Time:5.00 Seconds
Solution: 1 21 30 19 32 37 13 16 50 38 24 49 39 26 27 36 8 29 7 28 34 6 25 3 45 46 20 31 43 5 9 47 17 15 2 40 44 12 42 33 18 35 22 11 10 23 41 48 4 14 

Inst_Index:7743 	 City_Num:50 	 Concorde:0.058175 	 MCTS:5.888624 Improve:-0.071103 	 Time:5.00 Seconds
Solution: 1 26 32 44 39 38 15 7 40 3 27 12 20 19 18 13 24 4 33 22 50 11 14 35 8 43 5 42 10 23 41 28 6 21 17 36 9 2 47 48 46 29 37 34 25 49 45 30 16 31 

Inst_Index:7744 	 City_Num:50 	 Concorde:0.055811 	 MCTS:5.576017 Improve:0.005061 	 Time:5.00 Seconds
Solution: 1 42 22 23 19 34 32 15 30 38 37 40 16 11 4 7 39 17 49 47 24 28 48 26 9 27 2 35 50 12 46 6 29 21 31 36 33 8 44 3 5 25 14 20 18 13 45 43 10 41 

Inst_Index:7745 	 City_Num:50 	 Concorde:0.049153 	 MCTS:4.915260 Improve:-0.000000 	 Time:5.00 Seconds
Solution: 1 27 9 14 12 46 18 13 35 10 34 39 42 48 40 49 31 2 37 19 5 23 33 50 21 47 16 6 26 24 11 29 22 3 17 41 38 43 25 7 36 15 45 8 4 28 44 20 30 32 

Inst_Index:7746 	 City_Num:50 	 Concorde:0.052723 	 MCTS:5.270833 Improve:0.001501 	 Time:5.00 Seconds
Solution: 1 16 2 5 13 37 21 23 46 35 34 43 50 14 8 6 45 44 32 26 24 38 19 9 7 48 20 42 12 25 22 4 33 31 27 41 17 28 40 49 3 18 36 30 39 29 10 47 15 11 

Inst_Index:7747 	 City_Num:50 	 Concorde:0.059821 	 MCTS:5.982051 Improve:0.000000 	 Time:5.00 Seconds
Solution: 1 33 48 20 47 25 44 49 29 42 21 23 7 36 8 18 39 34 32 37 16 19 30 28 24 14 11 27 31 35 3 6 13 45 9 38 2 50 17 10 41 40 43 46 15 12 4 22 26 5 

Inst_Index:7748 	 City_Num:50 	 Concorde:0.055524 	 MCTS:5.552370 Improve:0.000000 	 Time:5.01 Seconds
Solution: 1 42 12 17 26 35 11 30 32 41 15 40 23 19 14 22 31 24 43 29 4 47 21 25 16 28 38 33 48 18 27 5 2 36 13 45 44 8 50 9 3 49 39 34 10 7 37 46 6 20 

Inst_Index:7749 	 City_Num:50 	 Concorde:0.059449 	 MCTS:5.942954 Improve:0.001944 	 Time:5.01 Seconds
Solution: 1 47 4 16 31 18 40 34 26 23 30 28 32 15 10 17 9 12 14 7 45 19 5 46 50 8 37 21 44 25 41 3 48 2 33 20 38 42 36 11 29 49 6 27 43 35 22 24 39 13 

Inst_Index:7750 	 City_Num:50 	 Concorde:0.053892 	 MCTS:5.388132 Improve:0.001105 	 Time:5.00 Seconds
Solution: 1 36 27 42 11 50 18 10 20 32 24 30 17 40 21 9 45 49 29 5 46 23 26 47 48 43 39 33 14 22 31 7 41 12 34 44 35 3 8 38 13 37 6 16 4 25 2 15 19 28 

Inst_Index:7751 	 City_Num:50 	 Concorde:0.056913 	 MCTS:5.691284 Improve:-0.000000 	 Time:5.00 Seconds
Solution: 1 5 40 42 23 50 46 21 14 26 47 10 4 25 2 33 22 37 44 35 12 48 19 32 28 16 49 36 31 27 13 45 17 7 43 11 39 3 9 24 30 38 34 18 6 8 15 41 29 20 

Inst_Index:7752 	 City_Num:50 	 Concorde:0.049483 	 MCTS:4.943417 Improve:0.004873 	 Time:5.00 Seconds
Solution: 1 18 44 16 41 20 43 48 30 26 11 24 7 8 2 37 14 49 35 45 17 42 31 4 15 6 36 28 47 34 39 29 50 46 27 9 22 32 5 10 23 12 13 21 19 25 3 33 38 40 

Inst_Index:7753 	 City_Num:50 	 Concorde:0.056275 	 MCTS:5.633497 Improve:-0.005987 	 Time:5.01 Seconds
Solution: 1 29 24 18 50 26 38 15 16 2 33 12 5 41 23 39 13 25 32 4 35 19 22 6 36 42 30 14 11 37 44 46 27 43 49 20 34 47 10 17 48 9 7 31 40 3 21 28 8 45 

Inst_Index:7754 	 City_Num:50 	 Concorde:0.057569 	 MCTS:5.756095 Improve:0.000826 	 Time:5.00 Seconds
Solution: 1 6 35 43 42 22 26 45 33 5 49 21 38 27 17 32 37 4 40 31 14 30 50 13 24 29 20 25 46 34 23 28 39 12 7 9 11 16 10 19 48 15 47 44 2 8 36 41 3 18 

Inst_Index:7755 	 City_Num:50 	 Concorde:0.055463 	 MCTS:5.546268 Improve:-0.000000 	 Time:5.01 Seconds
Solution: 1 43 15 12 11 26 32 45 36 5 42 25 44 21 20 27 29 33 50 30 22 38 34 7 16 46 49 4 8 3 39 9 23 48 31 6 24 17 47 19 14 28 35 41 13 18 40 37 10 2 

Inst_Index:7756 	 City_Num:50 	 Concorde:0.059205 	 MCTS:5.920497 Improve:0.000000 	 Time:5.01 Seconds
Solution: 1 8 45 2 41 25 50 15 32 30 38 4 17 10 3 36 42 6 21 7 46 35 48 28 43 12 27 34 13 29 47 9 31 16 23 49 33 20 44 22 5 24 11 37 18 14 19 26 40 39 

Inst_Index:7757 	 City_Num:50 	 Concorde:0.059697 	 MCTS:5.969714 Improve:0.000000 	 Time:5.01 Seconds
Solution: 1 27 23 7 45 48 32 22 39 37 4 5 25 33 21 36 47 46 28 41 24 34 50 17 43 35 10 44 15 16 38 9 12 29 3 20 18 13 42 19 11 49 30 40 26 31 8 2 14 6 

Inst_Index:7758 	 City_Num:50 	 Concorde:0.056241 	 MCTS:5.623894 Improve:0.000211 	 Time:5.00 Seconds
Solution: 1 3 49 13 47 44 31 39 4 32 46 35 5 14 45 16 28 7 33 2 21 27 25 41 26 34 8 15 17 37 6 9 38 50 48 24 30 12 11 40 23 36 43 20 22 42 10 18 29 19 

Inst_Index:7759 	 City_Num:50 	 Concorde:0.061716 	 MCTS:6.171556 Improve:-0.000000 	 Time:5.00 Seconds
Solution: 1 48 23 10 50 18 30 24 43 14 49 3 29 8 6 37 20 46 42 9 5 26 36 38 39 47 33 34 25 40 15 31 35 17 12 16 22 45 4 21 11 2 13 44 28 19 7 41 27 32 

Inst_Index:7760 	 City_Num:50 	 Concorde:0.057657 	 MCTS:5.765665 Improve:-0.000000 	 Time:5.01 Seconds
Solution: 1 33 25 35 26 29 28 22 10 11 38 5 47 50 17 19 21 13 40 42 27 7 46 15 45 44 6 16 31 39 23 41 49 32 36 43 8 9 30 24 18 12 20 2 14 3 48 4 34 37 

Inst_Index:7761 	 City_Num:50 	 Concorde:0.054891 	 MCTS:5.488425 Improve:0.000724 	 Time:5.00 Seconds
Solution: 1 43 35 17 7 38 21 10 8 49 23 19 27 32 5 50 36 30 15 28 37 9 33 11 6 44 4 42 31 14 22 41 39 20 3 40 26 16 25 29 2 18 46 34 13 24 48 12 47 45 

Inst_Index:7762 	 City_Num:50 	 Concorde:0.054130 	 MCTS:5.408621 Improve:0.004377 	 Time:5.01 Seconds
Solution: 1 22 7 33 17 29 36 21 48 31 13 45 11 37 35 12 16 24 23 8 42 39 30 3 28 4 27 9 10 18 46 43 20 41 47 40 2 44 38 32 34 15 26 19 6 5 25 14 50 49 

Inst_Index:7763 	 City_Num:50 	 Concorde:0.056584 	 MCTS:5.658400 Improve:-0.000000 	 Time:5.00 Seconds
Solution: 1 15 49 46 12 32 5 47 14 8 18 7 24 33 44 34 3 4 22 50 23 31 30 19 40 21 45 35 11 26 37 9 36 29 20 42 41 48 13 10 27 28 17 2 43 25 6 39 38 16 

Inst_Index:7764 	 City_Num:50 	 Concorde:0.059681 	 MCTS:5.969729 Improve:-0.001614 	 Time:5.01 Seconds
Solution: 1 20 43 27 12 44 30 39 41 45 50 34 13 19 25 5 31 15 36 23 7 29 11 38 40 37 33 10 32 42 46 16 14 35 6 8 4 2 17 24 3 26 21 28 47 22 9 48 49 18 

Inst_Index:7765 	 City_Num:50 	 Concorde:0.058741 	 MCTS:5.871017 Improve:0.003072 	 Time:5.00 Seconds
Solution: 1 18 44 40 32 20 39 33 50 7 36 5 45 34 12 30 23 25 8 49 46 17 14 47 37 3 29 2 41 6 16 28 13 26 21 10 48 43 31 22 35 42 27 11 4 15 9 19 24 38 

Inst_Index:7766 	 City_Num:50 	 Concorde:0.061003 	 MCTS:6.100345 Improve:0.000000 	 Time:5.00 Seconds
Solution: 1 42 12 22 2 40 38 26 34 23 14 25 16 39 11 28 47 17 21 8 45 46 24 49 31 10 15 3 35 9 20 6 36 44 18 48 50 19 33 43 13 29 30 7 4 27 32 41 37 5 

Inst_Index:7767 	 City_Num:50 	 Concorde:0.051352 	 MCTS:5.135215 Improve:-0.000000 	 Time:5.01 Seconds
Solution: 1 36 37 4 23 35 48 40 8 7 31 29 22 45 24 49 20 34 27 2 11 47 43 25 21 3 28 41 5 46 10 14 42 6 30 15 26 33 9 44 19 50 13 12 18 16 39 32 17 38 

Inst_Index:7768 	 City_Num:50 	 Concorde:0.055212 	 MCTS:5.521226 Improve:0.000000 	 Time:5.00 Seconds
Solution: 1 36 27 33 25 7 38 12 50 11 49 15 31 6 2 21 43 8 14 42 18 29 10 17 23 28 19 22 37 9 34 30 45 47 35 44 41 20 13 39 40 24 5 32 3 16 26 46 4 48 

Inst_Index:7769 	 City_Num:50 	 Concorde:0.054671 	 MCTS:5.467061 Improve:0.000000 	 Time:5.00 Seconds
Solution: 1 22 34 37 19 17 32 25 31 23 5 13 15 26 43 9 28 3 12 21 18 47 39 44 41 38 7 36 45 30 29 46 33 16 50 40 35 49 27 20 42 14 11 24 10 8 4 2 48 6 

Inst_Index:7770 	 City_Num:50 	 Concorde:0.056874 	 MCTS:5.687399 Improve:0.000000 	 Time:5.00 Seconds
Solution: 1 31 40 22 4 2 5 19 6 30 21 23 37 43 15 12 41 13 38 7 18 26 20 9 33 14 28 16 39 3 50 49 48 46 44 47 34 24 8 35 11 45 42 17 27 36 32 29 10 25 

Inst_Index:7771 	 City_Num:50 	 Concorde:0.055297 	 MCTS:5.529701 Improve:0.000000 	 Time:5.00 Seconds
Solution: 1 10 12 3 22 26 37 17 11 44 2 42 35 8 41 38 14 45 39 30 49 43 29 23 4 32 33 15 21 24 50 36 28 16 7 19 5 27 6 9 25 31 40 20 34 46 48 47 18 13 

Inst_Index:7772 	 City_Num:50 	 Concorde:0.055001 	 MCTS:5.492343 Improve:0.007799 	 Time:5.00 Seconds
Solution: 1 43 13 41 36 47 19 46 7 38 33 31 9 17 11 39 28 20 30 16 40 23 22 26 14 4 37 50 35 5 6 27 24 2 12 49 29 34 18 3 32 21 8 44 48 45 42 10 15 25 

Inst_Index:7773 	 City_Num:50 	 Concorde:0.057946 	 MCTS:5.794599 Improve:-0.000000 	 Time:5.00 Seconds
Solution: 1 26 3 17 6 5 33 36 15 19 50 38 12 45 21 46 27 9 40 11 22 28 4 10 31 49 13 32 25 39 14 23 44 20 7 8 48 34 43 42 29 24 41 35 16 47 18 2 37 30 

Inst_Index:7774 	 City_Num:50 	 Concorde:0.056628 	 MCTS:5.662836 Improve:0.000000 	 Time:5.00 Seconds
Solution: 1 43 23 42 7 34 49 3 31 19 35 33 20 41 27 30 50 6 4 39 36 2 37 25 5 22 45 9 47 12 29 13 26 28 8 38 17 40 10 24 21 46 15 44 32 16 11 14 18 48 

Inst_Index:7775 	 City_Num:50 	 Concorde:0.055814 	 MCTS:5.579161 Improve:0.002265 	 Time:5.00 Seconds
Solution: 1 39 22 33 46 32 34 2 14 8 25 20 9 30 18 4 7 35 47 50 15 21 49 26 28 6 45 37 23 13 10 44 5 19 31 17 24 27 40 12 36 16 3 48 11 41 38 42 29 43 

Inst_Index:7776 	 City_Num:50 	 Concorde:0.052301 	 MCTS:5.227466 Improve:0.002603 	 Time:5.00 Seconds
Solution: 1 45 10 17 47 22 40 5 34 12 20 2 38 11 6 36 7 32 41 31 44 48 29 23 16 24 43 8 50 33 37 35 46 14 15 21 18 30 49 4 26 39 3 19 9 25 28 27 13 42 

Inst_Index:7777 	 City_Num:50 	 Concorde:0.060408 	 MCTS:6.040793 Improve:0.000000 	 Time:5.01 Seconds
Solution: 1 29 34 7 26 30 41 32 13 31 37 16 22 40 38 28 14 5 50 18 23 12 44 2 4 27 10 21 48 36 39 9 49 47 46 33 20 15 6 25 3 17 35 11 24 8 45 43 42 19 

Inst_Index:7778 	 City_Num:50 	 Concorde:0.057767 	 MCTS:5.776706 Improve:-0.000000 	 Time:5.00 Seconds
Solution: 1 3 33 35 47 19 12 5 25 11 14 10 46 6 16 49 50 21 36 48 4 2 38 23 15 7 24 8 37 30 44 45 34 39 43 28 20 40 32 41 26 18 22 9 29 17 13 42 31 27 

Inst_Index:7779 	 City_Num:50 	 Concorde:0.057134 	 MCTS:5.713448 Improve:0.000000 	 Time:5.00 Seconds
Solution: 1 37 40 39 21 36 20 14 42 5 34 33 31 13 11 17 7 25 50 46 2 43 27 48 41 3 6 29 47 30 49 12 23 32 9 26 10 19 38 18 4 45 8 15 44 16 24 22 35 28 

Inst_Index:7780 	 City_Num:50 	 Concorde:0.052982 	 MCTS:5.298178 Improve:-0.000000 	 Time:5.01 Seconds
Solution: 1 24 5 35 49 3 43 47 30 15 28 38 50 31 36 40 48 17 25 44 2 34 39 14 10 29 45 8 33 7 12 19 41 46 16 32 23 18 6 42 22 9 37 21 27 11 26 4 13 20 

Inst_Index:7781 	 City_Num:50 	 Concorde:0.055596 	 MCTS:5.559618 Improve:-0.000000 	 Time:5.00 Seconds
Solution: 1 43 16 15 3 28 47 37 23 39 6 48 11 40 20 13 45 36 26 41 9 42 30 34 2 7 17 10 29 24 38 12 46 5 35 22 31 4 25 49 44 21 18 14 50 8 27 19 33 32 

Inst_Index:7782 	 City_Num:50 	 Concorde:0.055846 	 MCTS:5.581564 Improve:0.003011 	 Time:5.00 Seconds
Solution: 1 29 40 22 26 25 27 37 32 38 5 45 49 15 8 33 30 44 24 6 46 41 35 12 3 43 31 20 16 36 34 18 42 23 14 39 9 48 28 4 2 17 21 10 13 11 50 19 7 47 

Inst_Index:7783 	 City_Num:50 	 Concorde:0.053816 	 MCTS:5.371782 Improve:0.009819 	 Time:5.01 Seconds
Solution: 1 8 13 21 50 45 30 22 47 41 15 37 38 3 28 18 36 10 4 23 39 11 33 24 46 43 12 35 34 31 19 26 16 9 7 14 2 49 25 29 40 6 5 17 32 27 48 20 44 42 

Inst_Index:7784 	 City_Num:50 	 Concorde:0.054444 	 MCTS:5.444373 Improve:0.000000 	 Time:5.01 Seconds
Solution: 1 13 28 35 49 23 34 31 3 47 25 50 20 18 6 8 48 7 46 17 2 4 24 43 44 26 32 30 45 15 14 10 27 42 37 40 36 22 41 39 9 5 29 21 38 19 33 16 11 12 

Inst_Index:7785 	 City_Num:50 	 Concorde:0.061164 	 MCTS:6.116416 Improve:-0.000000 	 Time:5.00 Seconds
Solution: 1 15 35 36 14 4 38 31 32 7 27 24 44 40 37 16 5 25 19 39 30 2 43 22 26 10 42 48 21 28 49 33 3 18 11 8 45 6 12 23 17 9 13 29 20 47 46 34 50 41 

Inst_Index:7786 	 City_Num:50 	 Concorde:0.053235 	 MCTS:5.323511 Improve:0.000000 	 Time:5.00 Seconds
Solution: 1 12 29 14 25 20 10 7 34 37 3 26 11 44 40 19 24 2 5 31 32 33 45 13 30 47 8 48 6 38 49 15 23 41 46 16 27 18 43 28 36 35 50 39 42 9 17 21 4 22 

Inst_Index:7787 	 City_Num:50 	 Concorde:0.057159 	 MCTS:5.715936 Improve:0.000000 	 Time:5.00 Seconds
Solution: 1 45 40 49 35 39 25 41 22 46 11 27 13 8 3 34 26 48 43 18 9 38 36 2 47 5 19 29 44 23 21 17 16 50 7 31 10 24 42 6 37 15 20 12 4 30 33 32 28 14 

Inst_Index:7788 	 City_Num:50 	 Concorde:0.056214 	 MCTS:5.621395 Improve:0.000000 	 Time:5.00 Seconds
Solution: 1 16 32 3 41 43 7 5 49 50 25 39 13 15 26 17 38 35 14 47 18 2 44 27 10 29 45 19 11 23 33 6 20 48 36 31 12 46 37 9 28 24 4 30 34 8 21 22 40 42 

Inst_Index:7789 	 City_Num:50 	 Concorde:0.057109 	 MCTS:5.710907 Improve:0.000000 	 Time:5.00 Seconds
Solution: 1 34 6 38 17 19 5 12 15 36 23 2 3 46 14 8 43 28 32 40 4 41 37 21 45 42 48 47 29 20 50 44 27 35 24 18 13 7 26 30 10 31 49 39 11 22 16 25 33 9 

Inst_Index:7790 	 City_Num:50 	 Concorde:0.054316 	 MCTS:5.429403 Improve:0.002212 	 Time:5.00 Seconds
Solution: 1 38 20 49 47 17 46 13 30 42 22 12 27 48 19 45 15 31 5 3 37 44 14 18 40 34 25 11 8 9 4 28 39 36 23 41 10 21 6 2 32 43 35 24 16 33 26 7 50 29 

Inst_Index:7791 	 City_Num:50 	 Concorde:0.057853 	 MCTS:5.781178 Improve:0.004140 	 Time:5.01 Seconds
Solution: 1 50 31 9 24 3 48 49 20 10 22 39 16 34 18 23 25 2 37 7 43 21 12 28 38 33 47 19 46 42 8 35 5 14 36 11 13 27 30 26 6 17 15 32 45 29 44 41 40 4 

Inst_Index:7792 	 City_Num:50 	 Concorde:0.055666 	 MCTS:5.564746 Improve:0.001861 	 Time:5.01 Seconds
Solution: 1 23 11 7 5 16 35 20 17 44 40 37 33 45 31 42 8 22 9 10 50 14 48 27 2 34 32 36 30 13 28 29 24 26 21 12 25 43 49 3 6 15 46 18 39 4 38 41 47 19 

Inst_Index:7793 	 City_Num:50 	 Concorde:0.055524 	 MCTS:5.552364 Improve:0.000000 	 Time:5.00 Seconds
Solution: 1 43 2 18 13 6 31 29 7 20 17 30 12 24 5 35 4 36 8 47 37 45 44 9 14 21 38 15 26 16 50 3 42 11 46 32 49 19 40 10 34 23 48 33 25 22 27 39 41 28 

Inst_Index:7794 	 City_Num:50 	 Concorde:0.054612 	 MCTS:5.461187 Improve:-0.000000 	 Time:5.00 Seconds
Solution: 1 44 31 25 35 43 13 8 46 48 16 38 41 39 40 17 50 49 36 14 20 5 28 18 4 7 15 47 22 30 27 10 11 9 37 29 24 42 26 33 12 34 23 45 21 32 6 3 2 19 

Inst_Index:7795 	 City_Num:50 	 Concorde:0.052427 	 MCTS:5.242675 Improve:0.000000 	 Time:5.00 Seconds
Solution: 1 24 23 39 31 17 6 40 42 9 19 14 11 18 32 49 2 27 35 47 48 38 4 7 20 46 37 34 3 50 21 45 43 13 44 15 10 16 5 28 22 25 36 26 12 29 8 33 41 30 

Inst_Index:7796 	 City_Num:50 	 Concorde:0.052770 	 MCTS:5.276990 Improve:-0.000000 	 Time:5.00 Seconds
Solution: 1 7 8 4 26 34 46 37 36 50 48 38 12 15 10 22 6 47 25 9 49 44 23 28 5 18 35 29 45 20 24 42 14 17 27 13 2 21 11 32 41 39 33 31 40 43 19 16 3 30 

Inst_Index:7797 	 City_Num:50 	 Concorde:0.053950 	 MCTS:5.395011 Improve:-0.000000 	 Time:5.00 Seconds
Solution: 1 20 35 38 17 24 30 47 41 33 39 32 36 42 2 46 37 18 7 15 28 23 10 6 34 12 49 27 8 48 25 9 19 26 16 40 45 29 14 11 44 22 3 4 13 5 50 21 43 31 

Inst_Index:7798 	 City_Num:50 	 Concorde:0.054967 	 MCTS:5.496254 Improve:0.000438 	 Time:5.01 Seconds
Solution: 1 25 27 34 7 39 37 9 5 49 28 36 46 24 23 31 8 35 38 48 44 40 47 6 19 33 20 30 15 14 22 11 41 10 13 42 32 4 2 29 16 21 45 18 3 12 50 17 26 43 

Inst_Index:7799 	 City_Num:50 	 Concorde:0.056778 	 MCTS:5.677829 Improve:0.000000 	 Time:5.00 Seconds
Solution: 1 14 24 25 16 21 26 23 46 22 11 13 9 8 27 30 48 43 34 42 19 32 29 3 15 10 39 28 2 40 49 6 45 7 50 44 37 20 41 36 18 31 4 47 12 33 38 5 17 35 

Inst_Index:7800 	 City_Num:50 	 Concorde:0.053965 	 MCTS:5.396503 Improve:0.000000 	 Time:5.04 Seconds
Solution: 1 37 10 31 28 29 17 46 6 20 9 50 48 18 2 27 43 14 26 45 49 15 47 30 25 13 7 39 38 16 19 34 42 44 32 22 40 11 3 5 8 35 24 12 23 41 36 4 21 33 

Inst_Index:7801 	 City_Num:50 	 Concorde:0.054019 	 MCTS:5.401857 Improve:0.000000 	 Time:5.01 Seconds
Solution: 1 28 8 11 22 12 21 13 35 10 33 5 45 25 40 39 16 9 18 17 7 29 15 24 3 26 20 36 42 46 38 27 32 50 48 2 41 47 43 37 49 31 19 6 30 14 44 4 34 23 

Inst_Index:7802 	 City_Num:50 	 Concorde:0.055531 	 MCTS:5.553051 Improve:0.000000 	 Time:5.00 Seconds
Solution: 1 37 8 43 16 35 3 26 36 14 24 29 34 2 49 15 18 7 20 21 6 12 50 5 38 22 45 33 39 46 23 10 48 44 30 42 4 25 17 19 9 13 47 11 27 28 41 32 31 40 

Inst_Index:7803 	 City_Num:50 	 Concorde:0.058451 	 MCTS:5.845133 Improve:0.000000 	 Time:5.00 Seconds
Solution: 1 21 30 40 36 7 27 24 26 25 31 39 50 47 4 48 35 33 9 46 43 2 22 11 3 13 12 14 23 19 29 17 18 45 49 10 42 16 41 8 34 15 20 38 5 44 32 6 37 28 

Inst_Index:7804 	 City_Num:50 	 Concorde:0.056688 	 MCTS:5.655624 Improve:0.013161 	 Time:5.00 Seconds
Solution: 1 44 23 32 6 47 48 5 22 26 9 27 33 14 10 19 28 15 38 46 11 50 7 17 20 25 36 29 34 39 16 4 49 18 24 45 13 8 3 35 41 40 30 42 31 2 21 43 37 12 

Inst_Index:7805 	 City_Num:50 	 Concorde:0.058140 	 MCTS:5.811661 Improve:0.002320 	 Time:5.00 Seconds
Solution: 1 42 3 11 17 31 13 15 12 23 49 38 48 9 25 37 44 20 33 14 46 6 47 43 26 40 16 5 22 29 19 8 27 30 35 10 4 18 41 50 24 39 28 34 45 2 32 7 21 36 

Inst_Index:7806 	 City_Num:50 	 Concorde:0.060818 	 MCTS:6.081776 Improve:0.000000 	 Time:5.00 Seconds
Solution: 1 3 42 29 14 27 41 22 24 50 15 47 37 32 33 36 4 35 19 7 30 9 26 45 40 10 31 5 20 46 18 23 39 34 48 2 8 44 28 11 17 49 12 38 13 21 16 6 25 43 

Inst_Index:7807 	 City_Num:50 	 Concorde:0.056182 	 MCTS:5.618172 Improve:0.000000 	 Time:5.00 Seconds
Solution: 1 25 12 45 30 34 27 16 41 7 29 36 11 39 19 14 26 2 18 35 49 22 6 48 31 5 8 21 43 50 46 38 20 32 4 10 15 44 33 3 40 37 28 17 23 9 13 47 24 42 

Inst_Index:7808 	 City_Num:50 	 Concorde:0.057173 	 MCTS:5.717254 Improve:-0.000000 	 Time:5.00 Seconds
Solution: 1 43 25 37 10 46 29 6 9 30 36 12 42 33 13 8 31 35 17 20 22 34 41 27 11 26 40 5 2 7 44 15 47 28 45 16 19 23 49 39 24 3 32 14 48 50 18 4 38 21 

Inst_Index:7809 	 City_Num:50 	 Concorde:0.053440 	 MCTS:5.344002 Improve:0.000000 	 Time:5.00 Seconds
Solution: 1 34 21 44 7 36 11 35 16 6 9 5 20 13 50 14 4 26 2 43 24 32 30 41 49 28 37 48 22 15 12 46 19 10 38 31 25 39 23 27 45 17 42 47 3 18 8 33 29 40 

Inst_Index:7810 	 City_Num:50 	 Concorde:0.060002 	 MCTS:6.000187 Improve:0.000000 	 Time:5.00 Seconds
Solution: 1 27 6 39 4 41 11 38 49 43 14 26 47 36 15 19 31 48 30 50 9 29 16 24 37 25 20 42 22 5 35 8 12 21 10 33 34 2 18 45 23 32 3 28 13 44 46 17 7 40 

Inst_Index:7811 	 City_Num:50 	 Concorde:0.055202 	 MCTS:5.519616 Improve:0.000607 	 Time:5.01 Seconds
Solution: 1 12 43 44 26 3 23 14 29 40 15 19 4 42 22 6 50 30 46 20 27 38 49 47 41 35 16 24 28 13 37 33 21 34 7 9 36 32 8 5 11 31 10 45 17 25 48 2 39 18 

Inst_Index:7812 	 City_Num:50 	 Concorde:0.055348 	 MCTS:5.534635 Improve:0.000205 	 Time:5.01 Seconds
Solution: 1 48 36 3 35 29 50 10 49 40 2 6 5 47 37 32 15 45 22 43 23 17 41 9 14 25 12 33 18 46 26 30 21 42 31 24 20 38 39 13 28 44 7 11 34 16 27 4 19 8 

Inst_Index:7813 	 City_Num:50 	 Concorde:0.055457 	 MCTS:5.545692 Improve:-0.000000 	 Time:5.00 Seconds
Solution: 1 9 2 10 21 18 46 19 48 13 50 12 3 44 23 6 4 42 17 20 39 49 40 24 34 28 7 25 30 29 36 26 15 38 43 35 41 31 27 47 37 45 33 8 22 16 14 32 11 5 

Inst_Index:7814 	 City_Num:50 	 Concorde:0.059694 	 MCTS:5.969406 Improve:0.000000 	 Time:5.00 Seconds
Solution: 1 16 35 33 24 10 42 37 47 20 23 14 29 12 30 48 50 25 38 46 13 27 31 41 40 43 21 4 22 32 3 39 17 8 19 6 34 44 7 11 9 49 2 5 15 28 26 18 36 45 

Inst_Index:7815 	 City_Num:50 	 Concorde:0.056971 	 MCTS:5.697117 Improve:0.000000 	 Time:5.00 Seconds
Solution: 1 26 18 28 15 6 42 13 36 49 7 48 41 44 20 25 22 10 47 43 32 29 4 38 3 23 24 37 17 34 19 5 50 46 11 45 31 16 40 35 30 33 8 39 14 12 21 27 9 2 

Inst_Index:7816 	 City_Num:50 	 Concorde:0.057451 	 MCTS:5.744839 Improve:0.000219 	 Time:5.00 Seconds
Solution: 1 50 15 14 47 9 43 20 19 39 34 28 6 16 46 3 30 48 4 25 36 5 35 40 21 33 24 27 32 11 17 8 41 23 22 7 12 49 38 18 42 2 31 13 26 45 37 29 10 44 

Inst_Index:7817 	 City_Num:50 	 Concorde:0.056227 	 MCTS:5.620395 Improve:0.002325 	 Time:5.01 Seconds
Solution: 1 27 50 31 3 49 40 28 47 13 9 15 37 29 48 19 7 16 43 21 20 5 17 26 2 4 35 32 36 44 41 30 38 45 10 11 25 23 18 39 8 12 24 46 33 14 34 6 22 42 

Inst_Index:7818 	 City_Num:50 	 Concorde:0.051013 	 MCTS:5.096876 Improve:0.004417 	 Time:5.03 Seconds
Solution: 1 27 18 34 50 47 38 39 9 21 48 32 40 42 22 19 41 6 16 26 11 7 8 37 4 5 46 35 30 23 13 43 49 36 25 2 17 33 24 29 45 28 3 14 12 31 10 44 20 15 

Inst_Index:7819 	 City_Num:50 	 Concorde:0.054028 	 MCTS:5.402804 Improve:0.000000 	 Time:5.00 Seconds
Solution: 1 12 38 10 15 29 34 35 20 31 47 39 42 40 3 44 19 16 26 43 37 36 9 32 18 27 13 23 25 49 8 14 48 30 46 50 11 5 24 6 22 17 45 2 4 7 41 28 33 21 

Inst_Index:7820 	 City_Num:50 	 Concorde:0.058110 	 MCTS:5.810987 Improve:0.000000 	 Time:5.01 Seconds
Solution: 1 2 41 30 13 47 38 46 27 9 25 22 40 48 23 36 26 45 37 42 14 10 39 29 12 20 44 35 21 19 6 11 17 50 15 7 24 32 8 18 31 33 28 16 4 3 5 49 43 34 

Inst_Index:7821 	 City_Num:50 	 Concorde:0.053273 	 MCTS:5.327261 Improve:0.000000 	 Time:5.00 Seconds
Solution: 1 28 11 47 16 27 40 32 12 25 37 42 10 44 35 2 21 33 14 43 26 23 15 31 45 30 46 20 34 22 7 9 50 6 29 17 18 41 49 3 8 39 24 4 38 13 48 19 5 36 

Inst_Index:7822 	 City_Num:50 	 Concorde:0.055897 	 MCTS:5.589684 Improve:0.000000 	 Time:5.01 Seconds
Solution: 1 29 47 48 41 50 17 33 36 42 12 46 27 38 15 25 5 3 9 40 22 14 23 30 2 45 44 11 35 13 21 39 6 24 37 18 20 43 10 49 7 4 8 26 31 28 34 19 32 16 

Inst_Index:7823 	 City_Num:50 	 Concorde:0.056014 	 MCTS:5.601420 Improve:-0.000000 	 Time:5.00 Seconds
Solution: 1 18 9 30 27 45 8 23 21 3 34 42 17 15 43 24 49 6 44 50 29 10 38 31 5 22 13 4 28 7 46 35 20 12 37 25 16 19 41 47 48 32 2 33 14 11 39 26 36 40 

Inst_Index:7824 	 City_Num:50 	 Concorde:0.052375 	 MCTS:5.237459 Improve:0.000000 	 Time:5.00 Seconds
Solution: 1 48 9 34 14 21 7 50 28 47 19 17 2 27 4 32 26 18 42 20 16 49 40 35 43 30 24 10 39 23 33 45 38 3 44 41 31 29 12 22 36 8 13 6 15 11 37 25 5 46 

Inst_Index:7825 	 City_Num:50 	 Concorde:0.054093 	 MCTS:5.405683 Improve:0.003572 	 Time:5.01 Seconds
Solution: 1 8 29 7 30 48 10 38 49 34 13 5 27 3 50 33 12 36 35 9 40 2 23 41 24 6 28 25 32 15 47 4 22 14 46 44 11 21 42 18 45 16 31 37 39 20 17 43 19 26 


Avg_Concorde_Distance: 5.670135 Avg_MCTS_Distance: 5.669991 Avg_Gap: -0.000026 Total_Time: 1566.96 Seconds 
 Beat_Best_Known_Times: 97 Match_Best_Known_Times: 202 Miss_Best_Known_Times: 14 
