Number_of_Instances_In_Current_Batch: 313

Inst_Index:4696 	 City_Num:50 	 Concorde:0.057268 	 MCTS:5.726827 Improve:0.000000 	 Time:5.00 Seconds
Solution: 1 33 22 40 35 37 9 45 24 49 50 21 34 39 4 42 19 48 46 11 14 7 13 31 17 32 6 8 44 12 36 18 47 29 38 25 28 15 5 20 41 10 3 27 30 23 43 2 26 16 

Inst_Index:4697 	 City_Num:50 	 Concorde:0.058585 	 MCTS:5.858503 Improve:0.000000 	 Time:5.00 Seconds
Solution: 1 25 8 27 48 19 33 3 10 38 35 24 43 40 31 14 12 32 2 13 49 39 37 42 29 44 36 6 50 4 9 17 23 34 46 7 18 5 30 16 28 11 26 45 15 21 41 22 20 47 

Inst_Index:4698 	 City_Num:50 	 Concorde:0.055984 	 MCTS:5.598424 Improve:0.000000 	 Time:5.00 Seconds
Solution: 1 45 37 11 47 40 4 5 35 16 46 39 36 29 2 31 9 27 23 18 30 33 20 38 21 43 13 24 25 42 44 26 34 41 10 32 8 7 15 19 28 49 22 17 6 3 12 50 14 48 

Inst_Index:4699 	 City_Num:50 	 Concorde:0.055837 	 MCTS:5.561118 Improve:0.022546 	 Time:5.00 Seconds
Solution: 1 39 2 46 28 36 33 6 11 48 15 5 16 4 43 7 3 50 20 49 17 37 10 42 21 22 47 32 12 14 24 13 41 18 25 19 27 30 26 29 40 8 31 34 23 45 44 9 35 38 

Inst_Index:4700 	 City_Num:50 	 Concorde:0.057151 	 MCTS:5.715054 Improve:0.000000 	 Time:5.00 Seconds
Solution: 1 39 34 27 21 31 32 47 11 36 40 48 20 8 41 46 7 6 28 14 10 23 25 30 43 17 49 9 38 50 35 45 5 12 16 4 15 18 24 26 33 3 2 42 22 29 44 19 37 13 

Inst_Index:4701 	 City_Num:50 	 Concorde:0.060088 	 MCTS:6.005431 Improve:0.003386 	 Time:5.00 Seconds
Solution: 1 27 10 41 2 45 31 44 49 22 43 11 46 20 32 14 47 12 5 16 7 25 35 33 30 28 38 26 36 18 21 34 29 37 3 23 8 50 48 42 39 4 13 40 15 19 17 6 9 24 

Inst_Index:4702 	 City_Num:50 	 Concorde:0.056005 	 MCTS:5.599196 Improve:0.001256 	 Time:5.00 Seconds
Solution: 1 25 7 47 36 23 40 46 33 28 34 10 43 16 44 13 14 50 45 3 6 22 24 35 38 48 37 2 31 18 42 21 27 9 29 8 4 20 12 11 30 15 32 26 19 39 17 5 49 41 

Inst_Index:4703 	 City_Num:50 	 Concorde:0.057256 	 MCTS:5.725583 Improve:-0.000000 	 Time:5.00 Seconds
Solution: 1 22 40 18 44 45 23 38 37 35 42 36 7 17 50 46 2 10 24 41 32 5 12 11 26 28 31 4 3 16 13 14 49 21 47 34 48 20 33 30 6 25 29 15 19 39 43 8 27 9 

Inst_Index:4704 	 City_Num:50 	 Concorde:0.058291 	 MCTS:5.829051 Improve:0.000000 	 Time:5.00 Seconds
Solution: 1 3 28 18 15 8 16 17 34 21 46 5 38 42 2 22 27 49 36 33 44 35 39 13 12 14 30 37 50 20 41 11 6 26 4 9 32 23 45 10 43 40 47 24 48 29 25 31 19 7 

Inst_Index:4705 	 City_Num:50 	 Concorde:0.054661 	 MCTS:5.464583 Improve:0.001508 	 Time:5.01 Seconds
Solution: 1 8 42 36 21 23 45 19 43 6 37 5 32 48 31 47 50 39 24 38 27 34 7 9 29 33 2 35 12 3 4 28 22 17 11 15 49 10 25 44 41 40 26 13 18 14 16 46 30 20 

Inst_Index:4706 	 City_Num:50 	 Concorde:0.051321 	 MCTS:5.129189 Improve:0.002871 	 Time:5.00 Seconds
Solution: 1 3 34 46 43 25 39 35 11 40 42 27 18 50 29 41 33 38 48 44 16 37 45 19 30 36 28 23 9 15 12 10 4 7 2 47 21 17 31 5 8 24 26 14 20 13 22 49 6 32 

Inst_Index:4707 	 City_Num:50 	 Concorde:0.061034 	 MCTS:6.103388 Improve:0.000000 	 Time:5.00 Seconds
Solution: 1 39 16 42 48 25 47 7 35 34 17 29 50 40 27 3 41 11 31 13 19 6 36 21 20 12 37 10 14 30 28 18 32 43 26 8 15 49 46 24 2 44 38 22 9 4 23 33 45 5 

Inst_Index:4708 	 City_Num:50 	 Concorde:0.056696 	 MCTS:5.669565 Improve:0.000000 	 Time:5.00 Seconds
Solution: 1 36 9 44 28 7 22 35 6 41 47 16 40 18 32 12 48 43 45 25 46 5 34 49 30 17 15 27 24 20 42 50 23 2 4 26 3 14 37 8 10 21 13 19 39 31 11 33 29 38 

Inst_Index:4709 	 City_Num:50 	 Concorde:0.056418 	 MCTS:5.636038 Improve:0.005740 	 Time:5.00 Seconds
Solution: 1 8 5 19 49 42 6 17 38 15 32 18 11 24 31 7 22 21 4 35 44 10 29 27 13 43 36 16 14 48 12 39 33 46 41 30 9 50 3 40 34 2 20 25 23 47 37 45 26 28 

Inst_Index:4710 	 City_Num:50 	 Concorde:0.054264 	 MCTS:5.426384 Improve:-0.000000 	 Time:5.00 Seconds
Solution: 1 48 45 31 4 2 26 10 17 27 5 33 47 15 38 35 21 18 24 32 36 30 46 41 6 12 42 37 23 34 11 16 25 40 7 43 49 29 50 14 39 19 3 44 22 28 8 13 20 9 

Inst_Index:4711 	 City_Num:50 	 Concorde:0.055624 	 MCTS:5.562449 Improve:-0.000000 	 Time:5.00 Seconds
Solution: 1 30 45 14 28 40 47 23 33 6 38 15 4 42 44 49 11 34 8 41 21 35 2 12 17 10 39 16 31 24 26 9 3 48 25 5 29 20 22 19 7 37 43 18 36 13 46 27 50 32 

Inst_Index:4712 	 City_Num:50 	 Concorde:0.059924 	 MCTS:5.988803 Improve:0.003581 	 Time:5.01 Seconds
Solution: 1 31 43 48 50 39 24 13 44 36 20 16 6 26 28 3 49 7 21 40 9 42 27 41 19 33 37 38 22 29 25 12 35 2 10 14 34 47 32 5 18 46 23 17 45 11 8 15 4 30 

Inst_Index:4713 	 City_Num:50 	 Concorde:0.053599 	 MCTS:5.447236 Improve:-0.087318 	 Time:5.00 Seconds
Solution: 1 7 41 18 38 36 8 14 25 16 15 13 24 19 3 26 23 32 42 33 49 45 46 35 29 34 17 22 6 39 47 48 20 44 30 31 5 37 21 10 11 4 2 12 27 40 28 43 9 50 

Inst_Index:4714 	 City_Num:50 	 Concorde:0.058442 	 MCTS:5.844223 Improve:0.000000 	 Time:5.00 Seconds
Solution: 1 3 11 32 12 13 29 37 49 35 34 6 7 26 27 25 43 23 41 18 2 45 20 9 8 33 16 31 48 30 17 42 24 38 39 36 19 14 22 4 44 40 21 5 10 46 28 47 50 15 

Inst_Index:4715 	 City_Num:50 	 Concorde:0.055740 	 MCTS:5.574045 Improve:-0.000000 	 Time:5.00 Seconds
Solution: 1 33 4 23 40 15 3 28 5 31 21 22 37 6 42 45 2 48 10 16 44 46 20 29 49 36 43 24 34 27 17 11 14 39 50 47 35 41 7 12 9 13 25 8 26 38 32 18 19 30 

Inst_Index:4716 	 City_Num:50 	 Concorde:0.054102 	 MCTS:5.410196 Improve:-0.000000 	 Time:5.00 Seconds
Solution: 1 28 34 9 6 23 14 12 44 13 37 32 15 2 20 7 41 43 27 16 31 29 48 8 19 25 17 22 38 30 49 45 46 36 47 35 5 4 18 24 26 50 42 21 33 11 40 3 10 39 

Inst_Index:4717 	 City_Num:50 	 Concorde:0.058451 	 MCTS:5.843217 Improve:0.001849 	 Time:5.00 Seconds
Solution: 1 11 31 38 17 19 9 15 36 23 45 24 41 34 50 6 18 8 49 48 26 12 47 28 21 7 46 43 44 32 2 14 4 29 5 27 39 35 37 33 25 40 20 3 13 10 42 22 30 16 

Inst_Index:4718 	 City_Num:50 	 Concorde:0.055771 	 MCTS:5.570723 Improve:0.006329 	 Time:5.00 Seconds
Solution: 1 35 40 23 7 12 22 41 14 5 10 6 29 16 47 18 46 25 21 26 44 24 13 20 43 33 19 30 39 32 11 37 34 48 36 9 38 49 31 2 27 3 4 17 15 45 42 8 28 50 

Inst_Index:4719 	 City_Num:50 	 Concorde:0.054051 	 MCTS:5.405097 Improve:0.000000 	 Time:5.00 Seconds
Solution: 1 26 36 27 47 49 9 22 16 25 29 23 43 19 46 37 24 8 42 17 38 7 35 4 31 14 2 5 28 34 44 20 11 45 30 39 13 50 3 21 32 41 10 48 15 40 6 18 33 12 

Inst_Index:4720 	 City_Num:50 	 Concorde:0.055902 	 MCTS:5.590221 Improve:0.000000 	 Time:5.00 Seconds
Solution: 1 31 32 37 35 19 20 2 11 7 27 48 3 8 45 17 50 33 25 5 16 22 26 18 46 14 28 12 13 38 24 10 43 23 6 47 39 42 9 40 15 21 4 30 29 44 49 36 34 41 

Inst_Index:4721 	 City_Num:50 	 Concorde:0.053925 	 MCTS:5.385601 Improve:0.006947 	 Time:5.01 Seconds
Solution: 1 12 48 5 15 9 2 18 4 14 19 28 21 42 22 23 16 30 35 40 29 7 43 47 27 45 33 13 8 39 17 31 24 36 11 25 3 26 46 38 20 32 44 37 34 41 49 50 10 6 

Inst_Index:4722 	 City_Num:50 	 Concorde:0.059172 	 MCTS:5.911823 Improve:0.005405 	 Time:5.00 Seconds
Solution: 1 26 24 8 34 4 31 40 50 25 36 41 19 39 32 12 23 5 11 30 45 7 35 29 44 17 48 47 43 46 9 10 27 28 15 20 16 21 42 49 14 38 37 3 22 13 6 18 2 33 

Inst_Index:4723 	 City_Num:50 	 Concorde:0.060562 	 MCTS:6.056244 Improve:0.000000 	 Time:5.00 Seconds
Solution: 1 12 36 18 20 42 47 2 43 50 38 44 8 48 22 39 37 30 29 24 21 32 46 40 26 41 13 4 14 16 7 19 33 27 9 15 31 5 11 25 23 35 34 49 17 28 3 10 6 45 

Inst_Index:4724 	 City_Num:50 	 Concorde:0.060452 	 MCTS:6.045209 Improve:0.000000 	 Time:5.00 Seconds
Solution: 1 7 22 12 3 46 50 25 17 29 45 13 49 28 48 41 33 23 44 47 14 38 6 42 19 30 4 31 20 39 34 16 15 36 10 2 32 5 37 18 8 26 35 43 9 11 24 27 40 21 

Inst_Index:4725 	 City_Num:50 	 Concorde:0.058534 	 MCTS:5.850587 Improve:0.002824 	 Time:5.00 Seconds
Solution: 1 46 9 32 25 12 39 33 40 42 37 14 7 28 11 18 34 10 21 35 15 4 16 31 29 27 26 3 22 45 49 20 24 8 47 13 38 48 41 30 5 50 43 6 2 36 44 17 19 23 

Inst_Index:4726 	 City_Num:50 	 Concorde:0.059479 	 MCTS:5.944777 Improve:0.003140 	 Time:5.00 Seconds
Solution: 1 36 3 2 9 14 47 4 8 35 33 34 38 6 30 27 39 13 42 17 40 10 15 18 49 24 46 21 19 23 41 11 50 12 29 16 22 31 5 7 32 48 45 44 20 43 26 28 37 25 

Inst_Index:4727 	 City_Num:50 	 Concorde:0.057489 	 MCTS:5.748940 Improve:0.000000 	 Time:5.00 Seconds
Solution: 1 2 14 42 40 15 45 4 18 9 17 11 35 30 12 23 36 21 25 47 44 32 29 5 41 28 48 34 39 46 50 43 7 16 37 6 31 8 49 38 20 33 27 22 13 3 10 19 26 24 

Inst_Index:4728 	 City_Num:50 	 Concorde:0.058008 	 MCTS:5.800813 Improve:0.000000 	 Time:5.00 Seconds
Solution: 1 13 6 4 15 10 35 32 9 44 25 49 34 31 47 46 42 3 50 18 16 43 2 39 37 20 40 33 30 21 22 29 27 8 38 12 11 24 19 17 23 36 41 7 5 14 28 45 48 26 

Inst_Index:4729 	 City_Num:50 	 Concorde:0.057213 	 MCTS:5.721320 Improve:0.000000 	 Time:5.00 Seconds
Solution: 1 45 20 30 24 43 15 21 22 7 31 34 32 36 41 10 13 48 47 6 18 27 35 50 17 46 38 42 16 33 40 11 9 44 5 19 37 49 28 4 39 3 14 2 25 8 23 26 12 29 

Inst_Index:4730 	 City_Num:50 	 Concorde:0.054651 	 MCTS:5.465092 Improve:0.000000 	 Time:5.00 Seconds
Solution: 1 49 14 45 44 32 43 2 37 34 50 4 3 21 8 35 18 36 41 48 11 25 26 42 31 33 24 28 19 15 23 39 17 9 30 27 6 40 5 29 7 20 38 46 16 10 13 22 47 12 

Inst_Index:4731 	 City_Num:50 	 Concorde:0.056492 	 MCTS:5.649193 Improve:0.000000 	 Time:5.00 Seconds
Solution: 1 10 12 3 4 33 32 16 49 31 8 35 42 7 22 40 21 15 41 14 19 11 44 38 27 2 25 43 36 45 39 29 30 37 47 50 46 24 26 23 5 18 17 20 9 6 48 34 28 13 

Inst_Index:4732 	 City_Num:50 	 Concorde:0.059292 	 MCTS:5.926745 Improve:0.002422 	 Time:5.00 Seconds
Solution: 1 27 41 31 49 20 29 42 21 12 3 45 10 30 34 32 38 40 17 43 23 9 2 6 44 46 18 14 33 48 22 8 39 28 37 25 35 11 7 5 13 15 4 50 36 19 26 47 16 24 

Inst_Index:4733 	 City_Num:50 	 Concorde:0.054135 	 MCTS:5.413460 Improve:0.000000 	 Time:5.00 Seconds
Solution: 1 49 10 34 23 39 29 11 9 26 25 21 30 8 48 14 37 38 19 6 33 13 50 45 17 32 28 24 44 22 20 7 36 16 15 2 5 43 12 27 42 4 40 41 47 18 46 31 3 35 

Inst_Index:4734 	 City_Num:50 	 Concorde:0.059553 	 MCTS:5.955254 Improve:-0.000000 	 Time:5.00 Seconds
Solution: 1 27 21 34 31 37 45 4 23 18 3 11 32 2 7 36 20 28 38 50 25 24 42 46 26 47 30 43 13 14 12 15 41 19 17 49 39 5 8 40 35 48 9 29 16 44 33 6 22 10 

Inst_Index:4735 	 City_Num:50 	 Concorde:0.059108 	 MCTS:5.910845 Improve:-0.000000 	 Time:5.00 Seconds
Solution: 1 28 38 39 31 22 19 33 50 30 12 15 18 3 24 34 36 46 47 23 37 20 32 10 29 42 25 9 2 6 35 16 4 48 27 5 26 21 40 44 17 8 49 45 43 11 14 7 13 41 

Inst_Index:4736 	 City_Num:50 	 Concorde:0.056440 	 MCTS:5.643147 Improve:0.000824 	 Time:5.00 Seconds
Solution: 1 35 31 39 12 50 2 5 14 6 3 33 4 10 32 20 42 21 7 43 25 16 15 17 46 48 41 28 26 9 19 18 34 22 38 27 8 30 36 23 37 45 44 40 49 29 24 13 47 11 

Inst_Index:4737 	 City_Num:50 	 Concorde:0.053889 	 MCTS:5.388898 Improve:0.000000 	 Time:5.00 Seconds
Solution: 1 40 24 44 41 47 29 46 8 16 25 49 3 7 36 15 26 14 19 11 48 37 50 39 32 30 38 31 13 34 28 45 20 5 17 4 12 6 2 21 43 33 18 27 35 23 42 22 10 9 

Inst_Index:4738 	 City_Num:50 	 Concorde:0.058453 	 MCTS:5.845326 Improve:0.000000 	 Time:5.00 Seconds
Solution: 1 42 23 15 50 12 44 6 41 11 4 46 24 34 43 47 8 20 48 26 36 28 21 31 16 33 19 45 22 5 25 39 10 32 9 27 14 30 37 13 29 49 3 2 40 17 38 7 35 18 

Inst_Index:4739 	 City_Num:50 	 Concorde:0.055849 	 MCTS:5.584928 Improve:0.000000 	 Time:5.00 Seconds
Solution: 1 38 27 20 37 42 24 9 50 28 47 25 29 21 23 41 44 16 31 17 43 3 5 14 40 26 11 33 19 6 30 10 39 13 12 46 2 49 45 18 15 48 4 7 32 34 22 36 8 35 

Inst_Index:4740 	 City_Num:50 	 Concorde:0.052825 	 MCTS:5.277011 Improve:0.005519 	 Time:5.00 Seconds
Solution: 1 28 12 24 16 23 9 44 5 46 15 22 38 36 49 17 47 7 31 3 32 11 39 45 26 27 41 6 33 34 42 20 10 21 48 4 35 19 43 18 37 13 14 8 25 40 50 2 29 30 

Inst_Index:4741 	 City_Num:50 	 Concorde:0.055449 	 MCTS:5.544901 Improve:0.000000 	 Time:5.00 Seconds
Solution: 1 11 32 49 39 40 25 29 8 13 24 7 48 15 22 27 10 21 2 34 3 26 17 19 30 14 47 5 44 43 33 42 18 4 38 50 36 35 12 37 6 23 20 46 45 31 41 16 9 28 

Inst_Index:4742 	 City_Num:50 	 Concorde:0.057152 	 MCTS:5.714648 Improve:0.000530 	 Time:5.00 Seconds
Solution: 1 45 10 19 15 35 8 40 47 11 39 43 48 13 9 22 46 38 44 6 50 32 4 33 28 42 23 41 36 5 27 14 24 12 18 16 49 34 29 37 17 26 30 3 25 7 20 31 2 21 

Inst_Index:4743 	 City_Num:50 	 Concorde:0.052740 	 MCTS:5.270239 Improve:0.003766 	 Time:5.00 Seconds
Solution: 1 26 10 4 38 50 7 5 14 29 45 39 49 36 12 19 43 48 25 18 40 20 24 21 16 35 2 30 42 22 9 17 23 8 47 11 37 3 33 34 46 13 28 6 15 31 41 44 27 32 

Inst_Index:4744 	 City_Num:50 	 Concorde:0.055795 	 MCTS:5.579193 Improve:0.000355 	 Time:5.01 Seconds
Solution: 1 7 3 31 48 8 13 5 9 33 17 6 29 19 34 43 36 22 49 47 27 35 11 20 12 42 4 10 32 37 15 2 50 44 18 40 23 41 45 28 30 26 39 14 46 38 16 25 21 24 

Inst_Index:4745 	 City_Num:50 	 Concorde:0.059745 	 MCTS:5.970084 Improve:0.004463 	 Time:5.00 Seconds
Solution: 1 13 38 36 16 15 49 17 10 25 23 29 22 7 21 30 46 41 11 19 47 24 44 6 34 28 27 9 43 45 5 12 4 20 8 40 18 48 42 26 37 32 3 50 33 14 2 35 31 39 

Inst_Index:4746 	 City_Num:50 	 Concorde:0.055851 	 MCTS:5.585089 Improve:-0.000000 	 Time:5.00 Seconds
Solution: 1 41 19 39 7 25 49 10 9 11 24 44 34 38 22 45 3 18 43 29 27 17 30 13 5 26 12 21 47 2 42 28 14 32 4 50 23 20 33 31 8 40 15 36 16 37 46 35 48 6 

Inst_Index:4747 	 City_Num:50 	 Concorde:0.055704 	 MCTS:5.570436 Improve:0.000000 	 Time:5.00 Seconds
Solution: 1 37 5 38 20 36 39 23 24 42 16 41 49 18 30 50 14 28 45 9 40 12 7 35 29 22 15 10 8 2 17 26 43 44 33 21 48 32 27 4 19 6 46 34 3 47 13 25 31 11 

Inst_Index:4748 	 City_Num:50 	 Concorde:0.058738 	 MCTS:5.873768 Improve:0.000000 	 Time:5.00 Seconds
Solution: 1 36 21 28 48 34 20 14 4 49 27 12 23 7 8 30 43 26 40 13 45 11 42 29 15 32 35 50 18 24 6 46 31 9 10 41 44 47 5 38 2 22 16 25 17 33 3 39 37 19 

Inst_Index:4749 	 City_Num:50 	 Concorde:0.058288 	 MCTS:5.828804 Improve:0.000000 	 Time:5.00 Seconds
Solution: 1 44 48 6 27 13 5 20 47 40 23 16 36 33 34 19 42 46 14 45 25 8 15 7 12 43 4 29 18 10 41 37 21 49 24 30 38 2 32 9 50 31 22 11 39 3 26 17 28 35 

Inst_Index:4750 	 City_Num:50 	 Concorde:0.058230 	 MCTS:5.822990 Improve:0.000000 	 Time:5.00 Seconds
Solution: 1 13 32 19 34 15 11 12 7 26 18 49 36 46 50 47 31 37 48 16 43 4 38 21 29 39 24 10 3 20 9 5 45 44 40 6 2 28 35 41 25 30 33 23 14 27 17 42 22 8 

Inst_Index:4751 	 City_Num:50 	 Concorde:0.052427 	 MCTS:5.242688 Improve:0.000000 	 Time:5.00 Seconds
Solution: 1 12 22 14 34 45 17 18 13 37 32 49 19 42 30 40 28 29 16 43 50 39 20 5 44 8 9 21 4 25 15 23 26 48 2 6 41 31 27 7 38 11 47 24 10 33 36 46 35 3 

Inst_Index:4752 	 City_Num:50 	 Concorde:0.056632 	 MCTS:5.663222 Improve:-0.000000 	 Time:5.00 Seconds
Solution: 1 36 27 10 35 40 18 3 22 33 39 16 5 7 8 26 19 9 13 45 38 47 44 30 41 49 20 23 46 17 2 12 42 31 15 14 6 32 25 34 24 21 48 37 4 43 28 11 50 29 

Inst_Index:4753 	 City_Num:50 	 Concorde:0.061256 	 MCTS:6.125578 Improve:0.000000 	 Time:5.00 Seconds
Solution: 1 26 18 29 37 36 42 31 48 30 16 27 34 47 45 19 35 28 9 25 43 33 50 14 7 15 20 17 41 22 44 21 38 6 3 2 4 46 8 13 10 12 40 11 5 24 32 49 39 23 

Inst_Index:4754 	 City_Num:50 	 Concorde:0.057785 	 MCTS:5.778453 Improve:0.000000 	 Time:5.00 Seconds
Solution: 1 30 11 33 22 2 46 20 42 24 47 13 38 15 19 37 35 39 43 5 7 45 40 34 12 50 6 41 32 8 48 26 21 28 4 31 49 16 14 18 36 3 27 23 44 17 25 10 9 29 

Inst_Index:4755 	 City_Num:50 	 Concorde:0.058338 	 MCTS:5.864906 Improve:-0.031127 	 Time:5.00 Seconds
Solution: 1 47 17 5 9 31 30 35 21 43 22 18 41 3 48 19 6 50 39 34 24 8 7 26 28 46 12 36 27 23 13 37 2 4 20 49 11 38 40 45 42 25 15 32 44 16 29 33 10 14 

Inst_Index:4756 	 City_Num:50 	 Concorde:0.054384 	 MCTS:5.438428 Improve:0.000000 	 Time:5.00 Seconds
Solution: 1 41 30 29 7 42 17 28 22 25 38 45 4 21 20 36 31 46 23 33 44 6 19 13 15 40 11 14 18 16 10 8 47 12 32 3 34 9 43 39 2 48 27 5 24 37 49 35 50 26 

Inst_Index:4757 	 City_Num:50 	 Concorde:0.049278 	 MCTS:4.927837 Improve:0.000000 	 Time:5.00 Seconds
Solution: 1 27 29 45 46 3 40 37 8 47 9 14 28 25 48 42 10 6 26 44 18 31 49 50 4 12 22 15 41 39 13 43 38 33 20 30 36 19 5 24 11 2 21 7 23 34 32 16 35 17 

Inst_Index:4758 	 City_Num:50 	 Concorde:0.054108 	 MCTS:5.410795 Improve:-0.000000 	 Time:5.00 Seconds
Solution: 1 42 19 49 20 26 41 43 27 40 30 35 15 2 13 18 22 10 25 37 16 50 7 23 3 34 36 32 14 6 39 11 45 38 24 47 46 4 48 44 28 8 29 5 31 9 17 12 21 33 

Inst_Index:4759 	 City_Num:50 	 Concorde:0.054966 	 MCTS:5.496620 Improve:0.000000 	 Time:5.00 Seconds
Solution: 1 48 3 42 21 43 17 44 31 7 26 29 8 5 39 37 25 20 36 38 18 14 47 22 13 46 2 12 32 45 10 33 40 4 19 34 30 9 50 11 15 23 27 28 35 16 24 49 41 6 

Inst_Index:4760 	 City_Num:50 	 Concorde:0.062250 	 MCTS:6.221405 Improve:0.003553 	 Time:5.00 Seconds
Solution: 1 23 41 37 26 9 40 12 22 32 7 35 39 48 47 10 8 30 18 34 31 14 11 17 6 25 16 4 46 50 19 45 21 20 49 43 13 33 3 42 15 24 27 28 2 36 5 38 44 29 

Inst_Index:4761 	 City_Num:50 	 Concorde:0.058203 	 MCTS:5.820267 Improve:-0.000000 	 Time:5.00 Seconds
Solution: 1 17 37 32 20 3 23 4 38 19 29 49 28 12 31 21 5 9 46 42 43 11 2 47 6 27 39 26 16 30 41 8 33 14 15 40 50 22 44 24 18 10 7 36 35 45 48 25 13 34 

Inst_Index:4762 	 City_Num:50 	 Concorde:0.055882 	 MCTS:5.588195 Improve:0.000000 	 Time:5.00 Seconds
Solution: 1 14 11 35 32 3 15 40 31 49 30 26 34 18 42 25 46 20 12 33 39 23 37 38 16 17 5 24 47 27 10 44 4 13 28 21 48 29 2 41 22 6 7 50 9 8 45 43 36 19 

Inst_Index:4763 	 City_Num:50 	 Concorde:0.054238 	 MCTS:5.423842 Improve:0.000000 	 Time:5.00 Seconds
Solution: 1 43 18 49 30 7 9 16 44 8 32 47 28 48 19 15 46 5 17 14 36 25 50 41 3 21 27 6 20 38 10 12 31 33 40 24 34 2 23 45 39 37 22 11 35 29 4 13 26 42 

Inst_Index:4764 	 City_Num:50 	 Concorde:0.056739 	 MCTS:5.699916 Improve:-0.026015 	 Time:5.00 Seconds
Solution: 1 29 41 25 2 40 34 47 6 48 35 3 24 44 36 7 28 49 32 16 23 18 27 43 21 31 42 46 15 13 38 14 50 45 19 30 10 11 17 33 22 26 39 8 9 37 4 20 5 12 

Inst_Index:4765 	 City_Num:50 	 Concorde:0.057066 	 MCTS:5.706624 Improve:0.000000 	 Time:5.00 Seconds
Solution: 1 3 24 33 26 8 4 27 35 19 7 18 15 25 42 23 45 17 5 36 28 50 21 49 46 20 32 40 6 30 37 22 12 34 29 10 16 39 47 44 48 31 13 43 14 41 11 38 9 2 

Inst_Index:4766 	 City_Num:50 	 Concorde:0.054309 	 MCTS:5.430001 Improve:0.000868 	 Time:5.00 Seconds
Solution: 1 50 21 34 46 14 44 38 39 25 22 28 15 30 10 48 18 29 23 6 9 49 43 27 16 5 2 35 40 11 13 47 19 32 31 45 24 12 4 33 17 42 36 8 41 26 37 20 3 7 

Inst_Index:4767 	 City_Num:50 	 Concorde:0.053658 	 MCTS:5.363580 Improve:0.002255 	 Time:5.00 Seconds
Solution: 1 34 11 26 21 50 10 37 27 33 23 38 8 15 24 44 49 18 12 13 17 36 48 9 4 41 39 46 19 5 3 31 43 22 20 45 35 42 2 30 32 7 14 40 28 47 6 25 29 16 

Inst_Index:4768 	 City_Num:50 	 Concorde:0.062010 	 MCTS:6.207677 Improve:-0.006688 	 Time:5.00 Seconds
Solution: 1 23 41 27 50 6 22 33 25 37 7 5 3 38 35 44 46 45 30 9 21 32 28 43 8 2 12 47 39 24 20 40 13 14 29 31 15 4 26 16 36 18 48 10 34 19 17 42 11 49 

Inst_Index:4769 	 City_Num:50 	 Concorde:0.059590 	 MCTS:5.958958 Improve:-0.000000 	 Time:5.00 Seconds
Solution: 1 30 18 27 15 19 24 48 26 41 28 4 35 45 6 50 29 47 16 11 10 31 43 5 14 37 32 13 49 3 12 25 42 23 17 36 20 46 21 7 39 22 38 34 9 44 40 33 2 8 

Inst_Index:4770 	 City_Num:50 	 Concorde:0.056917 	 MCTS:5.691674 Improve:-0.000000 	 Time:5.00 Seconds
Solution: 1 50 34 13 14 33 22 26 30 44 23 45 4 28 2 47 8 40 18 15 41 21 29 48 36 3 7 49 19 35 24 27 31 5 9 16 39 32 6 43 10 46 25 11 12 38 37 42 17 20 

Inst_Index:4771 	 City_Num:50 	 Concorde:0.057871 	 MCTS:5.784723 Improve:0.002351 	 Time:5.00 Seconds
Solution: 1 36 9 22 39 47 44 4 7 6 40 31 34 5 14 11 29 16 48 13 19 3 28 23 45 25 30 41 26 37 24 20 2 10 38 8 12 46 33 42 49 21 18 27 43 35 17 15 32 50 

Inst_Index:4772 	 City_Num:50 	 Concorde:0.057828 	 MCTS:5.781049 Improve:0.001782 	 Time:5.00 Seconds
Solution: 1 17 32 44 38 5 35 50 47 18 45 30 33 36 23 43 28 46 25 11 4 16 2 29 10 24 31 49 39 26 34 8 9 27 42 20 6 48 22 21 12 3 13 19 41 14 40 15 37 7 

Inst_Index:4773 	 City_Num:50 	 Concorde:0.057687 	 MCTS:5.768654 Improve:0.000000 	 Time:5.00 Seconds
Solution: 1 6 36 48 16 42 12 43 10 9 14 4 25 22 35 7 24 44 50 27 49 41 31 13 39 8 5 32 46 19 23 17 29 47 3 28 21 30 18 33 2 26 15 37 11 45 38 40 34 20 

Inst_Index:4774 	 City_Num:50 	 Concorde:0.052986 	 MCTS:5.298612 Improve:0.000000 	 Time:5.00 Seconds
Solution: 1 15 36 50 6 41 37 21 25 23 9 7 47 5 42 40 18 16 49 24 10 29 34 27 13 46 14 4 30 32 19 22 33 38 31 35 3 11 2 28 26 39 8 12 44 45 48 43 17 20 

Inst_Index:4775 	 City_Num:50 	 Concorde:0.054184 	 MCTS:5.418397 Improve:0.000000 	 Time:5.00 Seconds
Solution: 1 24 38 45 15 27 3 21 36 31 30 17 35 50 34 37 29 28 47 32 14 2 6 13 18 4 39 10 41 46 7 20 49 26 23 12 8 9 16 25 48 11 22 43 44 33 5 42 40 19 

Inst_Index:4776 	 City_Num:50 	 Concorde:0.056489 	 MCTS:5.648865 Improve:0.000000 	 Time:5.01 Seconds
Solution: 1 22 50 28 30 18 37 24 7 40 12 10 47 48 39 44 15 49 6 42 29 17 27 32 4 14 33 23 20 19 8 11 13 35 21 25 26 36 41 9 16 5 2 43 34 46 45 3 31 38 

Inst_Index:4777 	 City_Num:50 	 Concorde:0.059709 	 MCTS:5.970919 Improve:0.000000 	 Time:5.00 Seconds
Solution: 1 44 33 4 8 7 36 31 16 34 15 32 6 18 17 9 21 12 45 47 23 10 49 48 5 19 43 26 3 30 41 40 37 50 38 22 11 35 28 13 20 42 27 39 46 29 2 24 25 14 

Inst_Index:4778 	 City_Num:50 	 Concorde:0.051434 	 MCTS:5.140970 Improve:0.002466 	 Time:5.01 Seconds
Solution: 1 45 41 26 47 37 42 6 36 18 12 13 14 38 11 30 27 39 43 44 40 50 17 8 49 4 15 3 23 31 7 24 22 16 20 10 28 2 48 5 29 33 35 25 46 32 19 21 34 9 

Inst_Index:4779 	 City_Num:50 	 Concorde:0.056776 	 MCTS:5.672058 Improve:0.005503 	 Time:5.00 Seconds
Solution: 1 12 9 43 26 42 44 3 47 22 46 18 7 17 5 38 37 33 16 45 4 29 27 10 30 34 14 32 20 28 36 21 31 35 24 39 25 15 11 40 2 49 8 23 41 13 6 50 19 48 

Inst_Index:4780 	 City_Num:50 	 Concorde:0.053059 	 MCTS:5.305851 Improve:0.000000 	 Time:5.00 Seconds
Solution: 1 36 34 27 47 19 37 8 14 46 9 10 16 50 31 13 24 32 18 7 33 35 2 40 48 49 42 26 5 44 30 22 20 45 6 28 43 15 38 4 29 25 11 41 12 17 21 23 3 39 

Inst_Index:4781 	 City_Num:50 	 Concorde:0.060313 	 MCTS:6.025282 Improve:0.005975 	 Time:5.01 Seconds
Solution: 1 30 37 36 39 34 40 43 10 27 38 26 11 33 50 32 13 8 18 22 6 16 24 28 9 21 17 14 35 45 4 29 41 31 44 47 2 20 7 42 19 23 15 49 3 5 25 48 46 12 

Inst_Index:4782 	 City_Num:50 	 Concorde:0.056896 	 MCTS:5.689627 Improve:-0.000000 	 Time:5.00 Seconds
Solution: 1 18 45 43 2 38 24 29 36 30 9 15 42 22 37 35 48 49 44 50 47 7 5 10 46 6 17 41 16 11 8 32 28 21 12 20 13 4 26 34 3 40 25 23 39 31 19 27 14 33 

Inst_Index:4783 	 City_Num:50 	 Concorde:0.057156 	 MCTS:5.715557 Improve:0.000000 	 Time:5.00 Seconds
Solution: 1 12 46 30 20 41 28 37 43 27 18 8 10 38 36 13 49 4 25 32 31 24 19 29 47 26 45 23 40 16 3 9 48 34 11 17 5 44 22 6 15 35 42 50 2 39 14 21 7 33 

Inst_Index:4784 	 City_Num:50 	 Concorde:0.057809 	 MCTS:5.780889 Improve:-0.000000 	 Time:5.00 Seconds
Solution: 1 17 20 45 37 21 42 36 14 34 15 9 5 43 47 39 11 38 28 27 33 13 30 22 32 16 19 35 40 29 24 8 2 44 25 31 26 4 10 6 41 18 12 48 3 7 50 23 46 49 

Inst_Index:4785 	 City_Num:50 	 Concorde:0.055370 	 MCTS:5.536981 Improve:-0.000000 	 Time:5.00 Seconds
Solution: 1 10 43 45 18 44 13 5 15 29 14 32 17 35 8 19 49 50 28 40 38 11 36 7 37 16 4 22 21 30 47 46 41 23 20 6 34 2 3 31 27 26 39 12 42 25 48 24 9 33 

Inst_Index:4786 	 City_Num:50 	 Concorde:0.054142 	 MCTS:5.407265 Improve:0.006981 	 Time:5.00 Seconds
Solution: 1 31 39 13 37 47 23 3 40 5 21 34 2 8 32 11 36 30 7 18 16 46 29 22 19 41 25 44 26 50 35 20 4 48 6 42 45 43 33 12 17 10 49 9 38 24 15 28 27 14 

Inst_Index:4787 	 City_Num:50 	 Concorde:0.054972 	 MCTS:5.497183 Improve:0.000000 	 Time:5.00 Seconds
Solution: 1 5 9 41 22 43 19 24 2 3 50 34 27 31 20 6 46 26 40 33 47 30 12 35 25 32 4 28 15 38 44 45 39 18 48 13 7 36 49 17 16 8 11 23 21 42 29 10 14 37 

Inst_Index:4788 	 City_Num:50 	 Concorde:0.058285 	 MCTS:5.825277 Improve:0.003253 	 Time:5.00 Seconds
Solution: 1 37 7 27 23 49 45 14 24 25 11 22 4 10 46 44 8 16 13 19 6 40 36 30 28 48 20 34 12 3 39 47 18 41 42 26 35 38 5 31 43 17 2 21 33 9 15 32 50 29 

Inst_Index:4789 	 City_Num:50 	 Concorde:0.058556 	 MCTS:5.855635 Improve:0.000000 	 Time:5.00 Seconds
Solution: 1 6 34 49 30 35 15 9 16 42 50 28 22 38 4 13 18 46 10 33 17 14 36 12 23 48 39 5 27 7 26 43 21 25 31 11 3 20 45 8 19 44 29 41 32 37 40 24 2 47 

Inst_Index:4790 	 City_Num:50 	 Concorde:0.056976 	 MCTS:5.696285 Improve:0.001283 	 Time:5.00 Seconds
Solution: 1 14 23 4 10 31 36 46 42 34 6 15 35 22 40 5 16 27 26 49 39 37 38 50 3 8 11 44 24 29 30 7 28 43 13 2 48 41 45 12 32 47 9 18 17 33 19 21 25 20 

Inst_Index:4791 	 City_Num:50 	 Concorde:0.057009 	 MCTS:5.700919 Improve:0.000000 	 Time:5.01 Seconds
Solution: 1 32 33 48 46 19 27 23 34 21 38 36 11 10 49 35 28 18 24 16 13 42 31 17 40 50 43 25 6 41 47 8 12 14 15 45 20 4 22 5 26 9 44 7 29 39 3 30 37 2 

Inst_Index:4792 	 City_Num:50 	 Concorde:0.058421 	 MCTS:5.842057 Improve:0.000000 	 Time:5.01 Seconds
Solution: 1 20 21 11 40 39 27 13 8 29 15 43 5 45 47 35 26 9 50 28 42 19 36 10 33 38 46 44 37 41 23 14 48 18 2 17 3 32 31 16 12 30 34 25 24 7 49 6 4 22 

Inst_Index:4793 	 City_Num:50 	 Concorde:0.056996 	 MCTS:5.697615 Improve:0.002017 	 Time:5.00 Seconds
Solution: 1 31 37 16 18 28 2 32 11 3 23 22 46 48 36 49 29 43 4 35 39 14 27 5 13 40 21 19 25 8 33 15 24 20 17 45 44 9 12 50 7 6 10 26 34 42 38 41 47 30 

Inst_Index:4794 	 City_Num:50 	 Concorde:0.055615 	 MCTS:5.561523 Improve:-0.000000 	 Time:5.00 Seconds
Solution: 1 17 19 9 21 45 11 46 44 8 25 26 39 29 3 6 7 50 14 23 28 49 10 38 12 22 30 42 37 13 32 40 20 27 24 36 16 43 34 2 41 15 4 18 48 31 47 5 33 35 

Inst_Index:4795 	 City_Num:50 	 Concorde:0.059148 	 MCTS:5.914825 Improve:-0.000000 	 Time:5.00 Seconds
Solution: 1 13 25 48 17 20 23 45 44 34 28 5 30 16 39 14 43 8 24 35 11 18 31 7 12 6 9 49 15 47 4 2 26 41 19 36 22 37 27 21 40 50 3 29 10 46 38 32 33 42 

Inst_Index:4796 	 City_Num:50 	 Concorde:0.059584 	 MCTS:5.958364 Improve:-0.000000 	 Time:5.00 Seconds
Solution: 1 34 30 20 43 24 35 45 12 18 5 27 44 25 4 7 3 6 36 17 46 16 38 15 21 48 8 32 9 2 29 50 14 41 40 39 28 10 47 11 42 37 23 26 22 49 33 13 19 31 

Inst_Index:4797 	 City_Num:50 	 Concorde:0.060936 	 MCTS:6.088185 Improve:0.005401 	 Time:5.00 Seconds
Solution: 1 15 22 29 44 8 21 35 27 20 47 12 37 13 41 17 28 2 9 36 42 18 40 3 4 33 30 5 46 10 24 26 34 48 23 43 39 31 38 19 6 49 11 7 25 16 45 14 32 50 

Inst_Index:4798 	 City_Num:50 	 Concorde:0.060865 	 MCTS:6.086514 Improve:-0.000000 	 Time:5.00 Seconds
Solution: 1 27 20 46 50 8 15 35 7 41 11 40 29 21 30 36 23 19 33 14 25 17 3 43 6 37 2 24 4 12 42 49 38 13 10 32 48 45 34 5 18 31 22 26 9 39 44 47 16 28 

Inst_Index:4799 	 City_Num:50 	 Concorde:0.056490 	 MCTS:5.648309 Improve:0.000740 	 Time:5.00 Seconds
Solution: 1 47 25 13 41 32 49 15 42 40 17 19 35 23 8 37 9 20 10 34 3 27 31 36 46 2 48 50 11 33 28 4 38 16 44 39 6 14 21 5 22 18 30 29 7 45 43 12 24 26 

Inst_Index:4800 	 City_Num:50 	 Concorde:0.056789 	 MCTS:5.678878 Improve:-0.000000 	 Time:5.00 Seconds
Solution: 1 33 11 43 41 12 5 30 47 18 49 6 40 2 36 39 15 17 4 23 45 46 8 34 22 35 13 27 7 19 31 9 10 3 21 42 37 32 24 28 14 48 16 25 29 38 20 50 26 44 

Inst_Index:4801 	 City_Num:50 	 Concorde:0.054138 	 MCTS:5.413789 Improve:-0.000000 	 Time:5.00 Seconds
Solution: 1 34 27 38 19 48 21 11 46 41 33 9 50 40 8 31 4 22 30 39 47 16 23 36 26 18 20 10 6 25 44 15 42 2 32 24 37 28 49 3 29 13 14 45 17 12 7 43 35 5 

Inst_Index:4802 	 City_Num:50 	 Concorde:0.058456 	 MCTS:5.845644 Improve:0.000000 	 Time:5.00 Seconds
Solution: 1 5 22 20 43 23 4 7 13 48 50 29 38 12 3 30 18 28 6 9 11 14 49 46 2 35 44 32 8 36 19 16 26 45 40 41 25 42 10 39 24 33 21 37 34 15 47 17 31 27 

Inst_Index:4803 	 City_Num:50 	 Concorde:0.057862 	 MCTS:5.781645 Improve:0.004516 	 Time:5.01 Seconds
Solution: 1 6 8 42 45 29 33 11 15 30 5 16 13 38 17 41 36 25 44 3 50 26 12 4 34 22 24 46 27 40 49 23 9 2 31 14 10 7 43 39 32 28 48 19 18 37 35 20 21 47 

Inst_Index:4804 	 City_Num:50 	 Concorde:0.054370 	 MCTS:5.436972 Improve:0.000000 	 Time:5.00 Seconds
Solution: 1 22 29 45 8 41 23 43 6 25 7 19 24 37 39 38 9 44 12 36 50 27 17 30 28 14 11 20 40 46 4 33 16 3 21 31 34 13 48 32 47 49 35 26 15 2 42 18 10 5 

Inst_Index:4805 	 City_Num:50 	 Concorde:0.055360 	 MCTS:5.535957 Improve:0.000000 	 Time:5.00 Seconds
Solution: 1 34 17 27 19 11 20 43 45 9 8 50 44 26 39 30 6 37 33 28 29 40 16 3 46 31 2 48 13 15 35 38 47 4 42 14 25 5 21 12 24 23 49 10 36 18 22 32 41 7 

Inst_Index:4806 	 City_Num:50 	 Concorde:0.060938 	 MCTS:6.093754 Improve:-0.000000 	 Time:5.00 Seconds
Solution: 1 18 24 49 42 28 45 35 23 7 14 9 43 40 19 13 26 27 17 12 36 21 20 29 47 6 34 11 37 10 30 4 5 3 41 15 25 50 48 44 33 32 22 16 38 39 46 8 2 31 

Inst_Index:4807 	 City_Num:50 	 Concorde:0.056298 	 MCTS:5.629836 Improve:-0.000000 	 Time:5.00 Seconds
Solution: 1 22 8 16 10 26 21 41 49 15 20 31 47 13 28 34 24 9 29 6 42 17 18 23 44 50 46 12 33 14 38 45 2 4 5 7 25 36 32 19 11 3 48 43 35 27 40 30 39 37 

Inst_Index:4808 	 City_Num:50 	 Concorde:0.056791 	 MCTS:5.676157 Improve:0.002900 	 Time:5.00 Seconds
Solution: 1 32 49 44 6 36 29 47 4 9 40 45 10 34 27 41 43 38 39 19 13 2 35 12 48 31 26 33 28 18 30 16 37 14 5 8 50 11 46 25 7 22 20 3 15 17 42 24 23 21 

Inst_Index:4809 	 City_Num:50 	 Concorde:0.057856 	 MCTS:5.780119 Improve:0.005446 	 Time:5.01 Seconds
Solution: 1 46 8 17 33 36 22 24 32 47 44 12 18 2 3 29 21 15 19 50 14 48 13 28 31 16 39 42 37 30 5 26 40 38 20 35 45 7 9 11 4 43 49 25 41 10 34 23 6 27 

Inst_Index:4810 	 City_Num:50 	 Concorde:0.059466 	 MCTS:5.946564 Improve:0.000000 	 Time:5.00 Seconds
Solution: 1 37 17 12 9 45 13 2 32 41 27 42 15 34 3 16 39 24 21 10 29 23 46 22 11 28 44 26 36 49 31 48 47 5 18 25 6 4 43 7 40 8 19 50 30 33 38 35 14 20 

Inst_Index:4811 	 City_Num:50 	 Concorde:0.055476 	 MCTS:5.547641 Improve:0.000000 	 Time:5.00 Seconds
Solution: 1 50 47 28 36 22 26 20 38 8 10 33 19 46 30 35 15 21 25 48 5 3 7 40 14 16 11 49 27 12 23 44 42 32 6 29 37 24 17 2 45 31 41 13 4 39 43 9 18 34 

Inst_Index:4812 	 City_Num:50 	 Concorde:0.060779 	 MCTS:6.077878 Improve:-0.000000 	 Time:5.00 Seconds
Solution: 1 48 41 34 28 16 23 21 17 3 12 33 42 7 29 25 31 4 18 36 45 27 38 13 35 40 6 46 43 30 9 11 19 39 26 20 37 14 15 22 8 49 44 50 24 32 10 2 47 5 

Inst_Index:4813 	 City_Num:50 	 Concorde:0.054112 	 MCTS:5.408270 Improve:0.002978 	 Time:5.00 Seconds
Solution: 1 11 9 27 22 36 32 10 49 33 31 38 4 50 24 40 25 6 12 45 39 34 35 41 43 44 14 19 30 2 37 15 16 29 23 5 48 26 20 18 28 13 3 8 21 17 42 47 46 7 

Inst_Index:4814 	 City_Num:50 	 Concorde:0.059664 	 MCTS:5.966386 Improve:-0.000000 	 Time:5.01 Seconds
Solution: 1 20 10 25 35 48 19 14 47 45 18 28 39 4 24 21 34 5 15 41 2 44 43 26 42 38 6 13 31 17 49 27 33 16 8 9 22 50 12 46 23 36 29 30 11 3 37 32 40 7 

Inst_Index:4815 	 City_Num:50 	 Concorde:0.056246 	 MCTS:5.642657 Improve:-0.018096 	 Time:5.00 Seconds
Solution: 1 37 17 30 11 42 6 4 27 22 50 33 13 7 10 23 9 21 47 40 8 46 16 25 48 26 32 44 29 35 24 36 31 43 15 45 19 49 2 28 12 34 41 38 18 39 3 14 20 5 

Inst_Index:4816 	 City_Num:50 	 Concorde:0.054838 	 MCTS:5.478772 Improve:0.005075 	 Time:5.01 Seconds
Solution: 1 44 6 48 36 25 20 2 24 4 33 5 14 7 27 41 32 13 50 16 21 30 38 15 8 11 39 12 18 28 35 26 9 31 29 34 45 23 37 43 19 42 40 47 10 3 49 17 22 46 

Inst_Index:4817 	 City_Num:50 	 Concorde:0.060597 	 MCTS:6.071343 Improve:-0.011634 	 Time:5.00 Seconds
Solution: 1 25 19 2 44 18 31 24 41 46 30 26 47 28 15 21 12 13 49 9 16 23 20 7 27 10 34 37 8 32 5 45 4 22 17 33 40 11 6 29 3 48 14 39 35 50 42 36 43 38 

Inst_Index:4818 	 City_Num:50 	 Concorde:0.059630 	 MCTS:5.962587 Improve:0.000418 	 Time:5.00 Seconds
Solution: 1 25 7 38 2 41 18 45 11 34 10 15 43 35 44 22 6 17 9 46 16 20 23 24 33 28 36 37 40 14 47 21 32 31 19 29 26 5 4 27 12 50 48 13 49 42 30 39 3 8 

Inst_Index:4819 	 City_Num:50 	 Concorde:0.055639 	 MCTS:5.560168 Improve:0.003730 	 Time:5.01 Seconds
Solution: 1 17 41 20 42 14 6 39 37 50 4 13 25 33 28 26 5 49 8 22 45 27 43 31 29 48 30 23 7 11 46 15 12 24 10 35 40 38 19 34 47 21 3 16 18 36 32 2 9 44 

Inst_Index:4820 	 City_Num:50 	 Concorde:0.059027 	 MCTS:5.900550 Improve:0.002115 	 Time:5.01 Seconds
Solution: 1 9 49 39 27 21 31 45 40 43 2 36 26 22 46 10 6 37 48 50 12 42 33 5 47 25 3 35 34 14 29 19 38 16 13 24 17 8 28 15 4 32 11 20 44 7 18 30 23 41 

Inst_Index:4821 	 City_Num:50 	 Concorde:0.055581 	 MCTS:5.555575 Improve:0.002507 	 Time:5.00 Seconds
Solution: 1 35 32 18 11 49 28 39 45 3 30 34 42 40 43 37 15 48 19 17 23 47 46 21 5 31 12 24 29 36 10 50 8 33 44 2 13 9 22 25 4 20 16 14 6 41 38 7 27 26 

Inst_Index:4822 	 City_Num:50 	 Concorde:0.056055 	 MCTS:5.600441 Improve:0.005098 	 Time:5.01 Seconds
Solution: 1 34 14 45 42 32 7 26 3 47 22 4 10 46 27 41 28 48 16 6 19 17 35 5 20 37 31 15 9 39 21 25 33 8 40 36 43 44 29 18 24 23 50 30 38 2 11 49 12 13 

Inst_Index:4823 	 City_Num:50 	 Concorde:0.053052 	 MCTS:5.303608 Improve:0.001635 	 Time:5.00 Seconds
Solution: 1 50 19 47 34 26 6 8 11 36 3 39 13 46 14 29 20 45 15 31 49 38 2 4 17 21 23 40 5 27 30 44 16 43 41 24 32 10 33 12 7 37 48 28 35 22 9 25 42 18 

Inst_Index:4824 	 City_Num:50 	 Concorde:0.057730 	 MCTS:5.772317 Improve:0.000719 	 Time:5.00 Seconds
Solution: 1 37 4 46 45 10 29 7 6 41 40 5 34 32 23 15 38 3 24 27 33 42 49 14 47 25 44 28 35 16 17 9 18 13 39 30 11 50 2 20 12 43 48 21 8 31 36 22 19 26 

Inst_Index:4825 	 City_Num:50 	 Concorde:0.058571 	 MCTS:5.857131 Improve:0.000000 	 Time:5.00 Seconds
Solution: 1 24 10 35 37 42 45 46 7 26 22 41 3 40 16 12 6 11 38 32 39 44 50 34 4 25 18 49 43 21 48 13 33 28 31 23 29 5 30 8 36 14 19 47 2 15 9 20 17 27 

Inst_Index:4826 	 City_Num:50 	 Concorde:0.055305 	 MCTS:5.529679 Improve:0.000835 	 Time:5.00 Seconds
Solution: 1 30 37 31 6 14 2 40 41 9 27 16 11 45 32 7 38 12 20 15 29 48 22 28 39 34 25 26 47 13 23 19 18 10 4 36 46 21 5 49 35 33 44 3 8 17 24 43 42 50 

Inst_Index:4827 	 City_Num:50 	 Concorde:0.056206 	 MCTS:5.619925 Improve:0.000698 	 Time:5.01 Seconds
Solution: 1 37 36 48 33 23 28 39 46 12 10 20 18 6 2 17 25 24 16 45 3 27 7 11 34 44 29 40 21 38 31 5 32 47 26 8 9 15 22 35 42 43 4 14 50 13 30 19 41 49 

Inst_Index:4828 	 City_Num:50 	 Concorde:0.054711 	 MCTS:5.468650 Improve:0.002463 	 Time:5.00 Seconds
Solution: 1 25 42 46 50 7 6 44 33 41 47 31 49 24 11 13 12 8 23 9 43 36 15 4 37 2 28 32 35 30 3 10 21 14 34 20 29 22 17 40 39 38 18 27 19 26 16 45 48 5 

Inst_Index:4829 	 City_Num:50 	 Concorde:0.055706 	 MCTS:5.570583 Improve:-0.000000 	 Time:5.00 Seconds
Solution: 1 47 2 41 30 22 48 15 3 18 31 11 36 35 39 21 44 17 6 19 26 46 24 8 49 38 7 27 5 37 45 25 23 9 34 40 28 42 43 4 13 32 10 50 16 12 29 33 20 14 

Inst_Index:4830 	 City_Num:50 	 Concorde:0.062069 	 MCTS:6.206866 Improve:0.000000 	 Time:5.01 Seconds
Solution: 1 46 20 33 6 24 14 21 47 43 13 28 38 25 4 42 32 2 17 36 45 31 16 48 19 27 12 11 9 18 35 37 23 50 34 10 3 41 30 7 26 49 44 22 15 40 8 39 5 29 

Inst_Index:4831 	 City_Num:50 	 Concorde:0.053538 	 MCTS:5.353772 Improve:0.000000 	 Time:5.00 Seconds
Solution: 1 8 29 49 38 48 11 43 12 36 23 42 30 13 16 6 31 46 17 40 21 34 45 10 5 7 14 4 37 20 35 19 22 39 26 2 28 9 24 15 18 32 41 25 27 3 44 33 47 50 

Inst_Index:4832 	 City_Num:50 	 Concorde:0.053142 	 MCTS:5.350816 Improve:-0.036662 	 Time:5.00 Seconds
Solution: 1 23 21 32 3 34 4 2 18 6 36 29 25 49 8 45 19 24 50 33 26 47 10 7 31 27 46 13 37 44 5 20 39 14 16 42 9 28 30 40 11 35 17 38 48 15 43 12 22 41 

Inst_Index:4833 	 City_Num:50 	 Concorde:0.062057 	 MCTS:6.205722 Improve:0.000000 	 Time:5.00 Seconds
Solution: 1 45 6 2 7 37 17 19 18 4 14 38 28 50 10 43 5 30 24 22 21 47 39 27 29 46 12 23 33 8 25 48 3 40 32 41 31 49 34 13 9 42 15 11 35 44 36 20 16 26 

Inst_Index:4834 	 City_Num:50 	 Concorde:0.052129 	 MCTS:5.212857 Improve:0.000000 	 Time:5.00 Seconds
Solution: 1 39 16 37 35 24 49 30 20 3 36 33 6 9 18 41 12 46 32 4 14 25 26 27 22 5 11 21 2 34 48 50 45 7 28 44 43 13 31 10 15 23 8 17 29 42 38 19 40 47 

Inst_Index:4835 	 City_Num:50 	 Concorde:0.056741 	 MCTS:5.674140 Improve:-0.000000 	 Time:5.00 Seconds
Solution: 1 23 45 42 11 44 49 30 29 9 15 37 39 5 41 18 7 33 4 21 32 36 27 26 48 31 19 8 10 12 28 46 16 34 47 50 24 6 2 25 13 14 22 20 17 43 40 38 3 35 

Inst_Index:4836 	 City_Num:50 	 Concorde:0.051128 	 MCTS:5.112841 Improve:-0.000000 	 Time:5.00 Seconds
Solution: 1 29 41 16 33 22 35 28 26 15 34 37 39 45 23 9 4 7 11 5 13 19 36 17 14 3 40 48 12 44 25 43 30 46 50 32 2 49 6 8 38 31 20 24 10 18 21 47 42 27 

Inst_Index:4837 	 City_Num:50 	 Concorde:0.060216 	 MCTS:6.021647 Improve:0.000000 	 Time:5.00 Seconds
Solution: 1 36 28 8 25 15 16 32 39 46 4 45 27 7 22 41 21 6 3 5 44 9 26 18 47 30 37 24 33 13 42 43 14 40 31 2 50 12 29 20 17 10 11 34 49 35 38 48 23 19 

Inst_Index:4838 	 City_Num:50 	 Concorde:0.055672 	 MCTS:5.567241 Improve:0.000000 	 Time:5.00 Seconds
Solution: 1 12 19 31 23 6 41 34 50 28 7 5 26 37 2 24 36 44 49 16 14 39 42 32 21 35 29 27 8 18 43 48 38 4 47 10 40 46 22 11 25 33 30 9 17 3 45 20 15 13 

Inst_Index:4839 	 City_Num:50 	 Concorde:0.062685 	 MCTS:6.268465 Improve:-0.000000 	 Time:5.01 Seconds
Solution: 1 40 17 2 22 16 35 30 4 43 24 38 10 37 48 9 20 31 3 14 47 36 44 41 33 50 18 5 19 23 25 6 34 26 32 45 11 15 13 28 39 8 46 21 7 27 49 29 12 42 

Inst_Index:4840 	 City_Num:50 	 Concorde:0.051661 	 MCTS:5.165227 Improve:0.000889 	 Time:5.00 Seconds
Solution: 1 36 8 35 31 7 17 16 14 33 21 18 22 15 12 24 9 30 3 19 50 25 46 4 32 20 45 49 44 34 48 11 42 38 39 40 27 37 43 13 23 2 29 5 6 41 47 26 10 28 

Inst_Index:4841 	 City_Num:50 	 Concorde:0.057466 	 MCTS:5.746581 Improve:0.000000 	 Time:5.00 Seconds
Solution: 1 14 2 21 43 3 9 31 13 37 34 4 16 7 15 24 30 41 8 36 12 23 19 27 49 47 42 38 11 32 29 22 18 20 28 33 50 40 6 26 10 48 5 25 35 45 17 39 44 46 

Inst_Index:4842 	 City_Num:50 	 Concorde:0.054912 	 MCTS:5.491225 Improve:-0.000000 	 Time:5.01 Seconds
Solution: 1 29 26 32 35 18 48 41 36 49 3 42 33 24 15 40 9 7 16 14 44 23 28 22 5 20 34 50 38 27 2 8 46 43 10 31 21 30 47 11 6 39 37 45 25 17 12 4 19 13 

Inst_Index:4843 	 City_Num:50 	 Concorde:0.059088 	 MCTS:5.908848 Improve:0.000000 	 Time:5.00 Seconds
Solution: 1 8 50 10 22 42 27 4 28 25 11 33 29 40 48 31 47 26 37 13 45 6 35 14 39 38 18 19 46 17 34 44 49 7 20 15 5 43 16 2 30 32 9 21 24 36 23 3 41 12 

Inst_Index:4844 	 City_Num:50 	 Concorde:0.053998 	 MCTS:5.397755 Improve:0.002046 	 Time:5.00 Seconds
Solution: 1 19 16 32 50 48 26 45 27 25 18 42 17 47 7 15 49 2 5 28 24 29 3 35 8 30 14 10 31 12 4 23 38 6 39 40 22 46 21 34 13 36 9 11 44 41 43 20 33 37 

Inst_Index:4845 	 City_Num:50 	 Concorde:0.061152 	 MCTS:6.115155 Improve:0.000000 	 Time:5.00 Seconds
Solution: 1 22 45 48 37 49 25 23 40 32 26 6 10 44 24 42 8 41 7 3 29 15 18 19 5 28 13 36 20 27 21 50 14 34 16 33 2 43 35 30 11 38 39 4 12 9 47 46 31 17 

Inst_Index:4846 	 City_Num:50 	 Concorde:0.052919 	 MCTS:5.291923 Improve:0.000000 	 Time:5.00 Seconds
Solution: 1 20 17 19 46 4 50 2 22 33 14 35 16 9 26 41 43 5 7 49 47 44 48 8 32 36 6 25 31 38 3 34 29 27 15 45 28 39 30 21 42 13 37 18 11 10 12 23 40 24 

Inst_Index:4847 	 City_Num:50 	 Concorde:0.062155 	 MCTS:6.215480 Improve:-0.000000 	 Time:5.00 Seconds
Solution: 1 38 5 45 42 37 3 17 27 20 23 7 46 4 29 18 34 11 44 47 9 19 40 41 6 31 14 50 39 26 48 2 12 32 43 25 22 24 30 28 21 10 16 15 13 49 36 35 8 33 

Inst_Index:4848 	 City_Num:50 	 Concorde:0.061454 	 MCTS:6.142533 Improve:0.002891 	 Time:5.01 Seconds
Solution: 1 33 31 18 42 20 40 41 30 16 45 7 12 29 25 37 27 24 22 4 19 38 2 43 10 6 21 14 8 34 15 26 39 47 9 13 46 3 28 32 5 23 17 49 35 36 44 11 48 50 

Inst_Index:4849 	 City_Num:50 	 Concorde:0.057368 	 MCTS:5.736818 Improve:-0.000000 	 Time:5.01 Seconds
Solution: 1 3 34 24 41 16 50 18 17 49 40 46 21 37 15 47 28 31 32 43 25 45 30 2 22 13 39 20 5 29 6 11 38 48 42 23 26 8 36 14 33 7 19 35 44 10 9 12 27 4 

Inst_Index:4850 	 City_Num:50 	 Concorde:0.061625 	 MCTS:6.160430 Improve:0.002047 	 Time:5.00 Seconds
Solution: 1 32 46 15 6 37 39 13 22 43 42 21 12 10 33 34 28 35 14 8 4 18 9 45 11 47 5 48 31 26 24 3 38 40 29 44 16 23 41 17 20 30 36 27 2 49 7 50 19 25 

Inst_Index:4851 	 City_Num:50 	 Concorde:0.058063 	 MCTS:5.805750 Improve:0.000556 	 Time:5.00 Seconds
Solution: 1 25 10 15 3 12 5 28 42 34 29 20 21 17 43 16 44 23 22 33 13 36 32 37 2 24 30 31 14 19 6 35 40 49 18 26 7 38 48 41 27 4 46 11 45 47 8 9 39 50 

Inst_Index:4852 	 City_Num:50 	 Concorde:0.053483 	 MCTS:5.340205 Improve:0.008093 	 Time:5.00 Seconds
Solution: 1 4 22 7 37 17 2 23 30 27 41 47 13 25 36 5 40 38 42 20 33 21 45 9 31 11 49 14 26 6 15 35 50 3 48 44 16 43 32 34 28 12 18 19 8 10 24 46 39 29 

Inst_Index:4853 	 City_Num:50 	 Concorde:0.055764 	 MCTS:5.576399 Improve:-0.000000 	 Time:5.00 Seconds
Solution: 1 15 45 19 21 37 11 46 41 22 32 14 9 26 43 35 34 24 5 23 44 25 47 20 33 6 2 12 40 16 28 17 38 30 36 13 7 8 3 42 49 4 10 48 27 31 29 39 50 18 

Inst_Index:4854 	 City_Num:50 	 Concorde:0.057540 	 MCTS:5.753981 Improve:0.000000 	 Time:5.00 Seconds
Solution: 1 16 21 22 50 11 45 42 35 23 24 49 12 10 36 44 48 28 32 13 38 15 20 5 17 8 19 31 33 7 41 18 6 14 9 29 40 46 34 3 39 27 26 4 43 47 25 2 30 37 

Inst_Index:4855 	 City_Num:50 	 Concorde:0.055986 	 MCTS:5.598584 Improve:0.000000 	 Time:5.00 Seconds
Solution: 1 2 26 3 42 47 32 15 19 43 14 37 23 24 34 25 36 29 39 35 33 4 21 46 44 11 27 13 6 48 12 38 10 49 9 22 8 50 28 20 5 7 40 45 17 41 16 18 31 30 

Inst_Index:4856 	 City_Num:50 	 Concorde:0.055670 	 MCTS:5.566973 Improve:0.000000 	 Time:5.00 Seconds
Solution: 1 32 34 22 10 38 11 37 20 7 43 5 45 35 27 12 33 24 2 30 29 50 23 47 3 42 46 28 14 9 39 49 19 40 36 16 4 26 44 13 15 48 6 25 17 31 21 18 41 8 

Inst_Index:4857 	 City_Num:50 	 Concorde:0.053887 	 MCTS:5.382532 Improve:0.006171 	 Time:5.00 Seconds
Solution: 1 28 38 22 19 5 33 3 21 18 31 27 20 46 40 42 4 49 41 23 13 10 24 44 45 12 35 39 9 11 17 7 16 50 47 48 43 25 34 6 8 2 30 26 36 15 29 37 14 32 

Inst_Index:4858 	 City_Num:50 	 Concorde:0.060246 	 MCTS:6.024638 Improve:0.000000 	 Time:5.00 Seconds
Solution: 1 36 45 34 30 44 7 35 33 8 43 10 24 46 50 25 28 18 11 16 6 32 39 48 13 23 15 42 9 29 27 17 21 3 20 37 22 40 41 31 26 19 38 14 2 4 49 47 12 5 

Inst_Index:4859 	 City_Num:50 	 Concorde:0.059351 	 MCTS:5.935078 Improve:-0.000000 	 Time:5.00 Seconds
Solution: 1 50 29 9 48 22 21 46 47 31 14 43 3 39 45 16 26 25 5 2 44 24 8 11 41 7 23 30 35 17 42 34 27 10 12 20 38 13 4 19 6 33 28 36 32 40 18 15 37 49 

Inst_Index:4860 	 City_Num:50 	 Concorde:0.058864 	 MCTS:5.886386 Improve:0.000000 	 Time:5.00 Seconds
Solution: 1 14 23 33 6 27 48 15 36 3 44 50 26 37 19 41 38 46 28 42 29 49 39 20 8 43 45 17 11 18 16 7 4 12 5 31 35 9 2 10 21 24 30 40 22 13 25 47 34 32 

Inst_Index:4861 	 City_Num:50 	 Concorde:0.052276 	 MCTS:5.219412 Improve:0.008199 	 Time:5.00 Seconds
Solution: 1 40 48 46 4 29 45 50 22 30 44 36 25 7 47 28 34 37 31 9 33 32 38 14 2 43 27 13 3 6 17 15 35 11 10 41 23 16 26 39 49 20 8 19 21 5 18 12 42 24 

Inst_Index:4862 	 City_Num:50 	 Concorde:0.057229 	 MCTS:5.719132 Improve:0.003765 	 Time:5.00 Seconds
Solution: 1 10 46 38 9 20 26 27 2 14 39 32 15 22 45 19 21 23 8 17 4 47 13 18 5 43 12 31 24 11 3 6 48 29 34 25 7 37 16 50 49 41 44 28 42 40 35 33 36 30 

Inst_Index:4863 	 City_Num:50 	 Concorde:0.050942 	 MCTS:5.091655 Improve:0.002553 	 Time:5.00 Seconds
Solution: 1 39 14 23 32 31 25 33 6 15 27 50 49 5 35 7 44 12 13 45 24 10 17 34 48 4 16 22 47 9 36 41 46 40 11 3 42 26 21 18 38 28 8 37 43 30 19 29 20 2 

Inst_Index:4864 	 City_Num:50 	 Concorde:0.060082 	 MCTS:6.007007 Improve:0.001158 	 Time:5.00 Seconds
Solution: 1 7 23 20 22 38 31 12 24 9 45 30 50 5 35 18 16 26 48 36 3 34 19 37 13 14 8 44 27 46 39 6 43 17 2 25 28 42 41 49 11 47 10 21 29 32 4 33 40 15 

Inst_Index:4865 	 City_Num:50 	 Concorde:0.054363 	 MCTS:5.436287 Improve:0.000000 	 Time:5.00 Seconds
Solution: 1 21 8 29 23 44 30 6 32 16 45 46 31 33 12 50 11 15 14 17 18 39 25 41 40 24 47 43 9 35 36 20 2 27 19 42 34 7 49 22 3 5 4 10 48 13 37 26 38 28 

Inst_Index:4866 	 City_Num:50 	 Concorde:0.055730 	 MCTS:5.573029 Improve:0.000000 	 Time:5.02 Seconds
Solution: 1 4 5 10 44 34 7 50 12 20 49 39 14 17 30 24 37 11 38 41 18 8 25 27 33 45 19 36 13 42 32 22 47 26 48 46 2 29 15 16 3 35 40 31 21 6 28 9 23 43 

Inst_Index:4867 	 City_Num:50 	 Concorde:0.056235 	 MCTS:5.619689 Improve:0.003838 	 Time:5.00 Seconds
Solution: 1 23 20 9 36 11 7 30 8 17 38 35 41 13 16 28 4 37 5 2 34 15 10 26 22 44 6 48 31 39 49 32 19 40 12 50 45 46 3 24 25 27 47 14 43 18 29 21 33 42 

Inst_Index:4868 	 City_Num:50 	 Concorde:0.058093 	 MCTS:5.809257 Improve:0.000000 	 Time:5.01 Seconds
Solution: 1 12 13 40 6 19 24 5 49 29 22 36 21 47 7 26 3 9 27 34 25 37 16 28 2 42 46 44 23 18 50 10 45 20 8 32 35 41 39 31 43 15 17 30 11 38 48 14 33 4 

Inst_Index:4869 	 City_Num:50 	 Concorde:0.057749 	 MCTS:5.774851 Improve:0.000000 	 Time:5.00 Seconds
Solution: 1 48 8 45 26 25 10 32 24 29 35 7 40 19 9 2 37 12 33 47 28 16 3 46 21 42 18 30 23 22 5 31 27 36 13 34 14 41 44 39 20 4 6 50 17 38 43 15 49 11 

Inst_Index:4870 	 City_Num:50 	 Concorde:0.053982 	 MCTS:5.397702 Improve:0.000538 	 Time:5.00 Seconds
Solution: 1 36 27 21 49 14 38 10 33 11 41 28 18 50 2 29 35 44 7 8 6 25 22 24 47 39 16 43 48 13 3 34 15 46 30 45 19 12 5 37 17 4 23 26 40 31 9 42 32 20 

Inst_Index:4871 	 City_Num:50 	 Concorde:0.056676 	 MCTS:5.667617 Improve:0.000000 	 Time:5.01 Seconds
Solution: 1 7 25 24 6 19 20 3 10 23 38 40 22 33 5 15 21 16 49 41 48 28 46 36 37 13 45 9 34 42 35 39 43 32 11 17 30 14 31 26 29 27 47 44 50 4 2 8 12 18 

Inst_Index:4872 	 City_Num:50 	 Concorde:0.050817 	 MCTS:5.081677 Improve:0.000000 	 Time:5.01 Seconds
Solution: 1 37 50 21 29 14 49 4 47 19 41 6 26 3 40 17 43 27 31 48 23 36 28 11 9 10 18 13 33 12 7 15 35 44 45 5 32 2 39 46 20 25 38 34 16 42 22 8 24 30 

Inst_Index:4873 	 City_Num:50 	 Concorde:0.056387 	 MCTS:5.638705 Improve:0.000000 	 Time:5.00 Seconds
Solution: 1 12 32 14 48 35 20 18 9 7 34 37 38 4 6 24 21 33 27 40 17 23 2 44 36 3 26 47 25 29 41 49 22 50 13 39 42 5 30 15 10 16 45 8 43 11 19 46 28 31 

Inst_Index:4874 	 City_Num:50 	 Concorde:0.056760 	 MCTS:5.675995 Improve:0.000000 	 Time:5.01 Seconds
Solution: 1 11 21 8 36 28 25 41 24 9 43 14 13 35 15 7 22 5 30 49 34 40 32 42 26 38 10 12 44 2 48 46 18 50 3 16 6 37 39 27 47 29 19 33 45 17 20 23 31 4 

Inst_Index:4875 	 City_Num:50 	 Concorde:0.061500 	 MCTS:6.147213 Improve:0.002770 	 Time:5.00 Seconds
Solution: 1 36 31 33 3 7 32 4 46 37 17 8 30 5 2 29 42 47 41 11 26 6 15 50 19 45 25 20 21 48 9 24 49 18 16 35 14 10 43 22 34 27 12 39 40 44 13 38 28 23 

Inst_Index:4876 	 City_Num:50 	 Concorde:0.054507 	 MCTS:5.444880 Improve:0.005800 	 Time:5.00 Seconds
Solution: 1 3 40 31 43 23 15 5 44 36 24 27 37 17 9 29 21 35 41 8 4 10 45 50 47 46 30 28 7 16 13 11 48 6 12 42 25 18 49 22 38 26 19 2 33 14 39 34 32 20 

Inst_Index:4877 	 City_Num:50 	 Concorde:0.056235 	 MCTS:5.623514 Improve:-0.000000 	 Time:5.01 Seconds
Solution: 1 19 45 4 11 37 22 8 25 21 39 6 5 50 48 32 9 34 15 28 29 33 49 30 31 26 24 44 36 18 23 41 12 47 16 35 27 10 14 20 3 2 43 38 42 40 17 7 13 46 

Inst_Index:4878 	 City_Num:50 	 Concorde:0.059270 	 MCTS:5.927049 Improve:-0.000000 	 Time:5.01 Seconds
Solution: 1 31 29 50 2 35 36 30 37 18 42 43 28 49 4 32 38 46 14 48 22 47 13 11 34 44 7 8 40 6 27 25 17 10 21 45 24 9 33 26 19 41 39 23 12 16 20 15 5 3 

Inst_Index:4879 	 City_Num:50 	 Concorde:0.052918 	 MCTS:5.291756 Improve:-0.000000 	 Time:5.00 Seconds
Solution: 1 46 28 39 48 36 34 38 7 27 9 11 19 12 15 31 24 29 22 4 21 18 5 32 42 20 33 17 25 2 8 50 40 35 37 6 13 30 26 41 14 16 3 45 44 43 23 49 10 47 

Inst_Index:4880 	 City_Num:50 	 Concorde:0.051782 	 MCTS:5.178169 Improve:0.000000 	 Time:5.00 Seconds
Solution: 1 42 21 50 26 18 45 38 44 36 31 17 46 20 3 15 14 12 28 37 9 11 49 35 30 23 39 19 13 25 24 16 43 7 40 41 34 22 33 10 4 6 29 5 2 32 27 8 47 48 

Inst_Index:4881 	 City_Num:50 	 Concorde:0.060130 	 MCTS:6.012465 Improve:0.000551 	 Time:5.00 Seconds
Solution: 1 15 46 34 42 16 43 20 11 33 45 40 4 24 19 39 31 35 28 18 10 36 32 7 6 50 12 27 44 5 13 21 3 26 25 48 23 38 14 17 41 8 2 9 47 30 22 29 49 37 

Inst_Index:4882 	 City_Num:50 	 Concorde:0.053502 	 MCTS:5.350236 Improve:-0.000000 	 Time:5.00 Seconds
Solution: 1 17 35 42 32 47 39 25 24 34 26 10 19 5 14 43 8 20 49 15 44 41 6 29 46 12 27 48 23 40 7 36 31 38 2 13 30 4 50 22 9 28 37 3 33 18 21 16 45 11 

Inst_Index:4883 	 City_Num:50 	 Concorde:0.055545 	 MCTS:5.553380 Improve:0.001119 	 Time:5.00 Seconds
Solution: 1 45 15 33 35 29 2 38 41 28 27 50 4 23 20 32 10 37 18 11 16 26 3 14 31 44 36 34 8 43 46 13 49 24 47 5 21 48 9 19 6 17 30 39 40 12 7 25 42 22 

Inst_Index:4884 	 City_Num:50 	 Concorde:0.053212 	 MCTS:5.316909 Improve:0.004270 	 Time:5.00 Seconds
Solution: 1 21 4 45 33 24 34 35 18 40 46 12 11 3 29 50 19 44 23 42 47 20 43 49 36 6 2 41 27 37 16 38 10 26 39 30 5 32 8 22 48 28 9 31 13 17 7 25 15 14 

Inst_Index:4885 	 City_Num:50 	 Concorde:0.056454 	 MCTS:5.638776 Improve:0.006629 	 Time:5.00 Seconds
Solution: 1 15 8 22 5 2 16 23 42 18 4 13 50 10 3 32 36 28 24 43 39 40 19 48 35 26 11 20 7 25 38 21 37 41 45 17 9 6 31 27 14 46 12 34 30 29 44 33 49 47 

Inst_Index:4886 	 City_Num:50 	 Concorde:0.056637 	 MCTS:5.663662 Improve:0.000000 	 Time:5.00 Seconds
Solution: 1 3 2 13 12 4 14 38 36 7 30 43 35 9 28 45 6 8 31 18 46 10 40 16 50 26 20 33 49 17 47 23 29 32 39 22 19 27 5 34 48 25 15 37 24 44 21 42 11 41 

Inst_Index:4887 	 City_Num:50 	 Concorde:0.056327 	 MCTS:5.632711 Improve:0.000000 	 Time:5.01 Seconds
Solution: 1 24 41 30 6 32 33 17 21 20 8 31 10 36 29 45 13 12 50 9 28 5 43 46 27 22 26 35 2 37 16 42 39 18 48 15 49 47 4 3 38 11 14 7 25 19 40 34 23 44 

Inst_Index:4888 	 City_Num:50 	 Concorde:0.058747 	 MCTS:5.874717 Improve:-0.000000 	 Time:5.01 Seconds
Solution: 1 34 35 23 20 19 41 12 17 50 45 15 36 16 9 40 24 25 33 2 5 37 28 42 44 26 4 21 6 48 14 49 43 13 10 7 22 11 38 3 30 46 27 29 8 32 31 18 47 39 

Inst_Index:4889 	 City_Num:50 	 Concorde:0.057662 	 MCTS:5.766169 Improve:0.000000 	 Time:5.00 Seconds
Solution: 1 32 18 13 44 14 39 34 16 19 35 17 3 45 26 42 15 33 20 24 4 8 37 21 11 27 7 22 6 30 43 28 29 31 38 48 49 9 41 12 50 40 47 10 5 36 46 23 2 25 

Inst_Index:4890 	 City_Num:50 	 Concorde:0.058828 	 MCTS:5.880008 Improve:0.002746 	 Time:5.00 Seconds
Solution: 1 43 7 31 50 11 9 45 10 28 20 40 23 27 26 46 39 8 34 21 42 49 3 47 19 25 41 17 37 22 30 15 13 16 48 6 33 38 5 14 4 32 35 29 12 2 36 44 18 24 

Inst_Index:4891 	 City_Num:50 	 Concorde:0.061112 	 MCTS:6.111241 Improve:-0.000000 	 Time:5.00 Seconds
Solution: 1 25 41 2 14 39 38 29 10 31 17 40 33 20 7 49 43 4 22 16 46 9 35 27 11 44 23 36 34 24 12 45 13 15 42 19 26 32 3 6 50 5 30 18 21 28 48 8 37 47 

Inst_Index:4892 	 City_Num:50 	 Concorde:0.059781 	 MCTS:5.978113 Improve:-0.000000 	 Time:5.00 Seconds
Solution: 1 14 4 7 16 12 24 43 30 38 50 6 9 41 37 49 48 22 27 11 13 39 28 23 17 20 25 40 26 19 3 10 21 32 2 36 29 18 45 8 34 5 31 47 15 35 46 44 42 33 

Inst_Index:4893 	 City_Num:50 	 Concorde:0.058678 	 MCTS:5.865252 Improve:0.002533 	 Time:5.00 Seconds
Solution: 1 35 2 4 9 19 5 25 46 41 6 28 20 27 47 42 32 10 33 44 26 50 48 39 31 43 15 12 3 45 7 36 38 11 14 17 30 49 21 16 29 24 23 8 18 34 40 22 37 13 

Inst_Index:4894 	 City_Num:50 	 Concorde:0.059600 	 MCTS:5.958366 Improve:0.001660 	 Time:5.00 Seconds
Solution: 1 3 30 24 50 47 22 28 27 10 29 44 46 17 45 41 37 23 34 40 8 21 20 26 39 33 4 49 36 12 31 48 18 13 7 2 42 19 38 6 25 43 16 9 5 32 14 35 11 15 

Inst_Index:4895 	 City_Num:50 	 Concorde:0.058217 	 MCTS:5.821677 Improve:-0.000000 	 Time:5.00 Seconds
Solution: 1 21 14 43 44 6 29 2 33 46 37 9 5 25 24 40 18 36 41 28 11 7 26 23 13 12 3 50 31 15 30 38 39 19 16 27 20 22 45 35 42 10 32 8 34 49 17 48 47 4 

Inst_Index:4896 	 City_Num:50 	 Concorde:0.057978 	 MCTS:5.797759 Improve:-0.000000 	 Time:5.00 Seconds
Solution: 1 30 44 24 9 22 20 2 14 25 36 47 45 5 40 39 46 26 3 13 49 27 42 32 12 19 15 41 38 21 11 29 37 23 7 10 35 33 17 28 34 16 43 48 4 31 6 50 8 18 

Inst_Index:4897 	 City_Num:50 	 Concorde:0.056956 	 MCTS:5.695632 Improve:0.000000 	 Time:5.00 Seconds
Solution: 1 40 23 7 35 6 43 15 50 36 3 8 33 38 19 46 14 29 9 25 22 24 4 20 39 26 11 45 42 18 44 16 34 27 13 2 32 41 10 17 37 47 28 31 5 21 48 12 49 30 

Inst_Index:4898 	 City_Num:50 	 Concorde:0.061205 	 MCTS:6.117124 Improve:0.003425 	 Time:5.00 Seconds
Solution: 1 35 36 50 27 24 6 8 20 12 11 9 10 45 23 31 19 38 13 18 7 3 49 48 43 21 34 46 5 16 28 30 47 32 2 37 17 44 42 41 29 39 25 33 15 14 22 40 26 4 

Inst_Index:4899 	 City_Num:50 	 Concorde:0.052087 	 MCTS:5.208656 Improve:0.000000 	 Time:5.00 Seconds
Solution: 1 47 13 9 2 16 10 50 46 44 30 41 3 27 15 4 21 20 49 33 38 19 40 6 12 34 25 43 36 29 18 26 11 14 31 8 39 24 32 48 28 37 5 42 23 45 7 35 17 22 

Inst_Index:4900 	 City_Num:50 	 Concorde:0.055764 	 MCTS:5.576436 Improve:0.000000 	 Time:5.00 Seconds
Solution: 1 22 7 36 34 40 26 42 32 2 15 3 37 38 29 8 33 45 18 31 24 14 16 9 10 48 17 44 6 50 12 4 11 49 25 30 47 27 28 19 23 13 21 5 39 20 35 41 43 46 

Inst_Index:4901 	 City_Num:50 	 Concorde:0.056718 	 MCTS:5.671819 Improve:0.000000 	 Time:5.00 Seconds
Solution: 1 22 16 5 27 33 35 44 45 10 25 24 40 36 37 14 9 26 21 3 23 28 38 39 42 11 18 13 43 46 47 17 2 7 15 34 12 8 49 20 29 19 30 32 4 31 41 48 50 6 

Inst_Index:4902 	 City_Num:50 	 Concorde:0.060185 	 MCTS:6.018533 Improve:0.000000 	 Time:5.00 Seconds
Solution: 1 21 13 42 38 41 9 16 4 22 7 3 32 37 25 48 19 10 5 17 45 18 6 12 11 36 20 34 44 43 47 29 23 15 31 8 46 27 14 24 39 49 2 26 50 40 33 35 30 28 

Inst_Index:4903 	 City_Num:50 	 Concorde:0.054725 	 MCTS:5.472507 Improve:-0.000000 	 Time:5.00 Seconds
Solution: 1 5 43 12 22 38 9 45 4 48 30 10 50 13 37 39 15 2 20 26 19 36 18 21 23 14 29 16 47 40 25 11 27 42 41 35 34 31 24 8 32 44 6 7 49 28 33 17 46 3 

Inst_Index:4904 	 City_Num:50 	 Concorde:0.055666 	 MCTS:5.566592 Improve:0.000000 	 Time:5.00 Seconds
Solution: 1 40 34 33 11 6 20 50 21 19 35 12 41 36 46 45 18 42 47 24 5 48 27 10 25 37 14 49 13 23 22 39 15 28 9 38 30 43 44 16 3 2 32 29 31 8 17 7 26 4 

Inst_Index:4905 	 City_Num:50 	 Concorde:0.060784 	 MCTS:6.074680 Improve:0.003755 	 Time:5.00 Seconds
Solution: 1 38 32 4 49 17 26 10 35 9 40 3 29 7 5 6 50 43 41 48 36 13 21 22 42 37 33 2 34 18 44 31 30 16 45 39 12 15 14 47 46 11 27 23 8 19 25 20 28 24 

Inst_Index:4906 	 City_Num:50 	 Concorde:0.061635 	 MCTS:6.158263 Improve:0.005243 	 Time:5.00 Seconds
Solution: 1 31 33 24 9 8 42 44 11 22 6 28 34 3 16 38 50 19 7 41 15 32 48 26 45 49 14 30 13 18 12 39 23 20 10 37 46 29 17 40 5 36 43 47 2 21 25 4 27 35 

Inst_Index:4907 	 City_Num:50 	 Concorde:0.060147 	 MCTS:6.014740 Improve:-0.000000 	 Time:5.00 Seconds
Solution: 1 2 3 25 27 44 7 28 29 26 13 20 17 9 22 6 23 14 45 35 34 11 39 40 30 38 15 19 49 47 10 8 42 37 50 12 36 48 16 41 43 21 4 32 31 46 24 18 5 33 

Inst_Index:4908 	 City_Num:50 	 Concorde:0.054928 	 MCTS:5.492801 Improve:-0.000000 	 Time:5.00 Seconds
Solution: 1 12 6 47 20 50 40 14 4 9 46 49 43 21 5 31 27 33 45 10 36 7 26 32 24 15 3 29 37 38 34 35 42 23 41 19 22 17 48 13 8 25 16 2 11 44 18 30 39 28 

Inst_Index:4909 	 City_Num:50 	 Concorde:0.054936 	 MCTS:5.493576 Improve:0.000000 	 Time:5.00 Seconds
Solution: 1 6 48 45 3 22 18 50 2 19 49 38 37 44 25 40 13 15 14 29 41 33 16 30 24 8 31 21 11 42 28 23 5 36 26 27 7 9 47 35 34 10 12 39 20 32 46 43 4 17 

Inst_Index:4910 	 City_Num:50 	 Concorde:0.059824 	 MCTS:5.982369 Improve:0.000000 	 Time:5.00 Seconds
Solution: 1 43 28 31 10 39 11 3 47 17 12 32 13 42 40 50 5 29 46 14 37 22 30 6 26 24 25 44 20 33 45 18 49 2 38 34 48 21 4 36 8 35 16 27 7 15 9 23 19 41 

Inst_Index:4911 	 City_Num:50 	 Concorde:0.056027 	 MCTS:5.602663 Improve:-0.000000 	 Time:5.00 Seconds
Solution: 1 45 21 10 42 34 2 35 29 41 12 3 50 26 14 49 31 7 23 6 30 36 33 43 4 17 27 16 25 9 24 39 28 47 20 11 18 46 19 15 22 37 8 32 13 48 40 38 44 5 

Inst_Index:4912 	 City_Num:50 	 Concorde:0.057493 	 MCTS:5.749349 Improve:0.000000 	 Time:5.00 Seconds
Solution: 1 14 12 27 21 30 7 17 34 5 23 38 8 20 24 3 33 35 44 2 37 28 16 46 48 32 22 10 6 45 49 41 40 15 43 19 13 50 18 47 42 26 36 29 11 31 4 9 25 39 

Inst_Index:4913 	 City_Num:50 	 Concorde:0.059494 	 MCTS:5.949360 Improve:-0.000000 	 Time:5.00 Seconds
Solution: 1 35 50 25 9 14 22 31 39 19 3 18 28 40 26 6 36 8 16 41 24 48 27 12 4 13 38 10 11 46 45 21 20 33 44 43 5 15 49 2 37 7 29 34 17 47 32 30 23 42 

Inst_Index:4914 	 City_Num:50 	 Concorde:0.059334 	 MCTS:5.933412 Improve:0.000000 	 Time:5.00 Seconds
Solution: 1 11 33 29 47 16 24 2 26 14 46 21 7 3 13 35 45 4 25 19 39 42 9 22 32 30 48 12 8 41 18 38 36 15 6 23 50 37 49 27 34 44 17 28 31 10 20 40 43 5 

Inst_Index:4915 	 City_Num:50 	 Concorde:0.056698 	 MCTS:5.668932 Improve:0.000858 	 Time:5.00 Seconds
Solution: 1 41 38 15 3 47 18 26 24 14 31 17 4 44 39 10 22 21 27 40 11 46 49 8 25 35 29 33 30 50 19 23 12 9 48 37 36 6 5 45 13 7 43 32 2 16 34 20 28 42 

Inst_Index:4916 	 City_Num:50 	 Concorde:0.056846 	 MCTS:5.684614 Improve:-0.000000 	 Time:5.00 Seconds
Solution: 1 11 33 32 6 13 26 35 10 21 17 20 7 49 34 12 41 39 22 40 3 14 9 24 50 31 37 18 2 16 30 29 4 27 19 46 25 5 23 8 47 15 43 38 28 45 44 48 36 42 

Inst_Index:4917 	 City_Num:50 	 Concorde:0.060394 	 MCTS:6.039355 Improve:-0.000000 	 Time:5.00 Seconds
Solution: 1 28 12 37 9 31 14 5 40 23 48 25 39 38 43 50 44 10 8 13 30 15 32 7 24 3 2 17 18 4 33 11 45 19 22 29 35 27 34 41 6 26 49 36 42 21 46 20 47 16 

Inst_Index:4918 	 City_Num:50 	 Concorde:0.055819 	 MCTS:5.581928 Improve:0.000000 	 Time:5.00 Seconds
Solution: 1 18 34 50 23 30 45 41 15 25 49 29 11 35 17 39 24 16 9 43 28 22 27 37 10 26 3 6 5 32 12 7 31 44 42 40 14 38 8 2 20 47 19 4 33 46 13 48 36 21 

Inst_Index:4919 	 City_Num:50 	 Concorde:0.059483 	 MCTS:5.948276 Improve:-0.000000 	 Time:5.00 Seconds
Solution: 1 35 4 24 40 20 14 31 17 37 28 9 2 7 19 8 5 13 50 29 42 25 26 27 41 22 11 47 30 44 6 18 49 38 15 3 10 32 23 39 12 16 21 43 45 34 36 33 46 48 

Inst_Index:4920 	 City_Num:50 	 Concorde:0.057368 	 MCTS:5.736828 Improve:0.000000 	 Time:5.00 Seconds
Solution: 1 26 11 43 22 39 7 18 49 20 28 30 21 32 50 24 13 16 10 34 6 40 27 17 25 3 38 2 35 5 8 37 36 4 19 14 42 45 15 23 41 29 46 12 31 48 44 33 9 47 

Inst_Index:4921 	 City_Num:50 	 Concorde:0.056901 	 MCTS:5.690056 Improve:-0.000000 	 Time:5.00 Seconds
Solution: 1 5 38 14 16 43 9 2 4 15 11 47 37 49 35 44 36 48 39 28 23 50 3 41 20 17 40 42 25 10 26 30 27 33 18 6 45 19 46 8 34 22 13 29 21 31 12 32 7 24 

Inst_Index:4922 	 City_Num:50 	 Concorde:0.057598 	 MCTS:5.759768 Improve:-0.000000 	 Time:5.00 Seconds
Solution: 1 5 3 31 23 45 17 20 41 47 40 43 32 24 27 42 35 22 38 30 13 6 19 10 34 46 50 9 26 28 49 12 2 16 11 33 18 48 39 44 7 36 29 37 21 25 15 14 4 8 

Inst_Index:4923 	 City_Num:50 	 Concorde:0.059937 	 MCTS:5.988796 Improve:0.004951 	 Time:5.00 Seconds
Solution: 1 29 5 32 42 22 18 20 7 43 36 17 40 37 2 49 21 35 38 44 50 47 30 9 8 45 3 23 39 27 48 25 28 6 31 19 15 13 16 12 41 26 46 24 4 33 10 11 14 34 

Inst_Index:4924 	 City_Num:50 	 Concorde:0.059368 	 MCTS:5.936772 Improve:-0.000000 	 Time:5.00 Seconds
Solution: 1 24 38 21 17 3 9 12 6 41 15 8 47 49 39 20 18 10 26 48 36 19 2 11 27 13 45 16 14 50 43 33 44 22 34 35 42 40 25 29 23 28 31 37 32 5 46 7 4 30 

Inst_Index:4925 	 City_Num:50 	 Concorde:0.062383 	 MCTS:6.238276 Improve:-0.000000 	 Time:5.01 Seconds
Solution: 1 27 19 4 50 41 37 28 47 38 18 20 2 43 11 7 23 42 14 6 49 21 46 30 31 45 3 16 40 10 34 33 39 44 35 25 12 36 26 5 29 8 32 24 22 15 48 17 13 9 

Inst_Index:4926 	 City_Num:50 	 Concorde:0.057863 	 MCTS:5.786339 Improve:0.000000 	 Time:5.00 Seconds
Solution: 1 49 22 32 40 26 13 43 3 44 46 45 7 37 2 11 31 39 15 34 21 28 23 48 10 5 6 36 17 41 50 27 8 24 9 33 14 18 30 20 47 16 25 42 4 35 12 29 38 19 

Inst_Index:4927 	 City_Num:50 	 Concorde:0.055886 	 MCTS:5.588568 Improve:0.000000 	 Time:5.00 Seconds
Solution: 1 25 22 37 5 17 9 2 21 23 6 12 34 13 40 7 50 36 35 39 43 8 31 49 10 47 46 19 3 27 48 30 11 4 20 38 44 14 45 15 41 32 18 16 42 33 26 28 24 29 

Inst_Index:4928 	 City_Num:50 	 Concorde:0.056634 	 MCTS:5.660015 Improve:0.003433 	 Time:5.00 Seconds
Solution: 1 33 21 18 17 48 38 15 41 20 3 5 39 28 50 24 35 31 37 42 49 9 32 14 10 16 36 26 11 13 19 44 23 8 4 7 22 2 45 40 27 6 34 47 43 46 30 12 29 25 

Inst_Index:4929 	 City_Num:50 	 Concorde:0.056719 	 MCTS:5.677271 Improve:-0.005337 	 Time:5.00 Seconds
Solution: 1 3 50 4 21 12 34 2 47 37 28 49 48 33 23 40 15 42 17 35 5 38 39 41 20 46 6 43 44 7 22 30 31 9 19 24 25 26 36 11 29 10 27 14 8 45 18 13 16 32 

Inst_Index:4930 	 City_Num:50 	 Concorde:0.054029 	 MCTS:5.402924 Improve:-0.000000 	 Time:5.00 Seconds
Solution: 1 37 24 16 30 13 38 25 26 10 17 3 19 7 42 36 4 9 5 12 41 27 29 33 43 39 48 35 22 46 20 34 2 23 47 45 31 50 49 8 6 14 21 11 32 40 15 44 18 28 

Inst_Index:4931 	 City_Num:50 	 Concorde:0.060888 	 MCTS:6.088847 Improve:-0.000067 	 Time:5.00 Seconds
Solution: 1 43 10 31 36 47 3 9 39 27 32 42 14 5 4 2 20 29 49 7 19 34 46 13 18 50 6 26 37 30 11 41 33 44 24 48 25 17 12 28 23 40 38 45 21 16 35 22 15 8 

Inst_Index:4932 	 City_Num:50 	 Concorde:0.054255 	 MCTS:5.425476 Improve:0.000000 	 Time:5.00 Seconds
Solution: 1 17 14 7 45 46 41 29 30 49 10 32 3 24 44 19 18 27 47 8 2 5 9 28 6 31 39 13 25 33 16 12 40 42 21 38 36 37 15 26 34 4 50 43 23 20 22 35 11 48 

Inst_Index:4933 	 City_Num:50 	 Concorde:0.059335 	 MCTS:5.933546 Improve:-0.000000 	 Time:5.00 Seconds
Solution: 1 48 20 28 36 42 8 21 34 29 32 40 23 35 10 14 13 47 31 33 12 15 9 18 5 37 2 6 26 11 7 38 50 43 46 19 25 27 49 41 17 45 24 16 30 3 44 22 39 4 

Inst_Index:4934 	 City_Num:50 	 Concorde:0.054696 	 MCTS:5.469593 Improve:0.000000 	 Time:5.00 Seconds
Solution: 1 50 30 15 46 37 18 14 39 23 22 9 12 11 33 35 5 41 17 47 2 24 6 4 26 44 8 34 20 48 7 43 27 3 16 31 10 21 40 38 45 19 25 29 13 42 49 28 36 32 

Inst_Index:4935 	 City_Num:50 	 Concorde:0.055107 	 MCTS:5.509501 Improve:0.001151 	 Time:5.00 Seconds
Solution: 1 5 40 27 41 13 47 39 42 18 7 24 29 32 3 22 12 19 44 14 31 6 26 2 48 20 4 36 9 35 37 28 15 46 49 10 21 23 50 8 33 34 38 30 11 16 45 25 43 17 

Inst_Index:4936 	 City_Num:50 	 Concorde:0.060488 	 MCTS:6.046071 Improve:0.002722 	 Time:5.00 Seconds
Solution: 1 28 18 5 27 10 22 12 43 41 31 16 23 33 25 30 46 34 42 2 14 6 21 7 4 3 17 39 45 49 9 47 50 36 32 48 37 13 44 40 26 38 29 8 20 35 15 19 24 11 

Inst_Index:4937 	 City_Num:50 	 Concorde:0.056999 	 MCTS:5.696955 Improve:0.002987 	 Time:5.02 Seconds
Solution: 1 23 20 35 44 17 13 49 28 6 29 12 33 14 38 16 37 8 31 24 2 32 10 18 9 36 48 5 27 22 11 43 25 50 40 21 15 19 34 4 3 46 47 30 39 41 7 26 42 45 

Inst_Index:4938 	 City_Num:50 	 Concorde:0.056449 	 MCTS:5.641449 Improve:0.003432 	 Time:5.00 Seconds
Solution: 1 37 23 43 38 27 31 15 41 46 44 20 50 30 4 9 28 45 19 24 17 14 32 12 26 48 5 13 42 29 34 22 8 10 25 49 33 7 36 3 21 47 6 40 39 35 11 2 16 18 

Inst_Index:4939 	 City_Num:50 	 Concorde:0.052413 	 MCTS:5.241298 Improve:-0.000000 	 Time:5.00 Seconds
Solution: 1 9 33 6 22 26 24 5 7 21 37 47 15 19 49 2 35 18 30 38 48 8 11 29 28 31 40 46 39 12 3 43 10 44 27 25 14 36 41 45 23 13 16 50 20 42 34 17 32 4 

Inst_Index:4940 	 City_Num:50 	 Concorde:0.059953 	 MCTS:5.990769 Improve:0.004563 	 Time:5.00 Seconds
Solution: 1 33 36 12 28 35 50 27 6 23 46 2 24 44 43 41 29 37 10 19 47 14 40 45 32 21 18 16 11 13 49 31 38 48 42 39 15 9 5 30 4 17 8 26 22 25 34 20 7 3 

Inst_Index:4941 	 City_Num:50 	 Concorde:0.059133 	 MCTS:5.907791 Improve:0.005510 	 Time:5.00 Seconds
Solution: 1 14 26 48 9 25 24 28 4 20 21 32 12 40 31 15 13 29 38 44 5 30 10 18 50 49 35 43 3 19 23 16 7 22 45 34 8 46 39 11 41 36 6 37 27 33 47 42 2 17 

Inst_Index:4942 	 City_Num:50 	 Concorde:0.057685 	 MCTS:5.768541 Improve:-0.000000 	 Time:5.00 Seconds
Solution: 1 16 47 32 35 9 38 46 33 37 34 45 41 10 39 29 24 2 49 22 27 50 14 40 12 21 31 25 30 17 36 43 48 4 19 5 42 23 8 3 44 15 6 26 20 13 28 11 7 18 

Inst_Index:4943 	 City_Num:50 	 Concorde:0.058875 	 MCTS:5.887379 Improve:0.000149 	 Time:5.00 Seconds
Solution: 1 10 14 36 20 47 37 40 11 17 45 23 38 25 4 41 19 32 33 46 21 30 15 39 3 26 24 2 34 43 6 42 8 48 12 44 7 18 27 49 28 16 5 22 13 9 50 35 29 31 

Inst_Index:4944 	 City_Num:50 	 Concorde:0.051576 	 MCTS:5.157594 Improve:0.000000 	 Time:5.00 Seconds
Solution: 1 24 45 5 10 33 30 49 37 25 18 13 48 31 15 50 20 47 22 19 35 23 2 4 29 46 26 9 12 7 14 11 40 17 27 3 8 43 44 38 28 41 16 39 42 34 6 32 21 36 

Inst_Index:4945 	 City_Num:50 	 Concorde:0.057400 	 MCTS:5.738536 Improve:0.001416 	 Time:5.00 Seconds
Solution: 1 46 37 12 47 42 13 3 38 43 31 49 5 45 8 33 24 41 36 30 2 14 29 44 16 17 20 39 50 10 4 9 34 22 11 21 19 48 25 7 35 27 15 28 32 40 6 23 26 18 

Inst_Index:4946 	 City_Num:50 	 Concorde:0.053399 	 MCTS:5.334150 Improve:0.005736 	 Time:5.00 Seconds
Solution: 1 10 14 47 34 19 12 20 50 21 32 33 44 40 36 27 8 18 45 46 42 16 9 23 22 49 3 48 39 31 37 11 41 4 13 5 29 24 35 2 7 25 43 30 28 6 38 26 17 15 

Inst_Index:4947 	 City_Num:50 	 Concorde:0.058355 	 MCTS:5.833224 Improve:0.002285 	 Time:5.00 Seconds
Solution: 1 50 17 2 48 13 33 42 16 43 5 44 31 49 39 11 34 35 29 10 36 20 30 40 18 8 25 23 12 3 32 24 7 45 37 28 4 9 15 26 14 47 22 27 19 41 38 6 46 21 

Inst_Index:4948 	 City_Num:50 	 Concorde:0.060092 	 MCTS:6.008536 Improve:0.000671 	 Time:5.00 Seconds
Solution: 1 35 28 10 2 39 49 9 24 23 34 46 12 44 20 27 5 15 4 31 29 42 8 18 36 38 7 17 48 21 50 13 16 3 37 26 45 40 43 41 11 6 30 14 33 19 22 25 32 47 

Inst_Index:4949 	 City_Num:50 	 Concorde:0.058954 	 MCTS:5.894322 Improve:0.001097 	 Time:5.01 Seconds
Solution: 1 33 28 47 40 44 46 31 6 13 15 37 23 48 2 4 38 10 9 43 22 18 20 50 39 11 24 32 45 30 17 19 25 26 49 35 3 36 7 12 27 16 29 14 41 34 21 8 5 42 

Inst_Index:4950 	 City_Num:50 	 Concorde:0.054953 	 MCTS:5.493206 Improve:0.002096 	 Time:5.00 Seconds
Solution: 1 6 24 47 21 16 38 49 44 7 17 45 32 4 12 34 35 2 29 11 18 25 33 15 39 40 10 20 46 43 26 31 41 42 5 8 3 30 22 9 50 14 19 37 27 13 23 48 28 36 

Inst_Index:4951 	 City_Num:50 	 Concorde:0.053934 	 MCTS:5.391711 Improve:0.001657 	 Time:5.01 Seconds
Solution: 1 9 6 26 23 21 37 47 32 16 22 29 12 11 3 15 49 20 35 2 19 41 42 33 17 7 8 36 46 10 31 4 40 27 38 48 18 30 43 5 25 28 39 34 14 24 44 50 45 13 

Inst_Index:4952 	 City_Num:50 	 Concorde:0.060853 	 MCTS:6.079699 Improve:0.005591 	 Time:5.01 Seconds
Solution: 1 27 5 26 48 37 36 14 50 32 19 22 28 4 12 8 47 38 9 33 40 3 45 6 44 16 15 35 49 17 31 43 2 24 7 11 10 39 18 13 30 42 41 29 25 23 20 46 34 21 

Inst_Index:4953 	 City_Num:50 	 Concorde:0.056875 	 MCTS:5.687537 Improve:-0.000000 	 Time:5.00 Seconds
Solution: 1 39 33 22 17 32 5 31 25 26 48 12 7 46 28 13 23 27 36 43 47 8 10 4 41 20 9 38 35 45 34 15 49 6 18 2 50 16 14 3 44 29 42 24 21 19 11 40 30 37 

Inst_Index:4954 	 City_Num:50 	 Concorde:0.059090 	 MCTS:5.901016 Improve:0.007949 	 Time:5.00 Seconds
Solution: 1 46 41 25 28 13 45 44 47 26 30 3 20 33 23 42 6 16 22 39 49 4 5 50 21 31 38 7 14 10 9 24 17 34 12 32 43 36 37 8 15 48 35 11 27 19 2 18 40 29 

Inst_Index:4955 	 City_Num:50 	 Concorde:0.054172 	 MCTS:5.413138 Improve:0.004070 	 Time:5.00 Seconds
Solution: 1 37 2 25 27 14 23 42 40 10 45 22 4 20 47 43 18 3 30 48 11 15 17 7 24 41 12 8 44 33 6 28 46 13 38 5 19 35 31 34 9 49 39 32 26 21 29 50 36 16 

Inst_Index:4956 	 City_Num:50 	 Concorde:0.058967 	 MCTS:5.896690 Improve:-0.000000 	 Time:5.00 Seconds
Solution: 1 8 39 29 6 23 34 47 9 13 31 22 33 15 35 2 11 36 18 42 26 48 5 10 28 17 41 14 24 37 45 7 25 38 43 44 12 27 49 32 21 3 50 19 40 46 30 4 20 16 

Inst_Index:4957 	 City_Num:50 	 Concorde:0.057813 	 MCTS:5.781324 Improve:0.000000 	 Time:5.01 Seconds
Solution: 1 20 32 43 6 33 14 34 18 46 27 38 5 41 30 8 37 4 21 42 22 35 44 48 40 11 45 39 25 28 10 12 36 16 9 19 15 31 47 50 26 24 49 7 29 13 17 23 3 2 

Inst_Index:4958 	 City_Num:50 	 Concorde:0.056772 	 MCTS:5.677152 Improve:0.000000 	 Time:5.00 Seconds
Solution: 1 20 37 11 49 21 36 7 40 29 19 50 31 27 43 24 5 22 2 16 3 23 25 39 8 45 30 26 33 14 44 28 4 34 10 42 35 41 12 15 6 32 9 48 17 38 47 18 46 13 

Inst_Index:4959 	 City_Num:50 	 Concorde:0.057933 	 MCTS:5.793266 Improve:-0.000000 	 Time:5.00 Seconds
Solution: 1 37 28 34 5 3 4 46 14 43 38 29 18 16 36 41 11 13 24 49 40 25 47 26 31 22 32 19 39 9 30 35 27 8 7 42 12 15 6 44 48 23 50 2 17 10 21 45 20 33 

Inst_Index:4960 	 City_Num:50 	 Concorde:0.058283 	 MCTS:5.826843 Improve:0.001476 	 Time:5.00 Seconds
Solution: 1 32 20 4 25 11 39 3 6 9 45 21 14 28 26 44 37 22 36 10 50 33 13 18 15 29 17 46 27 41 40 48 24 8 7 19 30 47 35 23 12 38 49 5 16 31 2 42 34 43 

Inst_Index:4961 	 City_Num:50 	 Concorde:0.061827 	 MCTS:6.182716 Improve:0.000000 	 Time:5.00 Seconds
Solution: 1 18 15 28 26 39 24 31 45 22 16 6 47 42 11 17 3 43 5 21 50 25 46 4 36 7 49 48 2 37 44 35 9 34 29 41 13 38 19 14 40 8 10 20 27 32 23 12 30 33 

Inst_Index:4962 	 City_Num:50 	 Concorde:0.059316 	 MCTS:5.931647 Improve:0.000000 	 Time:5.00 Seconds
Solution: 1 9 2 41 47 46 5 22 31 40 44 24 13 33 37 28 27 43 26 17 15 34 32 42 39 20 3 6 25 23 18 35 7 10 11 8 38 19 14 21 30 50 36 29 16 45 12 49 4 48 

Inst_Index:4963 	 City_Num:50 	 Concorde:0.055783 	 MCTS:5.578324 Improve:0.000000 	 Time:5.00 Seconds
Solution: 1 9 26 29 27 49 21 46 41 16 40 8 31 34 42 4 47 50 5 48 33 2 30 22 36 24 17 35 14 37 13 6 43 25 38 15 23 39 11 7 12 45 10 32 20 19 44 18 3 28 

Inst_Index:4964 	 City_Num:50 	 Concorde:0.055879 	 MCTS:5.587904 Improve:0.000000 	 Time:5.00 Seconds
Solution: 1 8 39 43 22 49 19 33 21 12 16 36 26 13 4 20 9 18 3 44 47 14 48 35 5 32 40 31 11 2 50 15 25 27 17 24 45 30 38 46 41 10 29 34 28 23 42 37 6 7 

Inst_Index:4965 	 City_Num:50 	 Concorde:0.057901 	 MCTS:5.787937 Improve:0.002147 	 Time:5.00 Seconds
Solution: 1 13 30 48 34 24 7 11 40 37 9 3 27 12 45 46 35 26 31 8 14 33 41 25 49 32 21 16 17 44 39 43 6 20 38 50 23 19 22 36 10 4 28 47 15 2 18 29 5 42 

Inst_Index:4966 	 City_Num:50 	 Concorde:0.058517 	 MCTS:5.849116 Improve:0.002556 	 Time:5.00 Seconds
Solution: 1 44 16 39 34 13 36 6 38 46 27 45 43 15 35 14 22 12 41 17 3 23 29 9 18 28 5 30 4 31 2 49 26 8 21 10 48 33 25 20 11 37 32 24 42 19 47 40 7 50 

Inst_Index:4967 	 City_Num:50 	 Concorde:0.055635 	 MCTS:5.563468 Improve:0.000000 	 Time:5.00 Seconds
Solution: 1 19 20 11 50 40 6 36 37 47 46 8 28 29 33 18 48 24 49 43 16 10 31 17 41 26 4 14 45 3 25 38 32 22 42 34 23 44 2 13 15 27 12 7 35 30 21 9 39 5 

Inst_Index:4968 	 City_Num:50 	 Concorde:0.060227 	 MCTS:6.022735 Improve:0.000000 	 Time:5.00 Seconds
Solution: 1 12 13 24 38 4 49 25 22 33 18 35 29 40 14 50 3 5 47 30 9 32 28 41 34 37 36 46 6 26 19 20 11 7 17 48 44 43 10 23 39 31 2 16 8 45 21 15 27 42 

Inst_Index:4969 	 City_Num:50 	 Concorde:0.055666 	 MCTS:5.564638 Improve:0.001917 	 Time:5.00 Seconds
Solution: 1 41 17 45 29 49 27 9 35 15 25 10 20 5 39 8 46 31 13 26 30 28 47 24 38 42 16 40 33 23 34 43 11 6 3 32 4 50 12 37 14 2 18 44 22 19 48 36 7 21 

Inst_Index:4970 	 City_Num:50 	 Concorde:0.052053 	 MCTS:5.203879 Improve:0.001373 	 Time:5.00 Seconds
Solution: 1 5 29 17 25 42 49 40 44 8 9 14 38 45 24 12 10 32 22 28 43 26 36 41 33 21 16 27 4 6 23 35 39 31 46 47 34 18 50 19 20 15 11 30 3 37 2 13 7 48 

Inst_Index:4971 	 City_Num:50 	 Concorde:0.054389 	 MCTS:5.432104 Improve:0.006816 	 Time:5.00 Seconds
Solution: 1 2 8 22 45 15 19 18 30 29 40 16 49 26 3 41 13 14 31 11 33 25 17 39 48 21 28 44 5 47 35 34 32 43 9 27 24 20 38 23 4 37 42 36 50 7 6 46 10 12 

Inst_Index:4972 	 City_Num:50 	 Concorde:0.057167 	 MCTS:5.716741 Improve:-0.000000 	 Time:5.00 Seconds
Solution: 1 40 12 7 16 3 18 42 24 10 35 27 46 37 29 5 9 44 36 38 28 22 17 25 26 19 32 34 8 4 41 39 33 43 23 48 47 15 21 6 31 13 11 30 2 45 49 20 14 50 

Inst_Index:4973 	 City_Num:50 	 Concorde:0.055140 	 MCTS:5.511448 Improve:0.002601 	 Time:5.00 Seconds
Solution: 1 29 25 5 49 19 30 4 38 33 36 22 8 23 6 34 2 44 10 9 40 12 17 28 35 31 41 27 47 13 39 37 50 3 21 16 14 32 15 46 26 42 24 48 45 7 18 43 20 11 

Inst_Index:4974 	 City_Num:50 	 Concorde:0.056759 	 MCTS:5.675891 Improve:0.000000 	 Time:5.01 Seconds
Solution: 1 33 29 34 23 21 22 16 8 13 9 20 12 7 5 36 19 6 41 47 42 2 26 10 18 44 38 3 48 35 24 32 49 40 27 14 28 4 30 17 37 46 43 25 50 11 31 39 15 45 

Inst_Index:4975 	 City_Num:50 	 Concorde:0.056404 	 MCTS:5.640421 Improve:0.000000 	 Time:5.00 Seconds
Solution: 1 42 22 4 19 7 12 24 16 50 27 26 49 40 29 33 28 44 10 13 20 41 32 47 43 45 11 17 25 14 39 34 18 37 3 23 35 38 36 8 46 31 5 2 6 9 21 48 15 30 

Inst_Index:4976 	 City_Num:50 	 Concorde:0.056002 	 MCTS:5.600162 Improve:0.000000 	 Time:5.00 Seconds
Solution: 1 37 19 44 31 48 18 40 25 14 2 32 3 21 45 24 20 16 26 36 42 28 27 38 41 17 11 46 33 23 30 13 47 22 5 8 35 12 9 34 10 49 39 6 4 50 43 15 7 29 

Inst_Index:4977 	 City_Num:50 	 Concorde:0.053687 	 MCTS:5.362874 Improve:0.005804 	 Time:5.00 Seconds
Solution: 1 4 40 41 7 32 26 25 16 22 34 21 46 18 35 44 23 28 19 42 5 38 20 9 49 36 33 30 12 43 27 6 37 15 48 24 39 14 11 2 13 29 31 17 50 3 47 8 45 10 

Inst_Index:4978 	 City_Num:50 	 Concorde:0.053987 	 MCTS:5.397385 Improve:0.001268 	 Time:5.00 Seconds
Solution: 1 5 36 31 6 20 39 38 45 21 43 12 29 34 8 37 9 22 30 2 10 33 23 28 40 26 35 50 11 46 7 13 49 25 3 14 16 24 48 32 4 18 19 44 27 15 47 42 17 41 

Inst_Index:4979 	 City_Num:50 	 Concorde:0.056758 	 MCTS:5.674404 Improve:0.001442 	 Time:5.00 Seconds
Solution: 1 9 27 6 20 39 46 35 37 31 38 16 41 32 28 3 13 49 34 44 18 2 29 7 19 26 50 48 42 23 4 12 47 43 22 33 10 45 24 14 11 21 5 30 8 17 25 36 40 15 

Inst_Index:4980 	 City_Num:50 	 Concorde:0.061415 	 MCTS:6.141468 Improve:0.000000 	 Time:5.00 Seconds
Solution: 1 38 14 23 8 42 49 20 28 22 40 2 26 30 31 3 43 7 29 21 33 16 18 44 47 9 45 4 24 5 39 46 37 6 15 34 35 48 17 50 12 25 10 32 41 36 13 19 11 27 

Inst_Index:4981 	 City_Num:50 	 Concorde:0.056409 	 MCTS:5.640946 Improve:0.000000 	 Time:5.00 Seconds
Solution: 1 29 49 27 22 8 38 47 14 20 46 44 32 2 11 19 15 31 48 7 39 12 9 33 18 37 42 34 4 10 35 3 26 28 21 30 16 50 41 24 43 36 6 40 23 5 45 13 25 17 

Inst_Index:4982 	 City_Num:50 	 Concorde:0.055711 	 MCTS:5.571094 Improve:-0.000000 	 Time:5.00 Seconds
Solution: 1 24 31 47 35 27 26 30 16 46 39 12 22 20 3 42 32 17 34 15 21 23 14 50 6 41 10 2 18 45 49 40 19 36 5 29 48 7 37 13 44 8 4 9 43 33 11 25 28 38 

Inst_Index:4983 	 City_Num:50 	 Concorde:0.053916 	 MCTS:5.391606 Improve:0.000000 	 Time:5.00 Seconds
Solution: 1 30 7 38 13 22 31 11 49 41 39 26 14 50 32 46 25 15 16 42 34 36 23 33 2 40 8 24 10 47 9 17 48 43 19 21 3 35 20 4 12 6 37 18 5 27 29 28 44 45 

Inst_Index:4984 	 City_Num:50 	 Concorde:0.060515 	 MCTS:6.060341 Improve:-0.008804 	 Time:5.00 Seconds
Solution: 1 2 37 3 25 49 24 32 39 48 17 50 26 36 45 21 13 41 29 22 47 19 31 35 7 10 43 11 20 8 27 33 6 12 44 9 34 18 46 38 23 15 30 4 14 16 42 40 28 5 

Inst_Index:4985 	 City_Num:50 	 Concorde:0.060033 	 MCTS:6.000546 Improve:0.002723 	 Time:5.00 Seconds
Solution: 1 4 23 47 38 31 10 42 11 2 21 12 14 5 3 18 8 15 48 13 7 39 16 34 20 6 35 33 32 50 25 49 44 27 17 41 19 36 37 40 9 26 24 43 28 30 29 22 45 46 

Inst_Index:4986 	 City_Num:50 	 Concorde:0.057025 	 MCTS:5.702463 Improve:-0.000000 	 Time:5.00 Seconds
Solution: 1 45 18 24 38 44 42 43 31 3 16 17 28 48 11 30 33 23 37 50 19 25 29 32 2 12 47 34 20 49 26 39 22 10 13 8 35 5 9 41 46 7 27 4 6 21 15 14 36 40 

Inst_Index:4987 	 City_Num:50 	 Concorde:0.056003 	 MCTS:5.590191 Improve:0.010075 	 Time:5.00 Seconds
Solution: 1 37 38 16 47 13 18 41 46 43 11 48 10 7 34 17 19 23 50 12 2 42 21 35 36 3 49 20 22 26 33 14 8 4 40 45 24 44 27 31 6 30 28 9 29 32 5 15 39 25 

Inst_Index:4988 	 City_Num:50 	 Concorde:0.057548 	 MCTS:5.754821 Improve:0.000000 	 Time:5.00 Seconds
Solution: 1 44 5 49 37 2 30 7 13 45 26 33 24 14 43 9 31 17 22 21 12 42 41 50 11 3 27 4 15 36 32 28 29 40 46 10 23 19 18 47 39 38 8 20 6 16 34 25 48 35 

Inst_Index:4989 	 City_Num:50 	 Concorde:0.060994 	 MCTS:6.096218 Improve:0.003201 	 Time:5.00 Seconds
Solution: 1 26 39 15 49 3 31 14 37 5 27 25 4 24 40 38 46 41 16 10 42 30 7 29 50 32 36 34 18 17 8 12 19 45 44 47 23 6 33 13 48 28 9 43 21 22 11 20 35 2 

Inst_Index:4990 	 City_Num:50 	 Concorde:0.059869 	 MCTS:5.986936 Improve:0.000000 	 Time:5.00 Seconds
Solution: 1 9 30 32 31 39 40 45 23 50 36 29 11 47 10 38 14 34 28 49 35 12 22 7 37 42 6 48 15 27 13 41 2 43 4 25 33 17 16 8 3 46 19 5 20 44 21 18 24 26 

Inst_Index:4991 	 City_Num:50 	 Concorde:0.059456 	 MCTS:5.945598 Improve:-0.000000 	 Time:5.00 Seconds
Solution: 1 30 25 36 15 47 8 9 42 6 35 38 41 26 48 21 17 12 49 24 40 19 7 14 22 31 46 39 44 45 43 11 3 16 37 10 18 33 20 27 34 5 13 29 50 2 23 32 4 28 

Inst_Index:4992 	 City_Num:50 	 Concorde:0.059333 	 MCTS:5.930348 Improve:0.002962 	 Time:5.00 Seconds
Solution: 1 23 2 12 6 34 41 11 14 29 26 4 38 45 7 10 20 9 28 25 48 32 24 37 31 8 13 18 33 47 46 16 15 49 39 50 30 40 43 21 42 36 35 3 44 27 19 22 17 5 

Inst_Index:4993 	 City_Num:50 	 Concorde:0.054240 	 MCTS:5.424018 Improve:0.000000 	 Time:5.00 Seconds
Solution: 1 26 25 8 10 2 27 32 4 45 3 49 28 13 40 31 46 41 23 33 9 7 16 44 6 14 12 11 5 35 20 18 22 21 29 48 47 42 43 15 19 36 24 38 50 37 30 39 17 34 

Inst_Index:4994 	 City_Num:50 	 Concorde:0.056350 	 MCTS:5.634989 Improve:0.000000 	 Time:5.00 Seconds
Solution: 1 44 40 22 43 9 24 30 45 18 48 17 32 12 19 28 50 6 10 14 23 15 46 7 36 35 49 20 25 11 42 34 5 47 3 29 41 21 2 31 13 26 39 16 33 27 4 8 37 38 

Inst_Index:4995 	 City_Num:50 	 Concorde:0.055503 	 MCTS:5.547000 Improve:0.003310 	 Time:5.00 Seconds
Solution: 1 33 35 47 13 12 22 17 7 5 21 19 6 34 36 15 20 39 40 8 27 28 37 42 10 3 14 31 24 45 43 29 44 4 9 30 41 48 16 2 25 49 38 18 32 26 11 50 46 23 

Inst_Index:4996 	 City_Num:50 	 Concorde:0.052057 	 MCTS:5.197914 Improve:0.007821 	 Time:5.00 Seconds
Solution: 1 45 32 24 36 31 3 12 27 5 44 4 10 8 33 49 19 11 14 16 18 47 41 25 9 39 42 40 2 20 38 35 30 6 15 37 26 50 29 17 43 7 46 23 48 34 13 22 21 28 

Inst_Index:4997 	 City_Num:50 	 Concorde:0.058781 	 MCTS:5.878074 Improve:-0.000000 	 Time:5.00 Seconds
Solution: 1 40 3 39 25 50 35 37 48 41 42 23 9 2 7 22 34 46 18 19 45 10 4 8 17 28 36 14 38 13 5 24 12 30 33 47 16 11 29 20 26 21 27 31 49 6 15 32 44 43 

Inst_Index:4998 	 City_Num:50 	 Concorde:0.058698 	 MCTS:5.869119 Improve:0.000642 	 Time:5.00 Seconds
Solution: 1 46 19 27 45 10 33 26 12 37 30 50 31 28 42 34 9 20 48 43 21 47 36 8 41 7 18 38 32 11 6 49 4 15 44 39 17 35 13 22 5 24 25 29 3 23 2 40 16 14 

Inst_Index:4999 	 City_Num:50 	 Concorde:0.063152 	 MCTS:6.315246 Improve:0.000000 	 Time:5.00 Seconds
Solution: 1 36 13 29 44 23 42 46 17 37 43 10 45 18 32 21 4 14 39 15 6 20 35 47 19 7 5 27 26 48 22 9 41 2 49 25 16 12 40 8 38 31 34 28 30 11 50 24 33 3 

Inst_Index:5000 	 City_Num:50 	 Concorde:0.061607 	 MCTS:6.160744 Improve:0.000000 	 Time:5.00 Seconds
Solution: 1 44 17 24 40 32 8 2 34 41 19 49 21 5 15 38 9 10 47 26 43 31 23 42 45 6 7 29 3 30 36 11 27 14 50 37 35 33 22 20 39 12 46 4 28 13 48 16 25 18 

Inst_Index:5001 	 City_Num:50 	 Concorde:0.055395 	 MCTS:5.528406 Improve:0.011060 	 Time:5.00 Seconds
Solution: 1 47 36 18 33 21 7 42 40 48 28 17 6 32 37 22 14 44 49 9 19 46 8 11 13 50 31 3 38 20 12 43 29 30 16 35 34 2 45 5 39 26 41 10 24 4 15 27 23 25 

Inst_Index:5002 	 City_Num:50 	 Concorde:0.058212 	 MCTS:5.821152 Improve:-0.000000 	 Time:5.01 Seconds
Solution: 1 47 32 50 40 33 4 13 44 20 35 43 10 38 39 15 19 23 49 18 24 12 9 21 25 28 11 2 34 36 27 46 30 45 16 5 6 48 42 26 7 41 14 3 37 31 29 8 17 22 

Inst_Index:5003 	 City_Num:50 	 Concorde:0.055751 	 MCTS:5.575056 Improve:-0.000000 	 Time:5.00 Seconds
Solution: 1 28 50 42 35 33 32 24 45 30 36 22 20 11 49 8 16 3 37 25 9 17 44 10 13 6 27 34 7 31 14 46 23 4 43 41 5 29 2 12 47 19 26 40 15 18 39 38 48 21 

Inst_Index:5004 	 City_Num:50 	 Concorde:0.057340 	 MCTS:5.730311 Improve:0.003678 	 Time:5.00 Seconds
Solution: 1 48 38 7 15 33 19 13 22 42 10 17 2 45 14 35 29 32 41 12 27 47 40 21 9 34 20 5 25 36 39 26 43 8 3 30 37 24 49 6 44 4 18 16 46 23 28 50 11 31 

Inst_Index:5005 	 City_Num:50 	 Concorde:0.055876 	 MCTS:5.587567 Improve:0.000000 	 Time:5.00 Seconds
Solution: 1 42 14 46 4 20 40 29 31 18 3 38 50 19 25 24 21 43 33 34 32 27 45 28 47 35 44 9 26 37 10 5 12 7 30 36 17 8 41 22 16 6 49 48 15 39 11 13 23 2 

Inst_Index:5006 	 City_Num:50 	 Concorde:0.056244 	 MCTS:5.623888 Improve:0.000464 	 Time:5.00 Seconds
Solution: 1 3 38 8 11 16 15 45 42 43 22 48 30 20 24 47 36 23 31 7 6 40 4 5 49 26 46 41 35 10 18 29 25 28 39 37 34 17 13 32 12 2 44 19 9 27 33 50 14 21 

Inst_Index:5007 	 City_Num:50 	 Concorde:0.056057 	 MCTS:5.601102 Improve:0.004594 	 Time:5.00 Seconds
Solution: 1 30 43 42 31 26 15 7 19 16 3 12 23 11 44 36 17 24 18 32 8 40 35 25 10 47 41 5 50 38 9 49 14 48 13 29 4 20 37 2 33 27 21 46 6 34 22 28 45 39 

Inst_Index:5008 	 City_Num:50 	 Concorde:0.056164 	 MCTS:5.616398 Improve:-0.000000 	 Time:5.00 Seconds
Solution: 1 49 48 29 22 34 46 43 41 6 12 20 16 23 14 9 18 10 39 37 40 7 33 19 38 3 27 28 13 35 21 45 42 17 47 32 50 5 26 2 31 30 25 44 24 11 8 15 36 4 


Avg_Concorde_Distance: 5.701207 Avg_MCTS_Distance: 5.700687 Avg_Gap: -0.000090 Total_Time: 1566.00 Seconds 
 Beat_Best_Known_Times: 115 Match_Best_Known_Times: 188 Miss_Best_Known_Times: 10 
