Number_of_Instances_In_Current_Batch: 313

Inst_Index:1566 	 City_Num:50 	 Concorde:0.057029 	 MCTS:5.702858 Improve:-0.000000 	 Time:5.00 Seconds
Solution: 1 32 33 10 11 5 19 15 21 29 31 7 6 38 49 37 2 17 43 28 48 42 16 4 23 20 3 18 46 35 26 30 13 50 14 41 40 8 22 25 36 27 44 47 34 24 39 45 12 9 

Inst_Index:1567 	 City_Num:50 	 Concorde:0.055416 	 MCTS:5.538788 Improve:0.002766 	 Time:5.00 Seconds
Solution: 1 11 21 49 30 41 32 43 42 39 50 45 19 37 29 26 40 20 28 22 25 17 35 31 47 12 9 48 3 7 15 5 14 36 27 10 18 33 46 13 34 16 44 24 8 2 4 6 38 23 

Inst_Index:1568 	 City_Num:50 	 Concorde:0.055169 	 MCTS:5.516855 Improve:0.000000 	 Time:5.00 Seconds
Solution: 1 14 2 4 13 33 12 3 48 6 16 43 29 27 35 39 31 10 22 34 8 21 15 17 28 20 26 42 7 30 49 19 11 50 44 32 9 45 40 46 23 25 36 18 38 37 41 24 5 47 

Inst_Index:1569 	 City_Num:50 	 Concorde:0.053322 	 MCTS:5.329749 Improve:0.002477 	 Time:5.01 Seconds
Solution: 1 46 10 27 14 24 31 9 45 42 13 12 36 5 39 43 26 33 21 30 49 11 3 15 44 34 4 22 37 2 8 32 38 47 29 17 7 19 23 28 41 20 25 16 6 48 18 50 40 35 

Inst_Index:1570 	 City_Num:50 	 Concorde:0.054318 	 MCTS:5.431849 Improve:0.000000 	 Time:5.00 Seconds
Solution: 1 12 33 3 44 23 14 19 37 6 31 43 50 26 21 45 39 46 36 34 9 16 2 13 49 38 25 4 10 22 8 29 32 7 35 47 48 41 5 15 24 11 28 18 30 20 40 17 27 42 

Inst_Index:1571 	 City_Num:50 	 Concorde:0.055221 	 MCTS:5.522096 Improve:-0.000000 	 Time:5.00 Seconds
Solution: 1 28 17 47 40 18 27 19 4 5 25 35 29 22 31 10 12 32 21 48 3 13 2 46 24 44 23 50 7 49 30 45 8 20 26 38 39 41 11 42 6 43 9 33 37 36 15 34 14 16 

Inst_Index:1572 	 City_Num:50 	 Concorde:0.054516 	 MCTS:5.446229 Improve:0.005393 	 Time:5.01 Seconds
Solution: 1 8 25 21 26 33 44 15 5 23 14 6 37 13 50 32 10 29 40 18 46 39 20 3 38 4 36 22 24 48 45 17 12 41 34 9 28 2 31 47 19 16 11 49 42 35 43 30 27 7 

Inst_Index:1573 	 City_Num:50 	 Concorde:0.046120 	 MCTS:4.611959 Improve:0.000000 	 Time:5.00 Seconds
Solution: 1 3 16 13 22 28 12 14 27 43 18 38 41 48 33 9 10 45 47 20 4 31 39 30 25 5 2 8 32 44 24 46 19 35 17 42 37 11 34 29 23 6 49 50 21 26 36 15 40 7 

Inst_Index:1574 	 City_Num:50 	 Concorde:0.056885 	 MCTS:5.688475 Improve:0.000000 	 Time:5.00 Seconds
Solution: 1 50 31 17 15 29 4 47 6 46 26 18 13 2 14 43 40 32 38 34 19 35 25 49 30 37 16 41 21 5 48 45 22 28 36 12 8 44 3 42 9 23 7 27 39 33 11 10 20 24 

Inst_Index:1575 	 City_Num:50 	 Concorde:0.061146 	 MCTS:6.114598 Improve:0.000000 	 Time:5.00 Seconds
Solution: 1 7 23 27 36 8 14 37 9 48 34 6 35 2 5 10 18 25 22 28 20 49 19 4 32 41 3 39 47 43 16 33 42 45 50 31 21 12 17 38 46 30 40 11 15 24 29 13 26 44 

Inst_Index:1576 	 City_Num:50 	 Concorde:0.058841 	 MCTS:5.882000 Improve:0.002122 	 Time:5.00 Seconds
Solution: 1 43 36 28 8 4 35 46 47 37 21 2 11 49 40 27 23 24 7 29 22 5 19 9 15 44 26 48 45 31 32 33 30 38 12 18 14 39 10 25 41 42 17 34 13 16 50 6 20 3 

Inst_Index:1577 	 City_Num:50 	 Concorde:0.059042 	 MCTS:5.904236 Improve:0.000000 	 Time:5.00 Seconds
Solution: 1 48 12 11 27 40 32 30 20 4 42 22 6 38 8 50 2 17 33 29 41 10 14 13 19 43 45 35 39 49 21 34 36 37 28 15 16 47 3 25 18 5 31 9 24 7 44 23 46 26 

Inst_Index:1578 	 City_Num:50 	 Concorde:0.056654 	 MCTS:5.662388 Improve:0.003025 	 Time:5.01 Seconds
Solution: 1 30 21 20 4 32 48 9 15 31 35 18 11 16 36 14 27 43 25 39 10 22 3 13 7 46 45 17 37 28 12 40 49 44 34 19 23 24 5 29 26 2 42 33 6 38 41 47 8 50 

Inst_Index:1579 	 City_Num:50 	 Concorde:0.058130 	 MCTS:5.812965 Improve:0.000000 	 Time:5.00 Seconds
Solution: 1 7 43 11 45 19 21 8 37 33 48 40 47 4 23 30 29 16 2 32 49 34 10 9 24 27 26 15 20 36 42 6 28 18 41 35 14 25 31 3 17 38 22 12 44 5 39 46 13 50 

Inst_Index:1580 	 City_Num:50 	 Concorde:0.055526 	 MCTS:5.552603 Improve:-0.000000 	 Time:5.00 Seconds
Solution: 1 38 7 16 47 20 2 35 29 14 37 40 9 4 24 33 19 43 25 27 11 41 12 42 13 21 8 23 36 30 32 10 26 22 46 5 45 15 6 31 3 49 28 50 17 48 18 39 34 44 

Inst_Index:1581 	 City_Num:50 	 Concorde:0.060656 	 MCTS:6.065630 Improve:0.000000 	 Time:5.01 Seconds
Solution: 1 45 11 19 27 21 37 34 40 28 30 47 17 12 25 8 31 49 33 23 38 42 16 35 29 20 39 32 44 14 7 43 10 15 13 26 3 41 9 4 2 24 36 18 5 48 46 6 50 22 

Inst_Index:1582 	 City_Num:50 	 Concorde:0.060672 	 MCTS:6.088217 Improve:-0.020971 	 Time:5.00 Seconds
Solution: 1 7 22 26 5 10 32 23 14 15 4 35 46 36 48 31 50 21 2 37 3 40 24 9 44 34 29 33 43 25 42 49 16 8 13 17 45 12 28 30 27 39 18 11 38 20 41 6 19 47 

Inst_Index:1583 	 City_Num:50 	 Concorde:0.057767 	 MCTS:5.776668 Improve:0.000000 	 Time:5.00 Seconds
Solution: 1 11 24 49 45 41 47 37 31 18 40 3 39 35 4 14 9 29 2 12 23 7 42 27 36 48 15 34 33 19 25 17 6 5 26 13 50 38 8 21 44 22 43 30 20 32 46 28 16 10 

Inst_Index:1584 	 City_Num:50 	 Concorde:0.058825 	 MCTS:5.882469 Improve:0.000000 	 Time:5.01 Seconds
Solution: 1 37 38 30 44 49 8 12 24 3 21 20 33 4 43 13 11 17 16 6 22 14 34 10 9 26 5 41 18 7 46 25 31 32 23 19 39 35 29 28 15 48 40 47 42 27 45 50 36 2 

Inst_Index:1585 	 City_Num:50 	 Concorde:0.058200 	 MCTS:5.820029 Improve:-0.000000 	 Time:5.01 Seconds
Solution: 1 32 14 12 34 38 21 23 37 17 3 30 48 13 31 40 45 27 33 4 16 26 11 50 44 22 2 47 36 25 19 5 18 39 35 43 41 24 46 29 8 49 15 7 28 6 9 20 42 10 

Inst_Index:1586 	 City_Num:50 	 Concorde:0.052832 	 MCTS:5.282082 Improve:0.001110 	 Time:5.01 Seconds
Solution: 1 44 49 15 29 37 38 45 18 9 25 22 34 50 2 41 10 21 19 12 48 14 47 42 11 35 43 26 13 16 39 36 46 8 33 3 32 28 24 5 7 31 27 17 30 23 4 6 40 20 

Inst_Index:1587 	 City_Num:50 	 Concorde:0.056095 	 MCTS:5.609491 Improve:0.000000 	 Time:5.01 Seconds
Solution: 1 49 30 16 35 3 25 34 26 12 42 6 13 9 22 14 38 21 17 39 24 50 28 40 36 4 41 7 33 47 31 48 45 32 29 15 37 5 8 27 2 19 18 20 44 10 23 43 11 46 

Inst_Index:1588 	 City_Num:50 	 Concorde:0.056231 	 MCTS:5.623118 Improve:0.000000 	 Time:5.02 Seconds
Solution: 1 18 37 39 24 34 31 5 43 35 8 28 38 30 36 26 46 44 14 45 49 4 19 11 13 41 17 10 3 27 6 12 33 48 2 21 42 47 9 32 25 40 22 29 50 20 15 7 16 23 

Inst_Index:1589 	 City_Num:50 	 Concorde:0.057479 	 MCTS:5.747884 Improve:0.000000 	 Time:5.00 Seconds
Solution: 1 11 23 34 33 7 26 14 45 32 21 5 41 50 17 29 3 15 24 47 8 46 43 22 20 18 28 6 9 12 27 30 16 10 4 35 49 40 42 2 38 36 44 37 39 31 19 25 48 13 

Inst_Index:1590 	 City_Num:50 	 Concorde:0.058390 	 MCTS:5.832388 Improve:0.006582 	 Time:5.00 Seconds
Solution: 1 48 19 23 45 11 36 25 9 24 15 18 20 5 30 29 28 17 42 13 12 43 38 44 14 21 2 40 16 6 31 7 50 26 3 39 47 33 22 46 4 49 34 27 10 37 8 35 32 41 

Inst_Index:1591 	 City_Num:50 	 Concorde:0.058539 	 MCTS:5.853895 Improve:-0.000000 	 Time:5.00 Seconds
Solution: 1 31 7 26 15 37 43 34 9 23 38 49 46 42 48 3 18 19 25 2 40 24 22 29 35 47 8 6 11 36 21 44 16 10 50 33 30 4 20 32 45 13 5 27 28 39 14 12 17 41 

Inst_Index:1592 	 City_Num:50 	 Concorde:0.057281 	 MCTS:5.719532 Improve:0.008555 	 Time:5.01 Seconds
Solution: 1 11 36 3 10 30 48 17 22 24 47 9 49 23 34 40 19 2 31 32 46 12 38 6 50 39 33 41 8 14 44 7 13 20 16 27 35 43 37 45 29 42 26 4 18 5 15 28 21 25 

Inst_Index:1593 	 City_Num:50 	 Concorde:0.060599 	 MCTS:6.055743 Improve:0.004126 	 Time:5.00 Seconds
Solution: 1 13 5 43 47 15 39 23 46 40 44 25 19 4 41 9 48 7 17 32 49 18 27 6 36 28 8 11 21 42 10 14 22 29 35 37 50 26 38 16 30 34 12 31 24 20 3 2 45 33 

Inst_Index:1594 	 City_Num:50 	 Concorde:0.058710 	 MCTS:5.860291 Improve:0.010705 	 Time:5.00 Seconds
Solution: 1 44 15 18 41 30 27 6 14 39 37 16 47 22 43 3 35 25 40 8 10 36 31 48 2 32 50 23 42 19 26 13 24 33 46 34 28 4 12 11 49 29 9 20 38 7 45 17 5 21 

Inst_Index:1595 	 City_Num:50 	 Concorde:0.057508 	 MCTS:5.746801 Improve:0.004006 	 Time:5.00 Seconds
Solution: 1 20 33 15 4 5 45 27 30 8 24 41 9 47 10 7 16 39 2 6 37 29 36 42 21 49 14 23 12 28 11 19 22 44 17 40 3 46 31 32 18 38 43 34 13 35 50 26 48 25 

Inst_Index:1596 	 City_Num:50 	 Concorde:0.059095 	 MCTS:5.909495 Improve:0.000000 	 Time:5.01 Seconds
Solution: 1 27 13 28 46 24 7 44 45 18 20 15 35 40 17 9 4 8 12 16 32 14 6 23 2 25 36 38 29 22 11 33 49 31 42 41 30 43 19 26 37 39 50 10 21 5 34 47 3 48 

Inst_Index:1597 	 City_Num:50 	 Concorde:0.056919 	 MCTS:5.690587 Improve:0.001349 	 Time:5.00 Seconds
Solution: 1 9 17 38 24 22 29 48 44 19 40 10 3 34 12 18 31 39 37 46 4 45 36 30 35 41 14 15 26 50 28 5 16 42 8 32 23 33 6 43 11 13 49 25 27 20 21 7 47 2 

Inst_Index:1598 	 City_Num:50 	 Concorde:0.053118 	 MCTS:5.309517 Improve:0.002262 	 Time:5.00 Seconds
Solution: 1 7 20 34 12 21 28 38 19 6 50 42 4 32 27 5 29 18 14 9 22 26 49 11 36 31 40 47 15 43 48 23 13 24 16 45 37 25 35 17 10 30 44 2 3 33 39 8 41 46 

Inst_Index:1599 	 City_Num:50 	 Concorde:0.056290 	 MCTS:5.628990 Improve:-0.000000 	 Time:5.00 Seconds
Solution: 1 23 15 31 8 38 16 10 33 44 34 21 11 19 47 25 36 17 12 46 50 32 18 45 26 2 43 42 39 37 20 35 40 28 9 13 5 4 24 27 14 30 49 29 41 3 6 7 48 22 

Inst_Index:1600 	 City_Num:50 	 Concorde:0.059777 	 MCTS:5.977727 Improve:0.000000 	 Time:5.00 Seconds
Solution: 1 47 38 45 2 13 9 28 40 44 3 12 10 6 42 30 5 29 7 14 39 16 41 32 11 4 20 23 34 24 37 46 25 26 27 31 8 50 36 22 43 49 48 33 18 19 15 21 35 17 

Inst_Index:1601 	 City_Num:50 	 Concorde:0.056913 	 MCTS:5.681327 Improve:0.009943 	 Time:5.00 Seconds
Solution: 1 42 18 45 25 12 47 4 8 9 31 14 46 16 24 32 39 17 15 22 29 37 23 40 28 19 35 36 48 5 50 11 20 34 6 43 27 10 33 49 3 26 7 13 44 41 2 38 30 21 

Inst_Index:1602 	 City_Num:50 	 Concorde:0.060405 	 MCTS:6.034598 Improve:0.005880 	 Time:5.00 Seconds
Solution: 1 12 23 11 9 50 10 18 7 43 31 26 34 39 30 49 28 17 14 3 32 13 27 4 36 41 22 6 20 37 42 2 33 19 35 8 16 21 29 45 46 5 47 38 24 25 48 15 44 40 

Inst_Index:1603 	 City_Num:50 	 Concorde:0.058595 	 MCTS:5.859542 Improve:-0.000000 	 Time:5.00 Seconds
Solution: 1 45 47 27 38 49 32 19 2 42 17 12 13 35 50 28 21 24 16 33 9 48 44 34 5 29 22 8 4 18 25 30 15 46 26 40 11 41 36 39 14 10 31 3 20 43 37 6 7 23 

Inst_Index:1604 	 City_Num:50 	 Concorde:0.057557 	 MCTS:5.755745 Improve:0.000000 	 Time:5.00 Seconds
Solution: 1 50 41 42 28 22 40 9 16 25 32 34 30 39 20 8 31 26 14 45 44 43 24 12 10 18 48 23 5 4 35 49 7 17 21 27 47 19 11 37 6 38 15 36 46 29 2 3 33 13 

Inst_Index:1605 	 City_Num:50 	 Concorde:0.057811 	 MCTS:5.781074 Improve:-0.000000 	 Time:5.00 Seconds
Solution: 1 47 7 30 26 44 6 32 16 45 20 9 4 46 27 11 10 5 34 31 42 8 23 24 33 14 28 25 37 2 13 19 40 12 17 3 22 21 35 29 50 18 48 38 39 36 49 43 15 41 

Inst_Index:1606 	 City_Num:50 	 Concorde:0.056473 	 MCTS:5.646573 Improve:0.000685 	 Time:5.01 Seconds
Solution: 1 3 17 11 29 24 35 4 14 20 2 41 25 5 6 12 47 45 21 28 32 46 39 9 38 43 33 7 34 26 16 22 42 8 10 30 48 13 49 15 36 19 18 27 31 40 23 37 50 44 

Inst_Index:1607 	 City_Num:50 	 Concorde:0.054212 	 MCTS:5.421243 Improve:0.000000 	 Time:5.00 Seconds
Solution: 1 2 48 35 31 30 47 11 20 32 43 24 46 15 27 5 36 26 18 7 12 33 21 3 29 42 38 28 40 6 34 50 22 49 14 44 45 37 4 17 10 25 23 13 9 19 16 39 8 41 

Inst_Index:1608 	 City_Num:50 	 Concorde:0.056005 	 MCTS:5.595374 Improve:0.005139 	 Time:5.00 Seconds
Solution: 1 24 12 35 32 29 40 7 6 44 26 17 43 28 41 2 25 16 39 22 37 36 8 31 5 48 9 11 46 45 38 20 10 27 42 23 47 19 15 49 34 14 50 21 33 4 30 18 13 3 

Inst_Index:1609 	 City_Num:50 	 Concorde:0.057535 	 MCTS:5.753548 Improve:-0.000000 	 Time:5.00 Seconds
Solution: 1 39 14 33 42 40 4 48 21 3 5 24 18 49 45 15 17 38 28 11 2 9 44 47 41 20 43 7 12 30 22 25 35 23 10 16 34 46 26 27 6 8 36 13 37 29 31 32 19 50 

Inst_Index:1610 	 City_Num:50 	 Concorde:0.056767 	 MCTS:5.676724 Improve:-0.000000 	 Time:5.00 Seconds
Solution: 1 28 13 49 26 2 33 41 43 23 3 32 22 47 50 36 14 11 21 48 38 6 44 45 5 29 24 16 19 46 17 8 35 39 15 7 42 20 31 40 30 9 12 25 37 34 18 10 27 4 

Inst_Index:1611 	 City_Num:50 	 Concorde:0.058610 	 MCTS:5.861012 Improve:0.000000 	 Time:5.01 Seconds
Solution: 1 49 16 30 39 45 41 32 50 17 38 47 11 5 40 35 33 29 4 23 15 25 13 26 48 9 36 18 46 3 31 14 27 44 12 19 2 42 8 28 21 6 20 24 37 10 43 22 34 7 

Inst_Index:1612 	 City_Num:50 	 Concorde:0.058146 	 MCTS:5.814611 Improve:-0.000000 	 Time:5.00 Seconds
Solution: 1 5 12 46 32 8 26 3 29 40 48 11 7 49 27 31 13 45 4 6 10 19 47 44 36 24 33 18 28 21 35 17 37 42 16 25 30 15 34 50 9 38 2 39 22 20 43 14 41 23 

Inst_Index:1613 	 City_Num:50 	 Concorde:0.055337 	 MCTS:5.533651 Improve:0.000000 	 Time:5.00 Seconds
Solution: 1 25 28 24 42 14 32 36 9 48 40 10 19 2 38 45 4 8 17 5 33 29 43 6 49 50 30 15 21 20 7 46 16 3 22 31 35 34 44 27 37 41 18 47 12 39 23 13 11 26 

Inst_Index:1614 	 City_Num:50 	 Concorde:0.053544 	 MCTS:5.354358 Improve:0.000000 	 Time:5.00 Seconds
Solution: 1 40 3 36 13 49 37 15 21 34 2 28 5 44 42 31 38 6 25 14 20 41 27 9 43 22 11 47 45 8 32 30 39 17 4 10 19 12 7 26 24 35 18 33 50 23 16 48 29 46 

Inst_Index:1615 	 City_Num:50 	 Concorde:0.059722 	 MCTS:5.970833 Improve:0.001347 	 Time:5.00 Seconds
Solution: 1 46 6 7 5 36 49 2 29 17 3 39 47 44 14 28 21 12 48 19 11 50 8 25 24 4 15 9 42 16 22 35 33 31 37 41 20 10 26 30 13 38 43 34 18 23 45 32 40 27 

Inst_Index:1616 	 City_Num:50 	 Concorde:0.056968 	 MCTS:5.689643 Improve:0.007184 	 Time:5.00 Seconds
Solution: 1 10 50 16 26 43 37 11 8 39 25 2 22 12 19 35 41 5 44 46 24 3 38 14 48 28 42 15 47 34 13 29 27 32 21 30 9 18 4 6 45 49 7 17 36 23 33 40 20 31 

Inst_Index:1617 	 City_Num:50 	 Concorde:0.054607 	 MCTS:5.460708 Improve:-0.000000 	 Time:5.00 Seconds
Solution: 1 31 50 44 5 32 34 8 14 49 33 16 46 29 15 13 41 2 12 7 25 38 6 36 3 20 47 45 21 27 30 28 10 37 17 35 19 48 42 39 24 26 18 23 40 43 11 22 4 9 

Inst_Index:1618 	 City_Num:50 	 Concorde:0.058848 	 MCTS:5.884774 Improve:0.000000 	 Time:5.00 Seconds
Solution: 1 32 4 48 46 38 50 2 30 43 10 14 31 28 41 25 5 13 8 39 21 20 36 45 24 22 42 11 3 18 16 49 33 27 34 9 37 15 47 12 17 6 26 40 19 23 29 44 35 7 

Inst_Index:1619 	 City_Num:50 	 Concorde:0.056735 	 MCTS:5.672369 Improve:0.001093 	 Time:5.00 Seconds
Solution: 1 12 15 34 14 17 43 19 23 39 11 44 29 30 8 10 32 18 48 25 22 42 35 28 16 33 4 36 38 40 46 6 20 2 49 26 50 24 7 27 31 3 45 9 37 47 13 5 41 21 

Inst_Index:1620 	 City_Num:50 	 Concorde:0.058730 	 MCTS:5.873018 Improve:0.000000 	 Time:5.00 Seconds
Solution: 1 14 46 2 32 25 15 7 43 47 16 42 18 29 33 38 48 31 40 11 27 28 23 19 4 49 10 34 30 6 37 35 5 24 26 8 44 9 36 12 50 20 45 39 17 13 41 21 22 3 

Inst_Index:1621 	 City_Num:50 	 Concorde:0.056142 	 MCTS:5.614213 Improve:0.000000 	 Time:5.00 Seconds
Solution: 1 23 41 25 30 28 43 10 6 24 12 35 16 4 40 26 2 50 42 36 14 49 44 47 9 5 33 8 34 39 48 38 15 13 22 7 18 19 45 32 3 37 46 11 31 27 17 29 21 20 

Inst_Index:1622 	 City_Num:50 	 Concorde:0.059661 	 MCTS:5.966067 Improve:-0.000000 	 Time:5.02 Seconds
Solution: 1 34 31 24 4 42 14 19 47 35 25 6 44 17 26 50 18 20 3 23 22 36 12 5 46 2 10 8 40 27 33 29 43 38 28 37 7 32 30 41 39 15 45 11 13 16 21 48 49 9 

Inst_Index:1623 	 City_Num:50 	 Concorde:0.059397 	 MCTS:5.937990 Improve:0.001742 	 Time:5.00 Seconds
Solution: 1 17 33 48 37 20 11 24 30 39 46 6 45 36 35 15 34 8 16 50 10 12 40 3 41 19 4 42 29 25 43 21 31 27 9 38 44 14 47 13 23 2 18 26 7 5 28 32 22 49 

Inst_Index:1624 	 City_Num:50 	 Concorde:0.058380 	 MCTS:5.829225 Improve:0.008758 	 Time:5.00 Seconds
Solution: 1 26 33 23 12 8 47 22 46 44 42 27 6 9 2 30 45 7 38 13 14 4 50 32 3 17 43 19 24 18 10 34 36 31 35 49 20 25 21 40 48 16 37 28 39 41 5 29 15 11 

Inst_Index:1625 	 City_Num:50 	 Concorde:0.060083 	 MCTS:6.008302 Improve:0.000000 	 Time:5.00 Seconds
Solution: 1 31 32 39 42 38 45 14 11 13 30 50 3 24 41 10 6 26 18 5 4 8 20 47 12 27 36 43 23 19 33 37 35 9 28 46 21 7 49 15 40 25 17 34 16 44 22 2 29 48 

Inst_Index:1626 	 City_Num:50 	 Concorde:0.056843 	 MCTS:5.684133 Improve:0.000199 	 Time:5.00 Seconds
Solution: 1 42 17 22 37 4 29 44 23 50 38 33 47 5 9 13 28 2 14 3 40 21 24 36 46 43 32 48 20 6 18 25 35 15 8 39 12 16 19 30 34 49 26 31 41 45 11 10 7 27 

Inst_Index:1627 	 City_Num:50 	 Concorde:0.054315 	 MCTS:5.430593 Improve:0.000942 	 Time:5.00 Seconds
Solution: 1 11 6 17 40 12 46 19 37 29 25 18 4 7 43 5 42 44 24 50 45 10 35 48 41 28 38 47 23 14 49 32 22 26 21 13 8 27 9 39 33 15 36 16 30 3 20 31 34 2 

Inst_Index:1628 	 City_Num:50 	 Concorde:0.056716 	 MCTS:5.671565 Improve:0.000046 	 Time:5.00 Seconds
Solution: 1 32 17 14 38 35 3 47 40 30 2 39 44 18 25 42 16 45 27 34 13 23 21 15 49 19 4 20 6 22 33 5 9 12 41 37 24 7 11 50 43 31 28 10 26 46 29 48 8 36 

Inst_Index:1629 	 City_Num:50 	 Concorde:0.054560 	 MCTS:5.456003 Improve:-0.000000 	 Time:5.01 Seconds
Solution: 1 47 36 2 40 20 41 5 27 21 48 17 42 8 28 13 15 29 33 31 25 9 46 43 4 38 22 30 50 32 39 23 14 37 44 18 16 11 6 7 26 19 35 34 45 49 24 10 3 12 

Inst_Index:1630 	 City_Num:50 	 Concorde:0.059465 	 MCTS:5.936291 Improve:0.010173 	 Time:5.01 Seconds
Solution: 1 34 45 49 10 18 8 38 7 2 42 47 11 4 41 40 25 28 19 9 15 14 50 37 39 26 23 5 16 22 6 44 30 20 33 13 43 48 36 24 31 29 3 17 21 35 32 46 27 12 

Inst_Index:1631 	 City_Num:50 	 Concorde:0.056488 	 MCTS:5.646259 Improve:0.002571 	 Time:5.01 Seconds
Solution: 1 25 21 27 35 7 37 12 9 32 41 38 23 2 15 26 30 5 29 10 33 50 45 34 42 3 22 18 49 4 48 11 28 8 40 19 14 46 31 43 36 16 44 6 39 17 20 24 13 47 

Inst_Index:1632 	 City_Num:50 	 Concorde:0.054824 	 MCTS:5.471694 Improve:0.010739 	 Time:5.01 Seconds
Solution: 1 18 44 10 4 38 29 26 39 33 23 35 14 46 7 47 12 28 42 9 13 49 43 22 31 21 20 6 15 50 19 17 32 24 3 30 36 48 34 37 11 27 8 2 16 40 5 41 45 25 

Inst_Index:1633 	 City_Num:50 	 Concorde:0.054787 	 MCTS:5.477154 Improve:0.001508 	 Time:5.01 Seconds
Solution: 1 45 36 13 11 15 19 2 4 21 38 27 14 8 7 18 31 24 32 47 23 41 10 42 22 49 37 40 39 50 35 46 26 12 9 25 16 20 44 3 17 48 34 29 43 5 33 28 6 30 

Inst_Index:1634 	 City_Num:50 	 Concorde:0.057661 	 MCTS:5.757650 Improve:0.008496 	 Time:5.00 Seconds
Solution: 1 29 3 40 41 6 33 48 4 5 50 14 17 43 31 24 27 44 23 18 38 37 16 22 26 36 19 2 12 30 9 25 32 7 39 49 42 13 35 28 10 47 20 11 34 45 15 21 46 8 

Inst_Index:1635 	 City_Num:50 	 Concorde:0.060289 	 MCTS:6.028904 Improve:0.000000 	 Time:5.01 Seconds
Solution: 1 32 31 6 4 44 36 5 15 23 48 3 41 26 17 47 11 16 38 18 14 28 7 42 24 33 30 39 49 37 10 12 9 8 40 13 19 20 34 35 46 21 22 2 45 29 43 25 27 50 

Inst_Index:1636 	 City_Num:50 	 Concorde:0.055522 	 MCTS:5.552199 Improve:0.000000 	 Time:5.00 Seconds
Solution: 1 25 24 37 20 34 3 9 21 16 23 49 27 2 35 8 12 29 6 11 36 42 38 14 50 26 30 28 40 46 22 10 39 18 47 13 17 45 15 48 4 19 31 44 43 41 5 7 32 33 

Inst_Index:1637 	 City_Num:50 	 Concorde:0.056025 	 MCTS:5.601800 Improve:0.000680 	 Time:5.02 Seconds
Solution: 1 14 31 37 44 34 13 29 46 20 35 22 2 6 19 18 41 5 7 21 24 17 40 25 39 26 30 11 16 48 43 28 33 45 50 49 4 12 32 38 8 36 3 23 10 47 42 27 15 9 

Inst_Index:1638 	 City_Num:50 	 Concorde:0.059119 	 MCTS:5.911478 Improve:0.000379 	 Time:5.01 Seconds
Solution: 1 11 16 2 27 19 25 23 7 33 17 29 41 34 26 50 30 22 3 36 43 49 5 42 46 8 13 48 15 38 32 31 45 35 9 47 4 44 24 37 10 40 39 14 6 12 21 20 18 28 

Inst_Index:1639 	 City_Num:50 	 Concorde:0.061081 	 MCTS:6.100707 Improve:0.007393 	 Time:5.01 Seconds
Solution: 1 29 22 6 34 12 5 45 44 28 15 35 14 26 40 39 46 10 37 16 25 36 7 32 47 30 11 8 23 20 31 2 33 4 41 3 50 42 13 24 43 48 17 19 38 27 18 9 21 49 

Inst_Index:1640 	 City_Num:50 	 Concorde:0.052083 	 MCTS:5.208342 Improve:-0.000000 	 Time:5.00 Seconds
Solution: 1 6 36 7 12 43 32 48 35 16 15 28 34 39 47 9 17 38 14 29 30 42 46 8 4 10 3 44 40 20 27 19 31 5 37 24 33 13 45 23 22 41 21 2 25 50 49 18 26 11 

Inst_Index:1641 	 City_Num:50 	 Concorde:0.058897 	 MCTS:5.886564 Improve:0.003120 	 Time:5.01 Seconds
Solution: 1 15 26 2 33 8 18 38 5 4 46 29 30 34 3 35 21 28 36 31 43 20 12 24 23 44 41 48 17 22 11 45 32 10 39 16 27 47 13 14 19 9 42 49 37 40 7 25 50 6 

Inst_Index:1642 	 City_Num:50 	 Concorde:0.052939 	 MCTS:5.290752 Improve:0.003170 	 Time:5.00 Seconds
Solution: 1 14 5 35 41 21 44 6 10 4 15 27 48 43 34 26 9 30 7 17 36 24 28 16 12 13 39 29 50 25 20 3 2 40 45 23 47 19 38 37 31 11 22 8 49 18 46 33 42 32 

Inst_Index:1643 	 City_Num:50 	 Concorde:0.061345 	 MCTS:6.134291 Improve:0.000247 	 Time:5.01 Seconds
Solution: 1 35 26 25 28 32 45 3 36 40 5 13 16 31 39 41 46 48 44 12 33 2 29 7 6 30 17 27 14 50 4 43 18 20 37 11 19 34 22 21 49 10 9 8 24 15 42 47 38 23 

Inst_Index:1644 	 City_Num:50 	 Concorde:0.057259 	 MCTS:5.725449 Improve:0.000488 	 Time:5.01 Seconds
Solution: 1 44 31 20 26 25 40 47 38 11 41 43 2 23 45 24 19 4 29 9 15 6 36 49 16 37 34 17 21 10 12 28 39 35 14 18 46 7 42 13 30 48 32 50 22 8 27 3 5 33 

Inst_Index:1645 	 City_Num:50 	 Concorde:0.054316 	 MCTS:5.431574 Improve:0.000000 	 Time:5.00 Seconds
Solution: 1 18 47 35 4 5 15 7 32 40 6 13 10 38 37 28 25 11 16 24 19 39 30 22 42 49 12 45 27 46 41 36 8 9 26 33 17 31 20 44 21 23 3 50 29 48 43 2 34 14 

Inst_Index:1646 	 City_Num:50 	 Concorde:0.057809 	 MCTS:5.776507 Improve:0.004364 	 Time:5.00 Seconds
Solution: 1 19 17 34 7 39 35 8 22 45 24 26 33 31 27 37 11 38 44 21 49 3 16 23 40 6 50 13 47 43 46 28 30 42 29 2 18 41 4 12 25 20 15 9 32 14 5 10 48 36 

Inst_Index:1647 	 City_Num:50 	 Concorde:0.062752 	 MCTS:6.275189 Improve:0.000000 	 Time:5.00 Seconds
Solution: 1 10 29 5 13 20 36 30 38 21 25 23 33 45 50 16 24 18 31 49 4 48 9 22 6 42 2 35 32 41 46 43 37 8 15 17 19 12 34 3 11 14 47 28 26 27 7 44 40 39 

Inst_Index:1648 	 City_Num:50 	 Concorde:0.053068 	 MCTS:5.306786 Improve:-0.000000 	 Time:5.00 Seconds
Solution: 1 30 13 8 32 25 10 3 36 43 49 17 24 46 12 5 11 21 15 35 29 39 47 2 20 45 16 7 27 26 37 28 6 48 42 9 40 31 4 18 34 41 50 38 22 19 44 14 23 33 

Inst_Index:1649 	 City_Num:50 	 Concorde:0.052640 	 MCTS:5.261269 Improve:0.002708 	 Time:5.01 Seconds
Solution: 1 3 42 5 43 39 33 20 48 46 28 31 41 22 50 34 36 25 13 23 4 6 18 7 30 12 11 32 44 17 21 16 24 9 14 37 27 49 2 10 26 38 15 29 47 8 35 19 45 40 

Inst_Index:1650 	 City_Num:50 	 Concorde:0.055797 	 MCTS:5.579721 Improve:0.000000 	 Time:5.00 Seconds
Solution: 1 30 10 4 23 26 50 44 34 5 39 32 2 27 45 14 38 12 3 29 6 9 31 18 40 24 36 19 11 16 21 8 47 42 37 13 33 20 28 25 43 22 7 49 35 46 17 15 48 41 

Inst_Index:1651 	 City_Num:50 	 Concorde:0.058830 	 MCTS:5.883014 Improve:-0.000000 	 Time:5.01 Seconds
Solution: 1 32 23 26 12 45 31 42 22 33 38 6 10 7 4 14 11 16 35 2 21 50 27 29 48 3 34 15 40 43 19 46 24 25 17 47 5 30 37 41 36 18 39 20 49 28 9 13 8 44 

Inst_Index:1652 	 City_Num:50 	 Concorde:0.056878 	 MCTS:5.682184 Improve:0.005662 	 Time:5.01 Seconds
Solution: 1 45 15 25 5 7 24 28 37 6 19 21 31 29 23 2 16 12 14 42 34 35 20 11 40 4 41 43 33 36 44 17 50 47 27 46 10 38 18 49 8 13 22 9 30 26 32 3 39 48 

Inst_Index:1653 	 City_Num:50 	 Concorde:0.058741 	 MCTS:5.870970 Improve:0.003148 	 Time:5.00 Seconds
Solution: 1 22 48 49 8 5 9 7 42 11 36 37 47 14 30 46 34 32 24 45 15 27 50 6 41 17 44 21 20 29 26 4 13 19 38 39 12 18 40 3 2 43 25 31 35 10 23 28 16 33 

Inst_Index:1654 	 City_Num:50 	 Concorde:0.055668 	 MCTS:5.566828 Improve:0.000000 	 Time:5.00 Seconds
Solution: 1 48 9 23 43 22 15 30 37 36 32 10 21 20 39 3 7 13 24 16 40 19 2 31 25 26 33 50 34 35 14 47 42 49 46 18 28 45 27 5 6 41 38 8 12 11 17 29 44 4 

Inst_Index:1655 	 City_Num:50 	 Concorde:0.054966 	 MCTS:5.496560 Improve:0.000000 	 Time:5.01 Seconds
Solution: 1 32 9 42 35 25 30 21 22 48 36 6 47 46 4 24 13 33 29 31 28 10 2 44 27 15 19 20 11 23 7 50 49 45 34 12 40 16 17 14 43 41 8 3 39 26 38 5 18 37 

Inst_Index:1656 	 City_Num:50 	 Concorde:0.061351 	 MCTS:6.135087 Improve:0.000000 	 Time:5.02 Seconds
Solution: 1 26 23 8 43 7 20 9 3 42 11 41 47 35 24 6 50 21 13 31 29 37 32 27 22 5 48 2 15 34 14 25 12 30 10 17 36 44 18 39 4 33 19 45 16 38 28 49 40 46 

Inst_Index:1657 	 City_Num:50 	 Concorde:0.055076 	 MCTS:5.505452 Improve:0.002115 	 Time:5.01 Seconds
Solution: 1 49 31 33 42 38 47 36 19 17 43 9 8 22 37 27 29 44 13 16 12 18 11 3 50 7 10 25 32 40 2 21 6 39 45 30 28 23 24 35 15 4 48 20 14 41 5 46 34 26 

Inst_Index:1658 	 City_Num:50 	 Concorde:0.057316 	 MCTS:5.731582 Improve:-0.000000 	 Time:5.01 Seconds
Solution: 1 28 31 11 45 24 48 2 40 4 15 12 30 16 13 41 35 9 27 46 19 17 10 7 47 20 3 32 34 18 44 23 8 43 29 36 33 5 6 37 22 26 25 38 49 14 42 21 39 50 

Inst_Index:1659 	 City_Num:50 	 Concorde:0.055671 	 MCTS:5.555127 Improve:0.011995 	 Time:5.00 Seconds
Solution: 1 50 17 40 26 3 43 41 42 2 11 19 33 27 16 14 32 24 46 47 28 18 20 4 38 8 13 25 7 12 44 29 37 35 34 48 39 9 30 23 21 22 45 10 15 36 5 49 31 6 

Inst_Index:1660 	 City_Num:50 	 Concorde:0.055490 	 MCTS:5.548371 Improve:0.000609 	 Time:5.01 Seconds
Solution: 1 5 13 36 7 38 43 23 42 37 31 4 21 3 28 25 19 50 46 26 32 20 44 9 22 40 11 6 30 27 16 14 48 34 45 12 10 35 41 18 39 8 24 29 15 2 47 17 49 33 

Inst_Index:1661 	 City_Num:50 	 Concorde:0.055509 	 MCTS:5.550908 Improve:-0.000027 	 Time:5.00 Seconds
Solution: 1 23 21 15 46 17 25 48 22 45 19 47 34 10 4 33 13 35 41 18 14 7 8 39 28 42 38 40 24 29 43 5 26 36 9 31 11 30 20 16 37 27 32 6 2 44 50 3 49 12 

Inst_Index:1662 	 City_Num:50 	 Concorde:0.056457 	 MCTS:5.645673 Improve:0.000000 	 Time:5.00 Seconds
Solution: 1 17 34 26 31 40 3 32 11 33 45 20 42 6 47 48 10 14 39 28 2 19 9 4 12 27 38 43 22 5 35 24 7 49 37 25 8 13 30 44 41 18 16 23 46 15 29 21 50 36 

Inst_Index:1663 	 City_Num:50 	 Concorde:0.057046 	 MCTS:5.704615 Improve:0.000000 	 Time:5.00 Seconds
Solution: 1 26 31 43 12 23 49 37 33 11 28 4 10 46 2 40 30 32 16 35 44 17 18 34 6 25 8 36 41 48 9 21 24 29 39 19 38 45 14 7 20 13 3 47 42 5 22 50 27 15 

Inst_Index:1664 	 City_Num:50 	 Concorde:0.057560 	 MCTS:5.747877 Improve:0.008159 	 Time:5.00 Seconds
Solution: 1 30 40 24 2 14 22 29 35 50 27 38 43 25 5 16 9 46 8 18 17 4 34 10 15 45 44 32 33 20 36 37 49 39 13 42 23 7 31 21 28 41 3 26 11 6 12 48 19 47 

Inst_Index:1665 	 City_Num:50 	 Concorde:0.055935 	 MCTS:5.592546 Improve:0.000967 	 Time:5.00 Seconds
Solution: 1 46 49 16 11 42 8 44 21 18 25 7 6 50 39 33 13 29 23 48 38 22 4 20 41 9 36 27 5 28 26 19 31 3 40 2 17 15 37 24 43 45 47 14 35 30 34 10 32 12 

Inst_Index:1666 	 City_Num:50 	 Concorde:0.057701 	 MCTS:5.770088 Improve:0.000000 	 Time:5.00 Seconds
Solution: 1 23 15 35 9 20 47 41 31 21 16 19 49 26 14 10 17 42 3 29 30 6 13 34 46 45 32 39 48 18 12 50 28 37 11 43 25 36 8 2 33 44 22 7 40 4 27 24 5 38 

Inst_Index:1667 	 City_Num:50 	 Concorde:0.056707 	 MCTS:5.667078 Improve:0.003662 	 Time:5.00 Seconds
Solution: 1 3 21 23 36 24 39 50 35 44 25 27 15 33 19 28 5 29 34 47 8 42 41 16 4 9 7 14 11 13 43 10 48 31 30 45 49 20 18 37 38 6 17 2 22 26 12 32 40 46 

Inst_Index:1668 	 City_Num:50 	 Concorde:0.059588 	 MCTS:5.958832 Improve:0.000000 	 Time:5.01 Seconds
Solution: 1 18 14 33 9 12 34 7 40 48 22 28 27 44 35 47 23 25 37 31 8 3 29 26 43 16 24 11 2 42 32 17 15 21 38 49 10 46 30 6 45 41 5 13 39 36 50 19 4 20 

Inst_Index:1669 	 City_Num:50 	 Concorde:0.056808 	 MCTS:5.676251 Improve:0.004540 	 Time:5.00 Seconds
Solution: 1 33 32 38 8 45 25 26 39 6 3 27 2 11 15 36 23 21 41 34 19 17 40 14 30 37 12 20 31 4 24 35 47 28 5 10 22 50 9 7 42 48 46 44 49 29 43 16 18 13 

Inst_Index:1670 	 City_Num:50 	 Concorde:0.051971 	 MCTS:5.197108 Improve:-0.000000 	 Time:5.00 Seconds
Solution: 1 34 15 12 41 2 21 20 36 24 9 13 49 19 38 42 27 33 48 23 14 8 50 11 6 25 26 4 29 43 10 17 18 37 3 45 30 7 5 39 46 35 47 16 32 28 31 22 44 40 

Inst_Index:1671 	 City_Num:50 	 Concorde:0.057527 	 MCTS:5.752635 Improve:0.000070 	 Time:5.01 Seconds
Solution: 1 7 44 36 48 6 14 23 3 29 26 27 50 8 31 20 32 39 47 17 30 19 11 43 21 25 22 34 33 5 16 37 40 38 12 18 49 15 9 42 4 2 35 46 13 45 28 24 10 41 

Inst_Index:1672 	 City_Num:50 	 Concorde:0.054134 	 MCTS:5.410593 Improve:0.002808 	 Time:5.01 Seconds
Solution: 1 42 6 20 38 41 44 5 10 15 2 28 9 3 36 16 45 12 8 39 29 31 46 34 37 50 7 17 11 22 23 24 30 27 33 32 21 43 18 4 25 13 40 19 26 48 49 35 47 14 

Inst_Index:1673 	 City_Num:50 	 Concorde:0.054348 	 MCTS:5.434792 Improve:0.000000 	 Time:5.01 Seconds
Solution: 1 20 33 36 32 23 45 38 22 26 34 2 43 13 40 14 27 9 30 8 37 7 50 25 18 49 44 29 42 39 24 35 31 48 21 47 17 5 16 41 11 6 4 12 15 46 19 28 10 3 

Inst_Index:1674 	 City_Num:50 	 Concorde:0.060109 	 MCTS:6.010868 Improve:0.000000 	 Time:5.00 Seconds
Solution: 1 9 40 26 17 12 19 18 32 7 39 35 29 34 2 38 13 45 44 36 48 16 23 46 33 6 37 24 3 22 4 31 21 11 14 50 28 25 30 15 20 43 27 8 10 5 49 41 42 47 

Inst_Index:1675 	 City_Num:50 	 Concorde:0.058612 	 MCTS:5.861239 Improve:0.000000 	 Time:5.00 Seconds
Solution: 1 37 35 27 25 23 24 18 47 8 41 44 50 49 4 32 2 15 45 19 39 46 7 36 12 5 22 21 26 42 14 17 16 30 48 28 11 3 40 9 6 20 10 38 33 43 34 31 13 29 

Inst_Index:1676 	 City_Num:50 	 Concorde:0.056049 	 MCTS:5.604856 Improve:-0.000000 	 Time:5.01 Seconds
Solution: 1 50 19 21 31 41 13 15 12 47 44 39 23 24 16 17 35 49 43 33 28 7 27 26 10 8 25 34 45 9 22 2 5 3 32 37 40 36 30 38 29 48 20 6 14 4 18 42 46 11 

Inst_Index:1677 	 City_Num:50 	 Concorde:0.056707 	 MCTS:5.670219 Improve:0.000443 	 Time:5.01 Seconds
Solution: 1 8 50 25 24 41 28 32 4 19 17 35 21 48 29 33 18 46 36 3 12 37 6 15 16 22 27 23 44 30 47 2 39 34 5 11 26 10 38 40 42 43 20 7 49 31 14 13 45 9 

Inst_Index:1678 	 City_Num:50 	 Concorde:0.054085 	 MCTS:5.398343 Improve:0.010108 	 Time:5.00 Seconds
Solution: 1 34 27 38 3 32 35 29 39 30 4 26 16 10 7 6 36 19 40 50 45 31 46 12 23 22 11 8 37 49 9 47 20 17 48 2 14 18 21 13 44 28 15 24 5 25 41 33 43 42 

Inst_Index:1679 	 City_Num:50 	 Concorde:0.056439 	 MCTS:5.643899 Improve:0.000000 	 Time:5.00 Seconds
Solution: 1 29 33 43 30 17 47 3 38 2 34 48 14 46 50 22 15 44 9 13 32 27 10 42 36 23 31 35 24 41 25 40 12 11 19 6 8 37 49 7 21 28 4 5 26 16 39 45 20 18 

Inst_Index:1680 	 City_Num:50 	 Concorde:0.061262 	 MCTS:6.124881 Improve:0.001297 	 Time:5.01 Seconds
Solution: 1 50 35 31 49 18 8 20 29 7 43 5 25 38 33 30 46 40 39 22 13 36 16 6 28 11 3 23 15 2 41 9 32 17 37 19 48 44 27 12 14 26 10 34 4 21 24 42 45 47 

Inst_Index:1681 	 City_Num:50 	 Concorde:0.059741 	 MCTS:5.973911 Improve:0.000149 	 Time:5.01 Seconds
Solution: 1 44 46 27 21 40 34 37 23 13 14 17 39 19 26 41 32 2 48 35 11 15 7 22 42 30 6 50 18 38 16 9 24 8 49 28 36 33 31 10 12 45 20 25 3 4 47 43 29 5 

Inst_Index:1682 	 City_Num:50 	 Concorde:0.057391 	 MCTS:5.734222 Improve:0.004926 	 Time:5.00 Seconds
Solution: 1 33 41 16 39 26 17 7 35 6 46 11 3 34 27 4 20 28 22 14 5 30 29 31 40 36 45 47 19 32 10 24 13 50 42 44 2 38 37 9 43 25 23 15 18 12 48 21 49 8 

Inst_Index:1683 	 City_Num:50 	 Concorde:0.059263 	 MCTS:5.926311 Improve:-0.000000 	 Time:5.00 Seconds
Solution: 1 11 5 38 6 33 37 27 19 20 4 26 32 44 39 30 2 13 25 10 35 28 34 7 45 29 41 49 16 43 31 46 18 17 23 50 36 14 24 9 48 47 40 8 22 12 21 42 3 15 

Inst_Index:1684 	 City_Num:50 	 Concorde:0.057065 	 MCTS:5.706498 Improve:-0.000000 	 Time:5.00 Seconds
Solution: 1 40 9 17 46 2 22 50 23 5 32 44 37 36 49 48 42 13 12 10 30 4 21 15 41 39 24 16 38 28 20 11 47 33 29 25 14 8 31 19 18 43 45 3 7 26 35 34 6 27 

Inst_Index:1685 	 City_Num:50 	 Concorde:0.056041 	 MCTS:5.604088 Improve:0.000000 	 Time:5.01 Seconds
Solution: 1 2 48 47 24 50 17 41 29 10 25 46 21 20 36 14 9 6 32 38 4 34 45 12 31 28 27 18 49 22 33 37 15 19 30 8 40 13 35 3 7 42 11 23 16 26 39 5 44 43 

Inst_Index:1686 	 City_Num:50 	 Concorde:0.054694 	 MCTS:5.469396 Improve:-0.000000 	 Time:5.00 Seconds
Solution: 1 33 7 15 47 48 30 17 38 46 41 26 4 40 36 45 19 27 18 21 22 6 2 37 32 43 29 11 12 34 5 44 50 14 49 16 8 20 23 42 24 3 9 28 35 39 10 31 25 13 

Inst_Index:1687 	 City_Num:50 	 Concorde:0.055586 	 MCTS:5.553957 Improve:0.004679 	 Time:5.00 Seconds
Solution: 1 21 10 22 3 18 20 48 7 46 25 24 41 42 45 26 49 6 17 2 36 28 39 30 37 34 13 47 40 29 35 32 19 16 33 5 38 14 31 11 4 23 15 9 27 44 8 12 50 43 

Inst_Index:1688 	 City_Num:50 	 Concorde:0.056781 	 MCTS:5.678071 Improve:-0.000000 	 Time:5.00 Seconds
Solution: 1 30 43 16 41 18 48 28 40 35 26 6 19 4 44 34 20 3 10 27 29 11 22 8 21 50 5 37 31 12 23 9 36 46 49 14 47 33 42 38 15 13 32 24 45 25 39 2 7 17 

Inst_Index:1689 	 City_Num:50 	 Concorde:0.053499 	 MCTS:5.345558 Improve:0.004318 	 Time:5.00 Seconds
Solution: 1 50 7 34 15 32 6 20 4 10 9 19 28 48 35 43 47 36 26 17 45 23 49 30 29 11 38 14 33 3 18 5 41 44 31 25 39 8 37 46 27 24 13 12 22 21 40 16 42 2 

Inst_Index:1690 	 City_Num:50 	 Concorde:0.051772 	 MCTS:5.170768 Improve:0.006413 	 Time:5.00 Seconds
Solution: 1 14 20 15 31 44 29 42 10 9 36 46 40 39 12 30 47 2 17 50 35 8 33 5 3 37 41 38 23 34 4 21 26 7 16 18 19 22 27 11 43 28 32 6 48 45 24 13 25 49 

Inst_Index:1691 	 City_Num:50 	 Concorde:0.058631 	 MCTS:5.863050 Improve:-0.000000 	 Time:5.01 Seconds
Solution: 1 15 47 23 43 41 37 11 9 18 19 24 6 34 40 27 25 42 46 3 2 28 20 49 4 14 17 8 31 50 22 35 30 38 48 13 33 7 45 12 44 21 36 32 5 39 16 10 29 26 

Inst_Index:1692 	 City_Num:50 	 Concorde:0.057745 	 MCTS:5.773809 Improve:0.000649 	 Time:5.01 Seconds
Solution: 1 26 48 41 29 42 20 35 13 6 44 5 37 49 43 19 50 7 46 32 47 21 15 36 38 34 18 45 33 27 3 30 40 23 14 8 22 4 25 9 39 31 11 10 2 12 28 17 16 24 

Inst_Index:1693 	 City_Num:50 	 Concorde:0.055648 	 MCTS:5.558238 Improve:0.006558 	 Time:5.00 Seconds
Solution: 1 3 5 21 15 47 44 4 2 40 30 45 14 49 32 9 16 13 37 33 34 39 23 24 17 18 46 27 31 25 29 10 12 7 28 48 22 42 43 41 38 20 19 8 36 6 50 11 35 26 

Inst_Index:1694 	 City_Num:50 	 Concorde:0.055478 	 MCTS:5.540230 Improve:0.007556 	 Time:5.00 Seconds
Solution: 1 13 49 17 7 5 21 18 19 31 34 39 12 10 11 33 23 24 20 4 35 38 8 36 48 9 15 28 16 37 43 46 3 14 32 25 22 40 42 6 29 50 27 26 47 30 2 45 44 41 

Inst_Index:1695 	 City_Num:50 	 Concorde:0.061219 	 MCTS:6.121910 Improve:-0.000000 	 Time:5.01 Seconds
Solution: 1 24 33 50 44 47 42 45 23 21 35 7 34 49 17 10 39 28 5 36 19 29 13 43 15 16 26 3 38 32 20 46 18 22 31 30 40 9 48 2 8 4 41 25 11 27 6 12 37 14 

Inst_Index:1696 	 City_Num:50 	 Concorde:0.052737 	 MCTS:5.314460 Improve:-0.040711 	 Time:5.00 Seconds
Solution: 1 45 30 47 37 7 25 33 10 18 11 29 12 49 17 19 20 3 35 14 22 36 8 31 34 24 16 42 32 40 46 50 15 5 4 13 23 41 27 9 43 38 44 39 28 48 2 6 21 26 

Inst_Index:1697 	 City_Num:50 	 Concorde:0.052622 	 MCTS:5.262212 Improve:0.000000 	 Time:5.00 Seconds
Solution: 1 34 29 3 17 15 22 8 2 28 38 4 37 12 11 49 47 5 32 6 45 13 42 20 27 9 30 19 18 48 23 26 35 14 41 10 33 24 44 25 16 46 36 31 7 39 21 40 50 43 

Inst_Index:1698 	 City_Num:50 	 Concorde:0.057788 	 MCTS:5.776198 Improve:0.002597 	 Time:5.00 Seconds
Solution: 1 24 26 47 17 31 13 18 29 39 28 37 25 21 30 11 45 10 48 12 15 2 44 49 46 7 41 38 4 32 20 16 5 3 14 23 6 42 9 27 50 33 35 22 19 34 40 43 8 36 

Inst_Index:1699 	 City_Num:50 	 Concorde:0.062001 	 MCTS:6.200094 Improve:0.000000 	 Time:5.00 Seconds
Solution: 1 6 12 45 37 40 43 5 30 15 3 17 35 22 41 7 19 44 13 25 32 49 10 9 42 26 11 23 4 39 50 47 36 18 8 2 34 21 20 38 29 14 28 33 16 27 46 24 31 48 

Inst_Index:1700 	 City_Num:50 	 Concorde:0.059630 	 MCTS:5.962973 Improve:-0.000000 	 Time:5.01 Seconds
Solution: 1 12 20 40 15 45 16 42 35 32 49 2 8 23 27 10 4 36 28 50 33 41 14 17 34 48 3 39 37 24 5 30 6 7 29 19 43 46 22 26 11 38 9 25 47 21 13 31 44 18 

Inst_Index:1701 	 City_Num:50 	 Concorde:0.059795 	 MCTS:5.979483 Improve:0.000000 	 Time:5.00 Seconds
Solution: 1 40 33 27 44 31 20 49 32 38 35 24 10 46 4 29 8 42 36 3 9 37 23 6 17 47 13 5 26 39 2 7 16 19 43 25 41 45 11 14 12 22 34 30 48 18 21 50 15 28 

Inst_Index:1702 	 City_Num:50 	 Concorde:0.055895 	 MCTS:5.589144 Improve:0.000339 	 Time:5.00 Seconds
Solution: 1 42 14 27 16 15 49 17 22 50 40 41 11 2 7 13 3 37 31 4 24 33 8 10 35 23 9 29 32 21 34 20 25 43 19 26 45 48 44 18 12 39 28 5 47 36 30 6 38 46 

Inst_Index:1703 	 City_Num:50 	 Concorde:0.053125 	 MCTS:5.312550 Improve:0.000000 	 Time:5.00 Seconds
Solution: 1 28 23 21 38 13 37 9 31 20 41 27 11 15 48 7 40 22 3 25 24 50 19 4 16 10 17 35 46 6 26 43 5 36 8 42 49 39 30 2 29 34 44 33 47 12 32 14 18 45 

Inst_Index:1704 	 City_Num:50 	 Concorde:0.056521 	 MCTS:5.652128 Improve:-0.000000 	 Time:5.00 Seconds
Solution: 1 5 25 47 18 20 22 49 15 11 37 13 29 42 40 24 44 33 30 19 45 26 39 46 34 31 9 27 35 48 16 10 8 50 32 36 2 17 7 6 43 28 4 14 3 12 23 41 21 38 

Inst_Index:1705 	 City_Num:50 	 Concorde:0.057971 	 MCTS:5.797093 Improve:0.000000 	 Time:5.00 Seconds
Solution: 1 33 45 13 2 9 24 34 26 25 5 47 16 31 14 32 35 44 18 27 29 37 36 38 15 3 49 20 6 43 41 23 40 50 8 22 11 48 12 28 30 39 21 46 42 10 19 7 4 17 

Inst_Index:1706 	 City_Num:50 	 Concorde:0.057318 	 MCTS:5.731764 Improve:-0.000000 	 Time:5.00 Seconds
Solution: 1 7 33 37 15 9 6 16 49 45 8 24 40 29 39 35 47 41 17 28 11 43 2 46 23 21 42 3 18 38 48 50 19 36 10 5 25 20 13 30 26 34 14 22 31 12 4 32 44 27 

Inst_Index:1707 	 City_Num:50 	 Concorde:0.056508 	 MCTS:5.650784 Improve:0.000000 	 Time:5.00 Seconds
Solution: 1 29 2 27 4 19 32 47 33 30 49 15 9 44 11 10 5 8 41 38 37 45 12 21 6 42 46 18 26 14 31 16 36 7 28 48 43 25 39 23 50 13 22 24 40 17 35 34 3 20 

Inst_Index:1708 	 City_Num:50 	 Concorde:0.056615 	 MCTS:5.660247 Improve:0.001258 	 Time:5.00 Seconds
Solution: 1 9 46 37 14 2 12 47 36 11 41 10 7 26 24 31 43 48 44 32 19 33 42 17 38 49 30 3 23 27 34 4 5 15 28 16 50 45 40 22 39 8 21 25 13 35 18 6 29 20 

Inst_Index:1709 	 City_Num:50 	 Concorde:0.057908 	 MCTS:5.790775 Improve:0.000000 	 Time:5.01 Seconds
Solution: 1 21 5 18 27 6 4 35 41 38 36 50 23 29 48 44 19 24 20 34 16 22 49 37 2 45 7 47 12 46 42 13 10 43 31 14 30 8 25 11 9 15 39 33 32 28 26 3 40 17 

Inst_Index:1710 	 City_Num:50 	 Concorde:0.060782 	 MCTS:6.075287 Improve:0.002944 	 Time:5.01 Seconds
Solution: 1 28 7 36 33 38 20 16 17 4 8 35 26 34 13 27 31 24 21 43 49 41 5 30 10 22 39 29 11 37 42 45 50 32 19 12 9 47 18 3 2 48 14 40 44 6 25 15 46 23 

Inst_Index:1711 	 City_Num:50 	 Concorde:0.055387 	 MCTS:5.538694 Improve:-0.000000 	 Time:5.00 Seconds
Solution: 1 48 18 26 27 4 29 45 33 41 17 9 5 3 50 20 47 8 11 14 32 10 36 19 42 40 24 30 35 12 37 43 15 25 34 38 31 28 23 7 6 39 49 44 16 22 46 2 13 21 

Inst_Index:1712 	 City_Num:50 	 Concorde:0.056277 	 MCTS:5.627671 Improve:0.000000 	 Time:5.00 Seconds
Solution: 1 34 35 32 46 40 42 25 30 33 14 18 27 48 2 50 45 36 9 24 10 4 19 37 26 15 43 41 44 31 22 49 28 38 7 3 23 12 13 16 29 47 39 11 20 5 8 6 17 21 

Inst_Index:1713 	 City_Num:50 	 Concorde:0.059313 	 MCTS:5.931257 Improve:0.000000 	 Time:5.01 Seconds
Solution: 1 15 38 14 32 30 13 45 23 20 29 24 46 34 6 49 47 8 21 19 33 3 27 37 48 36 16 40 10 18 12 31 7 17 35 43 22 25 2 44 39 11 41 50 4 9 26 28 42 5 

Inst_Index:1714 	 City_Num:50 	 Concorde:0.056782 	 MCTS:5.672519 Improve:0.005730 	 Time:5.00 Seconds
Solution: 1 41 50 36 34 3 44 28 49 47 12 27 43 19 16 22 13 25 40 32 14 26 33 48 17 21 42 8 39 31 10 4 45 29 20 6 5 11 15 35 18 37 30 46 2 9 23 7 38 24 

Inst_Index:1715 	 City_Num:50 	 Concorde:0.057355 	 MCTS:5.735464 Improve:0.000000 	 Time:5.00 Seconds
Solution: 1 21 24 40 31 32 22 12 49 20 4 26 23 33 7 5 42 38 27 34 6 29 45 14 25 30 47 28 17 15 41 35 50 9 18 46 44 3 39 43 8 48 19 13 16 2 11 37 10 36 

Inst_Index:1716 	 City_Num:50 	 Concorde:0.057025 	 MCTS:5.702529 Improve:-0.000000 	 Time:5.00 Seconds
Solution: 1 28 18 12 13 6 46 16 34 17 41 20 45 38 49 42 32 11 47 36 10 2 14 22 7 31 27 40 15 33 44 25 39 29 37 23 19 30 3 26 48 43 8 5 4 24 9 21 35 50 

Inst_Index:1717 	 City_Num:50 	 Concorde:0.054402 	 MCTS:5.435269 Improve:0.004936 	 Time:5.01 Seconds
Solution: 1 5 28 30 38 9 23 3 26 7 10 21 40 22 42 12 46 43 4 13 19 20 35 17 36 16 27 31 33 29 45 6 11 34 39 18 50 48 49 8 24 25 14 41 44 37 2 47 32 15 

Inst_Index:1718 	 City_Num:50 	 Concorde:0.055764 	 MCTS:5.571390 Improve:0.004963 	 Time:5.00 Seconds
Solution: 1 10 47 11 18 27 21 25 15 33 31 50 43 23 9 6 39 28 16 41 3 2 35 36 34 8 38 48 42 30 32 49 14 12 40 45 26 37 44 7 17 4 46 20 22 5 19 13 29 24 

Inst_Index:1719 	 City_Num:50 	 Concorde:0.059468 	 MCTS:5.946782 Improve:0.000000 	 Time:5.01 Seconds
Solution: 1 6 25 16 31 2 30 15 40 12 37 20 50 17 45 47 28 13 22 9 14 4 18 46 26 39 36 49 27 8 29 5 7 33 23 44 42 24 41 38 48 21 32 3 35 43 10 11 34 19 

Inst_Index:1720 	 City_Num:50 	 Concorde:0.053412 	 MCTS:5.341043 Improve:0.000193 	 Time:5.01 Seconds
Solution: 1 20 36 33 15 19 35 14 21 25 17 50 31 48 28 38 16 11 4 3 47 12 29 27 44 6 49 43 8 26 7 24 10 32 18 13 34 45 2 41 5 9 23 22 42 46 39 40 30 37 

Inst_Index:1721 	 City_Num:50 	 Concorde:0.053396 	 MCTS:5.335485 Improve:0.004081 	 Time:5.01 Seconds
Solution: 1 2 36 28 32 11 21 43 20 16 6 26 45 39 25 27 17 23 40 48 13 24 10 42 30 33 37 5 22 14 49 18 44 15 9 3 46 41 38 12 31 19 50 35 7 4 47 8 34 29 

Inst_Index:1722 	 City_Num:50 	 Concorde:0.052317 	 MCTS:5.231664 Improve:0.000000 	 Time:5.01 Seconds
Solution: 1 34 17 46 18 39 33 29 19 14 40 44 26 43 42 31 5 3 47 50 2 28 48 25 37 49 4 24 32 20 10 36 8 13 11 41 27 15 9 22 21 38 23 30 6 12 45 35 7 16 

Inst_Index:1723 	 City_Num:50 	 Concorde:0.057985 	 MCTS:5.798495 Improve:0.000000 	 Time:5.01 Seconds
Solution: 1 28 49 25 48 39 42 35 44 46 2 3 6 11 26 40 45 24 50 37 27 41 14 13 17 8 19 34 32 29 22 38 20 10 15 21 5 30 9 16 4 7 12 18 43 36 23 47 31 33 

Inst_Index:1724 	 City_Num:50 	 Concorde:0.059118 	 MCTS:5.910017 Improve:0.001771 	 Time:5.00 Seconds
Solution: 1 19 15 25 24 18 13 7 31 41 44 14 10 34 22 17 27 36 39 6 9 16 35 5 40 45 48 47 26 49 28 50 23 33 42 3 20 30 11 37 4 21 12 38 32 46 8 2 29 43 

Inst_Index:1725 	 City_Num:50 	 Concorde:0.059944 	 MCTS:5.987995 Improve:0.006372 	 Time:5.00 Seconds
Solution: 1 40 27 2 34 16 5 4 35 45 11 23 19 9 32 33 49 50 8 39 15 22 43 6 38 12 30 7 42 47 25 10 36 29 48 28 41 31 46 26 14 17 37 18 20 3 21 13 44 24 

Inst_Index:1726 	 City_Num:50 	 Concorde:0.062586 	 MCTS:6.251217 Improve:0.007371 	 Time:5.00 Seconds
Solution: 1 25 39 11 37 16 43 36 22 4 13 3 19 32 26 35 49 33 28 8 6 34 15 41 18 50 24 44 38 20 9 29 31 2 27 5 45 21 12 30 48 47 17 14 46 10 23 7 42 40 

Inst_Index:1727 	 City_Num:50 	 Concorde:0.058997 	 MCTS:5.899743 Improve:0.000000 	 Time:5.00 Seconds
Solution: 1 3 9 32 4 48 7 14 16 22 43 44 45 6 39 2 31 47 26 40 11 28 13 15 42 12 18 35 38 23 34 25 10 33 41 8 49 17 19 20 24 50 27 29 37 46 21 30 36 5 

Inst_Index:1728 	 City_Num:50 	 Concorde:0.056960 	 MCTS:5.696030 Improve:0.000000 	 Time:5.00 Seconds
Solution: 1 33 45 5 31 27 13 30 7 34 12 14 36 19 25 46 38 23 28 41 35 29 16 4 21 49 6 24 18 47 17 44 15 42 37 48 11 43 40 32 20 50 39 3 10 22 8 26 9 2 

Inst_Index:1729 	 City_Num:50 	 Concorde:0.061131 	 MCTS:6.113081 Improve:0.000000 	 Time:5.00 Seconds
Solution: 1 13 10 5 30 6 49 14 23 50 8 31 42 25 12 17 36 47 39 40 41 28 22 18 19 3 29 35 48 16 4 11 27 46 33 37 44 7 2 38 21 34 24 32 43 15 45 26 20 9 

Inst_Index:1730 	 City_Num:50 	 Concorde:0.060341 	 MCTS:6.034109 Improve:0.000000 	 Time:5.00 Seconds
Solution: 1 3 31 11 46 15 18 27 6 13 38 30 10 48 12 39 45 26 22 50 28 35 43 5 4 17 7 21 8 20 44 16 49 36 40 47 33 19 9 24 14 41 29 25 34 32 2 37 23 42 

Inst_Index:1731 	 City_Num:50 	 Concorde:0.057228 	 MCTS:5.722793 Improve:0.000000 	 Time:5.00 Seconds
Solution: 1 3 14 15 4 18 33 29 5 27 46 24 25 34 37 6 45 40 23 8 22 26 30 35 9 41 7 42 36 12 19 13 48 11 31 43 32 17 44 20 10 50 38 49 28 47 21 39 16 2 

Inst_Index:1732 	 City_Num:50 	 Concorde:0.058371 	 MCTS:5.837114 Improve:-0.000000 	 Time:5.00 Seconds
Solution: 1 8 43 44 28 4 3 2 5 29 16 14 11 15 32 34 30 37 31 9 40 27 49 36 20 45 48 19 23 12 46 10 25 21 17 22 33 13 47 50 26 7 6 41 24 39 18 42 35 38 

Inst_Index:1733 	 City_Num:50 	 Concorde:0.054921 	 MCTS:5.492102 Improve:0.000000 	 Time:5.02 Seconds
Solution: 1 48 44 2 31 14 35 24 25 50 42 23 4 22 19 29 21 40 49 13 3 9 18 32 28 41 17 7 46 43 27 6 33 36 39 16 34 26 38 20 37 45 15 12 30 8 10 47 11 5 

Inst_Index:1734 	 City_Num:50 	 Concorde:0.054770 	 MCTS:5.476976 Improve:0.000000 	 Time:5.00 Seconds
Solution: 1 34 40 41 39 30 32 24 33 46 36 48 14 6 20 28 11 37 27 17 13 43 7 49 3 5 50 44 31 8 25 29 42 22 47 9 4 19 18 35 16 15 38 12 23 45 26 10 21 2 

Inst_Index:1735 	 City_Num:50 	 Concorde:0.057173 	 MCTS:5.717283 Improve:-0.000000 	 Time:5.00 Seconds
Solution: 1 15 28 12 34 42 18 50 37 20 29 30 3 25 27 35 2 11 21 26 45 14 39 43 6 9 46 40 8 41 48 31 47 19 24 10 44 4 22 23 5 49 38 36 13 16 33 32 17 7 

Inst_Index:1736 	 City_Num:50 	 Concorde:0.058762 	 MCTS:5.876175 Improve:-0.000000 	 Time:5.01 Seconds
Solution: 1 21 11 29 31 3 35 23 44 40 6 30 13 33 28 19 26 46 48 16 42 12 9 24 17 20 2 5 36 14 25 43 8 38 39 4 50 27 45 7 41 10 18 47 22 34 49 15 32 37 

Inst_Index:1737 	 City_Num:50 	 Concorde:0.056742 	 MCTS:5.670076 Improve:0.004124 	 Time:5.00 Seconds
Solution: 1 20 7 5 26 11 6 14 46 34 49 42 23 31 40 35 50 10 18 19 27 48 15 12 33 13 43 39 41 21 4 32 38 36 25 2 16 44 30 45 17 8 29 24 28 37 9 3 22 47 

Inst_Index:1738 	 City_Num:50 	 Concorde:0.057392 	 MCTS:5.739181 Improve:0.000000 	 Time:5.01 Seconds
Solution: 1 35 28 30 4 29 17 37 36 12 27 5 42 45 22 6 44 25 38 13 15 46 11 19 26 10 39 43 23 50 34 21 8 16 24 20 18 41 40 32 9 33 31 48 2 7 49 47 3 14 

Inst_Index:1739 	 City_Num:50 	 Concorde:0.060221 	 MCTS:6.022081 Improve:-0.000000 	 Time:5.01 Seconds
Solution: 1 29 46 6 43 48 41 16 4 22 44 19 26 32 15 5 17 31 50 10 20 28 47 12 11 39 25 40 36 2 38 37 18 13 33 35 21 23 7 24 49 45 27 34 3 30 9 14 8 42 

Inst_Index:1740 	 City_Num:50 	 Concorde:0.053745 	 MCTS:5.373412 Improve:0.001107 	 Time:5.01 Seconds
Solution: 1 11 37 43 32 17 13 22 26 5 39 40 20 49 14 19 33 45 25 8 18 42 36 10 35 3 31 46 41 29 24 21 6 28 27 12 47 30 16 4 9 44 15 2 50 38 23 34 48 7 

Inst_Index:1741 	 City_Num:50 	 Concorde:0.057135 	 MCTS:5.705243 Improve:0.008303 	 Time:5.00 Seconds
Solution: 1 26 46 11 43 3 18 34 39 48 27 7 24 16 33 23 41 14 40 30 17 42 21 36 47 4 19 29 20 45 28 22 44 38 6 35 50 37 5 15 32 9 31 10 13 25 49 12 8 2 

Inst_Index:1742 	 City_Num:50 	 Concorde:0.058414 	 MCTS:5.841428 Improve:0.000000 	 Time:5.00 Seconds
Solution: 1 48 19 11 44 26 12 34 45 24 10 27 49 2 43 32 8 41 31 29 21 3 39 18 30 15 35 6 5 46 33 23 16 9 13 37 42 4 28 38 7 50 25 14 22 47 36 20 40 17 

Inst_Index:1743 	 City_Num:50 	 Concorde:0.052955 	 MCTS:5.295524 Improve:0.000000 	 Time:5.01 Seconds
Solution: 1 16 26 17 6 25 36 10 30 14 2 28 9 39 46 5 41 11 23 49 3 34 29 35 13 45 21 7 31 24 33 37 42 48 20 43 18 19 40 27 50 15 12 8 32 38 4 44 47 22 

Inst_Index:1744 	 City_Num:50 	 Concorde:0.059970 	 MCTS:5.997018 Improve:0.000000 	 Time:5.00 Seconds
Solution: 1 15 27 31 11 24 40 20 5 29 23 6 7 16 3 46 18 47 34 8 10 39 32 37 42 9 33 17 22 28 45 44 14 30 49 21 12 41 43 4 35 26 13 25 19 48 2 36 38 50 

Inst_Index:1745 	 City_Num:50 	 Concorde:0.055467 	 MCTS:5.546690 Improve:-0.000000 	 Time:5.00 Seconds
Solution: 1 11 10 12 20 46 41 14 13 15 37 44 27 38 3 45 42 23 22 33 39 25 17 36 30 7 26 32 4 34 43 40 21 2 5 8 6 18 48 50 9 24 29 19 47 49 35 31 28 16 

Inst_Index:1746 	 City_Num:50 	 Concorde:0.055541 	 MCTS:5.554076 Improve:0.000000 	 Time:5.01 Seconds
Solution: 1 35 2 45 42 14 19 39 41 26 46 31 43 6 9 18 24 28 12 23 17 33 10 3 44 25 5 48 30 32 8 20 22 21 34 27 50 47 11 15 38 36 37 40 4 29 49 7 16 13 

Inst_Index:1747 	 City_Num:50 	 Concorde:0.056436 	 MCTS:5.643570 Improve:0.000000 	 Time:5.01 Seconds
Solution: 1 19 28 9 14 39 41 16 49 12 23 25 33 38 22 24 46 20 11 10 4 26 7 50 13 36 8 6 5 32 18 30 15 3 44 31 29 34 43 47 37 21 40 35 2 45 27 17 42 48 

Inst_Index:1748 	 City_Num:50 	 Concorde:0.056918 	 MCTS:5.691792 Improve:0.000000 	 Time:5.01 Seconds
Solution: 1 36 33 14 31 42 21 22 19 46 12 2 11 13 6 27 23 29 24 26 30 15 10 4 32 49 28 25 5 48 34 50 35 3 47 40 45 41 8 20 39 43 37 16 17 9 7 38 18 44 

Inst_Index:1749 	 City_Num:50 	 Concorde:0.055465 	 MCTS:5.546456 Improve:0.000000 	 Time:5.00 Seconds
Solution: 1 31 28 47 22 44 15 3 7 40 14 10 50 17 26 36 11 18 46 42 20 35 49 23 27 4 38 6 13 33 9 43 45 41 30 21 16 34 19 25 5 48 32 24 12 2 39 8 37 29 

Inst_Index:1750 	 City_Num:50 	 Concorde:0.054608 	 MCTS:5.460804 Improve:0.000000 	 Time:5.00 Seconds
Solution: 1 20 5 46 29 24 36 15 47 23 39 32 12 28 6 14 11 13 44 2 31 41 45 42 30 38 33 21 43 10 26 34 50 4 37 3 25 19 49 7 16 22 9 48 27 40 18 17 35 8 

Inst_Index:1751 	 City_Num:50 	 Concorde:0.052543 	 MCTS:5.254251 Improve:0.000000 	 Time:5.00 Seconds
Solution: 1 31 38 3 10 11 22 2 9 36 20 12 40 23 6 44 49 37 8 15 14 19 30 42 26 13 41 39 32 17 27 48 18 35 47 34 5 28 21 16 24 25 43 7 4 29 46 45 50 33 

Inst_Index:1752 	 City_Num:50 	 Concorde:0.052413 	 MCTS:5.241262 Improve:-0.000000 	 Time:5.00 Seconds
Solution: 1 44 22 38 34 9 29 45 15 47 5 31 30 7 39 17 33 2 41 28 12 14 49 32 40 13 21 48 23 24 46 10 36 11 50 4 6 16 26 35 18 27 8 43 42 3 20 19 37 25 

Inst_Index:1753 	 City_Num:50 	 Concorde:0.057422 	 MCTS:5.742198 Improve:0.000000 	 Time:5.00 Seconds
Solution: 1 19 7 15 3 9 45 10 42 40 24 29 37 18 22 21 11 28 32 25 46 6 12 5 36 2 34 44 49 17 8 20 39 26 35 48 50 4 43 41 31 38 27 30 13 47 33 14 23 16 

Inst_Index:1754 	 City_Num:50 	 Concorde:0.059718 	 MCTS:5.971764 Improve:0.000000 	 Time:5.00 Seconds
Solution: 1 44 36 25 5 38 6 7 47 4 22 27 24 16 30 33 50 29 32 37 34 10 14 2 3 42 11 17 9 19 21 41 49 20 45 40 8 12 26 13 15 39 31 23 35 43 48 28 18 46 

Inst_Index:1755 	 City_Num:50 	 Concorde:0.057132 	 MCTS:5.711591 Improve:0.001629 	 Time:5.00 Seconds
Solution: 1 29 27 30 14 39 34 22 31 21 17 37 2 8 13 32 28 10 25 36 6 40 16 19 35 11 43 26 4 42 9 50 5 46 24 15 44 33 12 7 3 47 48 45 38 49 18 20 41 23 

Inst_Index:1756 	 City_Num:50 	 Concorde:0.053893 	 MCTS:5.388046 Improve:0.001300 	 Time:5.01 Seconds
Solution: 1 2 5 7 48 50 39 37 23 16 45 25 41 46 35 14 15 26 30 20 4 22 3 34 49 18 32 47 44 27 19 12 9 31 6 38 8 24 33 36 13 10 21 29 40 28 17 11 42 43 

Inst_Index:1757 	 City_Num:50 	 Concorde:0.058158 	 MCTS:5.815765 Improve:0.000000 	 Time:5.00 Seconds
Solution: 1 14 24 33 42 50 16 23 45 13 34 26 7 8 37 4 11 22 25 2 35 10 18 38 43 19 29 27 3 48 20 5 44 15 36 30 41 28 49 40 31 39 32 17 6 21 46 47 12 9 

Inst_Index:1758 	 City_Num:50 	 Concorde:0.058593 	 MCTS:5.859325 Improve:0.000000 	 Time:5.01 Seconds
Solution: 1 2 39 26 20 42 45 21 15 18 44 32 36 50 48 31 19 47 8 35 13 25 29 23 46 43 22 40 14 7 17 38 24 12 5 49 37 9 41 27 16 28 4 11 33 3 30 6 10 34 

Inst_Index:1759 	 City_Num:50 	 Concorde:0.060083 	 MCTS:6.017269 Improve:-0.008969 	 Time:5.00 Seconds
Solution: 1 22 27 47 25 19 26 42 34 46 2 14 45 43 9 12 13 16 32 7 33 20 28 48 37 24 5 50 29 4 21 18 31 35 23 41 3 6 11 49 30 44 10 8 39 40 15 36 38 17 

Inst_Index:1760 	 City_Num:50 	 Concorde:0.057014 	 MCTS:5.701440 Improve:0.000000 	 Time:5.02 Seconds
Solution: 1 16 8 30 41 21 5 27 43 18 10 20 40 26 17 37 23 24 6 39 46 45 2 50 47 12 15 28 14 38 49 32 31 36 7 9 22 44 33 13 35 11 4 42 3 34 19 29 48 25 

Inst_Index:1761 	 City_Num:50 	 Concorde:0.055742 	 MCTS:5.574196 Improve:-0.000000 	 Time:5.00 Seconds
Solution: 1 21 27 22 44 20 31 48 3 26 35 23 41 33 29 37 39 6 12 15 9 47 32 46 50 19 28 2 13 4 7 40 25 45 43 11 5 49 18 42 34 30 38 17 36 14 16 24 10 8 

Inst_Index:1762 	 City_Num:50 	 Concorde:0.058437 	 MCTS:5.843708 Improve:0.000000 	 Time:5.01 Seconds
Solution: 1 14 13 47 30 18 19 49 5 16 23 25 8 34 22 38 33 41 24 9 50 44 10 15 48 21 32 45 31 2 27 37 43 46 4 29 35 39 11 6 26 7 17 40 12 28 36 3 20 42 

Inst_Index:1763 	 City_Num:50 	 Concorde:0.056537 	 MCTS:5.647982 Improve:0.005722 	 Time:5.00 Seconds
Solution: 1 22 47 30 5 10 16 31 20 13 6 19 35 15 25 46 14 36 17 43 29 21 33 26 18 50 32 34 39 23 37 44 3 8 12 42 45 48 9 24 11 7 2 49 40 28 38 4 41 27 

Inst_Index:1764 	 City_Num:50 	 Concorde:0.056971 	 MCTS:5.694778 Improve:0.002295 	 Time:5.00 Seconds
Solution: 1 31 37 39 12 14 45 17 42 27 5 19 4 47 36 15 21 44 18 3 32 35 11 23 2 28 13 7 43 50 46 9 24 34 25 49 29 48 8 33 26 41 40 6 30 10 16 20 22 38 

Inst_Index:1765 	 City_Num:50 	 Concorde:0.058938 	 MCTS:5.892458 Improve:0.001307 	 Time:5.02 Seconds
Solution: 1 18 23 19 43 7 39 14 11 40 27 17 28 50 5 38 49 37 25 32 30 24 13 36 34 48 45 20 6 42 33 10 35 31 16 3 46 8 4 47 21 44 29 12 26 15 9 2 22 41 

Inst_Index:1766 	 City_Num:50 	 Concorde:0.056877 	 MCTS:5.685190 Improve:0.002550 	 Time:5.00 Seconds
Solution: 1 50 21 15 25 33 34 30 6 39 3 44 48 7 29 11 36 10 46 8 4 43 40 9 20 41 2 12 27 24 14 45 37 38 47 32 31 16 42 13 35 28 19 17 23 26 49 18 22 5 

Inst_Index:1767 	 City_Num:50 	 Concorde:0.058507 	 MCTS:5.844307 Improve:0.006387 	 Time:5.00 Seconds
Solution: 1 11 23 6 26 19 38 36 32 40 15 50 33 47 3 9 18 21 34 49 5 2 48 17 46 4 42 39 41 35 31 25 12 29 22 16 27 14 13 30 28 43 24 45 10 20 7 44 8 37 

Inst_Index:1768 	 City_Num:50 	 Concorde:0.057798 	 MCTS:5.779807 Improve:0.000000 	 Time:5.00 Seconds
Solution: 1 7 50 32 21 33 12 22 30 29 25 19 20 36 15 23 43 37 45 28 35 40 26 13 18 16 39 2 4 10 42 49 27 31 8 24 5 44 34 48 9 47 17 3 6 41 11 46 38 14 

Inst_Index:1769 	 City_Num:50 	 Concorde:0.059938 	 MCTS:5.993830 Improve:-0.000000 	 Time:5.00 Seconds
Solution: 1 32 21 29 27 43 36 47 24 14 44 25 49 35 33 37 4 12 19 45 48 10 46 28 16 42 50 38 22 7 8 17 5 23 30 26 31 18 34 6 3 15 9 13 39 40 2 20 11 41 

Inst_Index:1770 	 City_Num:50 	 Concorde:0.057198 	 MCTS:5.719773 Improve:-0.000000 	 Time:5.01 Seconds
Solution: 1 33 50 23 12 14 35 44 22 5 32 21 24 39 16 13 28 27 49 15 19 40 9 47 42 20 11 43 4 45 2 17 46 3 6 8 36 37 26 10 29 31 38 18 48 41 34 7 25 30 

Inst_Index:1771 	 City_Num:50 	 Concorde:0.059352 	 MCTS:5.933782 Improve:0.001372 	 Time:5.00 Seconds
Solution: 1 10 39 38 18 49 24 7 23 28 42 33 17 40 16 35 34 12 48 41 50 27 44 4 11 19 21 13 9 3 8 15 47 45 2 29 5 14 6 25 26 36 22 37 32 30 43 20 31 46 

Inst_Index:1772 	 City_Num:50 	 Concorde:0.057763 	 MCTS:5.776304 Improve:0.000000 	 Time:5.00 Seconds
Solution: 1 40 24 41 19 27 42 9 49 6 39 43 31 18 3 13 34 25 12 35 20 23 4 36 30 7 5 14 8 45 48 33 10 15 44 2 11 50 17 46 38 47 32 26 29 28 21 16 37 22 

Inst_Index:1773 	 City_Num:50 	 Concorde:0.056931 	 MCTS:5.693146 Improve:-0.000000 	 Time:5.01 Seconds
Solution: 1 27 49 8 35 37 41 17 15 40 44 13 12 20 5 22 4 29 10 48 6 39 25 7 33 19 24 2 31 46 36 18 11 34 14 26 45 3 50 9 28 32 47 38 30 16 23 21 43 42 

Inst_Index:1774 	 City_Num:50 	 Concorde:0.053163 	 MCTS:5.314134 Improve:0.002197 	 Time:5.00 Seconds
Solution: 1 46 9 2 45 20 27 10 47 49 12 17 21 30 11 13 38 37 44 26 31 36 50 24 7 33 14 16 29 18 48 23 34 32 40 25 15 28 39 6 42 4 43 41 35 5 3 19 8 22 

Inst_Index:1775 	 City_Num:50 	 Concorde:0.058849 	 MCTS:5.884863 Improve:0.000000 	 Time:5.00 Seconds
Solution: 1 16 31 36 34 7 40 38 50 26 11 17 27 48 25 43 30 2 9 23 47 15 12 33 45 29 20 44 4 22 13 21 39 3 35 46 10 42 14 18 24 19 8 5 28 49 41 32 6 37 

Inst_Index:1776 	 City_Num:50 	 Concorde:0.055083 	 MCTS:5.504924 Improve:0.003393 	 Time:5.01 Seconds
Solution: 1 45 46 40 32 29 17 38 8 11 14 9 21 18 5 15 48 34 25 19 28 26 23 27 2 4 30 50 20 10 33 3 24 44 16 37 7 31 47 41 49 43 39 6 12 13 36 22 42 35 

Inst_Index:1777 	 City_Num:50 	 Concorde:0.059775 	 MCTS:5.977523 Improve:0.000000 	 Time:5.00 Seconds
Solution: 1 33 22 20 36 32 44 12 16 31 6 50 26 8 41 30 10 18 37 14 49 19 7 27 23 40 35 13 43 4 39 28 17 48 38 45 3 21 11 29 15 5 46 25 42 24 34 2 9 47 

Inst_Index:1778 	 City_Num:50 	 Concorde:0.059597 	 MCTS:5.959654 Improve:-0.000000 	 Time:5.01 Seconds
Solution: 1 35 14 49 16 41 39 5 36 31 27 18 12 6 20 8 4 38 48 43 23 22 30 15 44 13 21 40 46 42 7 47 34 2 37 11 24 19 25 50 29 32 3 9 17 10 26 33 28 45 

Inst_Index:1779 	 City_Num:50 	 Concorde:0.056475 	 MCTS:5.647448 Improve:0.000051 	 Time:5.00 Seconds
Solution: 1 32 45 17 8 20 14 23 49 42 11 3 16 40 43 34 30 31 38 29 21 37 46 33 25 18 41 28 22 27 39 2 48 7 12 35 9 50 5 10 6 44 15 19 36 13 24 26 47 4 

Inst_Index:1780 	 City_Num:50 	 Concorde:0.054868 	 MCTS:5.486820 Improve:-0.000000 	 Time:5.00 Seconds
Solution: 1 41 26 29 43 15 18 47 25 23 12 39 37 33 49 44 21 50 48 34 28 38 35 20 30 11 45 32 5 6 42 16 40 36 9 8 17 10 4 3 46 19 22 31 2 7 24 13 14 27 

Inst_Index:1781 	 City_Num:50 	 Concorde:0.059300 	 MCTS:5.930005 Improve:-0.000000 	 Time:5.01 Seconds
Solution: 1 7 15 17 49 25 43 3 37 18 19 40 11 33 26 22 46 9 24 2 30 39 10 44 42 14 38 20 34 27 48 23 32 5 6 45 8 35 41 36 13 4 29 50 47 12 31 21 28 16 

Inst_Index:1782 	 City_Num:50 	 Concorde:0.055731 	 MCTS:5.573133 Improve:0.000000 	 Time:5.00 Seconds
Solution: 1 26 49 21 13 27 31 43 10 42 34 4 15 39 8 7 24 12 32 47 40 20 46 37 11 29 18 45 28 3 14 16 33 9 22 35 30 25 41 23 50 5 48 6 38 36 17 44 2 19 

Inst_Index:1783 	 City_Num:50 	 Concorde:0.056429 	 MCTS:5.637613 Improve:0.005323 	 Time:5.02 Seconds
Solution: 1 13 35 20 11 21 12 29 18 40 43 50 44 16 8 23 7 26 30 38 37 4 15 33 31 32 42 47 10 24 46 36 19 28 27 49 2 39 25 45 9 48 34 14 22 6 17 3 5 41 

Inst_Index:1784 	 City_Num:50 	 Concorde:0.055439 	 MCTS:5.536375 Improve:0.007564 	 Time:5.00 Seconds
Solution: 1 26 47 41 29 23 9 22 3 10 8 34 20 50 2 13 36 40 15 11 32 42 18 19 4 27 49 16 21 35 7 46 48 12 6 25 5 14 37 33 31 17 24 45 38 44 39 28 43 30 

Inst_Index:1785 	 City_Num:50 	 Concorde:0.058989 	 MCTS:5.898890 Improve:0.000000 	 Time:5.00 Seconds
Solution: 1 7 20 37 19 33 50 41 28 31 22 46 47 9 29 34 32 49 8 26 13 18 3 5 43 38 6 36 45 24 27 25 2 35 42 23 12 10 48 40 39 17 44 4 11 30 16 15 21 14 

Inst_Index:1786 	 City_Num:50 	 Concorde:0.054980 	 MCTS:5.497974 Improve:-0.000000 	 Time:5.00 Seconds
Solution: 1 31 42 5 21 27 9 34 10 24 13 35 19 18 40 29 36 47 26 17 50 48 11 33 38 45 7 39 2 37 15 3 44 8 30 28 4 16 22 6 23 46 14 25 12 41 43 20 49 32 

Inst_Index:1787 	 City_Num:50 	 Concorde:0.056732 	 MCTS:5.669647 Improve:0.003571 	 Time:5.01 Seconds
Solution: 1 33 40 9 20 16 45 24 19 36 29 39 23 10 37 12 35 7 48 18 49 28 21 26 6 13 46 30 31 8 4 43 34 41 38 42 11 50 27 44 22 32 17 3 2 14 15 47 25 5 

Inst_Index:1788 	 City_Num:50 	 Concorde:0.057059 	 MCTS:5.705889 Improve:0.000000 	 Time:5.00 Seconds
Solution: 1 23 10 31 28 44 38 48 12 49 13 11 46 17 37 19 43 18 3 32 33 24 16 21 5 45 7 35 26 9 22 15 29 39 8 27 30 36 40 42 25 34 50 6 2 20 47 14 41 4 

Inst_Index:1789 	 City_Num:50 	 Concorde:0.058882 	 MCTS:5.888215 Improve:0.000000 	 Time:5.02 Seconds
Solution: 1 11 30 29 49 44 16 37 32 45 33 6 19 5 23 46 18 48 50 34 42 22 36 9 47 15 8 13 21 28 12 26 41 24 10 14 35 43 39 2 25 38 17 40 31 20 3 27 4 7 

Inst_Index:1790 	 City_Num:50 	 Concorde:0.052807 	 MCTS:5.276092 Improve:0.004622 	 Time:5.00 Seconds
Solution: 1 32 13 3 29 21 31 6 42 10 40 50 15 33 37 16 24 5 49 41 2 44 30 7 47 9 27 36 20 25 48 35 8 39 14 23 43 46 28 11 22 4 18 12 26 17 34 45 38 19 

Inst_Index:1791 	 City_Num:50 	 Concorde:0.056339 	 MCTS:5.630476 Improve:0.003397 	 Time:5.00 Seconds
Solution: 1 17 35 50 49 22 10 4 33 30 41 48 32 21 6 2 37 20 11 44 45 34 47 29 28 40 36 18 25 19 9 16 5 8 24 27 43 12 26 46 31 38 13 42 14 3 23 15 7 39 

Inst_Index:1792 	 City_Num:50 	 Concorde:0.056609 	 MCTS:5.653617 Improve:0.007244 	 Time:5.01 Seconds
Solution: 1 25 16 21 30 23 43 7 2 11 36 41 5 15 20 35 44 47 18 48 12 22 28 9 45 8 10 38 6 26 29 4 49 37 19 14 39 50 31 27 13 46 34 32 40 24 3 33 42 17 

Inst_Index:1793 	 City_Num:50 	 Concorde:0.055426 	 MCTS:5.535015 Improve:0.007612 	 Time:5.00 Seconds
Solution: 1 24 19 30 10 50 42 18 33 47 5 16 49 27 23 31 9 46 7 20 28 34 44 40 45 4 29 37 39 35 13 14 32 2 22 12 8 41 6 43 3 15 25 36 17 26 21 48 11 38 

Inst_Index:1794 	 City_Num:50 	 Concorde:0.056775 	 MCTS:5.677535 Improve:0.000000 	 Time:5.01 Seconds
Solution: 1 5 31 35 26 3 40 18 41 38 14 22 20 30 12 28 49 13 39 46 27 37 9 19 16 4 42 25 2 44 50 32 48 23 33 29 6 15 43 21 47 7 11 36 10 8 24 17 34 45 

Inst_Index:1795 	 City_Num:50 	 Concorde:0.055330 	 MCTS:5.527000 Improve:0.006034 	 Time:5.00 Seconds
Solution: 1 12 19 48 36 42 34 25 39 7 21 13 30 16 47 6 17 44 4 38 32 8 9 35 31 3 10 18 45 26 15 20 41 2 43 40 46 11 49 23 28 33 50 22 24 29 5 14 27 37 

Inst_Index:1796 	 City_Num:50 	 Concorde:0.055710 	 MCTS:5.570984 Improve:0.000000 	 Time:5.00 Seconds
Solution: 1 40 44 45 20 5 18 41 21 46 30 23 12 19 8 16 26 10 25 33 50 29 42 17 47 11 43 2 9 34 13 24 32 49 28 4 3 15 31 48 6 27 39 7 37 14 22 38 36 35 

Inst_Index:1797 	 City_Num:50 	 Concorde:0.057172 	 MCTS:5.715782 Improve:0.001427 	 Time:5.00 Seconds
Solution: 1 34 49 7 26 44 23 9 43 42 45 22 14 38 12 48 33 37 24 50 30 6 29 46 41 40 47 35 28 13 3 21 8 16 5 36 20 18 2 10 11 25 31 32 15 27 39 17 19 4 

Inst_Index:1798 	 City_Num:50 	 Concorde:0.052559 	 MCTS:5.255906 Improve:-0.000000 	 Time:5.00 Seconds
Solution: 1 28 39 14 2 7 30 16 45 37 49 29 13 35 33 34 15 21 50 32 48 36 24 26 8 22 3 11 20 46 27 9 47 41 25 6 4 43 40 5 18 23 17 10 19 42 44 38 31 12 

Inst_Index:1799 	 City_Num:50 	 Concorde:0.055693 	 MCTS:5.569298 Improve:0.000000 	 Time:5.00 Seconds
Solution: 1 29 32 38 22 43 20 46 8 27 26 50 49 12 47 9 33 13 14 36 18 41 40 3 11 42 16 23 19 37 31 24 5 25 7 17 28 4 45 34 2 39 48 21 30 35 15 6 44 10 

Inst_Index:1800 	 City_Num:50 	 Concorde:0.054088 	 MCTS:5.408801 Improve:0.000000 	 Time:5.00 Seconds
Solution: 1 38 21 33 29 20 41 12 47 49 37 42 39 8 31 17 19 44 25 50 40 26 2 36 27 16 46 6 4 30 23 14 35 28 5 13 3 43 11 18 34 9 48 10 15 7 45 32 24 22 

Inst_Index:1801 	 City_Num:50 	 Concorde:0.056882 	 MCTS:5.688196 Improve:-0.000000 	 Time:5.00 Seconds
Solution: 1 38 23 27 41 42 33 2 37 34 13 4 43 19 39 14 48 17 10 11 24 25 26 29 7 20 12 50 49 40 9 22 36 30 46 45 8 44 5 31 15 35 18 3 28 32 6 21 16 47 

Inst_Index:1802 	 City_Num:50 	 Concorde:0.053517 	 MCTS:5.351686 Improve:-0.000000 	 Time:5.00 Seconds
Solution: 1 7 39 16 29 33 23 10 32 44 24 12 42 36 6 5 43 15 17 14 27 26 48 40 22 28 13 2 35 47 38 45 19 11 9 8 20 25 31 46 37 34 4 30 50 21 18 3 41 49 

Inst_Index:1803 	 City_Num:50 	 Concorde:0.058198 	 MCTS:5.817895 Improve:0.001882 	 Time:5.01 Seconds
Solution: 1 5 31 41 36 45 33 50 22 6 28 20 8 17 12 24 29 37 11 44 46 49 23 34 35 21 39 43 10 2 14 9 42 40 7 30 27 26 4 15 32 48 47 38 13 25 19 16 18 3 

Inst_Index:1804 	 City_Num:50 	 Concorde:0.054628 	 MCTS:5.461533 Improve:0.001294 	 Time:5.01 Seconds
Solution: 1 29 40 21 46 20 36 10 16 47 9 17 2 50 14 45 49 32 19 42 8 6 34 37 23 4 22 7 13 35 28 48 38 11 39 33 5 31 15 27 18 43 3 12 26 41 30 24 25 44 

Inst_Index:1805 	 City_Num:50 	 Concorde:0.055377 	 MCTS:5.537741 Improve:0.000000 	 Time:5.00 Seconds
Solution: 1 40 3 2 44 11 21 9 18 15 50 33 41 42 5 4 24 38 43 29 37 30 45 13 17 49 26 39 10 7 8 35 25 27 14 23 19 47 31 48 20 32 22 28 36 6 16 34 12 46 

Inst_Index:1806 	 City_Num:50 	 Concorde:0.056773 	 MCTS:5.677337 Improve:-0.000000 	 Time:5.00 Seconds
Solution: 1 24 47 45 10 43 28 39 3 8 18 35 48 21 36 49 42 46 12 29 15 19 4 40 50 6 30 26 31 14 7 34 20 27 9 25 23 5 33 13 37 32 41 11 22 17 38 44 2 16 

Inst_Index:1807 	 City_Num:50 	 Concorde:0.060577 	 MCTS:6.055176 Improve:0.002478 	 Time:5.00 Seconds
Solution: 1 44 43 13 2 7 26 27 4 25 23 42 49 35 37 36 12 50 20 40 16 5 6 9 46 10 17 39 29 15 3 11 41 19 8 22 33 38 48 14 32 45 31 28 21 34 24 47 18 30 

Inst_Index:1808 	 City_Num:50 	 Concorde:0.056427 	 MCTS:5.641837 Improve:0.000893 	 Time:5.00 Seconds
Solution: 1 11 42 38 16 50 9 13 27 47 40 7 10 44 14 3 19 41 28 33 34 4 30 49 23 2 26 31 17 37 12 46 29 39 45 18 43 32 25 36 20 15 35 24 21 8 5 22 48 6 

Inst_Index:1809 	 City_Num:50 	 Concorde:0.056961 	 MCTS:5.696089 Improve:-0.000000 	 Time:5.00 Seconds
Solution: 1 48 21 39 11 25 20 45 12 49 31 9 3 8 6 46 26 15 36 2 28 44 23 37 41 17 27 40 7 5 50 18 38 34 33 29 13 24 43 42 35 19 22 32 10 14 4 30 47 16 

Inst_Index:1810 	 City_Num:50 	 Concorde:0.051265 	 MCTS:5.126487 Improve:-0.000000 	 Time:5.01 Seconds
Solution: 1 20 18 14 39 19 5 21 45 3 35 6 4 47 16 10 37 41 22 15 44 8 46 27 7 11 34 29 23 50 2 32 17 12 36 9 38 13 42 26 31 43 24 48 30 33 28 40 49 25 

Inst_Index:1811 	 City_Num:50 	 Concorde:0.054534 	 MCTS:5.450042 Improve:0.003403 	 Time:5.01 Seconds
Solution: 1 36 44 41 31 30 18 32 42 17 46 22 7 14 2 27 45 26 40 9 28 13 29 15 37 49 5 33 6 4 21 48 16 10 43 19 47 39 38 24 20 11 35 34 50 8 23 3 25 12 

Inst_Index:1812 	 City_Num:50 	 Concorde:0.058434 	 MCTS:5.842699 Improve:0.000658 	 Time:5.00 Seconds
Solution: 1 36 48 46 4 7 50 31 39 30 25 38 13 14 21 11 22 17 6 2 32 44 49 29 47 34 26 27 40 5 20 35 42 15 43 16 3 12 45 19 41 28 18 9 33 10 24 8 23 37 

Inst_Index:1813 	 City_Num:50 	 Concorde:0.057116 	 MCTS:5.711646 Improve:0.000000 	 Time:5.00 Seconds
Solution: 1 15 41 13 24 42 23 25 17 7 8 12 29 26 43 35 2 5 28 49 11 20 50 22 44 47 27 30 16 48 37 34 6 46 45 18 21 14 40 31 36 4 10 32 3 19 38 39 9 33 

Inst_Index:1814 	 City_Num:50 	 Concorde:0.053103 	 MCTS:5.310291 Improve:-0.000000 	 Time:5.00 Seconds
Solution: 1 35 11 31 41 3 42 36 12 15 29 14 47 8 50 18 4 37 33 45 44 5 25 10 32 6 17 39 9 46 2 26 30 21 40 16 28 48 34 23 27 43 20 24 7 13 19 49 38 22 

Inst_Index:1815 	 City_Num:50 	 Concorde:0.051019 	 MCTS:5.101902 Improve:0.000000 	 Time:5.00 Seconds
Solution: 1 47 39 35 44 50 10 19 29 7 25 37 34 16 5 33 4 32 8 30 3 23 21 12 43 6 18 2 42 28 27 26 22 48 24 41 46 11 17 38 9 15 14 13 20 40 45 31 36 49 

Inst_Index:1816 	 City_Num:50 	 Concorde:0.056326 	 MCTS:5.627536 Improve:0.005052 	 Time:5.00 Seconds
Solution: 1 9 44 38 41 11 45 34 12 49 16 36 50 33 5 30 18 23 31 27 6 15 37 8 26 3 14 43 17 22 21 40 47 48 20 28 4 19 25 29 35 32 7 2 42 46 24 39 10 13 

Inst_Index:1817 	 City_Num:50 	 Concorde:0.055804 	 MCTS:5.580406 Improve:0.000000 	 Time:5.00 Seconds
Solution: 1 17 24 34 32 18 49 13 37 21 38 10 25 8 26 19 35 50 29 22 28 40 30 31 27 5 46 9 20 44 16 41 7 12 36 6 3 14 33 47 43 11 15 23 2 45 42 48 39 4 

Inst_Index:1818 	 City_Num:50 	 Concorde:0.058895 	 MCTS:5.886509 Improve:0.002968 	 Time:5.01 Seconds
Solution: 1 8 48 4 32 22 10 27 24 47 5 9 45 39 19 26 28 25 12 30 2 14 40 49 33 46 31 11 35 23 13 20 37 43 7 16 38 44 15 42 29 50 3 18 41 6 36 34 17 21 

Inst_Index:1819 	 City_Num:50 	 Concorde:0.058597 	 MCTS:5.858426 Improve:0.001260 	 Time:5.00 Seconds
Solution: 1 43 3 10 50 35 44 41 25 37 8 49 32 4 20 2 27 23 6 22 39 38 24 18 7 30 14 21 45 17 28 26 16 31 42 13 5 19 15 9 36 47 46 33 48 40 11 12 29 34 

Inst_Index:1820 	 City_Num:50 	 Concorde:0.058917 	 MCTS:5.889210 Improve:0.002450 	 Time:5.00 Seconds
Solution: 1 13 12 8 50 16 19 9 22 18 45 38 34 28 17 15 6 49 44 31 27 43 25 35 42 47 20 10 41 23 48 32 40 37 24 39 5 33 26 14 7 46 21 2 36 3 4 30 29 11 

Inst_Index:1821 	 City_Num:50 	 Concorde:0.055697 	 MCTS:5.569704 Improve:0.000000 	 Time:5.01 Seconds
Solution: 1 6 22 17 48 21 26 29 13 15 27 3 24 20 50 30 7 32 28 9 19 49 2 40 39 4 44 16 41 36 38 5 10 47 11 46 42 35 12 34 25 18 31 45 33 43 8 23 37 14 

Inst_Index:1822 	 City_Num:50 	 Concorde:0.057890 	 MCTS:5.787202 Improve:0.001786 	 Time:5.02 Seconds
Solution: 1 16 18 34 13 20 8 39 9 31 4 10 42 21 6 32 27 22 33 26 25 40 43 23 37 28 50 5 2 19 48 7 46 11 29 36 17 47 35 45 3 24 15 12 38 30 49 44 41 14 

Inst_Index:1823 	 City_Num:50 	 Concorde:0.056085 	 MCTS:5.608482 Improve:-0.000000 	 Time:5.00 Seconds
Solution: 1 43 12 42 9 47 4 38 23 21 7 8 19 5 27 41 3 25 13 46 10 16 34 22 33 20 15 30 49 17 28 50 45 48 18 24 14 35 29 36 2 31 6 44 37 40 32 11 39 26 

Inst_Index:1824 	 City_Num:50 	 Concorde:0.058593 	 MCTS:5.859315 Improve:-0.000000 	 Time:5.00 Seconds
Solution: 1 22 8 9 39 5 50 27 20 26 25 35 45 47 24 42 41 29 21 46 14 33 23 18 10 3 44 31 34 49 19 13 40 28 37 12 6 36 30 17 7 32 16 2 43 38 48 4 15 11 

Inst_Index:1825 	 City_Num:50 	 Concorde:0.053316 	 MCTS:5.330924 Improve:0.000659 	 Time:5.00 Seconds
Solution: 1 44 32 45 10 40 7 48 17 46 4 24 14 25 13 36 38 3 28 43 35 20 50 26 9 41 27 8 23 16 34 15 12 33 19 47 11 30 37 22 39 18 21 5 42 6 29 49 31 2 

Inst_Index:1826 	 City_Num:50 	 Concorde:0.056736 	 MCTS:5.673554 Improve:-0.000000 	 Time:5.00 Seconds
Solution: 1 33 3 24 36 43 4 39 10 31 46 21 18 42 37 20 6 28 41 14 15 45 2 17 22 34 30 23 32 13 29 12 40 47 11 38 44 8 48 5 27 35 49 26 7 9 25 16 50 19 

Inst_Index:1827 	 City_Num:50 	 Concorde:0.054901 	 MCTS:5.490099 Improve:0.000000 	 Time:5.01 Seconds
Solution: 1 11 2 17 29 48 7 39 5 13 26 21 9 25 50 14 40 32 37 30 22 41 6 27 23 10 8 47 19 33 3 45 44 18 43 4 20 16 42 46 12 31 24 35 49 15 38 36 28 34 

Inst_Index:1828 	 City_Num:50 	 Concorde:0.055997 	 MCTS:5.599676 Improve:0.000000 	 Time:5.00 Seconds
Solution: 1 10 24 6 45 37 19 23 9 8 16 49 31 12 47 48 29 41 11 26 39 15 22 43 28 3 40 20 50 36 7 30 5 2 18 44 21 14 46 13 38 34 4 17 33 32 27 25 35 42 

Inst_Index:1829 	 City_Num:50 	 Concorde:0.056202 	 MCTS:5.619939 Improve:0.000213 	 Time:5.01 Seconds
Solution: 1 34 44 20 12 7 42 10 19 18 31 49 28 16 39 17 41 13 11 36 8 45 26 6 30 22 25 46 4 33 37 5 15 40 38 29 24 23 35 43 21 50 9 48 32 47 2 3 27 14 

Inst_Index:1830 	 City_Num:50 	 Concorde:0.056882 	 MCTS:5.687897 Improve:0.000286 	 Time:5.00 Seconds
Solution: 1 3 23 49 27 47 32 48 5 30 22 2 12 36 46 4 31 40 8 28 50 26 44 13 11 14 43 29 25 19 45 6 37 39 17 7 10 41 16 20 15 34 21 24 42 35 38 9 18 33 

Inst_Index:1831 	 City_Num:50 	 Concorde:0.055606 	 MCTS:5.556584 Improve:0.004002 	 Time:5.00 Seconds
Solution: 1 50 8 16 45 28 36 9 25 13 32 39 26 31 11 37 15 22 5 41 27 42 17 18 35 43 12 34 24 29 6 30 49 3 21 7 38 46 4 48 19 23 47 14 44 33 2 40 10 20 

Inst_Index:1832 	 City_Num:50 	 Concorde:0.054517 	 MCTS:5.451738 Improve:-0.000000 	 Time:5.00 Seconds
Solution: 1 2 24 25 38 36 15 12 37 28 30 13 20 7 50 16 3 19 26 44 39 6 34 14 10 33 35 23 31 46 32 5 47 22 8 17 49 43 9 27 40 41 21 29 4 45 18 48 42 11 

Inst_Index:1833 	 City_Num:50 	 Concorde:0.055804 	 MCTS:5.576744 Improve:0.003671 	 Time:5.01 Seconds
Solution: 1 25 6 49 40 2 46 13 24 33 21 27 3 9 37 10 26 32 50 11 28 34 20 30 29 18 48 43 14 38 45 4 5 41 23 42 22 8 12 39 19 15 47 35 7 17 36 44 31 16 

Inst_Index:1834 	 City_Num:50 	 Concorde:0.055335 	 MCTS:5.533489 Improve:-0.000000 	 Time:5.00 Seconds
Solution: 1 31 27 30 22 23 6 20 13 44 32 42 33 38 36 34 35 45 18 25 49 46 12 10 28 14 16 3 2 4 26 37 47 11 5 19 17 15 24 40 8 9 50 48 21 39 7 29 41 43 

Inst_Index:1835 	 City_Num:50 	 Concorde:0.057750 	 MCTS:5.774993 Improve:0.000000 	 Time:5.01 Seconds
Solution: 1 40 19 21 15 36 11 17 43 14 5 29 2 50 18 8 47 30 26 3 9 33 23 41 32 31 4 27 38 25 46 24 45 22 37 6 12 49 13 35 10 48 28 34 7 16 42 20 39 44 

Inst_Index:1836 	 City_Num:50 	 Concorde:0.058602 	 MCTS:5.860236 Improve:0.000000 	 Time:5.00 Seconds
Solution: 1 43 30 17 4 12 36 33 16 18 5 39 34 15 2 11 48 46 37 8 27 14 6 19 31 45 13 42 7 9 50 38 40 29 28 35 44 41 21 10 26 3 25 47 49 23 32 20 22 24 

Inst_Index:1837 	 City_Num:50 	 Concorde:0.060682 	 MCTS:6.068152 Improve:-0.000000 	 Time:5.00 Seconds
Solution: 1 3 6 23 32 48 5 27 47 44 42 37 10 16 25 50 21 28 18 20 40 22 39 12 24 33 46 4 45 19 36 34 29 14 30 38 41 11 2 9 31 49 17 26 43 8 7 15 35 13 

Inst_Index:1838 	 City_Num:50 	 Concorde:0.053407 	 MCTS:5.340661 Improve:-0.000000 	 Time:5.00 Seconds
Solution: 1 13 50 39 44 2 31 35 45 21 12 43 33 4 36 19 32 9 40 20 15 30 17 34 27 5 41 29 16 22 25 26 10 48 6 47 3 38 8 49 42 11 46 23 37 24 7 18 14 28 

Inst_Index:1839 	 City_Num:50 	 Concorde:0.057156 	 MCTS:5.715640 Improve:0.000000 	 Time:5.00 Seconds
Solution: 1 48 44 29 5 17 23 36 10 8 25 21 41 43 32 3 35 26 33 2 14 4 45 42 16 12 18 13 31 22 28 39 37 11 9 38 30 6 40 46 20 47 15 7 50 49 27 19 34 24 

Inst_Index:1840 	 City_Num:50 	 Concorde:0.057081 	 MCTS:5.708116 Improve:0.000000 	 Time:5.00 Seconds
Solution: 1 45 12 44 37 25 23 46 34 24 38 16 35 33 27 40 43 4 21 13 32 17 2 49 26 18 7 10 47 41 29 3 19 6 36 42 31 50 14 28 48 39 9 5 22 11 15 20 30 8 

Inst_Index:1841 	 City_Num:50 	 Concorde:0.054756 	 MCTS:5.475644 Improve:0.000000 	 Time:5.00 Seconds
Solution: 1 48 20 10 7 31 2 14 36 33 29 9 49 45 4 30 34 44 28 27 16 38 12 17 18 6 43 46 19 42 40 35 26 25 23 41 15 32 37 24 50 22 5 39 13 3 47 21 8 11 

Inst_Index:1842 	 City_Num:50 	 Concorde:0.058933 	 MCTS:5.893272 Improve:0.000000 	 Time:5.01 Seconds
Solution: 1 43 9 28 29 25 49 31 22 30 3 33 7 32 17 39 8 5 20 24 48 21 37 16 4 38 35 26 45 18 2 10 12 40 14 44 6 46 47 23 13 11 19 36 27 42 34 41 15 50 

Inst_Index:1843 	 City_Num:50 	 Concorde:0.060852 	 MCTS:6.085228 Improve:-0.000000 	 Time:5.00 Seconds
Solution: 1 4 8 20 27 3 12 9 23 48 24 40 6 21 7 38 50 43 26 31 10 45 28 44 17 22 29 33 36 37 11 13 16 14 25 39 30 32 34 47 46 42 49 15 2 41 5 35 19 18 

Inst_Index:1844 	 City_Num:50 	 Concorde:0.055650 	 MCTS:5.564972 Improve:-0.000000 	 Time:5.00 Seconds
Solution: 1 42 15 33 37 12 23 19 27 9 24 43 25 40 2 39 20 28 47 3 13 35 26 16 38 36 10 4 7 32 46 31 14 21 11 17 6 49 34 8 30 22 50 48 45 18 44 41 29 5 

Inst_Index:1845 	 City_Num:50 	 Concorde:0.059896 	 MCTS:5.989563 Improve:0.000000 	 Time:5.01 Seconds
Solution: 1 50 28 33 6 2 32 42 29 12 35 18 30 47 34 24 25 8 17 45 44 5 15 23 48 37 13 46 3 27 38 4 16 10 22 21 49 26 14 43 36 39 19 20 11 40 9 7 31 41 

Inst_Index:1846 	 City_Num:50 	 Concorde:0.050565 	 MCTS:5.056474 Improve:0.000000 	 Time:5.01 Seconds
Solution: 1 13 49 14 35 18 43 16 50 36 24 2 6 32 46 33 29 27 40 34 4 7 38 25 47 12 31 22 28 9 39 10 21 5 23 45 44 48 17 42 15 41 26 37 11 20 3 30 8 19 

Inst_Index:1847 	 City_Num:50 	 Concorde:0.053115 	 MCTS:5.309843 Improve:0.001649 	 Time:5.00 Seconds
Solution: 1 28 27 8 26 33 36 11 44 14 3 4 20 6 7 12 13 32 22 39 43 16 10 9 34 24 42 38 47 37 19 31 45 21 40 23 25 18 48 46 17 29 50 35 2 49 41 5 15 30 

Inst_Index:1848 	 City_Num:50 	 Concorde:0.059197 	 MCTS:5.919675 Improve:-0.000000 	 Time:5.00 Seconds
Solution: 1 42 33 39 13 29 47 45 26 16 18 17 19 9 40 14 7 34 38 30 41 31 44 37 25 46 32 48 2 11 20 24 49 21 28 22 10 43 35 8 50 5 12 6 36 4 27 15 23 3 

Inst_Index:1849 	 City_Num:50 	 Concorde:0.057678 	 MCTS:5.767845 Improve:0.000000 	 Time:5.00 Seconds
Solution: 1 16 18 3 6 22 48 19 17 35 11 37 32 44 14 2 28 29 10 8 46 34 7 33 47 21 41 36 25 42 20 39 30 27 13 38 9 45 31 12 40 5 50 23 24 49 4 15 26 43 

Inst_Index:1850 	 City_Num:50 	 Concorde:0.058073 	 MCTS:5.812427 Improve:-0.005078 	 Time:5.01 Seconds
Solution: 1 18 24 12 15 33 17 9 41 21 14 20 47 27 35 4 44 13 38 39 8 26 23 6 30 48 16 28 32 50 37 43 3 11 10 29 49 34 46 19 36 25 2 42 45 40 5 7 31 22 

Inst_Index:1851 	 City_Num:50 	 Concorde:0.054076 	 MCTS:5.407591 Improve:0.000000 	 Time:5.00 Seconds
Solution: 1 45 40 18 37 19 15 24 31 2 16 5 35 17 38 4 27 6 29 41 22 14 39 32 3 34 42 43 20 50 23 26 8 33 46 30 21 44 47 48 13 36 28 49 12 9 11 25 7 10 

Inst_Index:1852 	 City_Num:50 	 Concorde:0.055585 	 MCTS:5.558475 Improve:-0.000000 	 Time:5.00 Seconds
Solution: 1 36 42 50 26 10 32 29 28 20 9 5 22 17 49 43 31 40 33 4 24 39 45 3 13 38 14 12 46 41 47 23 16 18 37 30 21 2 8 15 35 19 25 34 7 11 6 44 27 48 

Inst_Index:1853 	 City_Num:50 	 Concorde:0.050403 	 MCTS:5.037409 Improve:0.002902 	 Time:5.00 Seconds
Solution: 1 7 39 15 4 29 32 48 34 23 31 41 13 35 5 46 28 2 11 8 40 26 33 6 3 16 44 30 9 24 27 42 25 36 21 50 12 47 37 17 20 43 18 22 49 10 45 19 38 14 

Inst_Index:1854 	 City_Num:50 	 Concorde:0.058870 	 MCTS:5.887029 Improve:0.000000 	 Time:5.00 Seconds
Solution: 1 9 39 23 46 36 14 12 48 11 26 45 7 50 33 27 16 44 40 29 3 38 6 25 13 20 42 35 17 18 31 19 28 8 15 37 30 49 41 22 21 32 24 47 5 2 4 10 43 34 

Inst_Index:1855 	 City_Num:50 	 Concorde:0.058065 	 MCTS:5.801269 Improve:0.005260 	 Time:5.00 Seconds
Solution: 1 15 36 39 18 5 35 48 19 21 17 47 27 34 14 8 42 43 40 16 50 46 32 13 44 10 20 9 12 11 30 33 41 38 49 2 37 24 45 23 22 26 7 28 6 3 31 25 29 4 

Inst_Index:1856 	 City_Num:50 	 Concorde:0.055893 	 MCTS:5.589314 Improve:0.000000 	 Time:5.00 Seconds
Solution: 1 23 16 39 18 46 7 47 37 14 6 22 33 13 25 3 19 2 44 43 48 26 28 10 40 15 21 9 29 50 27 4 45 20 42 5 36 35 17 8 30 31 11 24 12 32 49 34 38 41 

Inst_Index:1857 	 City_Num:50 	 Concorde:0.055911 	 MCTS:5.591122 Improve:0.000000 	 Time:5.01 Seconds
Solution: 1 19 43 45 12 32 18 6 20 44 40 33 22 9 16 31 5 50 49 7 38 23 4 15 28 30 25 41 21 24 17 37 29 8 36 3 48 10 2 26 42 13 47 39 14 27 34 11 35 46 

Inst_Index:1858 	 City_Num:50 	 Concorde:0.056754 	 MCTS:5.675382 Improve:-0.000000 	 Time:5.00 Seconds
Solution: 1 4 36 13 48 11 9 37 25 2 43 39 19 15 17 31 49 41 21 3 42 18 6 47 26 10 44 16 27 22 24 32 5 30 38 7 29 8 23 20 46 35 50 12 40 28 33 45 34 14 

Inst_Index:1859 	 City_Num:50 	 Concorde:0.060304 	 MCTS:6.029854 Improve:0.000584 	 Time:5.00 Seconds
Solution: 1 24 22 15 43 2 29 47 39 7 49 36 50 16 21 45 27 30 48 13 10 31 28 18 19 33 8 3 26 12 41 5 37 4 23 34 9 40 6 17 38 46 25 35 14 42 11 32 20 44 

Inst_Index:1860 	 City_Num:50 	 Concorde:0.058427 	 MCTS:5.842658 Improve:-0.000000 	 Time:5.00 Seconds
Solution: 1 46 37 45 12 24 5 19 44 15 31 48 42 39 18 26 4 14 7 11 50 16 49 40 38 29 47 34 35 2 13 22 41 21 36 3 25 10 28 6 32 33 20 30 9 17 23 43 27 8 

Inst_Index:1861 	 City_Num:50 	 Concorde:0.052795 	 MCTS:5.276167 Improve:0.003333 	 Time:5.00 Seconds
Solution: 1 34 49 32 50 29 22 11 15 20 27 6 17 46 28 43 48 18 41 9 30 4 21 14 24 36 25 3 44 37 10 7 23 45 40 42 35 33 16 39 12 47 26 2 19 31 13 38 8 5 

Inst_Index:1862 	 City_Num:50 	 Concorde:0.058527 	 MCTS:5.851403 Improve:0.001343 	 Time:5.00 Seconds
Solution: 1 46 38 9 14 11 31 15 22 20 29 10 40 26 47 34 32 3 6 25 8 16 17 42 50 21 5 18 41 13 27 19 24 4 23 48 33 35 28 30 45 2 7 44 36 43 39 12 49 37 

Inst_Index:1863 	 City_Num:50 	 Concorde:0.057439 	 MCTS:5.743574 Improve:0.000314 	 Time:5.00 Seconds
Solution: 1 13 29 34 16 40 50 33 8 2 36 41 9 15 38 7 5 30 45 46 37 27 48 31 32 12 19 11 14 47 28 17 20 23 44 39 4 43 25 6 22 18 49 21 35 3 10 26 42 24 

Inst_Index:1864 	 City_Num:50 	 Concorde:0.059309 	 MCTS:5.930860 Improve:-0.000000 	 Time:5.00 Seconds
Solution: 1 47 26 43 9 11 38 44 16 36 15 13 49 5 29 32 45 46 18 41 23 25 48 14 33 2 21 42 6 19 35 34 4 28 24 12 22 30 10 8 37 7 17 40 3 50 20 27 31 39 

Inst_Index:1865 	 City_Num:50 	 Concorde:0.059516 	 MCTS:5.949989 Improve:0.001567 	 Time:5.00 Seconds
Solution: 1 28 19 6 38 3 20 34 50 42 7 13 27 16 39 32 44 48 18 24 47 46 11 36 22 35 8 45 15 40 37 23 41 10 30 43 2 14 29 9 12 25 17 33 49 21 31 26 5 4 

Inst_Index:1866 	 City_Num:50 	 Concorde:0.056817 	 MCTS:5.681658 Improve:0.000000 	 Time:5.00 Seconds
Solution: 1 31 11 36 18 38 4 35 10 8 3 32 23 41 28 7 40 29 30 50 42 43 20 33 15 46 14 39 13 25 16 44 49 12 47 45 37 2 22 34 21 6 19 17 27 5 24 26 48 9 

Inst_Index:1867 	 City_Num:50 	 Concorde:0.055493 	 MCTS:5.547577 Improve:0.001733 	 Time:5.00 Seconds
Solution: 1 34 32 49 47 20 5 16 29 10 19 38 46 4 11 14 26 12 41 8 44 18 2 15 6 17 9 45 36 3 48 28 33 13 21 27 42 7 31 37 43 40 24 23 39 30 25 50 22 35 

Inst_Index:1868 	 City_Num:50 	 Concorde:0.059887 	 MCTS:5.988695 Improve:-0.000000 	 Time:5.01 Seconds
Solution: 1 10 23 48 37 33 47 27 20 18 28 30 9 8 21 19 25 50 22 17 31 45 6 43 42 44 46 7 16 12 39 29 11 35 38 41 32 15 5 49 2 14 36 34 4 24 13 40 3 26 

Inst_Index:1869 	 City_Num:50 	 Concorde:0.055357 	 MCTS:5.535738 Improve:0.000000 	 Time:5.00 Seconds
Solution: 1 22 25 46 14 24 33 37 40 32 12 43 19 16 7 26 29 18 45 13 47 50 31 5 6 2 30 11 9 3 23 34 41 10 20 8 17 21 36 42 38 4 27 15 39 49 48 35 28 44 

Inst_Index:1870 	 City_Num:50 	 Concorde:0.060806 	 MCTS:6.080640 Improve:0.000000 	 Time:5.00 Seconds
Solution: 1 6 39 40 43 33 46 11 22 42 15 19 36 7 35 9 37 16 48 3 13 25 26 41 18 49 17 38 5 4 20 34 30 10 12 28 45 44 50 47 29 8 24 21 32 2 31 27 14 23 

Inst_Index:1871 	 City_Num:50 	 Concorde:0.057971 	 MCTS:5.797057 Improve:0.000000 	 Time:5.01 Seconds
Solution: 1 33 21 6 25 8 10 19 44 40 23 47 4 15 27 13 41 38 7 17 22 11 43 48 34 3 9 28 36 49 32 31 2 46 45 14 12 29 24 16 39 42 50 5 35 26 18 30 37 20 

Inst_Index:1872 	 City_Num:50 	 Concorde:0.058413 	 MCTS:5.841270 Improve:0.000000 	 Time:5.00 Seconds
Solution: 1 26 32 18 37 10 7 21 22 5 25 36 12 47 38 29 50 35 15 4 46 27 16 8 3 41 23 43 2 24 19 33 28 44 31 20 34 45 17 6 42 13 49 40 30 14 48 39 11 9 

Inst_Index:1873 	 City_Num:50 	 Concorde:0.051709 	 MCTS:5.170861 Improve:-0.000000 	 Time:5.00 Seconds
Solution: 1 42 20 4 33 7 25 8 45 6 24 13 34 16 2 19 26 10 11 28 27 9 15 23 22 46 40 48 21 43 29 31 18 41 39 36 44 3 12 32 14 35 47 17 37 38 30 49 50 5 

Inst_Index:1874 	 City_Num:50 	 Concorde:0.054279 	 MCTS:5.427361 Improve:0.000504 	 Time:5.00 Seconds
Solution: 1 21 25 41 28 12 40 7 35 29 33 42 38 20 2 17 5 46 8 39 49 24 10 48 32 11 50 43 16 45 22 3 14 13 30 37 9 15 36 19 47 6 34 26 27 4 44 23 18 31 

Inst_Index:1875 	 City_Num:50 	 Concorde:0.054273 	 MCTS:5.426914 Improve:0.000403 	 Time:5.00 Seconds
Solution: 1 26 12 22 23 8 14 4 32 18 10 42 7 50 49 3 36 5 41 28 44 43 16 15 48 9 21 38 24 13 30 17 39 27 45 33 20 2 40 11 47 35 37 29 46 19 25 34 6 31 

Inst_Index:1876 	 City_Num:50 	 Concorde:0.054697 	 MCTS:5.469710 Improve:0.000000 	 Time:5.00 Seconds
Solution: 1 20 10 16 35 36 44 46 4 22 8 41 24 43 40 45 29 26 37 12 32 17 47 6 28 14 50 13 39 48 34 25 19 9 11 15 38 3 21 42 27 2 5 7 30 49 18 33 23 31 

Inst_Index:1877 	 City_Num:50 	 Concorde:0.059144 	 MCTS:5.914379 Improve:-0.000000 	 Time:5.01 Seconds
Solution: 1 39 12 35 41 36 30 32 5 7 27 23 21 48 25 9 24 44 2 18 33 19 40 50 49 45 28 37 8 31 26 10 14 6 29 15 47 22 42 11 17 13 16 4 20 3 43 34 38 46 

Inst_Index:1878 	 City_Num:50 	 Concorde:0.055747 	 MCTS:5.574736 Improve:0.000000 	 Time:5.00 Seconds
Solution: 1 49 47 30 33 28 20 26 41 8 37 12 24 27 10 50 35 29 23 36 48 31 9 43 32 40 7 5 21 4 34 42 17 3 16 25 39 38 19 44 13 15 6 45 18 22 11 14 2 46 


Avg_Concorde_Distance: 5.681530 Avg_MCTS_Distance: 5.680405 Avg_Gap: -0.000198 Total_Time: 1567.13 Seconds 
 Beat_Best_Known_Times: 123 Match_Best_Known_Times: 185 Miss_Best_Known_Times: 5 
