Number_of_Instances_In_Current_Batch: 17

Inst_Index:103 	 City_Num:200 	 Concorde:0.106298 	 MCTS:10.628801 Improve:0.000996 	 Time:20.08 Seconds
Solution: 1 177 101 91 175 108 64 150 120 35 135 142 167 155 194 119 87 103 169 12 58 152 50 180 134 27 145 19 174 127 10 4 136 17 144 53 55 160 76 161 166 89 85 176 66 159 126 153 183 185 9 34 100 146 69 3 165 73 45 200 8 72 195 48 92 43 7 79 94 123 15 93 38 157 80 74 186 148 29 102 83 189 196 62 63 128 110 104 81 171 188 18 106 192 191 57 41 23 21 156 121 67 172 182 124 190 114 115 86 140 133 137 181 42 77 96 33 132 163 90 138 173 178 37 125 111 54 82 105 22 52 88 164 170 117 75 5 197 147 151 154 44 95 26 129 141 30 158 39 130 28 99 113 71 11 2 168 40 143 109 139 112 198 59 46 149 116 70 61 97 36 107 162 118 60 193 199 47 98 68 187 84 16 65 13 25 179 184 122 14 131 31 24 49 51 78 32 20 6 56 

Inst_Index:104 	 City_Num:200 	 Concorde:0.104706 	 MCTS:10.494261 Improve:-0.023685 	 Time:20.04 Seconds
Solution: 1 2 169 178 61 135 29 113 133 97 77 173 86 168 104 128 58 15 122 102 11 13 19 95 134 158 47 40 63 191 115 129 8 6 100 25 26 49 156 56 193 31 60 75 124 155 154 198 73 37 38 151 188 32 107 187 172 52 162 145 144 141 153 51 88 101 109 12 16 186 180 177 81 110 41 34 23 69 146 74 35 195 72 120 55 103 148 67 59 150 183 140 176 167 152 68 89 163 166 82 175 9 170 78 159 46 112 39 91 10 84 190 24 62 182 197 196 106 21 116 83 132 33 17 171 20 71 181 4 57 174 192 45 90 66 70 165 127 80 199 7 111 108 54 121 94 126 79 185 139 117 119 85 76 147 98 138 118 143 64 179 53 27 99 5 87 28 30 22 14 131 93 42 157 149 137 105 164 142 161 43 18 92 194 3 114 123 136 189 48 200 36 96 184 130 125 50 160 44 65 

Inst_Index:105 	 City_Num:200 	 Concorde:0.109161 	 MCTS:10.971087 Improve:-0.055016 	 Time:20.00 Seconds
Solution: 1 158 118 141 136 42 58 74 80 50 77 106 169 79 131 133 10 96 27 155 67 63 95 41 70 194 124 119 116 75 147 196 101 198 137 181 64 16 105 9 48 22 49 14 61 100 23 104 171 11 172 15 185 122 112 134 5 83 47 18 166 167 88 102 174 19 176 89 140 82 36 132 7 146 107 21 156 130 188 170 38 13 40 53 128 177 123 152 120 160 159 139 109 195 81 55 39 2 190 29 92 20 149 32 179 180 178 31 99 35 93 199 187 43 192 148 153 8 52 126 60 17 28 114 138 143 51 59 73 144 154 98 62 97 44 184 34 173 33 68 165 37 3 157 150 125 127 175 24 135 94 85 54 69 65 186 78 45 164 6 56 182 168 183 46 71 57 151 129 26 87 12 117 72 110 108 25 103 90 113 193 145 197 162 84 30 111 142 115 86 191 161 189 91 163 121 76 66 200 4 

Inst_Index:106 	 City_Num:200 	 Concorde:0.109845 	 MCTS:11.008651 Improve:-0.024105 	 Time:20.06 Seconds
Solution: 1 171 199 49 161 25 98 181 129 4 11 158 156 62 125 102 200 66 115 26 15 97 14 133 93 42 75 149 118 107 197 84 78 139 165 127 190 12 192 134 21 147 142 37 140 48 57 179 184 186 188 56 126 182 91 106 20 58 3 13 81 39 151 18 154 54 101 100 146 40 7 17 47 155 59 33 99 50 169 6 9 63 112 87 27 194 122 128 36 51 52 70 73 88 111 159 196 113 172 124 152 61 173 67 135 30 72 29 157 35 108 90 85 34 195 136 167 168 45 83 193 176 198 183 95 153 130 71 164 41 96 185 150 166 160 178 137 89 8 86 55 53 28 65 141 82 38 120 189 123 76 103 19 43 44 121 10 114 144 163 132 69 131 92 119 74 177 180 31 60 187 162 174 116 5 64 138 117 145 104 170 105 16 80 22 68 94 110 109 77 2 46 143 191 148 175 24 32 23 79 

Inst_Index:107 	 City_Num:200 	 Concorde:0.111290 	 MCTS:11.164721 Improve:-0.035722 	 Time:20.04 Seconds
Solution: 1 175 9 187 191 15 29 124 90 139 190 185 21 122 51 169 38 120 64 166 184 50 182 156 129 88 193 4 93 71 195 85 10 92 192 73 188 55 135 103 5 146 86 134 32 72 143 119 116 158 58 45 14 25 46 111 18 101 87 197 66 36 159 75 194 79 20 162 144 113 13 26 68 78 76 179 31 176 62 53 95 65 189 173 131 141 133 140 40 100 80 128 81 7 84 199 127 117 165 98 150 16 54 106 77 114 112 178 28 17 63 181 186 126 82 163 102 164 34 109 148 152 155 142 35 200 19 61 47 57 168 198 153 151 56 39 154 99 121 60 123 145 23 157 83 91 167 59 41 94 33 180 89 108 3 161 2 67 74 48 170 27 24 96 107 125 30 138 12 49 52 137 115 104 160 132 136 118 174 6 130 43 70 147 37 177 11 69 171 172 97 149 196 105 8 22 42 44 183 110 

Inst_Index:108 	 City_Num:200 	 Concorde:0.106114 	 MCTS:10.601930 Improve:0.009484 	 Time:20.05 Seconds
Solution: 1 53 6 158 191 32 88 95 122 146 48 106 133 65 153 13 137 72 196 134 67 56 105 86 140 130 132 121 27 22 170 187 47 183 108 142 31 28 92 5 87 62 11 117 89 25 81 198 172 164 179 116 80 15 162 195 175 174 194 24 136 51 141 4 61 118 113 50 98 177 197 168 131 180 42 188 84 78 159 76 57 8 100 154 176 102 10 3 156 19 103 29 173 178 40 73 128 43 46 111 91 171 23 127 21 124 110 2 123 109 38 97 69 44 39 155 49 63 52 94 126 150 82 119 193 18 145 138 149 7 112 55 184 167 58 34 99 125 192 33 107 71 79 16 41 115 36 185 135 14 169 200 104 101 77 148 83 90 152 139 35 166 143 26 30 17 182 45 66 75 12 9 85 190 64 160 68 144 165 37 129 96 70 93 20 120 60 147 163 157 74 181 189 186 151 199 54 161 59 114 

Inst_Index:109 	 City_Num:200 	 Concorde:0.104959 	 MCTS:10.493656 Improve:0.002202 	 Time:20.18 Seconds
Solution: 1 102 27 123 49 186 2 56 151 4 66 140 75 53 36 16 115 160 187 190 135 145 158 126 68 163 174 121 93 107 60 198 95 17 127 133 63 161 152 113 47 58 92 194 191 169 72 136 103 42 137 122 104 20 39 178 67 59 138 175 171 172 29 129 46 180 111 26 48 98 144 94 99 173 91 157 97 143 170 114 197 14 181 25 61 132 128 96 110 33 41 156 130 195 50 150 179 88 35 8 192 118 162 70 83 6 18 11 149 21 159 116 23 119 65 199 166 9 84 77 32 154 189 52 19 76 38 7 147 148 193 43 105 40 3 141 87 90 155 165 37 13 10 139 131 134 85 86 62 182 196 89 34 73 69 101 15 120 124 44 125 54 79 200 100 45 108 28 184 71 31 146 55 57 80 12 82 109 185 24 164 106 74 176 142 153 5 51 112 168 177 64 30 167 117 78 22 188 81 183 

Inst_Index:110 	 City_Num:200 	 Concorde:0.111126 	 MCTS:11.182010 Improve:-0.069429 	 Time:20.03 Seconds
Solution: 1 175 115 191 80 87 121 188 197 180 89 144 172 35 110 31 119 135 83 70 69 133 48 160 34 161 66 33 125 128 183 174 25 19 22 50 15 68 141 196 146 44 158 9 167 152 189 100 26 95 199 13 6 165 32 140 181 106 52 67 60 190 63 113 16 45 198 99 163 130 114 82 51 76 103 162 111 171 55 122 43 118 93 74 17 73 154 108 75 116 173 86 124 23 98 59 123 64 150 41 20 18 195 177 21 8 105 178 11 179 7 156 79 148 78 27 65 170 153 92 88 112 157 192 84 46 40 3 72 134 30 164 149 159 139 137 91 126 77 143 200 101 107 49 39 117 127 176 29 12 131 28 168 36 2 182 187 142 104 90 57 136 4 193 38 37 58 147 5 54 96 185 71 97 62 14 138 94 81 24 186 184 169 47 120 10 61 102 155 194 53 85 151 166 42 109 129 132 56 145 

Inst_Index:111 	 City_Num:200 	 Concorde:0.105804 	 MCTS:10.577860 Improve:0.002536 	 Time:20.16 Seconds
Solution: 1 54 67 74 65 39 64 91 161 53 17 89 77 50 6 136 111 27 52 88 146 33 199 86 141 35 191 152 170 178 132 126 12 163 143 2 97 133 32 14 92 102 162 113 137 149 140 3 104 66 25 109 144 29 117 121 8 75 116 183 23 59 184 61 46 37 68 188 83 26 159 131 160 177 130 22 90 110 175 58 169 28 63 176 147 24 5 179 44 173 43 19 51 187 174 55 99 167 78 69 156 115 142 20 195 181 200 134 100 151 128 180 11 108 31 4 15 112 194 119 41 189 34 87 129 186 93 182 94 96 197 47 185 40 150 82 166 193 192 148 62 57 7 36 56 71 158 127 190 114 153 124 45 106 80 118 81 157 168 42 72 16 122 101 38 18 171 84 164 107 30 79 172 10 9 105 135 154 138 85 70 120 98 125 60 103 198 21 13 123 155 76 145 73 165 196 139 49 48 95 

Inst_Index:112 	 City_Num:200 	 Concorde:0.105208 	 MCTS:10.563322 Improve:-0.042519 	 Time:20.01 Seconds
Solution: 1 154 29 87 26 189 66 102 61 159 72 91 187 128 37 46 9 24 171 141 142 78 4 16 152 155 85 167 160 3 122 176 179 20 70 90 118 6 127 54 103 42 39 145 119 178 156 199 63 134 82 23 8 143 174 17 163 150 131 32 161 35 146 121 22 79 76 164 11 53 197 41 67 18 136 84 173 115 14 188 137 104 36 71 51 106 168 175 200 162 183 56 133 58 75 49 157 7 198 48 33 120 125 86 19 64 110 109 31 97 44 186 15 10 92 144 196 69 95 149 113 132 140 135 194 30 180 170 60 40 55 165 47 124 130 81 158 182 25 21 123 96 2 191 98 177 129 52 50 193 99 80 114 117 34 5 126 59 195 93 12 105 89 138 94 45 77 62 148 74 65 172 43 13 27 88 169 83 192 68 100 184 181 57 111 116 166 101 73 185 28 153 112 190 139 108 107 38 151 147 

Inst_Index:113 	 City_Num:200 	 Concorde:0.107693 	 MCTS:10.796397 Improve:-0.027129 	 Time:20.10 Seconds
Solution: 1 127 49 144 81 186 74 199 145 3 131 113 21 33 11 54 162 90 53 135 149 174 137 10 115 126 132 48 44 9 167 56 35 73 158 183 172 178 8 4 27 133 141 95 100 190 123 88 55 69 19 114 26 175 194 52 32 20 62 7 31 34 134 64 43 119 92 72 83 99 63 142 166 15 86 42 173 108 130 171 184 143 75 164 5 176 185 109 29 105 128 17 65 112 148 85 23 106 76 189 161 30 66 79 160 138 89 151 155 24 41 60 6 182 91 94 117 84 139 181 200 50 59 78 87 37 111 70 40 150 118 61 98 47 77 104 196 18 14 129 12 140 68 136 25 16 57 110 39 22 198 197 157 71 187 191 38 102 80 195 122 58 163 146 28 192 36 156 125 93 46 153 154 179 82 188 51 67 107 45 121 159 193 2 177 169 103 101 96 180 152 147 97 170 168 13 124 116 120 165 

Inst_Index:114 	 City_Num:200 	 Concorde:0.105436 	 MCTS:10.560676 Improve:-0.017030 	 Time:20.06 Seconds
Solution: 1 183 151 33 43 102 198 45 79 58 190 32 147 35 141 170 25 54 12 44 128 70 64 8 122 138 150 30 99 77 95 6 42 133 117 75 165 92 23 149 85 3 11 89 98 186 51 34 66 62 155 88 2 184 107 121 174 50 153 49 87 74 110 191 136 112 187 131 180 164 193 38 182 20 71 60 59 120 10 172 124 48 129 175 52 104 177 116 26 181 80 19 27 105 140 126 119 194 83 158 114 68 9 69 137 123 101 197 96 82 24 97 63 148 37 109 5 166 127 72 135 185 39 157 146 84 86 73 31 118 90 41 36 15 47 152 61 139 4 161 188 21 143 169 115 67 17 192 130 160 57 103 76 167 53 163 189 106 100 28 176 94 18 125 162 40 46 145 81 156 154 29 113 78 7 168 91 173 199 55 22 132 178 196 93 195 142 111 108 144 200 171 179 13 14 16 134 56 65 159 

Inst_Index:115 	 City_Num:200 	 Concorde:0.105800 	 MCTS:10.611936 Improve:-0.031919 	 Time:20.16 Seconds
Solution: 1 179 15 26 166 128 93 41 132 100 181 6 70 95 152 49 163 119 52 130 186 88 25 32 141 69 57 62 184 143 65 37 76 113 194 16 38 73 71 165 2 53 183 145 77 175 61 116 59 105 133 5 31 131 190 13 115 170 74 17 22 196 176 47 23 66 11 168 18 46 121 43 102 137 200 171 161 154 157 118 187 91 45 104 174 75 123 127 139 112 122 159 80 180 117 124 42 3 33 193 60 162 96 192 29 138 164 156 68 81 134 58 185 108 197 169 94 86 153 35 44 188 114 178 155 28 172 191 55 149 10 56 40 98 72 78 48 54 79 8 50 129 110 150 83 21 90 39 19 89 167 158 199 85 177 51 7 160 99 111 107 87 148 151 182 142 144 173 120 20 84 106 101 24 189 195 126 34 103 30 140 125 12 136 135 9 64 109 92 67 14 82 4 36 27 147 97 146 198 63 

Inst_Index:116 	 City_Num:200 	 Concorde:0.109441 	 MCTS:10.984187 Improve:-0.040090 	 Time:20.01 Seconds
Solution: 1 5 166 27 94 39 124 82 121 191 135 53 9 86 169 98 198 18 20 154 16 175 152 172 194 142 85 59 70 110 103 149 133 199 76 120 144 23 31 87 171 107 130 189 127 42 54 180 147 185 116 122 19 67 177 58 141 174 170 71 125 143 188 48 113 190 150 26 176 117 123 55 114 193 93 68 181 77 21 28 6 162 91 17 139 119 157 51 158 13 90 112 97 118 4 15 167 106 56 161 52 30 74 38 80 8 3 200 163 29 12 159 99 25 132 44 183 41 134 146 145 61 165 62 101 151 22 32 88 100 34 195 115 155 148 37 81 138 46 187 179 64 78 63 136 69 168 173 65 49 192 160 24 197 126 102 14 184 95 111 156 33 73 11 137 109 178 182 96 57 92 35 36 129 43 72 196 75 60 186 40 104 164 83 108 47 153 7 140 2 79 89 131 66 50 10 128 84 45 105 

Inst_Index:117 	 City_Num:200 	 Concorde:0.109084 	 MCTS:10.906260 Improve:0.002102 	 Time:20.07 Seconds
Solution: 1 173 17 5 66 77 129 10 101 170 157 147 16 44 6 86 171 177 174 145 73 42 175 60 120 127 122 141 181 113 183 103 116 12 89 164 43 90 197 18 104 143 55 64 71 37 32 56 14 121 26 13 109 184 119 84 100 11 62 176 20 179 111 81 33 152 146 132 61 59 178 165 195 15 99 159 72 156 123 69 102 166 114 68 182 130 28 41 92 153 160 117 154 191 79 167 88 7 196 112 51 82 95 188 65 74 105 134 148 193 125 137 186 47 93 138 190 189 133 4 31 162 180 161 172 192 21 97 23 96 19 25 106 48 2 142 168 39 45 194 38 30 63 140 49 144 8 118 75 135 67 85 151 163 9 94 80 76 52 150 108 126 29 34 149 24 36 70 187 136 185 98 200 107 115 57 40 110 3 139 83 169 158 58 131 155 87 35 50 46 124 22 198 128 91 78 27 54 53 199 

Inst_Index:118 	 City_Num:200 	 Concorde:0.106459 	 MCTS:10.709879 Improve:-0.063954 	 Time:20.10 Seconds
Solution: 1 129 39 126 198 122 154 60 87 18 139 103 53 86 46 48 66 153 22 47 84 151 34 102 99 150 14 149 63 31 35 26 128 24 141 98 119 108 58 124 17 107 123 79 94 192 156 20 89 158 85 105 144 197 36 30 49 65 41 23 61 179 43 15 161 181 95 118 171 29 90 190 28 76 188 73 68 191 148 165 59 10 83 82 51 4 182 167 8 75 72 114 33 120 7 138 74 160 52 121 164 127 5 184 62 125 50 168 71 100 101 162 104 177 97 93 200 180 45 12 13 91 185 113 135 134 172 9 147 131 133 25 16 175 152 146 143 195 173 199 55 67 44 137 21 69 80 187 78 193 92 169 106 163 27 37 81 57 64 96 56 157 38 130 6 174 11 111 2 116 155 132 159 196 54 42 166 3 117 77 183 32 110 194 140 19 142 40 136 70 88 109 115 145 178 170 112 176 189 186 

Inst_Index:119 	 City_Num:200 	 Concorde:0.106211 	 MCTS:10.609889 Improve:0.011188 	 Time:20.10 Seconds
Solution: 1 42 131 68 46 36 157 87 166 60 82 99 48 104 132 85 198 5 98 25 129 50 134 65 182 92 117 24 126 161 15 186 130 174 71 22 73 148 119 12 103 124 77 135 133 194 54 200 154 91 19 6 199 67 75 167 100 188 47 122 196 175 34 189 52 28 138 93 37 123 162 193 170 7 20 173 61 30 32 2 72 180 96 109 197 141 23 89 101 152 57 143 158 164 179 105 159 49 163 18 81 69 70 185 31 41 40 121 95 153 44 8 45 62 137 27 127 35 140 125 183 17 51 38 86 184 97 107 3 90 128 9 136 171 66 64 13 115 118 169 113 195 55 112 106 145 43 116 29 192 181 78 58 110 146 150 63 176 26 94 142 156 10 139 120 11 21 168 16 178 187 80 160 83 108 79 177 76 144 53 74 151 39 155 190 149 14 4 56 172 102 84 59 114 191 147 111 165 33 88 


Avg_Concorde_Distance: 10.733143 Avg_MCTS_Distance: 10.756796 Avg_Gap: 0.002184 Total_Time: 341.29 Seconds 
 Beat_Best_Known_Times: 6 Match_Best_Known_Times: 0 Miss_Best_Known_Times: 11 
