Number_of_Instances_In_Current_Batch: 17

Inst_Index:52 	 City_Num:200 	 Concorde:0.112448 	 MCTS:11.266497 Improve:-0.021710 	 Time:20.17 Seconds
Solution: 1 49 177 121 91 39 143 200 115 69 2 46 102 22 193 28 183 21 109 89 81 101 192 151 100 33 165 79 85 166 38 12 167 63 34 50 123 42 26 153 30 170 18 75 106 97 146 156 141 127 161 135 194 5 71 73 32 3 47 74 67 179 7 175 70 114 129 132 164 138 105 133 40 119 122 110 55 145 66 56 20 176 147 173 41 172 87 98 80 27 13 14 169 199 23 198 57 19 163 190 185 118 158 88 43 178 65 44 60 48 191 61 159 136 197 64 94 6 117 72 82 187 37 76 11 152 116 96 128 93 10 45 113 150 131 174 24 53 157 120 68 134 83 144 196 54 168 184 108 171 4 195 182 25 180 15 62 124 77 95 9 148 188 92 104 17 154 99 84 36 142 112 8 155 51 186 181 35 137 103 58 149 140 125 86 16 162 59 160 130 139 111 107 78 189 90 31 126 52 29 

Inst_Index:53 	 City_Num:200 	 Concorde:0.107339 	 MCTS:10.825642 Improve:-0.091764 	 Time:20.06 Seconds
Solution: 1 53 186 28 81 96 39 145 120 144 80 157 64 159 183 41 118 135 100 84 123 12 76 158 106 34 87 91 128 108 59 61 101 2 194 49 141 48 79 152 188 88 102 127 43 151 169 160 52 136 29 124 137 147 134 163 165 65 75 63 11 82 54 57 109 200 92 172 195 146 7 25 93 4 67 20 86 18 66 42 58 112 40 178 182 72 138 122 148 83 193 143 56 51 133 129 94 95 164 187 44 125 119 73 142 74 33 17 140 154 3 97 50 179 37 5 16 45 171 71 175 150 153 30 105 8 46 69 156 98 35 185 103 166 176 15 77 21 155 60 14 104 24 168 47 13 6 26 139 199 9 167 149 85 196 197 68 192 19 180 170 32 70 114 107 116 126 111 162 115 181 189 113 38 55 23 99 121 130 198 191 27 161 184 90 173 117 31 62 190 110 36 78 174 22 10 177 89 131 132 

Inst_Index:54 	 City_Num:200 	 Concorde:0.110370 	 MCTS:11.064944 Improve:-0.027922 	 Time:20.12 Seconds
Solution: 1 146 67 44 36 111 21 142 104 81 98 60 135 178 102 165 90 128 55 108 150 164 32 48 138 17 41 85 129 172 92 179 28 8 147 116 45 58 120 112 16 71 122 27 20 139 185 96 144 117 180 56 192 68 148 75 83 184 57 124 97 33 76 193 181 46 156 190 127 182 105 109 51 40 196 59 149 64 94 49 13 160 163 2 118 130 151 134 175 197 22 93 166 35 173 78 195 100 113 4 103 153 114 110 155 23 37 167 152 99 123 70 141 157 50 107 12 174 125 65 161 42 53 66 198 143 79 154 5 121 158 10 80 61 3 19 38 77 170 95 199 43 137 119 52 73 189 168 145 88 72 101 136 86 187 62 169 183 34 126 177 186 200 159 89 188 133 25 106 26 15 74 171 140 115 131 18 39 84 191 54 14 87 7 132 31 6 9 91 162 24 194 30 176 47 63 69 11 82 29 

Inst_Index:55 	 City_Num:200 	 Concorde:0.108411 	 MCTS:10.867008 Improve:-0.025925 	 Time:20.08 Seconds
Solution: 1 18 111 29 61 8 56 94 113 150 153 72 23 20 195 193 148 82 33 79 62 187 65 174 138 166 132 181 179 71 199 68 25 114 76 11 14 37 10 60 115 180 155 124 38 6 87 151 83 53 69 93 32 136 134 3 44 127 176 117 184 36 26 144 141 125 21 147 74 131 98 160 172 110 154 100 59 126 2 17 192 120 108 189 27 178 157 182 135 4 130 188 143 30 97 140 55 96 80 169 196 90 112 191 50 177 129 164 19 95 41 13 35 156 145 28 173 15 101 86 12 105 146 123 46 152 142 186 22 16 66 159 106 170 9 171 85 78 139 121 57 24 99 89 48 5 198 103 128 64 116 200 54 42 70 183 67 51 45 194 92 88 163 31 75 81 73 149 34 7 77 109 197 122 133 168 52 40 47 107 167 91 162 175 63 58 137 119 49 102 118 161 190 39 185 84 165 43 104 158 

Inst_Index:56 	 City_Num:200 	 Concorde:0.110421 	 MCTS:11.039322 Improve:0.002796 	 Time:20.09 Seconds
Solution: 1 173 86 126 139 166 75 54 103 3 82 47 69 179 67 113 105 177 53 88 61 160 64 140 116 16 39 143 46 183 170 71 93 78 5 36 7 59 185 38 35 83 162 80 84 181 22 44 122 51 56 57 13 6 147 150 42 198 104 31 24 115 171 149 142 158 172 58 191 17 182 45 133 87 15 138 73 77 14 102 20 193 99 167 120 98 32 159 165 180 154 60 151 81 92 197 125 12 134 152 74 41 135 178 48 187 161 174 19 163 156 109 49 136 94 10 65 146 52 4 23 27 194 129 196 108 43 37 8 124 188 137 89 118 25 95 169 18 141 164 79 199 195 121 91 117 63 148 110 107 184 189 119 55 11 29 114 112 96 131 176 190 157 90 97 30 21 200 9 153 68 72 28 101 85 130 26 186 168 76 192 100 40 144 70 62 155 33 106 175 111 34 50 123 128 145 127 132 66 2 

Inst_Index:57 	 City_Num:200 	 Concorde:0.106940 	 MCTS:10.690814 Improve:0.003149 	 Time:20.19 Seconds
Solution: 1 133 148 10 118 37 27 160 51 149 52 143 44 197 199 131 177 76 47 42 58 85 39 146 159 77 128 63 125 15 2 54 185 66 169 49 4 168 196 8 110 71 193 114 182 200 184 171 87 40 134 187 104 48 35 19 83 107 25 22 60 155 188 186 109 101 173 150 157 122 100 72 50 138 3 99 123 189 88 78 175 43 174 98 161 164 192 105 170 113 121 89 154 180 82 32 139 46 137 135 126 147 111 81 38 33 57 41 140 7 62 194 96 132 61 142 95 30 86 5 102 152 59 120 179 144 20 67 45 70 191 115 74 178 23 80 21 69 94 166 29 56 65 141 68 53 106 183 73 156 116 112 36 92 93 26 181 163 84 145 90 165 124 97 167 119 34 151 153 11 91 16 198 9 136 14 55 117 103 31 28 24 79 195 108 6 130 64 127 12 75 176 18 158 17 190 162 129 172 13 

Inst_Index:58 	 City_Num:200 	 Concorde:0.106622 	 MCTS:10.676115 Improve:-0.013960 	 Time:20.09 Seconds
Solution: 1 48 104 129 170 135 182 65 83 55 70 6 108 59 74 85 96 191 33 46 56 37 13 17 197 141 7 131 147 176 8 163 54 173 36 171 159 32 179 178 92 145 94 25 133 188 5 35 109 20 166 97 30 10 100 119 154 75 160 122 40 157 84 151 67 26 139 164 61 34 168 16 89 136 190 79 39 4 51 165 140 87 134 63 114 73 58 11 120 162 158 77 113 149 68 38 117 24 152 43 198 189 99 49 21 72 144 64 27 142 52 15 86 111 3 167 175 103 130 9 31 180 121 57 137 50 78 47 146 71 123 22 200 126 90 98 125 177 128 62 82 181 186 161 172 66 169 183 187 156 138 150 53 45 60 19 105 194 124 42 185 14 95 29 102 127 155 110 118 76 81 132 101 115 2 193 148 174 153 196 199 93 143 91 107 192 80 69 112 44 23 184 28 12 116 195 88 106 18 41 

Inst_Index:59 	 City_Num:200 	 Concorde:0.103988 	 MCTS:10.407423 Improve:-0.008664 	 Time:20.17 Seconds
Solution: 1 99 41 114 15 140 155 80 147 4 193 11 78 156 120 53 25 188 44 135 54 119 60 85 113 144 164 16 100 108 27 29 142 175 43 148 103 3 195 185 87 61 122 167 64 194 126 174 117 77 46 176 121 105 165 21 18 149 67 187 162 107 57 180 47 6 40 158 45 82 124 76 89 154 33 166 170 65 116 184 173 79 69 137 63 133 14 23 141 123 74 196 62 38 8 68 102 98 163 20 37 128 129 101 19 125 95 28 181 183 36 192 49 151 73 50 59 92 189 111 134 106 84 58 10 197 182 70 177 72 34 13 2 31 51 200 26 56 115 118 97 178 66 39 90 169 138 86 30 52 35 71 22 5 199 171 104 110 160 83 93 94 146 130 91 112 190 48 136 132 96 42 198 9 159 88 7 191 179 168 139 24 157 161 127 17 75 153 131 81 32 143 172 109 152 150 12 145 186 55 

Inst_Index:60 	 City_Num:200 	 Concorde:0.105739 	 MCTS:10.587393 Improve:-0.013459 	 Time:20.08 Seconds
Solution: 1 90 2 156 69 173 126 82 71 45 97 105 128 51 75 66 72 170 120 168 48 171 103 49 70 92 107 158 17 146 19 139 52 130 177 78 149 41 23 142 199 124 174 131 65 9 28 167 165 109 169 46 20 6 161 96 58 81 198 76 196 54 38 122 138 151 166 155 37 162 50 182 44 191 132 135 179 200 94 35 84 16 197 163 115 123 32 8 106 33 14 98 104 88 147 63 125 95 160 145 112 164 133 57 53 178 40 89 143 121 91 86 62 119 181 113 195 77 118 5 39 83 99 67 188 24 144 110 141 18 4 189 190 180 61 7 157 127 59 10 175 148 25 172 117 108 137 60 183 11 100 176 47 29 154 34 136 101 80 73 150 26 184 36 21 56 22 87 85 186 74 55 114 140 68 194 79 187 116 30 93 159 134 3 27 43 192 185 13 42 102 15 12 64 111 193 31 129 153 152 

Inst_Index:61 	 City_Num:200 	 Concorde:0.105735 	 MCTS:10.610846 Improve:-0.037377 	 Time:20.10 Seconds
Solution: 1 101 55 18 160 48 183 142 199 10 197 176 147 19 114 30 92 93 133 143 90 20 102 117 151 84 124 14 141 127 112 185 63 81 35 187 107 157 11 28 37 153 44 12 120 192 2 31 167 132 105 25 170 174 95 158 7 178 194 54 144 76 135 125 86 56 65 6 182 67 177 15 78 152 116 43 38 49 52 161 61 126 134 68 23 89 99 156 110 184 70 8 29 198 171 77 40 181 91 190 50 98 109 24 75 62 180 45 46 119 172 122 136 51 166 186 33 150 57 154 72 169 39 179 17 128 66 195 139 41 164 53 80 103 94 85 108 191 82 100 42 73 113 193 21 196 47 83 138 163 34 16 111 59 165 4 121 3 115 97 88 22 106 130 27 118 145 137 32 74 173 168 149 58 129 148 13 155 159 162 104 69 188 71 96 60 123 9 5 64 146 131 189 175 36 87 26 140 79 200 

Inst_Index:62 	 City_Num:200 	 Concorde:0.104508 	 MCTS:10.453933 Improve:-0.003173 	 Time:20.18 Seconds
Solution: 1 5 195 25 85 103 34 65 134 137 167 40 29 84 95 59 192 11 181 102 188 99 63 149 155 138 89 54 183 164 43 162 98 96 71 24 81 118 160 126 4 105 82 35 87 45 175 110 180 119 158 68 117 172 186 153 94 13 14 166 67 92 88 15 58 174 128 107 74 104 132 140 176 21 143 156 159 93 122 179 41 185 139 199 91 72 194 193 26 75 22 42 154 200 76 100 2 168 115 123 27 7 60 83 23 18 148 108 20 196 37 44 78 146 111 77 144 182 150 64 19 10 39 36 38 109 90 173 198 31 145 165 136 169 6 51 8 131 177 187 130 3 16 57 197 48 32 184 120 101 80 97 191 135 112 163 129 28 113 49 127 171 61 147 73 125 152 12 114 70 86 121 50 151 62 189 9 56 55 66 161 33 178 116 79 124 46 133 106 170 52 30 53 142 17 157 141 47 190 69 

Inst_Index:63 	 City_Num:200 	 Concorde:0.106933 	 MCTS:10.687810 Improve:0.005479 	 Time:20.00 Seconds
Solution: 1 124 3 21 117 102 71 73 147 195 164 12 151 182 159 89 174 72 135 144 53 108 194 111 171 110 101 79 122 200 165 27 121 127 58 80 143 156 115 84 69 139 15 11 149 4 175 179 199 8 130 65 35 133 7 123 178 126 148 85 141 155 193 116 75 50 152 138 196 56 34 97 197 49 154 9 169 19 191 185 103 129 190 25 112 45 33 31 54 76 192 82 113 55 99 105 63 187 57 83 14 66 158 163 43 94 24 176 92 91 18 177 70 161 119 48 134 32 52 132 22 29 136 46 86 162 90 109 95 6 145 168 64 189 170 28 184 37 166 16 150 160 107 137 167 42 20 104 13 30 81 26 128 5 62 39 98 181 188 60 146 78 172 41 87 198 93 114 67 74 186 2 47 100 88 61 51 125 180 10 106 120 96 157 131 183 40 118 59 77 38 36 140 173 142 153 23 17 68 44 

Inst_Index:64 	 City_Num:200 	 Concorde:0.105823 	 MCTS:10.637157 Improve:-0.054857 	 Time:20.10 Seconds
Solution: 1 78 70 150 100 4 174 112 146 188 195 145 134 104 166 58 151 81 109 133 164 76 46 192 72 139 154 31 36 80 75 79 37 22 152 56 25 13 157 158 87 137 11 51 186 160 173 32 197 82 113 54 147 63 93 83 91 77 111 66 55 18 69 124 12 123 95 8 184 86 118 140 125 7 191 89 177 185 47 84 10 30 49 181 187 169 105 199 15 114 156 141 149 144 162 193 57 41 115 6 117 35 61 107 19 180 163 26 129 52 98 48 121 179 196 101 198 21 65 71 40 119 189 148 176 153 16 9 183 131 110 29 99 17 159 167 24 122 33 135 67 175 53 126 28 161 92 182 97 171 108 90 45 42 120 136 172 165 102 14 38 43 128 132 94 27 127 20 74 143 130 106 68 142 178 190 96 34 39 73 168 200 50 64 170 44 23 2 155 88 138 103 59 3 116 194 85 62 5 60 

Inst_Index:65 	 City_Num:200 	 Concorde:0.108392 	 MCTS:10.874756 Improve:-0.035509 	 Time:20.16 Seconds
Solution: 1 121 81 194 109 183 119 161 33 70 114 64 21 97 7 93 116 195 100 99 192 14 152 96 122 156 148 130 63 47 13 106 59 3 191 51 176 157 137 9 27 44 153 25 102 124 15 181 141 150 94 2 65 103 38 10 80 155 32 197 134 17 189 46 167 159 117 62 101 88 57 184 171 28 48 110 89 71 178 108 163 128 12 92 36 98 83 177 168 19 169 186 151 95 118 37 170 86 190 35 158 164 154 139 24 45 166 4 149 90 144 84 126 142 78 52 72 182 74 11 8 75 56 111 140 160 193 115 127 76 162 138 53 16 175 23 199 34 55 73 129 180 172 43 200 42 77 165 20 40 85 107 145 125 5 123 41 132 120 26 135 60 18 196 54 187 69 30 136 113 79 31 6 61 112 49 58 188 68 39 173 147 198 143 50 66 146 67 185 82 105 91 131 104 22 179 133 174 29 87 

Inst_Index:66 	 City_Num:200 	 Concorde:0.102475 	 MCTS:10.293611 Improve:-0.046142 	 Time:20.01 Seconds
Solution: 1 156 161 9 92 94 5 142 168 143 176 17 175 46 62 118 149 167 100 190 72 126 125 75 52 171 7 188 81 185 116 178 3 105 84 61 93 95 110 4 49 79 123 112 43 197 31 151 136 55 135 12 96 30 51 50 14 104 67 177 109 19 144 77 179 85 153 70 103 66 15 158 47 18 69 170 91 101 90 59 71 192 102 44 166 24 23 10 83 40 117 97 64 119 27 87 163 63 25 32 34 165 39 133 36 200 174 189 114 37 113 138 182 73 127 131 187 58 172 45 57 16 162 53 196 68 184 106 146 86 183 107 80 194 157 164 74 13 128 122 134 169 129 173 35 98 38 89 33 198 6 48 141 137 180 195 2 121 115 120 191 82 78 26 65 22 154 108 132 76 181 145 54 159 60 140 11 186 150 111 199 21 42 99 88 193 147 41 124 160 28 20 130 29 8 155 139 148 56 152 

Inst_Index:67 	 City_Num:200 	 Concorde:0.107483 	 MCTS:10.744842 Improve:0.003415 	 Time:20.05 Seconds
Solution: 1 135 89 190 102 77 87 122 95 42 187 82 123 78 162 126 14 184 53 59 134 186 9 161 115 103 148 4 79 108 170 24 110 112 6 129 154 44 76 85 3 28 90 40 45 98 97 193 94 158 11 51 32 136 12 130 183 19 105 120 132 175 145 73 127 152 100 104 17 150 180 149 121 81 196 48 37 199 169 151 167 60 131 191 188 58 128 80 43 70 21 31 20 25 49 146 140 195 99 41 138 106 133 5 165 52 101 157 163 181 198 16 88 200 47 93 65 61 174 55 13 38 194 159 176 67 27 83 69 30 192 22 35 142 189 68 63 144 107 7 62 84 15 178 182 168 171 10 125 113 173 18 50 114 111 172 147 92 197 57 8 137 56 54 96 64 177 118 143 141 116 160 109 155 91 2 29 75 156 66 34 164 36 166 179 185 39 26 72 139 23 71 124 153 74 33 46 119 86 117 

Inst_Index:68 	 City_Num:200 	 Concorde:0.104867 	 MCTS:10.570392 Improve:-0.083714 	 Time:20.05 Seconds
Solution: 1 72 78 192 57 40 126 45 113 128 6 51 35 68 200 137 69 110 124 82 198 75 190 22 28 59 46 20 98 71 49 53 134 97 92 80 172 135 81 24 129 42 93 18 63 153 196 177 47 67 83 143 166 32 15 96 58 171 184 106 149 43 19 180 41 160 193 191 56 17 70 16 30 37 95 164 31 104 52 199 36 10 27 131 114 182 11 102 79 144 64 84 86 88 55 148 7 107 105 33 44 185 4 99 181 112 188 66 29 2 117 138 161 9 38 115 121 167 175 152 65 187 146 173 155 101 94 159 178 91 100 77 109 3 39 186 183 132 168 89 147 8 179 163 130 158 170 156 145 13 197 74 108 174 103 12 119 60 111 73 194 150 54 116 34 25 157 76 26 154 87 136 142 61 50 127 21 90 85 189 120 151 195 139 165 140 125 48 162 122 118 176 62 133 14 123 169 141 23 5 


Avg_Concorde_Distance: 10.697010 Avg_MCTS_Distance: 10.723441 Avg_Gap: 0.002484 Total_Time: 341.73 Seconds 
 Beat_Best_Known_Times: 4 Match_Best_Known_Times: 0 Miss_Best_Known_Times: 13 
