Number_of_Instances_In_Current_Batch: 17

Inst_Index:86 	 City_Num:200 	 Concorde:0.105637 	 MCTS:10.575280 Improve:-0.011546 	 Time:20.03 Seconds
Solution: 1 118 91 75 62 33 57 195 183 108 189 48 134 93 37 77 187 103 50 111 117 43 34 107 190 194 22 122 95 67 157 28 2 18 160 167 13 149 70 193 85 7 68 158 73 184 179 180 89 54 96 83 35 98 79 9 90 197 199 127 109 11 162 52 86 136 66 146 12 123 76 132 40 144 175 116 5 200 14 27 20 4 120 181 198 137 61 41 166 64 26 36 151 63 94 53 161 152 51 16 59 138 55 81 163 142 182 128 24 173 147 92 192 125 191 124 15 88 159 23 169 65 10 113 80 174 42 87 133 99 188 178 38 102 49 25 30 150 104 114 101 165 58 71 45 78 21 172 74 19 72 135 171 56 155 6 168 84 112 29 44 154 119 110 31 148 60 186 129 8 141 121 106 115 39 156 139 100 177 32 69 17 3 196 185 131 47 97 170 140 176 46 82 164 126 143 153 105 130 145 

Inst_Index:87 	 City_Num:200 	 Concorde:0.103791 	 MCTS:10.374071 Improve:0.005010 	 Time:20.16 Seconds
Solution: 1 133 56 182 14 100 191 77 180 90 151 70 120 72 127 89 51 165 158 179 199 153 8 86 32 141 193 195 27 31 134 2 60 121 146 17 61 131 45 35 190 139 19 156 52 125 83 196 128 58 43 101 29 124 5 41 75 118 26 144 115 122 78 171 126 96 198 117 3 62 154 142 67 152 13 69 42 176 159 50 185 39 161 136 49 82 189 178 181 65 99 197 63 73 92 143 194 7 40 149 162 163 112 98 183 38 79 145 87 46 59 157 21 94 104 155 119 85 175 160 54 177 132 168 111 76 114 20 170 74 164 116 108 138 47 71 11 102 109 166 34 80 129 130 186 12 55 188 192 200 10 135 66 167 24 28 95 103 25 84 91 18 107 53 33 48 110 113 22 23 30 105 88 172 4 57 44 147 174 140 93 150 184 148 9 64 36 68 97 169 137 81 187 123 16 106 15 6 173 37 

Inst_Index:88 	 City_Num:200 	 Concorde:0.106146 	 MCTS:10.649144 Improve:-0.034582 	 Time:20.11 Seconds
Solution: 1 184 6 54 86 175 106 196 164 119 104 22 145 35 186 30 11 65 61 187 182 138 109 181 70 167 155 9 4 101 139 66 13 15 89 135 136 176 105 95 18 83 85 23 117 100 183 2 36 60 192 171 154 128 16 108 62 3 48 169 157 165 130 148 20 116 5 166 185 197 33 107 103 125 84 40 149 132 133 172 44 82 131 90 123 170 32 153 127 114 118 94 188 72 63 102 93 49 67 134 56 57 80 39 143 120 122 158 150 51 59 50 76 178 52 96 168 26 173 46 161 58 163 55 180 174 81 126 195 113 64 98 73 19 41 37 121 160 14 53 25 17 144 199 193 200 115 99 111 29 124 156 28 45 147 10 97 68 142 177 189 88 69 198 21 129 191 8 162 87 31 78 110 179 12 43 146 75 140 38 24 77 151 42 152 7 91 47 74 190 137 112 141 34 159 71 194 27 79 92 

Inst_Index:89 	 City_Num:200 	 Concorde:0.107028 	 MCTS:10.779770 Improve:-0.076952 	 Time:20.14 Seconds
Solution: 1 119 165 68 186 99 65 185 97 140 90 37 164 146 175 88 51 47 189 95 67 16 84 197 33 134 181 110 107 176 106 111 150 92 98 66 72 179 42 15 32 14 104 36 53 130 149 171 148 129 125 136 154 124 93 19 70 45 28 13 135 174 137 76 27 17 161 153 80 196 49 50 162 6 155 184 44 100 116 78 199 94 38 18 41 120 87 64 160 114 178 59 34 91 56 86 170 128 21 81 122 11 152 23 177 200 8 105 25 5 26 89 63 4 30 55 168 141 127 190 126 198 191 58 3 163 187 138 113 60 118 188 183 85 133 115 195 61 102 193 157 145 158 131 10 74 9 77 103 20 143 12 62 159 117 101 43 40 147 46 169 151 182 167 52 79 48 172 123 31 39 121 156 132 75 57 96 144 180 82 54 109 142 2 7 173 22 194 139 83 24 108 166 112 192 71 69 35 29 73 

Inst_Index:90 	 City_Num:200 	 Concorde:0.104212 	 MCTS:10.431663 Improve:-0.010433 	 Time:20.12 Seconds
Solution: 1 141 32 73 185 16 96 42 126 144 150 65 18 108 28 90 136 200 114 132 84 13 72 86 121 172 186 5 131 180 82 64 10 77 176 40 143 76 109 63 26 177 20 133 2 175 19 54 153 11 56 36 35 193 30 190 33 123 15 22 49 134 192 37 103 179 57 139 178 199 198 39 183 59 92 125 164 93 66 89 151 88 165 118 196 46 34 122 189 147 79 116 61 44 161 137 169 51 115 75 31 91 47 50 97 27 182 23 104 55 25 17 171 70 159 69 163 127 98 48 154 12 21 107 146 155 38 101 4 99 170 111 106 158 145 53 83 166 52 168 78 124 156 29 62 60 74 142 184 162 113 148 41 149 9 191 173 3 140 85 71 112 68 87 6 100 181 7 102 188 138 157 117 194 167 45 67 174 152 197 24 95 105 129 80 160 14 120 119 128 195 8 130 135 43 94 58 187 110 81 

Inst_Index:91 	 City_Num:200 	 Concorde:0.109148 	 MCTS:10.945098 Improve:-0.030299 	 Time:20.11 Seconds
Solution: 1 45 198 17 57 36 109 144 76 118 77 12 141 38 196 116 192 160 37 54 169 156 186 74 27 177 149 21 145 43 24 183 124 47 62 95 148 139 194 191 157 100 165 190 73 150 39 106 197 188 175 86 29 199 104 189 9 138 5 48 8 79 182 26 70 52 180 147 69 120 101 51 200 162 129 92 49 40 63 33 13 82 131 65 143 121 31 83 126 81 185 140 99 166 130 87 103 195 158 50 93 75 111 97 18 173 53 68 30 122 11 133 123 7 176 172 114 159 71 134 164 61 152 35 56 119 193 127 90 146 161 23 66 60 19 32 96 110 58 171 72 59 155 88 89 14 94 4 174 181 107 91 184 136 78 3 163 187 42 46 41 44 6 16 168 22 154 34 20 28 64 128 179 132 102 108 135 25 167 170 112 84 125 67 85 15 98 178 80 105 137 115 2 55 142 153 10 117 151 113 

Inst_Index:92 	 City_Num:200 	 Concorde:0.105125 	 MCTS:10.533482 Improve:-0.020964 	 Time:20.10 Seconds
Solution: 1 104 94 84 119 64 117 198 147 35 86 91 143 159 140 96 75 58 103 188 110 137 20 136 43 66 17 180 157 169 166 183 8 146 88 19 115 164 108 162 139 173 26 79 81 40 12 59 97 78 193 130 14 57 186 56 176 61 18 69 151 76 53 42 178 15 52 28 92 34 95 197 101 10 200 85 195 155 185 98 106 6 144 80 89 154 72 65 67 107 41 189 114 38 33 120 124 70 113 47 128 100 22 63 175 105 125 29 23 122 87 135 24 5 145 51 45 131 21 62 199 90 181 192 112 30 160 73 31 68 150 13 187 129 127 48 7 39 36 27 4 71 118 111 16 123 170 168 11 44 126 196 191 109 153 49 93 132 54 156 77 149 190 184 152 83 9 167 133 148 141 179 177 165 2 25 3 194 50 99 174 121 55 102 163 171 116 142 134 158 37 60 74 161 46 172 182 82 138 32 

Inst_Index:93 	 City_Num:200 	 Concorde:0.106296 	 MCTS:10.653714 Improve:-0.024145 	 Time:20.14 Seconds
Solution: 1 148 126 84 10 30 124 129 136 90 184 67 63 120 23 125 3 117 188 2 103 127 128 6 94 35 50 168 180 109 18 52 141 15 5 122 163 53 154 155 149 31 130 121 177 9 191 187 181 44 99 26 134 22 37 97 98 13 56 76 79 143 195 157 93 41 113 137 73 66 133 186 169 151 107 153 152 42 65 59 144 61 104 16 145 192 80 199 182 32 58 51 172 96 46 36 102 55 39 38 119 49 158 7 197 77 175 86 106 159 69 89 178 62 147 114 12 92 17 174 116 71 40 19 29 112 14 166 74 8 183 60 150 176 11 54 118 190 139 131 173 105 4 82 21 91 140 110 81 164 85 88 87 101 83 68 108 196 198 200 24 132 70 20 34 28 171 142 111 160 179 162 25 123 161 47 156 95 75 165 135 146 64 189 43 100 115 45 167 48 138 27 193 57 72 185 194 78 170 33 

Inst_Index:94 	 City_Num:200 	 Concorde:0.108341 	 MCTS:10.909294 Improve:-0.075224 	 Time:20.03 Seconds
Solution: 1 17 110 192 73 131 94 39 40 147 71 140 182 56 59 121 154 58 175 176 97 114 124 51 138 189 19 171 198 85 81 162 45 5 116 166 2 148 153 9 178 159 186 3 145 100 28 118 120 179 31 78 99 117 160 44 197 29 185 23 164 20 183 157 46 60 107 196 139 34 87 115 35 11 41 55 135 119 77 83 7 193 195 65 49 143 80 105 113 24 184 150 106 89 95 38 181 187 68 136 141 163 33 69 169 123 161 79 92 22 93 122 25 102 48 127 21 174 172 13 151 137 64 82 43 74 47 98 26 75 149 191 101 133 42 4 76 128 129 8 180 32 37 57 103 15 144 170 158 167 177 30 12 173 72 86 108 63 104 27 112 6 67 96 91 88 111 146 18 199 165 155 62 90 152 50 70 194 130 109 188 16 142 66 36 14 156 10 132 54 190 168 200 84 134 126 61 125 52 53 

Inst_Index:95 	 City_Num:200 	 Concorde:0.111671 	 MCTS:11.208627 Improve:-0.041496 	 Time:20.11 Seconds
Solution: 1 32 131 7 137 48 100 96 64 194 67 152 182 41 80 79 124 9 143 197 55 45 40 180 166 98 50 185 139 174 63 71 188 154 148 103 171 77 107 150 126 135 123 184 110 27 127 43 111 115 26 4 99 49 161 46 5 169 90 29 118 125 196 53 84 193 173 74 117 94 57 37 36 68 69 106 170 52 102 164 42 140 146 72 12 190 33 87 132 16 172 70 81 23 20 95 195 114 14 2 75 3 19 159 130 168 178 44 56 51 89 85 147 144 18 128 34 191 30 35 200 153 158 120 65 62 157 112 187 176 179 25 31 163 60 186 13 61 73 177 165 82 76 109 78 86 142 119 156 11 24 91 183 104 133 22 155 189 6 175 199 101 160 134 97 17 93 198 145 47 141 105 66 21 28 116 113 129 8 122 136 15 88 149 138 38 181 108 39 162 54 192 121 92 10 59 151 83 167 58 

Inst_Index:96 	 City_Num:200 	 Concorde:0.107505 	 MCTS:10.753231 Improve:-0.002721 	 Time:20.08 Seconds
Solution: 1 177 192 147 104 194 64 87 15 129 66 49 29 18 107 105 159 30 199 97 149 47 165 198 179 195 109 152 146 196 54 26 191 12 38 188 119 137 5 111 157 140 71 33 121 40 124 168 184 102 123 36 115 103 151 163 186 135 128 89 34 81 164 51 82 138 156 100 154 77 96 133 113 57 174 172 94 43 91 84 10 176 68 67 74 120 75 92 44 11 134 118 170 169 28 171 143 158 178 95 22 17 122 27 13 101 6 8 2 9 16 78 39 150 24 187 173 76 99 181 59 200 20 117 153 160 37 182 55 23 83 90 175 125 7 60 52 50 139 185 88 180 53 42 131 61 14 79 193 70 45 80 72 108 190 65 148 141 144 56 19 167 197 155 41 142 32 4 98 73 161 126 25 35 136 69 86 58 85 145 127 63 166 46 62 162 114 106 21 183 130 116 189 112 93 48 31 110 132 3 

Inst_Index:97 	 City_Num:200 	 Concorde:0.106252 	 MCTS:10.634704 Improve:-0.009529 	 Time:20.09 Seconds
Solution: 1 143 155 139 174 141 124 178 95 22 98 18 10 151 90 64 40 116 115 121 38 79 199 142 73 112 94 128 163 125 52 63 28 111 149 77 55 170 61 65 156 16 9 200 162 29 173 87 62 101 82 138 158 74 198 159 183 14 57 132 166 145 118 33 23 53 189 48 168 24 81 167 60 171 185 35 76 184 153 172 117 45 122 120 134 175 109 71 131 51 93 83 20 179 129 72 84 56 107 47 186 41 126 96 113 177 34 85 91 59 32 30 110 70 169 190 39 8 13 161 136 104 146 192 67 46 106 150 88 137 105 15 108 164 191 157 99 102 75 31 66 140 147 152 17 176 97 36 49 197 187 21 69 114 2 154 103 44 80 182 25 11 58 196 54 181 86 50 188 37 194 119 133 92 193 5 160 89 42 26 165 27 12 180 144 135 19 78 6 43 148 7 4 123 68 127 3 100 195 130 

Inst_Index:98 	 City_Num:200 	 Concorde:0.107170 	 MCTS:10.795389 Improve:-0.078439 	 Time:20.07 Seconds
Solution: 1 9 185 57 111 81 58 23 173 8 120 97 115 21 5 46 177 138 168 27 51 67 139 164 40 29 127 34 137 7 133 66 178 96 78 85 169 39 180 12 106 75 151 153 128 6 109 197 183 190 146 18 132 84 192 47 50 79 118 160 101 28 13 152 59 103 150 121 117 74 45 144 195 90 171 129 122 2 56 17 135 73 105 98 60 156 199 140 114 175 198 170 124 134 191 77 158 20 19 31 32 155 11 63 71 65 80 159 141 43 148 184 91 55 119 92 100 172 61 194 157 179 15 36 126 102 174 10 182 54 16 86 22 116 99 4 136 53 193 76 94 130 37 26 44 95 41 64 24 42 142 30 187 131 154 125 163 196 38 188 48 107 82 166 93 110 161 167 70 162 186 25 165 62 112 104 35 181 108 88 143 176 145 72 200 189 33 68 3 83 14 147 52 113 89 87 149 69 49 123 

Inst_Index:99 	 City_Num:200 	 Concorde:0.108120 	 MCTS:10.799368 Improve:0.012593 	 Time:20.02 Seconds
Solution: 1 81 156 110 120 103 96 48 106 73 116 158 173 126 171 5 89 19 80 76 112 20 10 192 107 46 182 149 127 174 138 119 85 33 71 60 186 26 56 22 92 164 95 179 61 150 69 90 185 165 125 3 34 145 105 196 4 134 122 54 157 79 35 188 151 155 177 30 153 36 111 114 55 181 45 53 136 78 115 187 51 28 128 31 132 198 83 21 124 195 108 64 59 58 23 62 70 180 17 18 170 193 178 39 161 27 9 194 163 88 94 82 104 197 159 176 146 130 7 47 199 25 43 113 84 15 37 175 72 14 75 160 93 57 152 38 8 52 133 44 49 29 102 118 16 183 97 191 162 41 129 67 117 131 87 50 144 86 24 167 98 68 184 140 135 137 101 142 172 100 109 143 2 74 123 66 147 91 65 40 12 99 63 6 42 168 141 11 13 139 166 189 154 148 200 190 121 77 169 32 

Inst_Index:100 	 City_Num:200 	 Concorde:0.109232 	 MCTS:10.975337 Improve:-0.052142 	 Time:20.08 Seconds
Solution: 1 185 148 182 85 75 45 172 9 198 139 90 175 117 83 129 151 169 49 138 147 22 27 46 14 144 174 91 5 105 186 7 25 135 42 161 112 55 111 152 134 180 38 67 118 73 21 120 99 184 56 72 10 87 74 20 127 58 104 126 131 6 17 199 173 178 28 130 136 166 34 116 195 149 196 31 78 133 69 107 102 179 43 132 26 94 23 143 188 95 29 70 96 60 32 142 163 65 121 170 57 16 157 155 168 97 40 128 68 63 79 30 36 106 76 164 61 89 191 19 53 181 64 113 18 82 114 44 125 193 24 41 93 137 54 183 50 103 51 48 122 176 140 39 190 146 108 189 84 33 192 47 162 187 88 109 77 3 158 100 124 160 200 101 150 154 171 52 167 98 35 8 15 12 123 81 66 194 156 115 165 119 59 197 11 62 145 177 13 86 4 159 2 92 110 153 37 141 71 80 

Inst_Index:101 	 City_Num:200 	 Concorde:0.110362 	 MCTS:11.065925 Improve:-0.029697 	 Time:20.02 Seconds
Solution: 1 171 188 13 196 119 61 145 113 186 68 191 33 66 174 183 146 12 114 80 60 170 177 107 181 89 156 91 46 103 132 110 74 111 125 42 131 163 47 185 10 41 63 141 149 67 55 94 21 83 5 65 115 50 197 157 9 19 200 112 81 129 169 175 38 136 34 37 162 30 100 123 104 158 79 35 152 130 153 101 161 159 25 140 58 6 43 121 39 24 105 93 3 4 17 84 116 7 88 15 167 95 49 75 164 14 64 59 128 86 192 56 53 118 45 180 195 71 120 178 151 135 52 70 190 109 165 137 144 138 85 31 160 29 51 48 150 187 166 117 78 69 72 28 124 8 18 26 90 194 142 32 148 92 134 189 62 97 27 198 182 82 96 184 77 73 22 173 126 2 16 99 154 155 176 199 98 108 122 106 87 76 147 168 172 133 102 23 193 40 143 127 20 36 57 44 11 54 139 179 

Inst_Index:102 	 City_Num:200 	 Concorde:0.108900 	 MCTS:10.919059 Improve:-0.029099 	 Time:20.11 Seconds
Solution: 1 47 139 35 92 188 182 80 108 94 82 9 16 2 49 125 22 187 84 38 172 26 110 45 191 156 96 112 199 160 147 111 104 103 200 62 52 54 101 14 121 39 117 79 190 43 184 66 76 157 6 179 36 75 78 152 27 58 12 5 171 15 185 53 161 133 141 159 24 88 109 56 149 44 189 142 65 48 32 132 195 167 61 13 106 196 194 169 4 69 122 98 177 21 31 144 165 148 113 28 140 134 173 74 59 174 68 155 19 18 25 89 118 193 67 136 64 73 127 46 17 33 114 170 11 151 87 115 8 57 197 168 81 50 55 186 95 137 42 146 102 34 138 124 41 176 145 71 183 30 70 10 135 85 91 192 143 20 105 162 90 99 158 126 37 29 63 107 72 129 77 163 130 86 40 3 175 60 153 150 198 93 83 97 181 154 180 178 23 116 119 128 7 120 164 166 100 51 131 123 


Avg_Concorde_Distance: 10.734911 Avg_MCTS_Distance: 10.764892 Avg_Gap: 0.002777 Total_Time: 341.55 Seconds 
 Beat_Best_Known_Times: 2 Match_Best_Known_Times: 0 Miss_Best_Known_Times: 15 
