Number_of_Instances_In_Current_Batch: 17

Inst_Index:35 	 City_Num:200 	 Concorde:0.104572 	 MCTS:10.510071 Improve:-0.052892 	 Time:20.16 Seconds
Solution: 1 179 80 22 180 104 176 174 94 118 170 150 175 71 26 189 53 172 163 66 121 134 120 159 92 11 15 63 117 136 16 4 17 115 57 54 132 34 165 167 75 39 190 68 122 200 82 188 112 164 27 76 171 100 139 184 186 32 70 162 140 119 45 81 93 138 46 131 160 123 84 95 47 85 62 20 79 156 90 56 21 8 98 59 149 65 2 185 9 89 91 161 6 133 18 145 143 158 135 61 49 197 97 33 72 153 181 125 3 129 43 41 5 146 126 110 50 142 107 78 58 51 137 148 144 42 178 24 103 111 13 183 37 191 29 194 77 130 173 86 166 60 169 14 154 147 55 141 127 152 48 99 124 193 105 19 108 64 196 199 52 128 88 30 67 69 106 195 44 28 31 102 36 151 23 168 101 10 96 7 198 177 12 25 157 40 35 182 187 83 114 73 192 74 155 38 87 109 116 113 

Inst_Index:36 	 City_Num:200 	 Concorde:0.110314 	 MCTS:11.069684 Improve:-0.038313 	 Time:20.15 Seconds
Solution: 1 104 78 137 177 100 56 122 33 45 31 10 109 144 85 36 94 27 112 174 24 95 132 16 171 106 145 18 113 5 146 32 74 161 150 30 28 153 194 102 13 142 89 115 117 69 152 61 81 48 185 76 155 191 182 139 188 126 111 52 170 162 63 66 7 14 198 189 53 71 99 166 123 156 73 50 159 149 21 187 87 40 158 62 75 84 181 124 141 54 26 39 138 197 195 143 49 65 2 157 8 119 167 134 64 15 37 178 88 22 57 105 101 92 128 55 68 83 80 173 67 103 47 3 165 11 91 108 58 172 98 136 77 12 59 96 164 196 51 148 19 20 184 60 90 93 17 6 121 125 46 72 42 4 127 23 133 116 151 168 86 82 160 180 114 79 186 131 163 154 193 130 179 129 25 175 70 140 200 135 34 176 35 169 38 199 44 118 29 192 147 110 9 97 120 107 190 41 183 43 

Inst_Index:37 	 City_Num:200 	 Concorde:0.107712 	 MCTS:10.805033 Improve:-0.033793 	 Time:20.04 Seconds
Solution: 1 105 147 198 59 158 30 53 100 37 118 55 179 15 166 27 187 67 81 154 144 124 104 97 83 18 137 64 152 9 167 74 151 129 185 150 57 162 16 172 62 14 10 183 176 177 199 171 113 143 71 107 200 156 85 88 182 63 197 149 190 40 60 23 76 135 134 44 138 117 33 94 170 46 110 196 120 121 123 186 119 32 184 155 194 21 31 39 103 75 50 189 86 47 175 195 146 61 34 51 140 111 69 98 96 116 13 115 161 180 93 4 70 7 136 192 82 191 54 19 56 99 145 106 28 130 95 42 84 25 29 73 101 153 159 24 49 22 2 90 127 92 163 193 173 38 108 142 17 79 133 65 174 80 78 126 3 165 132 66 8 12 164 58 112 157 52 160 139 36 128 169 102 77 5 43 168 89 125 6 148 20 131 188 109 41 48 141 45 91 178 181 72 11 26 35 68 87 122 114 

Inst_Index:38 	 City_Num:200 	 Concorde:0.109444 	 MCTS:11.006384 Improve:-0.061946 	 Time:20.01 Seconds
Solution: 1 120 8 140 113 36 4 161 123 49 48 128 131 20 171 67 38 69 78 96 95 105 97 115 148 141 35 150 162 156 84 117 19 82 110 174 190 21 155 191 184 54 5 53 17 168 15 101 63 43 37 153 166 72 56 62 58 55 103 122 74 76 57 160 93 126 92 23 175 52 192 129 181 30 28 178 195 90 149 116 182 75 85 94 165 61 86 42 179 9 27 64 130 200 32 29 89 12 121 24 124 44 99 159 158 83 14 108 22 157 177 139 198 112 151 136 80 183 111 60 106 66 173 109 25 45 152 186 138 13 77 143 172 10 16 2 167 193 50 163 194 147 46 114 118 154 68 100 180 145 51 176 137 188 81 91 125 11 18 189 33 127 185 87 31 146 98 199 133 40 135 102 196 144 187 65 39 73 41 7 134 119 79 170 34 142 104 88 197 59 26 164 132 169 107 3 6 70 47 71 

Inst_Index:39 	 City_Num:200 	 Concorde:0.107073 	 MCTS:10.788834 Improve:-0.081489 	 Time:20.09 Seconds
Solution: 1 55 112 43 16 128 160 85 58 88 45 10 133 125 100 78 3 12 7 101 188 104 193 144 177 91 90 149 199 159 79 99 36 18 162 27 142 143 82 75 148 5 59 186 66 74 184 73 76 174 120 116 11 194 195 109 129 38 123 20 81 54 9 152 197 53 95 131 39 154 139 34 32 168 98 44 187 158 61 151 138 170 62 48 163 141 106 89 192 171 181 96 146 69 56 130 136 92 155 19 8 105 63 65 140 190 111 41 64 191 93 77 70 57 87 176 180 124 37 103 94 137 68 21 80 127 165 110 97 117 183 145 60 121 172 175 52 71 2 167 67 115 102 84 126 28 107 150 17 166 26 33 83 147 119 134 173 86 118 164 122 189 196 49 179 135 22 114 13 153 161 25 46 108 15 24 50 4 47 182 200 40 6 132 51 157 35 156 169 29 42 178 14 72 31 30 113 185 23 198 

Inst_Index:40 	 City_Num:200 	 Concorde:0.106027 	 MCTS:10.656664 Improve:-0.053995 	 Time:20.01 Seconds
Solution: 1 131 82 85 91 143 117 36 53 50 77 48 137 22 13 100 115 149 92 108 177 195 97 64 124 55 28 104 71 150 126 27 98 37 185 74 134 51 194 165 69 147 8 178 123 148 190 9 187 83 170 45 200 60 42 107 19 176 46 103 93 59 114 29 76 18 39 125 156 162 66 130 180 72 3 169 189 11 96 151 87 179 127 129 116 173 10 52 56 112 145 167 78 161 113 157 81 73 41 144 186 164 31 63 47 95 171 58 89 174 6 14 110 7 57 132 181 183 119 141 166 84 17 111 105 43 120 199 146 142 196 61 16 138 140 35 30 168 160 88 65 38 40 33 86 75 62 109 197 94 106 188 193 152 155 102 153 90 182 12 128 99 44 80 49 118 139 70 54 198 26 136 175 133 172 68 23 154 135 20 34 121 163 158 192 122 67 159 21 15 191 4 101 25 184 2 32 5 24 79 

Inst_Index:41 	 City_Num:200 	 Concorde:0.105630 	 MCTS:10.570831 Improve:-0.007797 	 Time:20.09 Seconds
Solution: 1 11 98 119 93 111 149 90 193 192 137 105 180 36 141 161 34 181 71 125 54 171 78 88 66 21 61 46 70 118 153 155 80 167 10 151 83 68 176 182 132 52 126 163 92 3 53 175 146 166 75 144 45 69 2 94 35 59 136 107 77 33 15 200 154 123 165 168 19 117 14 114 60 74 162 159 79 101 112 62 44 110 124 67 157 55 58 25 178 16 120 139 188 85 156 116 97 87 158 197 38 40 41 28 185 22 127 160 169 143 174 147 64 49 31 29 48 199 150 30 57 84 194 8 190 12 148 24 103 6 73 138 23 191 89 128 13 100 9 173 65 130 20 187 170 122 106 42 56 140 195 115 189 47 86 179 18 196 164 99 198 72 95 7 184 109 27 50 186 108 113 96 37 133 172 142 26 177 152 43 82 183 131 76 51 121 17 145 4 91 63 102 129 39 5 32 104 81 134 135 

Inst_Index:42 	 City_Num:200 	 Concorde:0.106434 	 MCTS:10.661027 Improve:-0.017593 	 Time:20.03 Seconds
Solution: 1 77 89 154 40 150 58 199 55 7 177 82 66 26 98 180 135 143 172 170 75 20 37 157 156 101 151 30 124 93 44 164 13 46 8 22 78 108 56 102 103 5 138 11 62 140 118 190 165 125 57 25 105 194 112 110 195 186 84 130 29 32 196 92 149 38 158 107 147 49 113 70 59 12 16 115 67 64 39 15 121 153 94 71 96 187 139 188 160 34 167 144 63 104 99 126 168 131 85 100 179 48 35 72 60 146 42 52 9 19 166 2 129 181 119 136 111 178 142 141 95 65 91 127 88 128 173 185 33 81 68 31 76 109 137 27 120 184 53 123 54 193 183 87 79 159 17 133 86 36 200 198 182 161 80 152 69 134 148 23 174 74 61 106 18 41 176 14 132 169 24 21 50 192 145 6 163 197 90 122 117 51 155 175 116 73 43 47 3 191 28 4 83 45 171 114 162 189 97 10 

Inst_Index:43 	 City_Num:200 	 Concorde:0.104721 	 MCTS:10.460044 Improve:0.012047 	 Time:20.22 Seconds
Solution: 1 178 95 47 187 17 64 67 48 149 69 32 3 18 12 26 128 160 106 141 68 181 188 37 23 143 57 10 79 30 154 6 129 150 44 193 74 169 43 165 27 196 200 80 77 58 85 189 36 31 137 21 140 13 93 7 24 29 170 179 138 94 59 191 180 135 100 109 123 96 155 104 14 70 72 41 9 65 55 173 99 15 176 126 16 121 185 164 87 40 66 175 45 35 184 103 139 171 53 142 122 174 60 186 120 61 19 163 105 97 190 182 125 156 151 132 161 39 198 119 112 82 108 146 56 199 86 101 81 115 73 42 22 84 75 136 192 148 76 124 4 78 28 54 88 83 133 113 49 62 130 159 158 147 111 114 131 144 168 46 25 34 2 117 90 145 71 20 11 153 127 89 172 38 197 177 107 52 110 152 8 134 162 51 92 167 183 98 157 194 50 91 166 63 5 116 33 195 118 102 

Inst_Index:44 	 City_Num:200 	 Concorde:0.106629 	 MCTS:10.643657 Improve:0.019293 	 Time:20.01 Seconds
Solution: 1 143 187 151 106 196 27 74 14 119 6 128 82 29 142 125 146 68 152 67 197 59 46 156 91 75 87 37 56 55 38 11 124 17 139 168 138 126 95 144 134 140 193 164 63 39 109 52 61 84 70 72 117 36 189 44 172 88 8 175 170 200 150 62 16 165 114 115 96 2 171 19 132 33 190 80 102 79 188 99 105 10 50 30 71 101 22 191 93 57 198 110 54 131 58 13 43 100 24 45 181 77 130 184 145 34 159 186 195 20 103 18 178 148 65 160 28 122 116 179 73 92 76 23 127 111 108 81 185 182 169 60 158 149 64 113 104 121 69 180 167 40 137 7 120 192 15 161 86 66 163 47 3 97 21 31 107 154 41 133 85 48 177 94 173 174 123 12 98 89 9 5 176 49 26 147 83 153 183 162 194 90 42 199 157 135 35 136 25 141 112 53 32 129 155 51 4 78 118 166 

Inst_Index:45 	 City_Num:200 	 Concorde:0.106965 	 MCTS:10.730017 Improve:-0.033468 	 Time:20.08 Seconds
Solution: 1 84 159 20 185 43 150 177 64 121 111 30 9 156 44 127 45 137 79 106 115 198 178 66 34 155 169 59 52 32 41 94 162 200 73 118 26 49 130 76 16 35 57 131 8 50 21 81 147 196 117 161 163 47 164 33 103 90 128 14 97 179 37 23 75 148 171 80 17 19 93 60 6 192 145 25 129 183 2 11 157 5 10 89 92 104 3 158 170 151 91 181 112 123 55 105 190 70 154 160 40 74 166 71 39 86 120 48 31 83 87 12 98 114 146 13 22 136 18 15 189 24 28 172 95 68 101 72 54 108 132 53 116 168 153 165 27 135 184 29 36 82 110 100 187 139 119 180 174 175 65 109 134 99 188 152 141 85 78 63 46 142 107 67 173 199 42 77 4 51 88 138 58 133 96 167 126 61 176 69 143 113 7 182 195 140 149 193 38 102 144 62 122 197 124 186 56 191 125 194 

Inst_Index:46 	 City_Num:200 	 Concorde:0.106781 	 MCTS:10.714710 Improve:-0.036621 	 Time:20.11 Seconds
Solution: 1 184 16 2 3 20 70 76 34 142 40 165 107 41 134 87 128 117 79 88 191 21 24 38 155 160 197 99 14 65 133 168 151 95 167 4 71 72 118 31 80 53 85 187 102 94 67 106 46 103 147 149 32 49 173 174 199 164 48 108 25 150 43 15 161 200 92 125 90 183 12 97 131 7 178 69 182 129 66 192 136 196 52 162 36 138 61 122 163 126 124 158 11 39 50 152 115 91 62 98 110 180 13 10 30 17 45 77 143 114 166 81 172 139 194 105 171 123 47 64 84 23 181 100 93 112 170 153 19 73 104 18 193 37 44 156 42 116 35 60 29 55 27 154 130 127 111 22 26 198 86 185 175 96 54 186 120 63 74 33 8 109 177 195 56 119 6 78 121 58 190 148 132 169 189 28 5 140 157 9 57 89 144 135 179 101 176 82 75 141 145 188 51 146 159 59 137 83 113 68 

Inst_Index:47 	 City_Num:200 	 Concorde:0.108271 	 MCTS:10.831636 Improve:-0.004506 	 Time:20.11 Seconds
Solution: 1 171 152 96 85 21 44 114 87 193 86 19 36 178 106 140 61 167 177 60 161 187 64 159 94 153 123 70 122 110 170 150 155 136 166 158 191 196 137 97 163 47 120 164 109 101 31 12 183 73 62 34 188 157 129 88 69 52 17 33 125 8 142 200 58 84 83 20 67 132 138 126 185 59 26 35 130 156 141 93 117 13 54 55 181 18 2 113 32 10 173 81 184 112 39 172 23 41 111 46 49 76 103 134 128 9 186 99 121 154 77 135 72 25 131 68 37 168 127 40 192 102 4 53 190 133 199 22 160 89 78 5 179 57 80 98 79 124 180 43 65 28 14 162 29 189 143 116 63 145 119 95 24 194 176 45 169 147 146 16 7 48 144 30 104 105 3 100 66 175 139 151 165 27 107 82 50 38 75 74 118 182 149 197 198 148 51 108 91 115 195 56 90 15 42 11 174 6 71 92 

Inst_Index:48 	 City_Num:200 	 Concorde:0.106442 	 MCTS:10.711658 Improve:-0.067477 	 Time:20.17 Seconds
Solution: 1 154 153 146 120 94 33 43 86 108 64 128 186 197 184 47 180 167 76 187 68 45 172 104 46 144 130 123 2 124 103 106 8 121 118 134 133 18 88 157 20 84 32 65 179 101 112 15 161 135 116 70 12 7 152 52 125 176 192 29 66 196 13 177 182 26 151 131 37 194 168 44 79 49 63 191 48 156 147 97 40 122 98 54 50 42 181 166 91 155 36 170 173 10 4 185 114 3 5 90 189 41 199 82 57 137 14 162 132 62 158 115 73 138 39 85 149 21 83 16 169 59 17 92 74 11 9 164 22 190 25 35 56 96 24 72 78 60 117 69 107 61 30 95 198 38 200 119 102 145 163 111 188 129 160 174 77 183 34 109 100 142 171 139 178 195 136 140 127 93 28 67 110 141 175 113 99 126 58 6 89 27 31 55 19 159 81 53 150 105 148 23 193 80 71 143 75 51 87 165 

Inst_Index:49 	 City_Num:200 	 Concorde:0.107048 	 MCTS:10.723311 Improve:-0.018505 	 Time:20.07 Seconds
Solution: 1 82 19 71 3 116 163 156 147 141 21 159 140 27 57 65 61 198 166 129 174 153 26 86 144 91 31 181 13 56 85 14 150 47 43 151 113 93 179 48 155 154 6 171 87 164 157 30 50 136 103 112 117 2 80 184 119 68 149 38 191 97 70 126 67 53 4 138 74 24 183 189 194 73 185 33 109 98 37 160 197 173 84 99 190 122 63 101 127 22 40 111 58 81 72 161 78 23 148 25 124 107 12 104 16 102 195 186 62 131 75 146 177 106 178 83 41 52 105 108 152 10 182 196 187 115 176 193 169 92 44 134 32 18 100 133 132 135 9 168 145 96 88 175 7 60 94 42 51 180 55 114 90 200 95 15 76 77 188 8 110 162 130 139 45 121 118 39 29 20 59 5 35 34 69 49 192 170 143 167 54 120 17 142 158 46 137 123 11 89 66 36 165 28 128 64 172 199 79 125 

Inst_Index:50 	 City_Num:200 	 Concorde:0.109863 	 MCTS:11.027610 Improve:-0.041333 	 Time:20.04 Seconds
Solution: 1 154 2 90 3 151 200 43 159 145 171 44 161 191 22 107 195 92 99 139 38 194 80 142 138 125 192 64 115 197 93 81 199 182 148 16 129 140 131 20 181 146 30 55 167 23 133 114 143 113 103 104 19 77 49 17 18 74 5 46 111 50 120 58 35 144 26 94 89 183 27 82 96 185 73 100 169 153 108 160 165 155 136 57 91 42 163 196 14 67 34 83 24 47 149 157 117 87 134 102 168 176 65 179 41 170 119 84 12 193 69 152 72 109 21 63 147 172 32 101 127 39 11 184 70 53 187 13 45 52 173 156 75 123 116 86 186 180 85 175 177 40 8 37 76 79 110 141 128 158 60 28 71 51 95 122 62 61 121 88 9 31 78 25 178 4 15 150 174 36 162 118 164 29 10 106 6 59 7 98 126 105 33 132 97 198 48 190 135 166 124 130 188 137 112 68 189 56 54 66 

Inst_Index:51 	 City_Num:200 	 Concorde:0.100917 	 MCTS:10.091741 Improve:0.000000 	 Time:20.07 Seconds
Solution: 1 199 109 157 30 174 4 159 166 130 60 116 93 41 35 105 26 19 61 88 86 2 81 62 196 68 100 126 67 32 16 12 83 22 38 165 6 147 200 85 197 115 190 59 92 106 14 117 140 110 20 135 89 145 98 13 102 94 95 52 27 33 146 193 80 164 138 77 46 113 149 96 18 39 8 188 66 50 74 108 49 118 150 187 82 141 40 111 63 10 104 194 160 5 142 179 101 143 168 28 23 180 137 91 153 107 163 139 132 9 15 177 185 84 47 171 58 73 156 129 170 3 144 53 184 57 103 195 37 178 152 43 119 21 128 87 191 17 181 133 56 151 122 155 42 121 114 70 127 79 97 161 134 78 69 48 162 24 11 124 75 76 34 192 99 154 198 65 173 169 136 172 36 51 44 175 125 112 64 186 148 182 189 25 31 71 167 7 90 120 29 158 45 55 176 54 131 123 183 72 


Avg_Concorde_Distance: 10.675560 Avg_MCTS_Distance: 10.706054 Avg_Gap: 0.002839 Total_Time: 341.51 Seconds 
 Beat_Best_Known_Times: 2 Match_Best_Known_Times: 1 Miss_Best_Known_Times: 14 
