Number_of_Instances_In_Current_Batch: 17

Inst_Index:69 	 City_Num:200 	 Concorde:0.109210 	 MCTS:10.955717 Improve:-0.034670 	 Time:20.04 Seconds
Solution: 1 143 103 194 56 87 151 70 137 84 11 145 144 117 41 139 39 179 25 20 167 105 63 160 119 31 36 141 180 150 47 133 90 129 23 181 86 113 200 136 49 130 51 28 183 109 18 10 77 65 72 78 19 188 98 30 27 24 199 58 147 46 171 91 92 14 197 60 5 184 40 21 33 155 80 178 149 112 102 69 55 3 158 122 7 157 127 132 169 75 111 67 71 168 163 74 68 76 82 172 170 50 93 124 114 45 88 146 108 62 43 44 123 148 79 140 154 162 106 4 104 118 173 96 138 186 53 32 15 42 54 175 195 12 142 182 115 161 26 107 2 29 120 48 9 128 166 193 135 66 126 189 121 165 94 192 17 22 52 89 64 83 16 156 57 100 110 191 95 177 153 174 38 176 196 152 198 13 35 185 116 134 85 187 125 61 99 190 59 73 34 97 101 164 159 8 131 6 37 81 

Inst_Index:70 	 City_Num:200 	 Concorde:0.107464 	 MCTS:10.770354 Improve:-0.023988 	 Time:20.11 Seconds
Solution: 1 46 147 181 45 91 101 192 163 97 119 135 174 89 188 88 6 107 123 141 33 31 96 185 175 74 131 21 78 85 81 122 13 156 2 139 140 28 116 106 120 35 3 144 69 125 172 64 71 162 198 40 18 166 26 54 5 92 32 57 86 126 179 157 133 161 16 17 184 90 178 158 191 199 189 115 121 30 103 49 196 61 29 177 77 7 143 8 42 98 130 127 182 183 79 58 12 148 80 186 168 41 67 70 75 62 180 20 110 171 50 112 72 93 164 142 100 99 38 82 153 15 113 150 159 155 111 145 25 129 165 114 137 66 55 68 36 47 34 83 104 73 53 59 194 23 195 48 94 193 22 27 9 187 14 105 160 132 173 102 128 51 134 176 138 4 56 154 65 84 152 43 87 44 60 10 52 124 63 149 190 200 76 170 118 117 39 108 11 197 146 24 167 95 109 169 37 136 151 19 

Inst_Index:71 	 City_Num:200 	 Concorde:0.106831 	 MCTS:10.690665 Improve:-0.007574 	 Time:20.09 Seconds
Solution: 1 154 156 134 177 187 135 20 3 87 102 160 46 197 9 139 14 63 40 26 15 2 89 88 18 76 94 66 60 170 126 108 151 178 92 22 200 44 38 13 61 179 161 72 175 54 118 24 129 141 172 157 58 132 168 100 186 146 109 50 30 7 84 121 29 142 16 191 67 124 195 53 128 42 90 165 10 182 180 31 162 70 51 119 155 62 133 99 184 120 56 11 171 35 64 127 93 193 47 33 45 114 106 164 181 59 34 105 73 130 194 123 21 117 71 199 198 49 183 91 148 115 98 140 19 77 138 27 101 176 5 112 6 95 48 28 113 143 104 85 41 147 65 57 83 81 166 74 174 103 12 107 192 189 159 167 169 137 152 69 163 131 158 86 4 116 96 190 39 150 55 25 185 17 23 111 196 125 52 173 75 82 36 188 145 43 37 97 149 8 79 153 80 78 32 136 68 110 122 144 

Inst_Index:72 	 City_Num:200 	 Concorde:0.104549 	 MCTS:10.470776 Improve:-0.015843 	 Time:20.00 Seconds
Solution: 1 90 128 44 22 64 26 25 199 24 8 10 139 84 54 156 187 148 135 11 115 39 100 179 142 58 66 122 77 80 49 168 21 91 42 12 111 4 16 149 180 109 79 5 151 141 87 194 18 17 164 94 97 52 31 41 189 200 191 47 121 158 183 74 46 63 67 86 140 116 101 159 98 138 134 43 171 32 161 57 29 20 169 150 170 69 162 176 146 110 154 192 165 196 72 155 55 124 62 167 92 36 197 81 34 119 95 117 35 175 93 131 40 188 184 99 37 190 114 130 71 136 30 144 68 160 193 153 60 33 118 104 73 7 75 181 173 19 76 198 137 103 152 96 83 23 65 125 105 9 78 82 172 163 6 129 185 166 143 14 127 70 48 102 27 113 88 61 56 2 177 123 3 157 15 107 133 147 89 38 145 195 126 112 108 13 45 59 178 51 120 174 132 28 50 186 106 85 182 53 

Inst_Index:73 	 City_Num:200 	 Concorde:0.102333 	 MCTS:10.293154 Improve:-0.059816 	 Time:20.04 Seconds
Solution: 1 99 117 126 24 116 43 131 108 159 63 121 7 182 181 54 23 152 197 192 118 28 180 132 124 52 140 32 148 172 141 96 87 25 195 145 13 186 60 165 19 164 130 84 66 76 162 137 22 89 53 127 67 103 51 9 155 187 129 74 190 80 174 34 142 168 157 50 100 194 184 147 88 20 4 166 135 69 93 191 11 153 154 150 133 85 65 176 46 128 95 61 75 79 36 37 193 122 151 78 8 146 15 119 199 179 183 38 173 200 16 111 106 71 163 138 2 101 3 113 18 6 110 102 41 39 56 109 42 5 10 143 55 125 90 123 136 86 175 185 188 64 47 91 115 72 48 73 189 27 14 161 104 35 134 33 178 40 169 57 198 144 120 94 177 112 149 12 45 17 81 68 170 107 44 92 160 58 30 156 114 97 70 77 171 158 98 196 139 83 167 29 49 82 31 21 59 105 26 62 

Inst_Index:74 	 City_Num:200 	 Concorde:0.108761 	 MCTS:10.869302 Improve:0.006810 	 Time:20.00 Seconds
Solution: 1 9 89 112 180 113 54 11 181 156 37 103 172 47 193 13 151 44 109 154 196 122 80 41 199 115 106 119 31 192 168 57 68 58 126 133 66 7 28 141 56 36 107 197 14 186 91 39 157 8 92 174 53 55 86 137 60 46 95 70 64 45 88 184 149 185 177 139 104 111 160 40 35 117 51 63 130 162 61 183 143 78 165 187 75 25 166 71 101 146 190 147 123 164 153 23 161 129 76 167 49 65 200 194 110 34 82 32 189 134 118 52 102 175 73 148 120 43 135 30 79 127 150 18 26 132 105 100 128 90 170 171 140 16 179 87 48 145 38 97 84 83 19 74 198 136 182 173 116 10 17 33 5 20 72 42 158 163 131 12 77 114 152 178 50 188 159 29 67 59 3 155 81 27 22 191 85 169 2 4 62 24 94 125 96 138 99 15 98 195 93 69 124 142 121 6 108 144 176 21 

Inst_Index:75 	 City_Num:200 	 Concorde:0.108468 	 MCTS:10.832732 Improve:0.014114 	 Time:20.17 Seconds
Solution: 1 135 62 51 198 72 45 106 176 146 179 59 76 44 170 140 133 36 121 152 21 23 169 82 77 98 95 84 130 200 115 142 69 50 18 191 10 112 144 182 131 162 138 67 134 24 180 100 194 189 154 174 48 90 158 74 109 9 89 93 155 31 91 107 80 161 85 22 5 150 187 185 71 70 103 25 164 96 58 60 117 53 151 11 92 163 149 28 113 4 120 2 143 119 173 86 38 15 88 105 132 52 165 153 124 136 46 34 83 41 192 20 26 14 193 30 141 73 125 13 19 64 199 7 197 104 123 148 196 114 171 6 188 127 167 55 110 87 78 128 33 99 184 177 129 65 12 195 56 16 156 17 29 75 111 43 137 118 54 8 190 116 159 172 27 94 63 139 57 3 126 61 183 147 102 160 97 157 168 145 68 178 66 39 79 186 101 108 37 47 49 32 175 181 35 40 42 81 166 122 

Inst_Index:76 	 City_Num:200 	 Concorde:0.106806 	 MCTS:10.712953 Improve:-0.032350 	 Time:20.07 Seconds
Solution: 1 179 46 138 4 2 174 146 167 22 58 200 36 111 127 54 188 186 118 28 19 121 175 74 41 123 9 158 66 60 93 61 91 99 148 23 124 94 144 7 155 96 130 173 166 107 31 15 128 32 63 52 13 53 115 82 139 147 187 76 185 171 140 12 163 172 132 112 117 161 70 183 152 38 62 5 25 84 159 50 102 197 184 95 79 3 56 18 190 86 64 191 35 55 59 104 157 193 164 27 198 180 57 20 80 170 181 194 169 145 87 44 33 154 192 176 134 100 67 26 8 156 149 137 133 88 98 78 135 30 182 43 39 47 103 143 42 16 45 199 10 153 160 89 110 11 189 162 120 108 196 125 49 131 168 71 34 129 37 77 122 6 21 81 150 29 105 48 83 73 17 126 101 119 51 151 141 136 106 40 113 24 75 72 14 85 92 195 97 177 109 65 68 114 142 165 69 178 116 90 

Inst_Index:77 	 City_Num:200 	 Concorde:0.107738 	 MCTS:10.836077 Improve:-0.062248 	 Time:20.06 Seconds
Solution: 1 182 106 9 68 44 63 62 110 145 102 78 64 12 77 16 33 136 191 135 51 42 98 185 144 132 161 3 114 91 151 25 32 116 173 169 105 6 165 15 13 194 24 158 95 150 120 79 100 36 140 70 160 154 56 35 181 178 92 89 71 131 134 31 156 123 49 26 73 113 90 37 41 87 61 18 69 196 179 39 174 147 168 86 129 118 130 200 93 29 119 101 167 45 74 104 152 67 193 57 8 48 94 84 124 184 149 14 34 195 20 126 175 107 176 163 111 72 127 192 171 83 170 177 115 54 148 117 22 153 40 139 76 172 162 108 125 23 137 10 4 88 187 189 128 43 133 121 60 142 47 55 99 52 21 2 46 28 17 66 190 97 75 65 141 53 27 59 85 30 197 186 103 122 166 96 50 180 199 80 183 5 7 159 138 157 11 109 58 198 82 38 155 188 164 112 143 19 146 81 

Inst_Index:78 	 City_Num:200 	 Concorde:0.113519 	 MCTS:11.420555 Improve:-0.068664 	 Time:20.08 Seconds
Solution: 1 119 184 88 72 160 93 133 175 71 35 95 150 90 196 124 141 62 145 31 21 127 27 2 84 53 146 7 115 159 79 87 194 126 11 69 36 98 30 10 185 44 29 117 97 24 65 197 131 157 22 153 39 182 186 48 46 136 16 132 89 57 138 163 108 181 42 135 177 91 192 20 116 77 49 19 75 23 200 144 47 114 25 129 101 140 105 56 118 5 104 155 78 198 109 8 54 174 41 100 96 168 178 6 59 134 130 81 63 183 52 154 121 151 18 171 167 3 120 83 73 26 51 170 123 164 92 61 112 188 80 15 111 191 76 60 37 68 169 195 139 128 149 176 82 179 43 99 122 70 199 9 103 173 38 113 86 143 148 172 33 125 45 55 13 17 85 166 34 32 64 4 94 152 14 142 180 193 74 28 106 162 158 107 187 165 102 66 40 50 156 161 58 190 67 12 147 189 137 110 

Inst_Index:79 	 City_Num:200 	 Concorde:0.105382 	 MCTS:10.561099 Improve:-0.022903 	 Time:20.12 Seconds
Solution: 1 195 185 120 92 69 60 110 51 157 138 5 106 10 29 54 153 163 137 188 122 42 67 147 133 183 81 132 80 86 91 194 2 113 93 160 35 143 123 149 17 112 198 140 193 26 191 177 76 25 49 152 18 59 21 70 196 47 15 100 31 154 8 34 39 94 156 95 150 97 58 87 172 189 184 199 84 20 139 53 158 28 23 107 159 33 162 174 45 98 170 61 109 182 180 74 89 125 7 78 55 181 131 37 190 14 72 64 127 22 90 65 83 62 48 104 116 142 63 128 57 151 68 115 144 16 187 179 46 114 88 126 96 108 11 200 77 38 135 102 192 4 121 134 164 168 111 6 105 118 36 30 117 75 130 173 13 3 85 141 186 145 71 169 32 101 73 119 136 56 27 124 166 197 103 79 178 44 41 129 19 176 52 24 171 40 161 82 155 66 148 146 175 12 43 99 9 165 50 167 

Inst_Index:80 	 City_Num:200 	 Concorde:0.110171 	 MCTS:11.070507 Improve:-0.053404 	 Time:20.03 Seconds
Solution: 1 173 196 194 142 151 63 15 72 197 8 168 165 40 76 172 178 166 85 145 192 109 43 124 189 99 176 130 115 23 187 90 113 96 69 18 193 170 86 98 149 184 4 136 48 62 37 77 104 41 140 71 102 183 88 171 19 47 73 154 9 105 135 103 74 139 7 5 118 42 144 93 80 133 169 107 108 126 81 29 164 10 101 67 51 27 70 120 65 106 35 150 200 57 53 131 2 78 181 163 28 174 156 89 137 66 46 34 177 94 31 162 52 68 157 64 75 153 91 39 100 186 148 129 175 188 25 26 191 32 143 61 119 117 111 112 134 12 17 79 159 138 22 95 84 59 158 44 123 182 146 167 97 127 33 14 11 185 141 132 110 152 160 198 50 161 55 128 190 36 58 147 122 38 199 24 20 121 3 13 16 195 83 21 6 155 56 92 49 82 179 116 87 45 60 30 114 125 54 180 

Inst_Index:81 	 City_Num:200 	 Concorde:0.107210 	 MCTS:10.728473 Improve:-0.007505 	 Time:20.08 Seconds
Solution: 1 187 154 91 147 87 32 192 116 134 63 120 190 75 107 186 177 153 129 123 92 184 17 28 167 43 78 173 11 96 59 73 76 40 99 191 51 98 30 102 155 23 108 22 162 8 130 150 41 104 44 145 85 3 15 168 34 131 31 112 14 159 149 185 128 83 48 197 53 137 94 111 133 125 172 81 88 200 114 106 105 5 64 115 124 151 101 56 6 2 175 180 126 89 156 132 9 146 110 174 90 121 86 138 176 16 36 127 80 49 42 122 169 61 160 181 178 166 189 67 13 18 188 103 24 69 10 198 199 70 72 139 60 77 194 109 74 196 117 161 33 136 39 25 157 45 171 71 35 54 141 144 46 143 62 29 7 66 183 27 4 19 152 21 47 135 37 179 119 20 50 57 84 97 100 182 12 82 142 113 52 193 58 148 68 79 26 55 163 38 118 93 195 140 158 164 170 65 95 165 

Inst_Index:82 	 City_Num:200 	 Concorde:0.105225 	 MCTS:10.550632 Improve:-0.028135 	 Time:20.09 Seconds
Solution: 1 86 107 183 173 52 132 137 164 125 117 25 110 15 138 44 165 140 65 78 73 197 155 124 127 27 72 66 48 170 85 171 144 3 7 92 142 114 64 193 186 172 45 189 22 93 70 176 68 10 111 32 87 17 113 126 82 169 71 9 59 187 116 112 24 31 57 34 150 177 174 130 129 157 75 146 131 33 20 199 185 190 30 141 89 192 135 108 63 54 21 106 36 13 55 94 96 134 38 51 118 35 184 79 182 58 8 60 133 11 109 105 175 168 2 191 152 47 159 76 136 18 148 26 180 19 28 69 178 160 149 119 104 158 95 97 154 77 40 62 46 99 198 83 23 81 156 163 147 139 100 42 101 84 5 181 61 43 166 80 4 6 90 29 195 102 88 151 161 53 37 121 120 39 14 200 162 103 12 49 188 41 179 50 91 128 74 123 196 194 167 67 98 153 145 16 143 56 115 122 

Inst_Index:83 	 City_Num:200 	 Concorde:0.102522 	 MCTS:10.240982 Improve:0.011224 	 Time:20.08 Seconds
Solution: 1 121 16 111 120 147 133 98 112 106 14 125 130 104 122 88 117 65 158 126 178 191 46 135 3 199 176 20 194 136 37 80 5 173 179 33 82 119 71 137 160 165 127 167 10 128 28 36 145 56 175 19 188 162 74 96 45 97 164 27 129 68 148 18 144 67 12 184 35 13 161 139 69 89 40 168 109 100 11 59 73 58 63 29 87 99 185 8 118 94 6 62 189 38 124 200 60 151 105 25 181 174 182 90 2 107 92 146 131 108 159 21 192 57 30 172 52 7 154 23 166 47 70 95 83 156 76 48 22 34 171 177 115 180 101 157 50 116 4 42 102 9 138 77 195 142 44 81 123 141 197 72 150 169 143 53 163 31 43 149 113 78 75 15 140 134 49 183 186 187 84 193 26 170 91 41 198 32 103 190 39 51 79 93 61 132 153 55 66 110 155 24 54 64 152 196 86 114 17 85 

Inst_Index:84 	 City_Num:200 	 Concorde:0.106014 	 MCTS:10.601002 Improve:0.000403 	 Time:20.14 Seconds
Solution: 1 114 39 187 14 72 55 182 23 108 11 21 200 164 37 113 196 87 75 3 185 76 19 192 184 80 73 90 8 61 7 13 51 33 78 98 163 65 106 57 66 167 165 85 137 31 173 158 126 4 189 22 198 161 195 120 109 142 26 194 25 138 151 34 59 77 2 52 143 128 107 70 149 16 27 5 135 63 118 64 150 146 147 115 32 104 45 123 48 117 176 124 79 41 152 18 12 183 89 92 140 6 105 127 56 133 188 156 116 24 148 197 110 155 15 169 97 86 159 174 181 178 82 132 20 58 36 111 190 129 160 54 125 175 17 168 144 35 179 71 88 136 191 69 67 141 172 131 139 10 60 162 166 50 84 81 171 62 122 154 121 94 93 99 53 95 100 74 9 44 199 29 102 112 42 47 193 153 180 134 43 186 46 91 170 130 28 101 49 38 30 119 96 68 40 103 177 145 83 157 

Inst_Index:85 	 City_Num:200 	 Concorde:0.108695 	 MCTS:10.885163 Improve:-0.015696 	 Time:20.12 Seconds
Solution: 1 59 77 75 15 111 189 142 136 53 110 138 169 43 123 174 76 122 154 159 73 126 131 117 28 158 197 68 195 137 139 23 100 21 155 19 69 12 42 104 175 18 85 86 194 183 5 91 26 16 116 31 166 87 2 94 80 82 67 130 127 49 32 103 152 177 193 34 192 71 29 107 99 6 40 144 185 114 88 58 157 102 162 63 70 145 146 106 191 121 173 119 11 101 55 161 44 95 57 74 8 61 178 200 184 109 105 39 176 113 199 140 190 17 129 124 3 133 24 92 148 151 78 46 96 168 143 150 186 108 51 60 141 81 98 45 167 52 172 9 84 50 36 163 66 25 128 165 10 118 181 89 93 198 187 170 14 38 79 62 7 179 56 48 41 149 164 54 156 72 135 20 90 97 196 13 33 112 132 115 180 125 160 64 4 22 120 35 182 134 153 171 47 147 83 30 27 37 188 65 


Avg_Concorde_Distance: 10.711170 Avg_MCTS_Distance: 10.734714 Avg_Gap: 0.002183 Total_Time: 341.35 Seconds 
 Beat_Best_Known_Times: 4 Match_Best_Known_Times: 0 Miss_Best_Known_Times: 13 
